---- Running command
---- ./polyDFE -d /scratch/40840469/tmpn_os9p37 -m C -i /scratch/40840469/tmp3z52nxtr 1 -v 1 
---- Performing inference using model C

---- Performing inference on /scratch/40840469/tmpn_os9p37
----      with -i /scratch/40840469/tmp3z52nxtr 1
---- Data /scratch/40840469/tmpn_os9p37 does not contain divergence counts. Using option -w.
---- No mutation variability. Using Poisson likelihood.


---- Using provided initial values

-- Starting local optimization
-- Optimizing all parameters
  it        eps_an     theta_bar           S_d             b           p_b           S_b           r 2           r 3           r 4           r 5           r 6           r 7           r 8           r 9           ln lk          grad status 
   0 0.00000449946   0.000731729 -15.495060000     0.1773756  0.0009289272   0.007920217      0.756295     0.8118638     0.8203224     0.7703739     0.7596918     0.7652355     0.8437457      1.011566 -74.35381805957 0.47864204572   -2 
   1 0.00000449945 0.00071160872 -15.475907863 0.17595672259 0.00092894113 0.00792021785 0.76798489648 0.77570113078 0.85977383427 0.78890581197 0.78198645621 0.77571621803 0.84233813183 0.98260032222 -72.08566268794 0.94000088604   -2 
   2 0.00000449945 0.00072053242 -15.401647087 0.17366984014 0.00092896534 0.00792021896 0.78157462008 0.74986946330 0.89785867315 0.80757950484 0.80420812025 0.78665572520 0.84220911048 0.95780824191 -70.30292032613 0.17475471163   -2 
   3 0.00000449945 0.00071419199 -15.362251468 0.17187764569 0.00092898393 0.00792021970 0.77060669380 0.77522745469 0.90779206453 0.82512623219 0.83023591522 0.80258756575 0.84429611821 0.92843242087 -69.70052496614 0.10973714508   -2 
   4 0.00000449945 0.00071572112 -15.356414072 0.17171580210 0.00092898572 0.00792021977 0.77228326571 0.77720908896 0.90773747498 0.82636739456 0.83237705310  0.8042562999 0.84480874776 0.92611561177 -69.67512151463 0.09815717552   -2 
   5 0.00000449945 0.00071239504 -15.359395363 0.17166202753 0.00092898632 0.00792021981 0.78168123872 0.78151230220 0.90442303011 0.82894503249 0.83837320892 0.80994430760 0.84689875369 0.91862812690 -69.60852702598 0.02162141388   -2 
   6 0.00000449945 0.00071315823 -15.363645552 0.17181039303 0.00092898499 0.00792021996 0.78257721115 0.78029690111 0.90427654130 0.82877412503 0.83854576567 0.81136400560 0.84832507141 0.91891996439 -69.60463812122 0.04362950079   -2 
   7 0.00000449945 0.00071267989 -15.374366041 0.17212857560 0.00092898197 0.00792022015 0.78347332544 0.77824223027 0.90396233374 0.82837595788 0.83867140821 0.81357615445 0.85061557300 0.91945733442 -69.59923935979 0.01425136314   -2 
   8 0.00000449946 0.00071316469 -15.384217041 0.17254707910 0.00092897829 0.00792022056 0.78173341685 0.77849579386 0.90452113444 0.82821988470 0.83861374728 0.81566557695 0.85322597902 0.92083472027 -69.59578794824 0.00918192059   -2 
   9 0.00000449946 0.00071293497 -15.385292973 0.17262713027 0.00092897761 0.00792022058 0.78175063118 0.77873172363 0.90459021666 0.82824469414 0.83858972893 0.81577382958 0.85344773680 0.92104633408 -69.59550179472 0.01264120106   -2 
  10 0.00000449946 0.00071298729 -15.386861328 0.17306818402 0.00092897416 0.00792022092 0.78258035941 0.78053873283 0.90516945916 0.82860417184 0.83855107114 0.81620629520 0.85460131017 0.92240430483 -69.59404519033 0.00487901094   -2 
  11 0.00000449947 0.00071289845 -15.383235732 0.17333266168 0.00092897235 0.00792022094 0.78317410426 0.78104490472 0.90564540340 0.82908930719 0.83881995367 0.81632295340 0.85505712091 0.92321705507 -69.59378655083 0.00532008535   -2 
  12 0.00000449947 0.00071296328 -15.366127348 0.17359624241 0.00092897144 0.00792022140 0.78332492443 0.78038741150 0.90638688472 0.83009652714 0.83979336391 0.81641131445 0.85521251246 0.92408398533 -69.59318444183 0.00625257974   -2 
  13 0.00000449947 0.00071285591 -15.364305864 0.17361478626 0.00092897141 0.00792022143 0.78328739272 0.78035665940 0.90639263364 0.83013292552 0.83985202419 0.81641849276 0.85520454842 0.92411508378 -69.59312591303 0.00370681306   -2 
  14 0.00000449948 0.00071286308 -15.317984683 0.17375592086 0.00092897316 0.00792022151 0.78252442154 0.78063403145 0.90592690886 0.83018808426 0.84064394011 0.81669024438 0.85489118711 0.92413429235 -69.59262026714 0.00531600751   -2 
  15 0.00000449951 0.00071272203 -15.187505509 0.17416834606 0.00092897814 0.00792022232 0.78329636647 0.78067833953 0.90516038520 0.82973405074 0.84140229452 0.81710014757 0.85418399580 0.92379369194 -69.59146564879 0.01474665472   -2 
  16 0.00000449952 0.00071237827 -15.146709404 0.17431757294 0.00092897956 0.00792022258 0.78345321996 0.78064500393 0.90499528564 0.82959557254 0.84155032174 0.81719919764 0.85399345337 0.92368631128 -69.59111082871 0.00787757869   -2 
  17 0.00000449962 0.00071176733 -14.762515109 0.17589612746 0.00092899224 0.00792022653 0.78286624179 0.78011832002 0.90763136408 0.82961264491 0.84039987489 0.81755686497 0.85411431276 0.92343174021 -69.58799157729 0.00791599745   -2 
  18 0.00000449960 0.00071188607 -14.828300510 0.17565015565 0.00092898985 0.00792022591 0.78298256066 0.78028463401 0.90704619299 0.82969217372 0.84061776121 0.81748511461 0.85419897794 0.92355954267 -69.58783655062 0.00600078291   -2 
  19 0.00000449969 0.00071184595 -14.523368924 0.17747640370 0.00092899643 0.00792023024 0.78245810177 0.78098892994 0.90783333736 0.83129273190 0.83970269653 0.81756178324 0.85643970178 0.92495904817 -69.58567381397 0.02187536514   -2 
  20 0.00000449972 0.00071135781 -14.413990085 0.17818769322 0.00092899853 0.00792023185 0.78231604216 0.78120201728 0.90800747611 0.83184561866 0.83945547495 0.81760754437 0.85727007696 0.92550701010 -69.58487502620 0.01054609009   -2 
  21 0.00000449982 0.00071083043 -14.075999232 0.18061725869 0.00092900421 0.00792023768 0.78401553703 0.78181684423 0.90779040857 0.83328412696 0.84064475375 0.81847431728 0.85998203370 0.92790070144 -69.58230784520 0.00944252716   -2 
  22 0.00000449987 0.00071050104 -13.928743066 0.18172221864 0.00092900667 0.00792024032 0.78460457966 0.78211226470 0.90784421475 0.83386264266 0.84145890951 0.81901525628 0.86112275774 0.92902264158 -69.58197928047 0.01138078832   -2 
  23 0.00000449997 0.00071023339 -13.624310420 0.18409072995 0.00092901215 0.00792024598 0.78416695166 0.78309074896 0.90962045455 0.83475264712 0.84513376276 0.82138125342 0.86296027917 0.93174178799 -69.57941367227 0.01814225871   -2 
  24 0.00000449999 0.00070985453 -13.571942261 0.18452468493 0.00092901301 0.00792024699 0.78406443617 0.78323668157 0.90997038018 0.83489094167 0.84579224867 0.82183706246 0.86322974167 0.93220889190 -69.57897288166 0.00476344288   -2 
  25 0.00000450001 0.00070961593 -13.518178131 0.18496190817 0.00092901460 0.00792024836 0.78472581003 0.78344989674 0.91113441779 0.83513580744 0.84656163155 0.82294642848 0.86292133618 0.93263425923 -69.57854080276 0.00250766957   -2 
  26 0.00000450001 0.00070958756 -13.521177613 0.18494002783 0.00092901454 0.00792024834 0.78467666824 0.78345378593 0.91106564583 0.83514268366 0.84650810561 0.82290951448 0.86292241440 0.93261184056 -69.57853009450 0.00190481759   -2 
  27 0.00000450001 0.00070964679 -13.529829195 0.18487160368 0.00092901468 0.00792024840 0.78453984254 0.78357797334 0.91088147591 0.83529280316 0.84630843956 0.82295164804 0.86284574949 0.93256033077 -69.57849539575 0.00168078168   -2 
  28 0.00000450001 0.00070960465 -13.529623469 0.18487622429 0.00092901472 0.00792024842 0.78456901308 0.78356564121 0.91090706549 0.83529324772 0.84631484797 0.82297703680 0.86282700139 0.93256248479 -69.57848826715 0.00180260912   -2 
  29 0.00000450001 0.00070959310 -13.529139936 0.18488555534 0.00092901512 0.00792024861 0.78474420896 0.78353698286 0.91105095357 0.83533019788 0.84633957382 0.82313988947 0.86271854470 0.93257613626 -69.57846441886 0.00088321168   -2 
  30 0.00000450002 0.00070956074 -13.529436669 0.18489160274 0.00092901563 0.00792024882 0.78478440645 0.78356706602 0.91115272570 0.83539444798 0.84635986575 0.82331106534 0.86261958612 0.93259669754 -69.57845650902 0.00106916377   -2 
  31 0.00000450002 0.00070957940 -13.529591660 0.18489197514 0.00092901581 0.00792024890 0.78477617612 0.78358839642 0.91117099351 0.83541753976 0.84636805728 0.82335788227 0.86259919913 0.93260640613 -69.57845370538 0.00097980668   -2 
  32 0.00000450002 0.00070956797 -13.530179527 0.18489428940 0.00092901621 0.00792024920 0.78472335264 0.78363654138 0.91117894380 0.83546178059 0.84638299337 0.82343852567 0.86257097671 0.93262991463 -69.57844921300 0.00038834069   -2 
  33 0.00000450002 0.00070958033 -13.530625999 0.18489475428 0.00092901647 0.00792024947 0.78470733302 0.78365425690 0.91115835957 0.83547655330 0.84639070538 0.82345639724 0.86257716706 0.93264577137 -69.57844831462 0.00057866721   -2 
  34 0.00000450002 0.00070957311 -13.531147270 0.18489588471 0.00092901675 0.00792024980 0.78469571824 0.78366449877 0.91113303640 0.83548619636 0.84639651762 0.82346588563 0.86258731465 0.93266004906 -69.57844741036 0.00041050738   -2 
  35 0.00000450003 0.00070958747 -13.532400987 0.18489684988 0.00092901745 0.00792025043 0.78469886727 0.78367350148 0.91108013993 0.83549917336 0.84640823642 0.82347099822 0.86262114277 0.93268999111 -69.57844608122 0.00042958605   -2 
  36 0.00000450003 0.00070958179 -13.533178442 0.18489735352 0.00092901788 0.00792025083 0.78470662592 0.78366963290 0.91106021300 0.83550038921 0.84641213810 0.82346690384 0.86264060777 0.93270388404 -69.57844545178 0.00047972253   -2 
  37 0.00000450004 0.00070959633 -13.534763601 0.18489614637 0.00092901885 0.00792025166 0.78473347798 0.78365524590 0.91104409207 0.83549710298 0.84641796108 0.82345125892 0.86268029951 0.93272657334 -69.57844424525 0.00045906720   -2 
  38 0.00000450004 0.00070958599 -13.535284841 0.18489500400 0.00092901919 0.00792025191 0.78473426750 0.78364863857 0.91105638446 0.83549167811 0.84641662082 0.82344269031 0.86268766437 0.93272727822 -69.57844349909 0.00058949177   -2 
  39 0.00000450005 0.00070959713 -13.537727307 0.18488435504 0.00092902097 0.00792025312 0.78473604884 0.78362515310 0.91114994582 0.83546446078 0.84640903690 0.82339965602 0.86271626705 0.93272315043 -69.57844049945 0.00027757780   -2 
  40 0.00000450006 0.00070961089 -13.539318092 0.18487165439 0.00092902238 0.00792025390 0.78472283795 0.78364221889 0.91117411272 0.83545721248 0.84640135081 0.82338367913 0.86270854517 0.93270322375 -69.57843934702 0.00082116222   -2 
  41 0.00000450007 0.00070960053 -13.542448012 0.18484773641 0.00092902512 0.00792025549 0.78469434368 0.78367280059 0.91120454198 0.83544340964 0.84638444050 0.82335482088 0.86268737345 0.93266165366 -69.57843704610 0.00052219739   -2 
  42 0.00000450014 0.00070962928 -13.555882844 0.18473603937 0.00092903728 0.00792026262 0.78468785167 0.78374509787 0.91117007312 0.83541079122 0.84631676601 0.82327340408 0.86256371025 0.93248390877 -69.57843113052 0.00126022517   -2 
  43 0.00000450018 0.00070961426 -13.563641847 0.18467363025 0.00092904424 0.00792026676 0.78468769235 0.78376077237 0.91113292275 0.83539063420 0.84627794089 0.82323060345 0.86249273525 0.93238789941 -69.57842711978 0.00111811393   -2 
  44 0.00000450032 0.00070967423 -13.591289208 0.18444869497 0.00092906919 0.00792028151 0.78473367299 0.78369280316 0.91094866898 0.83532276477 0.84615427079 0.82310825168 0.86225752640 0.93209325736 -69.57841285480 0.00124465664   -2 
  45 0.00000450034 0.00070965667 -13.595210412 0.18442042117 0.00092907263 0.00792028362 0.78471531717 0.78364408832 0.91092021522 0.83530509110 0.84613828655 0.82309650898 0.86223535335 0.93207453317 -69.57840780284 0.00157259514   -2 
  46 0.00000450041 0.00070972985 -13.609106129 0.18431761438 0.00092908502 0.00792029133 0.78463215738 0.78342580283 0.91083276361 0.83523484312 0.84609048392 0.82306955906 0.86218293428 0.93205661353 -69.57839021998 0.00044052014   -2 
  47 0.00000450042 0.00070974652 -13.612056282 0.18429727189 0.00092908762 0.00792029295 0.78461294368 0.78339030281 0.91081651005 0.83521324447 0.84607732397 0.82306209175 0.86217629075 0.93206221401 -69.57838960084 0.00054536759   -2 
  48 0.00000450044 0.00070974105 -13.615030614 0.18428136548 0.00092909018 0.00792029469 0.78459299374 0.78338650195 0.91080394576 0.83517596986 0.84605525571 0.82304811004 0.86217787646 0.93208666311 -69.57838779795 0.00096566192   -2 
  49 0.00000450047 0.00070978018 -13.621476643 0.18424640844 0.00092909584 0.00792029857 0.78456534894 0.78340443918 0.91078477884 0.83509200089 0.84600519080 0.82301552986 0.86218709732 0.93215037852 -69.57838394965 0.00048622015   -2 
  50 0.00000450047 0.00070976773 -13.620939139 0.18425027153 0.00092909537  0.0079202983 0.78457518186 0.78340769753 0.91078760685 0.83510186145 0.84600906887 0.82301655688 0.86218582967 0.93214398296 -69.57838347618 0.00042365496   -2 
  51 0.00000450046 0.00070976402 -13.620046996 0.18425721094 0.00092909470 0.00792029799 0.78461325182 0.78342900854 0.91079921837 0.83512682263 0.84601649822 0.82301560617 0.86218459573 0.93213409588 -69.57838240938 0.00020474703   -2 
  52 0.00000450046 0.00070976007 -13.619771850 0.18425984381 0.00092909450 0.00792029790 0.78462539037 0.78343807984 0.91080418860 0.83513584971 0.84601912700 0.82301503402 0.86218475835 0.93213144010 -69.57838232665 0.00018887475   -2 
  53 0.00000450046 0.00070975685 -13.619984132 0.18425967359 0.00092909472 0.00792029815 0.78461496297 0.78344100425 0.91080689406 0.83513418813 0.84601903153 0.82301488389 0.86218789544 0.93213804395 -69.57838215490 0.00029066799   -2 
  54 0.00000450047 0.00070976390 -13.620231869 0.18425951362 0.00092909503 0.00792029844 0.78460623191 0.78344835744 0.91081308727 0.83513455795 0.84602017450 0.82301505264 0.86219315950 0.93214670662 -69.57838190541 0.00017961109   -2 
  55 0.00000450047 0.00070975992 -13.620683302 0.18426063267 0.00092909556 0.00792029890 0.78460139382 0.78346056138 0.91082284280 0.83513751273 0.84602234977 0.82301444247 0.86220210824 0.93215960090 -69.57838168553 0.00025330985   -2 
  56 0.00000450047 0.00070976524 -13.621267396 0.18426196346 0.00092909632 0.00792029953 0.78460526581 0.78347572699 0.91083578911 0.83514355580 0.84602639433 0.82301430730 0.86221433529 0.93217657808 -69.57838143735 0.00023099175   -2 
  57 0.00000450047 0.00070975988 -13.621344594 0.18426238385 0.00092909643 0.00792029958 0.78461082925 0.78347360962 0.91083499980 0.83514487160 0.84602711709 0.82301474354 0.86221500482 0.93217675438 -69.57838129497 0.00022214444   -2 
  58 0.00000450048 0.00070976012 -13.621525261 0.18426296035 0.00092909680 0.00792029980 0.78463100656 0.78346713343 0.91083313539 0.83515021766 0.84603041274 0.82301726605 0.86221727560 0.93217873629 -69.57838106199 0.00008550936    0 
-- Found new optimum with likelihood -69.578381061995344 and gradient 0.00009

---- Best joint likelihood found -69.578381061995344 with gradient 0.00009

---- Results for /scratch/40840469/tmpn_os9p37 
--  Model: C
--        eps_an     theta_bar             a 
-- 0.00000450048 0.00070976012            -1 
--           S_d             b           p_b           S_b 
-- -13.621525261 0.18426296035 0.00092909680 0.00792029980 
--           r 2           r 3           r 4           r 5           r 6           r 7           r 8           r 9 
-- 0.78463100656 0.78346713343 0.91083313539 0.83515021766 0.84603041274 0.82301726605 0.86221727560 0.93217873629 

---- Expected P_neut(i), 0 < i < n (neutral SFS per site) 
E[P_neut(1)] = 0.0007097573
E[P_neut(2)] = 0.0002784490
E[P_neut(3)] = 0.0001853575
E[P_neut(4)] = 0.0001616180
E[P_neut(5)] = 0.0001185513
E[P_neut(6)] = 0.0001000801
E[P_neut(7)] = 0.0000834497
E[P_neut(8)] = 0.0000764968
E[P_neut(9)] = 0.0000735166

---- Expected P_sel(i), 0 < i < n (selected SFS per site) 
E[P_sel(1)] = 0.0005332493
E[P_sel(2)] = 0.0001843821
E[P_sel(3)] = 0.0001141947
E[P_sel(4)] = 0.0000948243
E[P_sel(5)] = 0.0000670592
E[P_sel(6)] = 0.0000549854
E[P_sel(7)] = 0.0000447517
E[P_sel(8)] = 0.0000401817
E[P_sel(9)] = 0.0000379229

---- alpha_dfe = 0.001865

