---- Running command
---- ./polyDFE -d /scratch/40840212/tmpi80mey6n -m C -i /scratch/40840212/tmp8z6cjaqd 1 -v 1 
---- Performing inference using model C

---- Performing inference on /scratch/40840212/tmpi80mey6n
----      with -i /scratch/40840212/tmp8z6cjaqd 1
---- Data /scratch/40840212/tmpi80mey6n does not contain divergence counts. Using option -w.
---- No mutation variability. Using Poisson likelihood.


---- Using provided initial values

-- Starting local optimization
-- Optimizing all parameters
  it        eps_an     theta_bar           S_d             b           p_b           S_b           r 2           r 3           r 4           ln lk          grad status 
   0 0.00000449599     0.0006164 -55.645569999     0.1199374     0.0151532     0.1308463     0.8958562     0.8771536     0.8733385 -32.37540234780 0.28883960580   -2 
   1 0.00000449598 0.00062110555 -55.632273825 0.11967723125 0.01515424448 0.13084716416 0.90515322623 0.88833921351 0.87031926200 -32.06814051358 0.29860736079   -2 
   2 0.00000449598 0.00061495244 -55.739573548 0.11962391467 0.01515446421 0.13084874180 0.93168191515 0.92574712921 0.85739085180 -31.54275345719 0.30524999705   -2 
   3 0.00000449598 0.00060916360 -55.788976417 0.11983154647 0.01515363405 0.13084855690 0.93130625832 0.92764095859 0.85672821589 -31.40492545532 0.04324403973   -2 
   4 0.00000449598 0.00061002158 -55.792133685 0.11980464132 0.01515374476 0.13084872026 0.93101383604 0.92811154544 0.85790180220 -31.40062525615 0.04875157202   -2 
   5 0.00000449599 0.00060912138 -55.874289852 0.11988326473 0.01515344958 0.13084955793 0.92772685207 0.93189380419 0.86583702375 -31.37839925959 0.02120354345   -2 
   6 0.00000449599 0.00060785763 -56.004999249 0.12004068687 0.01515277912 0.13085029509 0.93223426644 0.93505297605 0.87119421956 -31.37051001685 0.01002365233   -2 
   7 0.00000449599 0.00060807844 -55.991458146 0.12002339292 0.01515284943 0.13085020247 0.93174960490 0.93466423564 0.87043722232 -31.37033787124 0.00817695993   -2 
   8 0.00000449599 0.00060821401 -56.037410683 0.12008066129 0.01515257300 0.13085023390 0.93294025924 0.93491617382 0.86990171014 -31.36955507534 0.01072573073   -2 
   9 0.00000449599 0.00060805882 -56.071126916 0.12012835376 0.01515234876 0.13085024175 0.93346223917 0.93503020124 0.86952969276 -31.36928514199 0.00517887347   -2 
  10 0.00000449598 0.00060809576 -56.121377047 0.12017142872 0.01515212284 0.13085033105 0.93265549499 0.93519171862 0.86942654767 -31.36893231725 0.00929287741   -2 
  11 0.00000449598 0.00060839884 -56.160321457 0.12019199567 0.01515199647 0.13085043256 0.93223495258 0.93531100330 0.86937836071 -31.36870298405 0.00438365158   -2 
  12 0.00000449598 0.00060904228 -56.538353117 0.12034885011 0.01515093460 0.13085150124 0.93259014748 0.93405529245 0.86862401650 -31.36759736992 0.00601534906   -2 
  13 0.00000449598 0.00060881011 -56.543150317 0.12031878842 0.01515104614 0.13085161995 0.93245622798 0.93430214841 0.86873767912 -31.36742065555 0.00827759502   -2 
  14 0.00000449598 0.00060868328 -56.567434795 0.12016906883 0.01515159769 0.13085219003 0.93225893589 0.93534205343 0.86925835739 -31.36693104991 0.00419564174   -2 
  15 0.00000449598 0.00060829714 -56.636999998 0.12002470597 0.01515206690 0.13085287463 0.93304466302 0.93504908334 0.86943048687 -31.36652469618 0.00788719649   -2 
  16 0.00000449598 0.00060836517 -56.669221778 0.11995683863 0.01515228764 0.13085318936 0.93333033898 0.93496999696 0.86950671900 -31.36637187890 0.00474962497   -2 
  17 0.00000449597 0.00060815441 -57.457863852 0.11892030923 0.01515531181 0.13085908563 0.93128199607 0.93415277867 0.86958026024 -31.36411480526 0.00977602339   -2 
  18 0.00000449597 0.00060773557 -57.785735520 0.11863152852 0.01515603011 0.13086112016 0.93116916269 0.93375585107 0.86903104134 -31.36334525420 0.01973068388   -2 
  19 0.00000449595 0.00060768842 -60.133533847 0.11670451300 0.01516076321 0.13087510598 0.93229967395 0.93165178611 0.86492300832 -31.35805334637 0.01526250439   -2 
  20 0.00000449591 0.00060953865 -64.748006431 0.11415570472 0.01516579674 0.13089866821 0.92885432688 0.93141296986 0.86182619315 -31.34803453233 0.06178797766   -2 
  21 0.00000449584 0.00060975726 -72.967511619 0.11036730438 0.01517308818 0.13093620626 0.92287075841 0.93023516037 0.85708231453 -31.33280973443 0.03558718468   -2 
  22 0.00000449568 0.00061126599 -100.89068022 0.10175024791 0.01518840146 0.13103492339 0.92693948997 0.91686114234 0.85246379776 -31.28245800039 0.03485742153   -2 
  23 0.00000449570 0.00061122711 -95.934211479 0.10308157696 0.01518583564 0.13101942855 0.92566238632 0.91976198603 0.85349187342 -31.27953550258 0.02126523082   -2 
  24 0.00000449555 0.00061401571 -129.07783182 0.09669351098 0.01519521566 0.13110626251 0.92355745652 0.91873723908 0.85579945740 -31.25025475154 0.06828382050   -2 
  25 0.00000449553 0.00061301035 -133.83413287 0.09600845688 0.01519604402 0.13111656708 0.92275916320 0.91854157376 0.85558599931 -31.24158592429 0.01588973227   -2 
  26 0.00000449551 0.00061279075 -137.93084790 0.09545821685 0.01519662001 0.13112483782 0.92214023936 0.91876506060 0.85455259256 -31.24010896560 0.03807891309   -2 
  27 0.00000449546 0.00061448529 -152.03239716 0.09366436484 0.01519863409 0.13115132564 0.92083213754 0.92000554742 0.85049548778 -31.23149143740 0.01380989463   -2 
  28 0.00000449545 0.00061493140 -157.34229664 0.09304600909 0.01519930855 0.13116058193 0.92039569845 0.92018129608 0.84901906164 -31.23092094140 0.02009318127   -2 
  29 0.00000449542 0.00061503257 -165.63739008 0.09214370541 0.01520021696 0.13117418112 0.91980717186 0.91951428004 0.84678805927 -31.22948623600 0.01947128667   -2 
  30 0.00000449539 0.00061613273 -174.06733633 0.09122260908 0.01520132689 0.13118703277 0.91997221800 0.91709577256 0.84534297933 -31.22654314870 0.02559295238   -2 
  31 0.00000449537 0.00061623880 -183.25085738 0.09029130283 0.01520238986 0.13120010417 0.91970363539 0.91393081149 0.84412915903 -31.22405085906 0.01081653097   -2 
  32 0.00000449535 0.00061661413 -187.82287426 0.08972556462 0.01520342329 0.13120591506 0.91791585430 0.91302005967 0.84543430352 -31.22213922014 0.01165429379   -2 
  33 0.00000449535 0.00061636193 -188.16084450 0.08968340558 0.01520348994 0.13120623105 0.91779213997 0.91301518228 0.84551687777 -31.22187422923 0.00587297437   -2 
  34 0.00000449535 0.00061576932 -189.38190561 0.08940710286 0.01520418443 0.13120630096 0.91885131433 0.91441918022 0.84590583360 -31.22106528405 0.00183216016   -2 
  35 0.00000449535 0.00061582565 -189.28004426 0.08942931202 0.01520412548 0.13120625919 0.91875843861 0.91429220554 0.84587338333 -31.22105814705 0.00137256430   -2 
  36 0.00000449535 0.00061585250 -189.36744678 0.08939900126 0.01520415177 0.13120569798 0.91876091792 0.91424276704 0.84589405206 -31.22103885645 0.00302404614   -2 
  37 0.00000449534 0.00061572714 -189.64806665 0.08930677924 0.01520416382 0.13120352481 0.91863603329 0.91395516714 0.84590989999 -31.22097617990 0.00095733676   -2 
  38 0.00000449534 0.00061575675 -189.78598308 0.08927170397 0.01520404051 0.13120182943 0.91853162118 0.91384559145 0.84580843382 -31.22096184149 0.00158049938   -2 
  39 0.00000449534 0.00061573112 -189.87682206 0.08925491142 0.01520391099 0.13120056892 0.91845283710 0.91378230259 0.84571362713 -31.22095329552 0.00123137268   -2 
  40 0.00000449534 0.00061580064 -190.14875909 0.08921943821 0.01520338098 0.13119623616 0.91832333788 0.91369839991 0.84539731906 -31.22093398834 0.00141906867   -2 
  41 0.00000449534 0.00061576068 -190.15734927 0.08922597651 0.01520330889 0.13119595180 0.91835275968 0.91371134173 0.84542137318 -31.22092475800 0.00187095708   -2 
  42 0.00000449534 0.00061579766 -190.21124497 0.08926131389 0.01520286032 0.13119398485 0.91862707789 0.91385973461 0.84562571797 -31.22088403578 0.00101174018   -2 
  43 0.00000449534 0.00061578393 -190.22855555 0.08927142039 0.01520271448 0.13119329416 0.91863212500 0.91389809725 0.84567442428 -31.22087962719 0.00103905609   -2 
  44 0.00000449534 0.00061582805 -190.25956860 0.08928581164 0.01520245250 0.13119191459 0.91859659453 0.91397031412 0.84575302744 -31.22087704394 0.00055980862   -2 
  45 0.00000449534 0.00061581621 -190.25424125 0.08928247691 0.01520249702 0.13119211662 0.91859449978   0.913947798 0.84572927558 -31.22087640678 0.00050368602   -2 
  46 0.00000449534 0.00061583521 -190.25336195 0.08927411835 0.01520250127 0.13119184538 0.91854150837 0.91388264529 0.84565703320 -31.22087024794 0.00056657560   -2 
  47 0.00000449534 0.00061582799 -190.25591370 0.08927252569 0.01520247857 0.13119162294 0.91851737149 0.91386385597 0.84563594758 -31.22086944006 0.00034688292   -2 
  48 0.00000449534 0.00061585147 -190.27723984 0.08926874680 0.01520229736 0.13119016246 0.91844852879 0.91383282201 0.84559032549 -31.22086753436 0.00043470742   -2 
  49 0.00000449534 0.00061585647 -190.30233504 0.08926618373 0.01520208504 0.13118852148 0.91840001000 0.91380535980 0.84555201524 -31.22086649383 0.00057080593   -2 
  50 0.00000449533 0.00061590967 -190.42491818 0.08925551511 0.01520105360 0.13118062444 0.91831907914 0.91371760345 0.84542823010 -31.22086100042 0.00109657213   -2 
  51 0.00000449533 0.00061589841 -190.54858492 0.08924701472 0.01520001750 0.13117277389 0.91828974918 0.91364850368 0.84534009871 -31.22085388689 0.00160247313   -2 
  52 0.00000449531 0.00061601164 -191.23490572 0.08919389190 0.01519429869 0.13112921714 0.91834449343 0.91341249909 0.84501877741 -31.22081618200 0.00218960681   -2 
  53 0.00000449529 0.00061597286 -192.07549893 0.08912979595 0.01518734262 0.13107625003 0.91832899441 0.91329422354 0.84483843785 -31.22076658214 0.00483380208   -2 
  54 0.00000449503 0.00061661052 -202.93634820 0.08827672614 0.01510043490 0.13041232974 0.91826476261 0.91257829111 0.84338927671 -31.22018777212 0.00644918268   -2 
  55 0.00000449471 0.00061681765 -216.59093005 0.08721306022 0.01499822061 0.12962863609 0.91705209932 0.91219487450 0.84289666338 -31.21947656670 0.01561403785   -2 
  56 0.00000449462 0.00061722843 -220.80256219 0.08687573511 0.01496812875 0.12939689712 0.91683140497 0.91214131512 0.84290667692 -31.21893786813 0.00624119226   -2 
  57 0.00000449421 0.00061713608 -240.14673754 0.08527828564 0.01483758538 0.12838583683 0.91638736161 0.91111828311 0.84377291896 -31.21771052143 0.00680805328   -2 
  58  0.0000044942 0.00061696044 -240.75603427 0.08522706525 0.01483364143 0.12835515645 0.91641803905 0.91106365885 0.84360965091 -31.21757843360 0.00612735761   -2 
  59 0.00000449415 0.00061690619 -242.68851398 0.08501911421 0.01482113541 0.12825617825 0.91695172382 0.91102466629 0.84253684044 -31.21716277853 0.00259945769   -2 
  60 0.00000449414 0.00061690937 -243.37885305 0.08491694086 0.01481656005 0.12821898033 0.91640781659 0.91102648173 0.84207710278 -31.21703990781 0.00151386381   -2 
  61 0.00000449414 0.00061694674 -243.42238902 0.08490764799 0.01481624911 0.12821636178 0.91638475626 0.91098141654 0.84208308738 -31.21703325978 0.00156644340   -2 
  62 0.00000449414 0.00061692534 -243.53730206 0.08488348997 0.01481537075 0.12820903006 0.91630676882 0.91073395958 0.84215385062 -31.21701248896 0.00033481603   -2 
  63 0.00000449413 0.00061692324 -243.55427271 0.08487970742 0.01481522501 0.12820781772 0.91630765193 0.91070255484 0.84216797649 -31.21701213883 0.00033137588   -2 
  64 0.00000449413 0.00061691683 -243.56841929 0.08487636576 0.01481501630 0.12820614452 0.91636476666 0.91072626505 0.84218630084 -31.21701063900 0.00058965512   -2 
  65 0.00000449413 0.00061689647 -243.57748268 0.08487487257 0.01481487309 0.12820502466 0.91639231856 0.91074370131 0.84219617593 -31.21700978122 0.00020964903   -2 
  66 0.00000449413 0.00061690039 -243.58201398 0.08487463511 0.01481474292 0.12820404370 0.91636944214 0.91077355482 0.84220453769 -31.21700924450 0.00016395124   -2 
  67 0.00000449413 0.00061689747 -243.58327894 0.08487472978 0.01481470571 0.12820376901 0.91636597185 0.91077721064 0.84220541226 -31.21700919105 0.00008946819    0 
-- Found new optimum with likelihood -31.217009191056150 and gradient 0.00009

---- Best joint likelihood found -31.217009191056150 with gradient 0.00009

---- Results for /scratch/40840212/tmpi80mey6n 
--  Model: C
--        eps_an     theta_bar             a 
-- 0.00000449413 0.00061689747            -1 
--           S_d             b           p_b           S_b 
-- -243.58327894 0.08487472978 0.01481470571 0.12820376901 
--           r 2           r 3           r 4 
-- 0.91636597185 0.91077721064 0.84220541226 

---- Expected P_neut(i), 0 < i < n (neutral SFS per site) 
E[P_neut(1)] = 0.0006168953
E[P_neut(2)] = 0.0002826515
E[P_neut(3)] = 0.0001872858
E[P_neut(4)] = 0.0001298908

---- Expected P_sel(i), 0 < i < n (selected SFS per site) 
E[P_sel(1)] = 0.0003928142
E[P_sel(2)] = 0.0001670824
E[P_sel(3)] = 0.0001069125
E[P_sel(4)] = 0.0000724997

---- alpha_dfe = 0.029170

