---- Running command
---- ./polyDFE -d /scratch/40841700/tmpnjj2r8jj -m C -i /scratch/40841700/tmp5f21uluh 1 -v 1 
---- Performing inference using model C

---- Performing inference on /scratch/40841700/tmpnjj2r8jj
----      with -i /scratch/40841700/tmp5f21uluh 1
---- Data /scratch/40841700/tmpnjj2r8jj does not contain divergence counts. Using option -w.
---- No mutation variability. Using Poisson likelihood.


---- Using provided initial values

-- Starting local optimization
-- Optimizing all parameters
  it        eps_an     theta_bar           S_d             b           p_b           S_b           r 2           r 3           r 4           r 5           r 6           r 7           r 8           r 9          r 10          r 11          r 12          r 13          r 14          r 15          r 16          r 17          r 18          r 19          r 20          r 21          r 22          r 23          r 24          r 25          r 26          r 27          r 28          r 29           ln lk          grad status 
   0 0.00000450268  0.0009259123 -45.463749999     0.1287808   0.009184894     0.1083917     0.5642878      0.496756     0.4953868     0.4840476     0.4906511     0.4906073     0.5437098     0.5553355     0.5124802     0.5092361     0.6175192     0.5977393     0.4504409      0.522028     0.3860458     0.4756257     0.5506624     0.3834732      0.531485     0.4975372     0.5880576     0.5381713     0.7063446     0.5665509     0.6574706     0.6611074     0.9643355       1.73894 -208.8585838208 1.27412704076   -2 
   1 0.00000450268 0.00090872614 -45.531418995 0.12915926429 0.00918434401 0.10839141343 0.55972733348 0.49929671088 0.49367688378 0.48340897916 0.49073190246 0.49084992810 0.54132242803 0.55605811754 0.51239617390 0.50982159688 0.61652928347 0.59725803860 0.45014158342 0.52271215882 0.38552596306 0.47625518010 0.55057285164 0.38340863642 0.53209321768 0.49843863369 0.58767801992 0.53799578086 0.70490065078 0.56645909290 0.65600808694 0.66205377537 0.96290176518 1.73980540959 -207.3853909715 0.73359443222   -2 
   2 0.00000450268 0.00092039062 -45.549562938 0.12908049220 0.00918427267 0.10839042463 0.51129647885 0.54979587169 0.47351539909 0.47807375338 0.49610225253 0.49823653563 0.50766666113 0.57122417094 0.51359738481 0.52171601987 0.60365800656 0.59207790230 0.44669325570 0.53570652235 0.37803983540 0.48790618280 0.55069016139 0.38310237060 0.54343215725 0.51448492065 0.58295665676 0.53630150825 0.68356960476 0.56613657681 0.63403600316 0.67913396482 0.94255825661 1.76118506357 -201.5651849389 0.44261869111   -2 
   3 0.00000450268 0.00091197872 -45.581076549 0.12937112734 0.00918384300 0.10838999560 0.52788110164 0.53737102477 0.47516679396 0.47790631743 0.49533201195 0.49758435467 0.50791960991 0.57058081585 0.51328997871 0.52155133190 0.60322376134 0.59169528831 0.44640984416 0.53587516633 0.37759150076 0.48821537362 0.55050381998 0.38299594934 0.54375839434 0.51510623007 0.58257615283 0.53607885053 0.68246382051 0.56597839106 0.63282529585 0.67977270917 0.94146319937 1.76064123690 -200.8529714204 0.54455486458   -2 
   4 0.00000450267 0.00091874765 -45.558971902 0.12929574399 0.00918392578 0.10838980544 0.53679207132 0.53236439403 0.47559770007 0.47774906498 0.49528473107 0.49770154683 0.50647493176 0.57114072720 0.51326411419 0.52222876851 0.60234029940 0.59125433147 0.44607431927 0.53684307144 0.37687502351 0.48919183931 0.55045293723 0.38293686585 0.54473246911 0.51657395602 0.58209473046 0.53587423881 0.68052429385 0.56590180502 0.63074884646 0.68132868580 0.93963309854 1.76183430635 -200.4678720602 0.33804552527   -2 
   5 0.00000450267 0.00090990036 -45.619151643 0.12973142933 0.00918313464 0.10838825157 0.55530833082 0.52251143648 0.47292201444 0.47551087873 0.49583744655 0.49953115531 0.49240939176 0.57686167369 0.51315586794 0.52800339142 0.59499325506 0.58771163570 0.44350144033 0.54447843752 0.37154272139 0.49667560613 0.55006941350 0.38249370783 0.55213473917 0.52767875041 0.57848108636 0.53434479923 0.66603268752 0.56532510957 0.61544018440 0.69305433294 0.92578216120 1.77178511141 -199.5122000876 0.57538801104   -2 
   6 0.00000450267 0.00091923999 -45.602453721 0.12963017516 0.00918315015 0.10838744729 0.56236715926 0.51957647903 0.47132460153 0.47437914711 0.49662423999 0.50114173007 0.48305715178 0.58120880070 0.51330854913 0.53230841198 0.59013340308 0.58545267277 0.44180416936 0.55010208619 0.36785527497 0.50217837427 0.54993385889 0.38224108536 0.55758331305 0.53583972704 0.57603981241 0.53335441506 0.65602836105 0.56501451061 0.60483096296 0.70166892732 0.91627304153 1.77947616003 -198.9203193529 0.56168693846   -2 
   7 0.00000450267 0.00091172541 -45.713281265 0.12994420520 0.00918206616 0.10838335742 0.56071256745 0.51777522649 0.46333798580 0.46926346664 0.50010407886 0.50837210081 0.44240450131 0.60122143837 0.51390744218 0.55251600968 0.56804766459 0.57496418681 0.43382312831 0.57710271596 0.35073282894 0.52890792774 0.54921338098 0.38099401981 0.58402977375 0.57621914995 0.56449861883 0.52859411228 0.61032065756 0.56347064356 0.55646822497 0.74394266994 0.87234452077 1.81521795472 -196.5480475019 0.56732893727   -2 
   8 0.00000450266 0.00092134048 -45.692671829 0.12969503081 0.00918226836 0.10838266400 0.55583296256 0.52016148218 0.46249017474 0.46877549670 0.50088267276 0.50976696052 0.43575664423 0.60491065381 0.51415130860 0.55645473238 0.56417468367 0.57313160652 0.43231907501 0.58260893960 0.34733781064 0.53450655890 0.54914892921 0.38077160788 0.58960617268 0.58488171673 0.56223191210 0.52767169270 0.60141480915 0.56320978558 0.54694549194 0.75298246197 0.86382928810 1.82242664298 -196.0788276248 0.46524895642   -2 
   9 0.00000450266 0.00091796428 -45.727344385 0.12957281022 0.00918215524 0.10838125615 0.53809224757 0.52776363888 0.46200574842 0.46849836185 0.50149586255 0.51106973849 0.42798359264 0.60888716452 0.51436652531 0.56154037510 0.55896852617 0.57052200522 0.42999046759 0.59060090287 0.34192763226 0.54309542119 0.54896855041 0.38036721809 0.59828514620 0.59868379154 0.55859167682 0.52612878093 0.58749422566 0.56272289479 0.53178813235 0.76740698756 0.85067114954 1.83202642503 -195.3744745290 0.21419329844   -2 
  10 0.00000450266 0.00092193205 -45.715139546 0.12942915903 0.00918229065 0.10838099227 0.53502082168 0.53002630906 0.46259296352 0.46886904238 0.50134131577 0.51081557147 0.42858788826 0.60838599156 0.51437364232 0.56154663415 0.55891406295 0.57043659478 0.42975941541 0.59118939798 0.34118795835 0.54401876188 0.54894884686 0.38030645155 0.59930917739 0.60043191510 0.55812036833 0.52591195677 0.58569579317 0.56265204006 0.52961322827 0.76929214264 0.84915112005 1.83237303071 -195.2913908436 0.22426709271   -2 
  11 0.00000450266 0.00091943077 -45.730769534 0.12930639791 0.00918225129 0.10837996183 0.52684263825 0.53619422152 0.46461206679 0.47007569920 0.50026092715 0.50920629027 0.43272431512 0.60512523504 0.51415748924 0.56014915408 0.55974180564 0.57053086381 0.42927125203 0.59150855495 0.33938172815 0.54561273951 0.54879316216 0.38009772007 0.60129889768 0.60416233576 0.55695453315 0.52530516510 0.58151320938 0.56238956186 0.52419449920 0.77341986750 0.84587564524 1.83089565268 -195.1117769046 0.15651920429   -2 
  12 0.00000450265 0.00092303830 -45.724325441 0.12911726562 0.00918232800 0.10837903698 0.52565965327 0.53941966260 0.46642674165 0.47122205769 0.49916361921 0.50747408922 0.43806350841 0.60136865680 0.51390925439 0.55799201560 0.56135300032 0.57101052359 0.42909643847 0.59066275951 0.33822766232 0.54602535419 0.54865530968 0.37993219869 0.60212805459 0.60608347220 0.55623902699 0.52487911053 0.57904391703 0.56217858797 0.52054241531 0.77568995656 0.84429867740 1.82796649656 -195.0101160406 0.28073740999   -2 
  13 0.00000450264 0.00091840221 -45.759987757 0.12898116783 0.00918207206 0.10837667511 0.52502218659 0.54479360328 0.47014516890 0.47357581445 0.49642739757 0.50325734150 0.45105682866 0.59235557078 0.51318064081 0.55255747763 0.56529978956 0.57215220472 0.42873093340 0.58813298179 0.33570402131 0.54647374179 0.54825227282 0.37951603449 0.60357027718 0.60988307819 0.55464295446 0.52387669688 0.57377974628 0.56163498728 0.51253941118 0.78028460201 0.84108270810 1.82015486853 -194.7956159179 0.15746881933   -2 
  14 0.00000450264 0.00092090757 -45.768927601 0.12882932791 0.00918202517 0.10837534582 0.52921601760 0.54410647428 0.47134208317 0.47454328943 0.49533102129 0.50134817621 0.45830812189 0.58792136421 0.51283566330 0.54944607771 0.56781710053 0.57299236165 0.42869985729 0.58622311872 0.33455476453 0.54617236662 0.54805815664 0.37930378384 0.60384716685 0.61119109620 0.55395795778 0.52339603485 0.57156273422 0.56135959752 0.50868468542 0.78204788323 0.84009742225 1.81541904928 -194.6950861809 0.22067119485   -2 
  15 0.00000450263 0.00091740141 -45.799882933 0.12883027310 0.00918180964 0.10837420707 0.53287806418 0.54229047995 0.47180977136 0.47505348306 0.49455932157 0.49996909870 0.46383013533 0.58465630472 0.51253547056 0.54697007250 0.56981318121 0.57365781039 0.42870223227 0.58453764862 0.33371178957 0.54573072471 0.54788240445 0.37912654698 0.60386559966 0.61193280582 0.55345397192 0.52301718701 0.57000743682 0.56112609024 0.50580246631 0.78314605568 0.83952591538 1.81146794427 -194.6271352747 0.08674544413   -2 
  16 0.00000450263 0.00091935397 -45.796816113 0.12878977867 0.00918187334 0.10837430321 0.53264701838 0.54135813489 0.47127579172 0.47479053648 0.49494931992 0.50045377091 0.46287483865 0.58549323592 0.51262403742 0.54729584879 0.56969282753 0.57367722613 0.42878571336 0.58453218397 0.33389340739 0.54555019848 0.54792412691 0.37915442932 0.60364798199 0.61152032218 0.55359475928 0.52308996367 0.57044780561 0.56116533890 0.50626819666 0.78271009276 0.83993968248 1.81186194858 -194.6111828538 0.11315084369   -2 
  17 0.00000450264 0.00091924508 -45.830941273 0.12877465990 0.00918185439 0.10837435724 0.53176667177 0.53470408701 0.46787520604 0.47311597456 0.49695979899 0.50288634820 0.45866217509 0.58951149977 0.51296877189 0.54838246025 0.56952055286 0.57393223105 0.42926668345 0.58380039459 0.33473204192 0.54415991409 0.54805989317 0.37923788177 0.60218167673 0.60906466846 0.55426376987 0.52337372698 0.57267696966 0.56128291795 0.50820096611 0.78021379017 0.84230562091 1.81263078460 -194.5457301504 0.03209781960   -2 
  18 0.00000450263 0.00092034684 -45.860972433 0.12870968203 0.00918178509 0.10837370461 0.53319146447 0.53421370887 0.46705000130 0.47252110439 0.49721962779 0.50321698013 0.45881626515 0.58988223426 0.51289344779 0.54770790337 0.57024577291 0.57429303033 0.42954261897 0.58237171758 0.33492305580 0.54286914486 0.54798805870 0.37917630652 0.60103966608 0.60754777148 0.55444925209 0.52334499669 0.57353731043 0.56119647352 0.50824410760 0.77880215336 0.84365252310 1.81078437730 -194.5348275874 0.09123332706   -2 
  19 0.00000450263 0.00091914442 -45.913332554 0.12867311038 0.00918160785 0.10837274815 0.53478420759 0.53364496391 0.46597880901 0.47171471149 0.49748665291 0.50357869856 0.45910045846 0.59026316423 0.51275650588 0.54672376654 0.57123301669 0.57476603591 0.42990563866 0.58038053262 0.33516586150 0.54108327181 0.54786913791 0.37908059876 0.59945995983 0.60546694707 0.55468188769 0.52328727024 0.57468497111 0.56106090043 0.50825124592 0.77686302558 0.84546929342 1.80812630269 -194.5210496289 0.03572476983   -2 
  20 0.00000450262 0.00091995141 -46.051752575 0.12837097636 0.00918134187 0.10837005679 0.53286135493 0.53537038356 0.46555506795 0.47086546889 0.49753129002 0.50375371913 0.46082048198 0.59013153320 0.51238220301 0.54414490174 0.57371323191 0.57590763281 0.43076907659 0.57551641071 0.33564781692 0.53672744173 0.54753699073 0.37880089012 0.59560746904 0.60048253891 0.55517384430 0.52307059120 0.57734164943 0.56066754860 0.50781201393 0.77222565056 0.84985743050 1.80145868961 -194.4963045786 0.03394532544   -2 
  21 0.00000450262 0.00091950817 -46.062172154 0.12836258579 0.00918131282 0.10836989811 0.53272825694 0.53539006620 0.46560163578 0.47087030408 0.49749134087 0.50371597133 0.46089258089 0.59007308012 0.51235554961 0.54403933555 0.57378706986 0.57593527882 0.43079655586 0.57531972054 0.33566173662 0.53654161891 0.54751342983 0.37878278403 0.59543819641 0.60026707334 0.55518545618 0.52305234177 0.57744621359 0.56064153810 0.50777149140 0.77202019716 0.85002898710 1.80117220715 -194.4952754320 0.01735424955   -2 
  22 0.00000450261 0.00091982361 -46.164767610 0.12814587823 0.00918116648 0.10836829057 0.53189336263 0.53486821559 0.46725371465 0.47183074627 0.49666349784 0.50281302347 0.46136895018 0.58891642558 0.51210513585 0.54361946990 0.57370877006 0.57579382271 0.43083062308 0.57445434901 0.33564640960 0.53551332853 0.54726176649 0.37858971954 0.59441679344 0.59900607743 0.55512834313 0.52282031898 0.57793905540 0.56036151658 0.50716488219 0.77074458457 0.85081242216 1.79978374336 -194.4900535972 0.01309895722   -2 
  23 0.00000450261 0.00091953059 -46.186280837 0.12811986855 0.00918112091 0.10836799566 0.53199584776 0.53478162964 0.46735583427 0.47192679880 0.49654107956 0.50266772806 0.46138196402 0.58873115307 0.51205867942 0.54359891617 0.57361747219 0.57572591195 0.43080709843 0.57440771016 0.33562690448 0.53542029803 0.54721264366 0.37855362355 0.59430932703 0.59888000323 0.55509618595 0.52277274378 0.57795974924 0.56030833035 0.50704891680 0.77060242483 0.85083576812 1.79965866245 -194.4896014700 0.02018993990   -2 
  24 0.00000450261 0.00091973243 -46.289363154 0.12796040391 0.00918093552 0.10836654333 0.53280076536 0.53446001019 0.46768285714 0.47234012186 0.49600618763 0.50200626161 0.46139027763 0.58787926268 0.51184697842 0.54356952883 0.57311127665 0.57536661656 0.43067001760 0.57429984310 0.33551824955 0.53506348527 0.54697662071 0.37837835490 0.59386562238 0.59836819535 0.55492374490 0.52253873188 0.57800226986 0.56004981892 0.50647432811 0.76999961025 0.85084760209 1.79921666323 -194.4877013970 0.01050867031   -2 
  25 0.00000450260 0.00091938418 -46.506199367 0.12767869589 0.00918052813 0.10836372402 0.53290291972 0.53454436397 0.46710709983 0.47238906498 0.49552568012 0.50126943912 0.46110238896 0.58685070915 0.51151474446 0.54370321012 0.57205071867 0.57463739312 0.43031802389 0.57450886333 0.33525744454 0.53479813834 0.54654897573 0.37805509970 0.59338603556 0.59785996054 0.55452639457 0.52209334566 0.57780002020 0.55957019596 0.50542049541 0.76927171442 0.85038829053 1.79887989877 -194.4854233648 0.04360695792   -2 
  26 0.00000450259 0.00092025023 -46.836831853 0.12721965948 0.00917994258 0.10835941599 0.53300241230 0.53472846153 0.46622755581 0.47242691912 0.49486143536 0.50022096215 0.46066131674 0.58536912793 0.51102660862 0.54391707034 0.57046450240 0.57354558568 0.42978330859 0.57484916428 0.33485970718 0.53442302562 0.54590602674 0.37756604013 0.59268405720 0.59712000214 0.55392175553 0.52141919230 0.57747772726 0.55884461633 0.50382647450 0.76819623558 0.84966672484 1.79840620694 -194.4819822349 0.01647490535   -2 
  27 0.00000450257 0.00092068255 -47.345993212 0.12659425597 0.00917900625 0.10835306944 0.53139153199 0.53444914320 0.46526407719 0.47175146950 0.49452867681 0.49957094333 0.45995266613 0.58430194869 0.51041901955 0.54398022813 0.56871443730 0.57224578133 0.42902472439 0.57521617171 0.33428164682 0.53405699130 0.54503833157 0.37689425494 0.59190066058 0.59633710765 0.55303599973 0.52048625239 0.57681620969 0.55784363114 0.50175867808 0.76694031250 0.84835388015 1.79737325127 -194.4777567638 0.02818930928   -2 
  28 0.00000450256 0.00092124236 -47.451844413 0.12646011353 0.00917881815 0.10835175230 0.53115316779 0.53435491024 0.46512590627 0.47158176134 0.49449779345 0.49950065149 0.45981084484 0.58416753525 0.51030313248 0.54396316105 0.56841537970 0.57201069710 0.42887392000 0.57526607061 0.33416451385 0.53398951900 0.54486711094 0.37676038749 0.59175542658 0.59619528635 0.55285543869 0.52029995136 0.57666699491 0.55764373634 0.50136085592 0.76670449805 0.84806944242 1.79711252299 -194.4768701187 0.01889195200   -2 
  29 0.00000450252 0.00092223591 -48.603853432 0.12529495253 0.00917655477 0.10833798261 0.53034650574 0.53217648943 0.46471134381 0.46909675601 0.49466636997 0.49985019204 0.45834160176 0.58432256311 0.50917834234 0.54299741901 0.56654282148 0.57019021716 0.42739721397 0.57507580716 0.33298348882 0.53335814239 0.54320471932 0.37545864480 0.59051369789 0.59505592809 0.55099804965 0.51847569782 0.57482314769 0.55568710351 0.49787437903 0.76466960945 0.84479571068 1.79299183034 -194.4685950985 0.02199862208   -2 
  30 0.00000450251 0.00092279787 -48.765039703 0.12513851076 0.00917623838 0.10833608064 0.53051090424 0.53209205480 0.46472885714 0.46887768644 0.49465829832 0.49991293559 0.45818331171 0.58440898224 0.50904323696 0.54279493620 0.56643288353 0.57002682848 0.42722201143 0.57495276461 0.33283499195 0.53326412820 0.54300219471 0.37529751871 0.59036654798 0.59492542158 0.55075999239 0.51824935984 0.57455651781 0.55544352312 0.49749444045 0.76443422755 0.84435291184 1.79230199903 -194.4675027605 0.03122284317   -2 
  31 0.00000450248 0.00092290325 -49.804103611 0.12426635594 0.00917411097 0.10832411447 0.53189975764 0.53203344864 0.46493308459 0.46782859808 0.49443900166 0.50025925777 0.45729055350 0.58503824108 0.50822096519 0.54130959458 0.56611960468 0.56921887908 0.42619394553 0.57388014530 0.33194080667 0.53262984913 0.54179341146 0.37433462623 0.58948932443 0.59415863330 0.54930971417 0.51689419296 0.57284401245 0.55398280508 0.49540030316 0.76306236304 0.84159296519 1.78755928877 -194.4612887447 0.01991521689   -2 
  32 0.00000450245 0.00092323571 -50.656287685 0.12357036439 0.00917240382 0.10831451680 0.53251392198 0.53233321216 0.46510758082 0.46738539709 0.49418380692 0.50044100711 0.45672316031 0.58549074439 0.50763875732 0.54010667412 0.56610193350 0.56874590251 0.42545900974 0.57288968214 0.33127357733 0.53211108707 0.54090867995 0.37361718428 0.58883819220 0.59359217667 0.54821949095 0.51588526124 0.57149996530 0.55289197858 0.49395396647 0.76206134095 0.83949416977 1.78377767243 -194.4593286321 0.02605088895   -2 
  33 0.00000450245 0.00092396915 -50.604264116 0.12359547174 0.00917253856 0.10831516010 0.53097415430 0.53271306556 0.46499464504 0.46824202478 0.49406343903 0.50014932313 0.45709725379 0.58520008530 0.50786384383 0.54028916081 0.56648907631 0.56911461403 0.42571312650 0.57277116769 0.33143481293 0.53213393404 0.54116303861 0.37378876613 0.58899109509 0.59372383899 0.54846816143 0.51613001532 0.57169399633 0.55314814321 0.49453285711 0.76233317740 0.83994336080 1.78433678810 -194.4538062715 0.04664014690   -2 
  34 0.00000450245 0.00092343195 -50.592535749 0.12362043894 0.00917255379 0.10831534629 0.53034526098 0.53283636558 0.46492327651 0.46861669820 0.49398805144 0.49999896141 0.45726057591 0.58505174860 0.50795627926 0.54035362221 0.56666745083 0.56927990253 0.42582481338 0.57269296044 0.33150424946 0.53213273312 0.54127211228 0.37386268587 0.58905256606 0.59377610904 0.54857338406 0.51623523719 0.57176904722 0.55325790090 0.49480084772 0.76244842963 0.84013192477 1.78453510744 -194.4516101946 0.01446488993   -2 
  35 0.00000450245 0.00092334613 -50.693539038 0.12364483834 0.00917226822 0.10831440564 0.53112011589 0.53301991159 0.46450104754 0.47081171726 0.49337112616 0.49893296758 0.45834924299 0.58402764904 0.50852156903 0.54053946292 0.56809362244 0.57050169822 0.42658725567 0.57176271230 0.33194315483 0.53197679774 0.54197620608 0.37433138786 0.58940732191 0.59407562451 0.54920783130 0.51689974373 0.57207147632 0.55394265288 0.49683249461 0.76318705618 0.84121619523 1.78512950553 -194.4456827902 0.01326100600   -2 
  36 0.00000450245 0.00092308977 -50.704340064 0.12364985612 0.00917223258 0.10831429117 0.53115262999 0.53301229343 0.46452330244 0.47080000273 0.49337483544 0.49892661391 0.45837739049 0.58401657763 0.50854037696 0.54054431230 0.56814614775 0.57054813954 0.42662079243 0.57172436703 0.33196437201 0.53197037343 0.54200773494 0.37435450996 0.58942416917 0.59409042593 0.54923721846 0.51693177687 0.57208331969 0.55397574932 0.49693812544 0.76322238840 0.84126314024 1.78514718452 -194.4454419292 0.01436938281   -2 
  37 0.00000450245 0.00092356413 -50.814635696 0.12363030331 0.00917192584 0.10831296731 0.53160372670 0.53302218239 0.46500835741 0.47018599429 0.49363578871 0.49914953682 0.45854226223 0.58416639595 0.50870205853 0.54060598818 0.56856615569 0.57093148903 0.42692156552 0.57144950045 0.33216423188 0.53194300183 0.54229903647 0.37457437878 0.58959715051 0.59424751469 0.54951235955 0.51723386043 0.57219458949 0.55428859098 0.49793277679 0.76356407031 0.84168733214 1.78536571506 -194.4433194861 0.03382037949   -2 
  38 0.00000450244 0.00092307713 -50.968121212 0.12362511356 0.00917147864 0.10831115423 0.53206241201 0.53301174789 0.46561647327 0.46935395877 0.49397569253 0.49945084877 0.45873631217 0.58437225442 0.50890174132 0.54067938641 0.56909582411 0.57141732989 0.42731045534 0.57109296540 0.33242570239 0.53190539917 0.54267586866 0.37486258143 0.58982052757 0.59445069394 0.54987038472 0.51762877147 0.57233710582 0.55469773858 0.49924621381 0.76400825228 0.84223605773 1.78563016818 -194.4411992197 0.00986892211   -2 
  39 0.00000450244 0.00092326879 -51.132567827 0.12357145152 0.00917101862 0.10830896738 0.53123358601 0.53336641561 0.46570068671 0.46919228992 0.49428250557 0.49983687012 0.45878844876 0.58474252832 0.50904424387 0.54079606594 0.56936380120 0.57169788219 0.42760146654 0.57100019438 0.33265586267 0.53194826829 0.54297993172 0.37512194818 0.59003650338 0.59465621091 0.55018053370 0.51797538028 0.57248242679 0.55506037139 0.50038038721 0.76440060724 0.84268498424 1.78600444450 -194.4396492413 0.00849867915   -2 
  40 0.00000450244 0.00092306880 -51.165314369 0.12356396311 0.00917091611 0.10830848384 0.53122288374 0.53338635947 0.46563128136 0.46926492159 0.49429888489 0.49988113298 0.45877340500 0.58479935096 0.50905174908 0.54081354372 0.56936185214 0.57170631472 0.42763110117 0.57101833611 0.33268844159 0.53196304623 0.54301490884 0.37515999517 0.59006660529 0.59468634493 0.55022202320 0.51802388347 0.57250438962 0.55511187064 0.50054466985 0.76445290869 0.84273883431 1.78605737439 -194.4394395324 0.01470161616   -2 
  41 0.00000450243 0.00092324587 -51.486309303 0.12343883979 0.00916993880 0.10830352500 0.53161316233 0.53356933506 0.46484034263 0.47024017631 0.49440670354 0.50028389107 0.45859763317 0.58536168359 0.50910763792 0.54100075615 0.56925159935 0.57171402497 0.42788054061 0.57129705678 0.33299449505 0.53213967838 0.54332635229 0.37552078523 0.59035676756 0.59498083639 0.55060806178 0.51847836980 0.57272246866 0.55559662558 0.50207673937 0.76494132231 0.84322507035 1.78661298591 -194.4374739241 0.00538489115   -2 
  42 0.00000450242 0.00092323261 -51.637809109 0.12337213593 0.00916945961 0.10830100197 0.53184508277 0.53356272522 0.46471560493 0.47058846448 0.49439447850 0.50035881578 0.45852913510 0.58551438890 0.50911197853 0.54107053968 0.56914899139 0.57166071147 0.42794205547 0.57146668855 0.33310656106 0.53222669440 0.54341837927 0.37565691699 0.59046072386 0.59509041282 0.55074209294 0.51864243515 0.57280859838 0.55577400815 0.50264341350 0.76510846251 0.84337630967 1.78680638153 -194.4372537033 0.00657042996   -2 
  43 0.00000450241 0.00092361311 -51.830892370 0.12324797820 0.00916881119 0.10829722707 0.53191308576 0.53346748186 0.46527221073 0.47058076137 0.49428125437 0.50018909970 0.45852130525 0.58541821180 0.50908481783 0.54111355933 0.56895264443 0.57149494635 0.42789123697 0.57174248785 0.33316856828 0.53233945201 0.54340547203 0.37574438090 0.59051114067 0.59515565824 0.55079407327 0.51872542350 0.57287657174 0.55587103044 0.50296678944 0.76516477927 0.84338118411 1.78687800984 -194.4365385699 0.02646023199   -2 
  44 0.00000450240 0.00092330993 -52.054880152 0.12311930183 0.00916804499 0.10829286388 0.53192584458 0.53334173748 0.46589985646 0.47052611867 0.49414038390 0.49997411809 0.45851138138 0.58528002763 0.50904491973 0.54115008702 0.56872232506 0.57129611303 0.42782055783 0.57204849633 0.33323011386 0.53246098523 0.54337618084 0.37583413973 0.59055626580 0.59521821884 0.55083930594 0.51880570211 0.57294578614 0.55596674090 0.50329833826 0.76520976219 0.84336497859 1.78691884368 -194.4354989327 0.00711771459   -2 
  45 0.00000450239 0.00092353658 -52.265736775 0.12297736714 0.00916731326 0.10828851742 0.53189472323 0.53335250270 0.46630911171 0.47037617382 0.49404267773 0.49977473953 0.45852652619 0.58510826669 0.50900519832 0.54115931731 0.56853401740 0.57111742708 0.42772531879 0.57229555071 0.33325839566 0.53255469722 0.54331177751 0.37588516801 0.59056497846 0.59524363285 0.55083970636 0.51883491774 0.57298779227 0.55600807487 0.50347111288 0.76519552237 0.84328987536 1.78686546042 -194.4351822059 0.01072483908   -2 
  46 0.00000450239 0.00092341370 -52.420872186 0.12287698623 0.00916676349 0.10828526901 0.53184703625 0.53338493531 0.46648913085 0.47023985291 0.49398221695 0.49963646417 0.45853869475 0.58497126180 0.50897128436 0.54115091260 0.56840791806 0.57099111545 0.42764594483 0.57244779351 0.33326680692 0.53260906395 0.54325025401 0.37590832601 0.59055537279 0.59524598843 0.55082240306 0.51883715581 0.57300612874 0.55601791940 0.50354538250 0.76516111578 0.84321077766 1.78677514286 -194.4349406985 0.01150643154   -2 
  47 0.00000450236 0.00092387148 -52.967073293 0.12249720289 0.00916482774 0.10827359094 0.53174282580 0.53360640917 0.46676360282 0.46974188808 0.49383094322 0.49921040396 0.45859345809 0.58449290961 0.50885183194 0.54108948935 0.56801843076 0.57057871238 0.42734880732 0.57289941696 0.33326422421 0.53276256074 0.54300188928 0.37595191309 0.59048234487 0.59521344568 0.55071694692 0.51879482346 0.57303883110 0.55599861618 0.50366255792 0.76497986571 0.84287470663 1.78634171140 -194.4341268168 0.01430380652   -2 
  48 0.00000450234 0.00092373937 -53.282654420 0.12228584320 0.00916369717 0.10826679843 0.53170331740 0.53369486057 0.46671535394 0.46948239078 0.49376215679 0.49900559640 0.45861096369 0.58423249651 0.50877442627 0.54102841967 0.56782025488 0.57035895573 0.42717293103 0.57309138802 0.33324501738 0.53281869494 0.54284366666 0.37595532648 0.59041493081 0.59516755741 0.55063164588 0.51874297520 0.57303407553 0.55595734182 0.50366209153 0.76484175280 0.84265132661 1.78600562304 -194.4336244499 0.01836795422   -2 
  49 0.00000450229 0.00092453295 -54.334492263 0.12155772792 0.00915996338 0.10824407254 0.53173838090 0.53393470530 0.46620253814 0.46874500012 0.49359623338 0.49844523234 0.45864850785 0.58344065629 0.50851529742 0.54078863284 0.56723547403 0.56968607668 0.42659237604 0.57358928700 0.33314927252 0.53294276876 0.54229994257 0.37592610512 0.59014799756 0.59496725003 0.55030640570 0.51852134402 0.57297443450 0.55576509407 0.50353168663 0.76432622134 0.84186449763 1.78475564250 -194.4320045129 0.01626192135   -2 
  50 0.00000450227 0.00092445385 -54.840771617 0.12122018663 0.00915815837 0.10823311127 0.53176279345 0.53389240618 0.46578781212 0.46851092294 0.49352743533 0.49825705099 0.45862089781 0.58312207866 0.50837441997 0.54063354704 0.56699689978 0.56939986650 0.42632117387 0.57369413087 0.33307768351 0.53293791412 0.54202611181 0.37587850381 0.58997997867 0.59482623393 0.55011628604 0.51837554781 0.57290194155 0.55562797278 0.50338361758 0.76403195913 0.84145206643 1.78401937337 -194.4312892619 0.02227697085   -2 
  51 0.00000450222 0.00092533715 -55.871157122 0.12051643070 0.00915451734 0.10821075212 0.53188322476 0.53367051741 0.46483745302 0.46821636909 0.49341520929 0.49799200224 0.45851627446 0.58257655560 0.50807958537 0.54028239384 0.56657582021 0.56887686115 0.42578911854 0.57374439112 0.33290375117 0.53285180087 0.54146360309 0.37574301170 0.58959623467 0.59449023610 0.54969433250 0.51803568734 0.57270355555 0.55529878487 0.50298494901 0.76338562766 0.84058355177 1.78239273500 -194.4297181020 0.01773163808   -2 
  52 0.00000450219 0.00092533327 -56.489523547 0.12011011923 0.00915232221 0.10819730535 0.53187095436 0.53339644203 0.46426855675 0.46817059008 0.49333388431 0.49790653075 0.45838854373 0.58232435368 0.50787956964 0.54002775817 0.56636092311 0.56860229246 0.42548643403 0.57361053603 0.33277083698 0.53271766137 0.54111739389 0.37562262581 0.58931950545 0.59423495376 0.54940434815 0.51778815767 0.57252812778 0.55505044632 0.50266189171 0.76294723618 0.84002921997 1.78126542572 -194.4289064596 0.02049424714   -2 
  53 0.00000450213 0.00092623721 -57.529776174 0.11941362802 0.00914865084 0.10817458264 0.53181133716 0.53286356831 0.46342019580 0.46826107400 0.49318994983 0.49785859710 0.45810310691 0.58200828633 0.50752492008 0.53955818447 0.56605286673 0.56819771333 0.42500568428 0.57318808921 0.33251413033 0.53239275482 0.54053219521 0.37537326283 0.58880195783 0.59374358657 0.54887573585 0.51732128850 0.57216469116 0.55457289349 0.50202040756 0.76215435532 0.83906543198 1.77921724566 -194.4276180483 0.01933782358   -2 
  54 0.00000450211 0.00092604388 -57.914660292 0.11916857109 0.00914725879 0.10816600415 0.53167508851 0.53263472647 0.46324744386 0.46836855452 0.49309719305 0.49787710688 0.45792650105 0.58194968534 0.50736410561 0.53934014924 0.56595932937 0.56807637469 0.42484584988 0.57286216363 0.33238797202 0.53218038821 0.54030624262 0.37523758017 0.58855831008 0.59350118170 0.54863955424 0.51710073289 0.57196381751 0.55433992480 0.50170194465 0.76180502613 0.83867202334 1.77830118984 -194.4267575087 0.02428847156   -2 
  55 0.00000450202 0.00092736761 -59.830654424 0.11792033029 0.00914038743 0.10812312385 0.53098323661 0.53163748317 0.46284381308 0.46907313399 0.49258346380 0.49806635645 0.45691973570 0.58182378122 0.50652701454 0.53819087266 0.56556339009 0.56756373958 0.42411488138 0.57087599833 0.33169629450 0.53092547967 0.53918530779 0.37446858710 0.58724609950 0.59217331797 0.54738845195 0.51590671209 0.57082075044 0.55306395135 0.49994673663 0.75996497698 0.83666447128 1.77349399199 -194.4228995541 0.01465403258   -2 
  56 0.00000450196 0.00092761112 -60.896562264 0.11725664491 0.00913655034 0.10809917631 0.53075981584 0.53136936471 0.46291553419 0.46928420736 0.49220615219 0.49807659533 0.45628826000 0.58174477263 0.50601913537 0.53751348805 0.56531984200 0.56728661466 0.42374826167 0.56955652433 0.33126199154 0.53008188761 0.53856051703 0.37396613405 0.58643880072 0.59133993165 0.54663418404 0.51516858973 0.57006460098 0.55226339734 0.49886427722 0.75886418098 0.83550857652 1.77067011669 -194.4217737786 0.02211511563   -2 
  57 0.00000450194 0.00092816843 -61.430179290 0.11691935021 0.00913462861 0.10808708054 0.53074315917 0.53134411533 0.46302559246 0.46931803175 0.49200108061 0.49804535137 0.45596512394 0.58169492649 0.50575891634 0.53717273424 0.56518835099 0.56714793293 0.42357714488 0.56885088310 0.33103145588 0.52962346070 0.53824975134 0.37369398524 0.58601597849 0.59089884045 0.54624202967 0.51477955085 0.56965278445 0.55183813378 0.49829540956 0.75829444252 0.83492220337 1.76923980181 -194.4210242375 0.01643169001   -2 
  58 0.00000450188 0.00092843656 -62.557265662 0.11623612585 0.00913050946 0.10806123066 0.53086362702 0.53152674694 0.46338913168 0.46909459879 0.49149576289 0.49781691135 0.45526125905 0.58150616424 0.50517858068 0.53644164670 0.56485083096 0.56682764690 0.42324437360 0.56724054607 0.33050252360 0.52854501592 0.53759213886 0.37305389064 0.58506136372 0.58989019044 0.54536548782 0.51389542999 0.56867614050 0.55086204157 0.49701634575 0.75702876062 0.83365225889 1.76615480282 -194.4197905549 0.01136344192   -2 
  59 0.00000450189 0.00092858631 -62.263386932 0.11640327229 0.00913151210 0.10806741610 0.53089846258 0.53157603506 0.46331130509 0.46896707658 0.49160676226 0.49776821892 0.45545552822 0.58148876504 0.50531999224 0.53663877705 0.56489408807 0.56688609214 0.42334671708 0.56761261135 0.33061268891 0.52876387532 0.53776207534 0.37317713821 0.58527289707 0.59010552169 0.54556209041 0.51408409576 0.56886029831 0.55106412430 0.49729866372 0.75731802733 0.83396124290 1.76695243969 -194.4193930839 0.01918271322   -2 
  60 0.00000450193 0.00092805286 -61.453765411   0.116886033 0.00913421827 0.10808419807 0.53098894911 0.53176394207 0.46310385172 0.46842907579 0.49187710773 0.49752012922 0.45599333091 0.58136739648 0.50569409665 0.53718330649 0.56496389741 0.56701811517 0.42364405009 0.56859168088 0.33089047176 0.52930626298 0.53822996132 0.37347558035 0.58582060774 0.59065387482 0.54607521422 0.51456592770 0.56930039321 0.55157282496 0.49803350605 0.75807911116 0.83479520835 1.76913890418 -194.4181125344 0.00807868681   -2 
  61 0.00000450195 0.00092792467 -61.116113681 0.11708541036 0.00913532867 0.10809103147 0.53104283404 0.53187358260 0.46306295346 0.46817752302 0.49197487696 0.49739495772 0.45620791294 0.58130845633 0.50584207236 0.53740505191 0.56498252854 0.56706957420 0.42377579697 0.56896177500 0.33099341734 0.52950035888 0.53842386796 0.37358019526 0.58603051924 0.59085958644 0.54627410845 0.51474748569 0.56945237257 0.55176098210 0.49831394734 0.75837687402 0.83513211947 1.77002533588 -194.4179653349 0.00783502651   -2 
  62 0.00000450195 0.00092815464 -60.858564466 0.11720530646 0.00913586193 0.10809385737 0.53114947171 0.53218152184 0.46357171906 0.46787666436 0.49186097169 0.49715347903 0.45619918586 0.58123224850 0.50583734831 0.53746243879 0.56490403003 0.56707919616 0.42394071885 0.56874364516 0.33091896154 0.52926991700 0.53852940275 0.37343317935 0.58595985193 0.59073929629 0.54623535982 0.51465271776 0.56921119471 0.55162154627 0.49820351604 0.75834983186 0.83522346641 1.77024568218 -194.4169635782 0.02797299995   -2 
  63 0.00000450196 0.00092767024 -60.548004625 0.11736502454 0.00913646741 0.10809712152 0.53122198630 0.53251185290 0.46418344153 0.46750900076 0.49170365141 0.49685002418 0.45616939344 0.58113224443 0.50581719263 0.53751692964 0.56479783579 0.56708393104 0.42414270674 0.56843699220 0.33081494753 0.52895834820 0.53865072778 0.37323502361 0.58585290339 0.59056864717 0.54617073992 0.51451695783 0.56888782600 0.55142748895 0.49804139043 0.75829333677 0.83531697984 1.77046071442 -194.4157421058 0.00748296482   -2 
  64 0.00000450197 0.00092782565 -59.892996194 0.11759172292 0.00913715900 0.10809908205 0.53052030771 0.53150969463 0.46417223602 0.46786925411 0.49152645204 0.49676492146 0.45587272529 0.58123397890 0.50565737081 0.53741327997 0.56466041557 0.56715130358 0.42459283601 0.56712391385 0.33035295925 0.52783040454 0.53879404948 0.37246211892 0.58529704887 0.58981931885 0.54573133459 0.51386003005 0.56770016771  0.5505742876 0.49710868579 0.75777300886 0.83521613923 1.77011797213 -194.4134274653 0.00966982411   -2 
  65 0.00000450197 0.00092768312 -59.941807375 0.11757710310 0.00913708990 0.10809883712 0.53060131452 0.53160489600 0.46413186624 0.46784136474 0.49154031546 0.49677831649 0.45589158697 0.58122330861 0.50566525022 0.53741361828 0.56467045309 0.56714225339 0.42455253957 0.56722241195 0.33038433464 0.52791436811 0.53877702213 0.37251594934 0.58533457327 0.58987166469 0.54575934378 0.51390423690 0.56778512443 0.55063272819 0.49716973352 0.75780529860 0.83521529091 1.77012220835 -194.4133253364 0.00684560268   -2 
  66 0.00000450197 0.00092774058 -60.012929015 0.11754800003 0.00913693673 0.10809806195 0.53086760090 0.53185081034 0.46392605757 0.46781071200 0.49157609861 0.49683789331 0.45591432764 0.58120624066 0.50566815076 0.53739158685 0.56469243519 0.56711945156 0.42446826067 0.56737875895 0.33042090776 0.52804470992 0.53872991135 0.37258352801 0.58537953655 0.58994039419 0.54578558518 0.51395423880 0.56790196172 0.55070268149 0.49722919094 0.75783246433 0.83518579084 1.77006339371 -194.4131275083 0.00524866182   -2 
  67 0.00000450197 0.00092765523 -60.020509925 0.11754581758 0.00913690090 0.10809785465 0.53089323754 0.53187995126 0.46387390679 0.46781167092 0.49158184729 0.49685289157 0.45591370148 0.58120382548 0.50566504158 0.53738237477 0.56469559857 0.56711413318 0.42445318997 0.56739415581 0.33042099967 0.52805721349 0.53871869585 0.37258577624 0.58537969846 0.58994323361 0.54578286216 0.51395368605 0.56790931238 0.55070358370 0.49722491697 0.75782791852 0.83517384435 1.77003633925 -194.4130969462 0.00391608154   -2 
  68 0.00000450197 0.00092769570 -60.041545007 0.11752655729 0.00913669157 0.10809642729 0.53098163934 0.53200496549 0.46356120797 0.46785500654 0.49162400218 0.49696222080 0.45590171033 0.58120461111 0.50564274281 0.53732024803 0.56471863018 0.56708751275 0.42437237146 0.56744162826 0.33040043104 0.52809358943 0.53865026590 0.37256533291 0.58535724921 0.58993004239 0.54574474441 0.51391972799  0.5679060209 0.55067041495 0.49714975108 0.75777421988 0.83508897173 1.76984912417 -194.4129881319 0.00288003708   -2 
  69 0.00000450196 0.00092763601 -60.043951176 0.11752246506 0.00913661278 0.10809587579 0.53095111700 0.53199715404 0.46349948040 0.46787028419 0.49163262738 0.49699188964 0.45589418408 0.58120547314 0.50563330869 0.53729842967 0.56472405285 0.56707882374 0.42434836818 0.56744305019 0.33038788587 0.52809393519 0.53862704300 0.37254956733 0.58534284700 0.58991689688 0.54572587990 0.51390008212 0.56789200949 0.55064897437 0.49711190942 0.75774868273 0.83505674777 1.76978073720 -194.4129630134 0.00476916488   -2 
  70 0.00000450196 0.00092773898 -60.049403626 0.11749695507 0.00913625225 0.10809325812 0.53079690660 0.53193507008 0.46327024577 0.46794433453 0.49167159681 0.49712394285 0.45586027217 0.58121414027 0.50559173774 0.53720128712 0.56474983626 0.56704210477 0.42424226866 0.56743997745 0.33032623920 0.52808755939 0.53852197175 0.37247039970 0.58527286185 0.58985106844 0.54563552649 0.51380404204 0.56781830481 0.55054301070 0.49692804397 0.75762723571 0.83490801619 1.76947232204 -194.4128608276 0.00252610358   -2 
  71 0.00000450195 0.00092770895 -60.050215461 0.11747676521 0.00913583703 0.10809028114 0.53069854179 0.53181214868 0.46319094791 0.46797481089 0.49167439398 0.49719983804 0.45581598151 0.58120602982 0.50554190580 0.53710339118 0.56475798176 0.56699849946 0.42413894383 0.56740757200 0.33025346627 0.52805772579 0.53841286063 0.37237483449 0.58518777093 0.58976734537 0.54553156689 0.51369133084 0.56772101063 0.55041700764 0.49671966228 0.75748839753 0.83474666634 1.76914878475 -194.4128051477 0.00556051002   -2 
  72 0.00000450195 0.00092781482 -60.049595088 0.11746036997 0.00913553217 0.10808807466 0.53065554507 0.53172996560 0.46316220668 0.46798832760 0.49167075996 0.49724262600 0.45578395791 0.58119779652 0.50550611659 0.53703537605 0.56476081342 0.56696695112 0.42406654441 0.56738035474 0.33020008626 0.52803308480 0.53833522067 0.37230439147 0.58512533329 0.58970539442 0.54545578352 0.51360874769 0.56764837388 0.55032443385 0.49656762250 0.75738740655 0.83463057885 1.76892079459 -194.4127581510 0.00368068177   -2 
  73 0.00000450194 0.00092775593 -60.047084322 0.11743354078 0.00913478689 0.10808278524 0.53066389853 0.53158028411 0.46321847004 0.46795090625 0.49161564670 0.49725319706 0.45570405112 0.58115063674 0.50541897577 0.53689178009 0.56473880908 0.56688721991 0.42391365335 0.56729288241 0.33007513768 0.52795653604 0.53816402892 0.37213846671 0.58497624314 0.58955498297 0.54527965840 0.51341577502 0.56747091095 0.55010717346 0.49621955463 0.75715326313 0.83436784973 1.76842289791 -194.4126614534 0.00588805096   -2 
  74 0.00000450194 0.00092784778 -60.045106001 0.11741856467 0.00913441285 0.10808011330 0.53068542525 0.53152944982 0.46326199967 0.46792382315 0.49158364640 0.49724429440 0.45566591801 0.58112441191 0.50537726119 0.53682610644 0.56472388224 0.56684819422 0.42384210505 0.56724709462 0.33001389759 0.52791646709 0.53808250258 0.37205684808 0.58490325649 0.58948086571 0.54519376554 0.51332126879 0.56738288682 0.55000055643 0.49604964657 0.75703933078 0.83424117468 1.76819064993 -194.4126163760 0.00294186140   -2 
  75 0.00000450193 0.00092780001 -60.042711109 0.11740431779 0.00913383813 0.10807608482 0.53072509378 0.53156114279 0.46336164036 0.46783469991 0.49150776514 0.49715151932 0.45561519568 0.58106394648 0.50532142889 0.53675862134 0.56467512065 0.56679060327 0.42376232941 0.56716716576 0.32993143157 0.52784664350 0.53798363750 0.37194590920 0.58480361535 0.58937740140 0.54507954713 0.51319429481 0.56725846151 0.54985644461 0.49582665003 0.75688873402 0.83407939522 1.76792899429 -194.4125604285 0.00372399232   -2 
  76 0.00000450193 0.00092785438 -60.041707379 0.11739897542 0.00913365714 0.10807480742 0.53073496427 0.53158628617 0.46339273856 0.46780403689 0.49148320947 0.49711359997 0.45560197133 0.58104386705 0.50530652644 0.53674406444 0.56465693614 0.56677399620 0.42374276271 0.56714178250 0.32990774426 0.52782422148 0.53795761277 0.37191376076 0.58477516592 0.58934738964 0.54504716705 0.51315789417 0.56722178370 0.54981492705 0.49576321050 0.75684635523 0.83403497148 1.76786613161 -194.4125440298 0.00206313308   -2 
  77 0.00000450192 0.00092783129 -60.040825834 0.11739347288 0.00913330147 0.10807234128 0.53070610434 0.53167235515 0.46342965807 0.46773347534 0.49143139595 0.49700236759 0.45558655493 0.58099745115 0.50528772724 0.53674411250 0.56460677862 0.56674680628 0.42373025656 0.56709118198 0.32987329087 0.52777847645 0.53793070317 0.37186585249 0.58473362751 0.58930137631 0.54500177807 0.51310526058 0.56716346877 0.54975398570 0.49567529119 0.75678815351 0.83397947979 1.76782901058 -194.4125191150 0.00208758872   -2 
  78 0.00000450192 0.00092786587 -60.040533665 0.11739148915 0.00913320764 0.10807168580 0.53069657536 0.53169316994 0.46343341958 0.46771704794 0.49141964140 0.49697113508 0.45558485789 0.58098572203 0.50528511796 0.53674906839 0.56459233780 0.56674119595 0.42373150716 0.56707860642 0.32986647665 0.52776674732 0.53792802495 0.37185606498 0.58472558017 0.58929192419 0.54499327119 0.51309493142 0.56715085819 0.54974179675 0.49565869258 0.75677761002 0.83397079537 1.76783476819 -194.4125136110 0.00144531314   -2 
  79 0.00000450192 0.00092785935 -60.040700890 0.11738836419 0.00913288196 0.10806944842 0.53064537529 0.53173078129 0.46341121901 0.46767035524 0.49138620461 0.49685957392 0.45558656865 0.58094595075 0.50528387611 0.53678367901 0.56453693440 0.56672683575 0.42375410455 0.56703830248 0.32985306620 0.52772767703 0.53793678352 0.37183525263 0.58470987404 0.58927062608 0.54497882841 0.51307502852 0.56711975866 0.54971711914 0.49563151277 0.75676160999 0.83396565926 1.76791260271 -194.4124998350 0.00155194375   -2 
  80 0.00000450192 0.00092789054 -60.040731620 0.11738691172 0.00913278050 0.10806874768 0.53063714478 0.53173168174 0.46340009366 0.46766069241 0.49137894875 0.49682951154 0.45558837011 0.58093535187 0.50528489295 0.53679647502 0.56452029281 0.56672361128 0.42376394526 0.56702716852 0.32985079978 0.52771642370 0.53794251089 0.37183123835 0.58470733072 0.58926628262 0.54497711307 0.51307179503 0.56711260216 0.54971272391 0.49562854832 0.75676038045 0.83396842833 1.76794472860 -194.4124960377 0.00144789911   -2 
  81 0.00000450191 0.00092788854 -60.041848200 0.11738409593 0.00913235974 0.10806587332 0.53061860186 0.53169244050 0.46334019130 0.46763408926 0.49135646424 0.49672335818 0.45559665775 0.58089567805 0.50529061093 0.53685054720 0.56445374333 0.56671220216 0.42381047725 0.56698505198 0.32984674650 0.52767259616 0.53797294269 0.37182177797 0.58470260511 0.58925420618 0.54497733606 0.51306662367 0.56709018243 0.54970382202 0.49563226482 0.75676490552 0.83399069980 1.76808818738 -194.4124834734 0.00105036288   -2 
  82 0.00000450191 0.00092790870 -60.042115199 0.11738317817 0.00913226349 0.10806521372 0.53062195974 0.53167918603 0.46332874518 0.46763290748 0.49135436194 0.49670873861 0.45559834746 0.58088929689 0.50529200670 0.53686128566 0.56444112844 0.56671031248 0.42382147584 0.56697731970 0.32984706889 0.52766403081 0.53798081829 0.37182133871 0.58470288824 0.58925295521 0.54497901625 0.51306735139 0.56708697277 0.54970398569 0.49563669120 0.75676800153 0.83399775503 1.76811891841 -194.4124815855 0.00103765353   -2 
  83 0.00000450191 0.00092789742 -60.043309017 0.11738227645 0.00913200448 0.10806345474 0.53063653692 0.53163653264 0.46330244254 0.46763687699 0.49135283312 0.49668748683 0.45560122783 0.58087633818 0.50529471606 0.53688499079 0.56441218159 0.56670573521 0.42385027060 0.56695979620 0.32984987331 0.52764366054 0.53800238137 0.37182297850 0.58470540901 0.58925175425 0.54498580879 0.51307223864 0.56708147989 0.54970788303 0.49565435923 0.75677900632 0.83401895559 1.76819152681 -194.4124775169 0.00073339529   -2 
  84 0.00000450191 0.00092791232 -60.043717099 0.11738177365 0.00913191897 0.10806287001 0.53064169029 0.53162881828 0.46330016151 0.46764201272 0.49135508817 0.49669164702 0.45560150673 0.58087548005 0.50529527074 0.53688941983 0.56440674240 0.56670496210 0.42385876757 0.56695651705 0.32985182126 0.52763902448 0.53800934349 0.37182501671 0.58470727219 0.58925266868 0.54498923089 0.51307538667 0.56708151987 0.54971100108 0.49566299149 0.75678402157 0.83402684453 1.76820836774 -194.4124762376 0.00101398694   -2 
  85 0.00000450190 0.00092788741 -60.047766206 0.11738106909 0.00913124024 0.10805826270 0.53066815166 0.53158109503 0.46329320313 0.46768574758 0.49137537940 0.49674417724 0.45560070008 0.58087380222 0.50529732672 0.53691495549 0.56437180320 0.56669909886 0.42392185811 0.56693507293 0.32986868997 0.52760639997 0.53806216082 0.37184354881 0.58472289455 0.58926156094 0.54501752564 0.51310241562 0.56708487742 0.54973837745 0.49573554776 0.75682464636 0.83408870248 1.76831944778 -194.4124688865 0.00089023599   -2 
  86 0.00000450190 0.00092790248 -60.047154327 0.11738119086 0.00913133784 0.10805892541 0.53065927623 0.53159990506 0.46329838632 0.46767788125 0.49137261206 0.49673845050 0.45560087420 0.58087599067 0.50529708260 0.53690908283 0.56438022555 0.56670073136 0.42391084812 0.56694010327 0.32986645174 0.52761297983 0.53805334712 0.37184126133 0.58472087293 0.58926078981 0.54501350088 0.51309877674 0.56708522546 0.54973482062 0.49572520109 0.75681868237 0.83407903493 1.76829711397 -194.4124674130 0.00093007757   -2 
  87 0.00000450190 0.00092789035 -60.046816574 0.11738210513 0.00913141268 0.10805944113 0.53064467890 0.53162783366 0.46330717728 0.46766921164 0.49137018727 0.49673623921 0.45560072105 0.58087989440 0.50529662258 0.53690111996 0.56439113931 0.56670277805 0.42389944185 0.56694646086 0.32986490462 0.52762053023 0.53804461851 0.37183994477 0.58471942715 0.58926071819 0.54501029157 0.51309618419 0.56708652134 0.54973247254 0.49571722066 0.75681364774 0.83407006991 1.76827004908 -194.4124655400 0.00055071731   -2 
  88 0.00000450190 0.00092789962 -60.046835599 0.11738243294 0.00913140961 0.10805942302 0.53064008739 0.53164445997 0.46331451403 0.46766706253 0.49137078720 0.49674089995 0.45560071701 0.58088379291 0.50529666003 0.53689663484 0.56439791005 0.56670432156 0.42389573256 0.56695041397 0.32986544659 0.52762433596 0.53804237174 0.37184092895 0.58472002607 0.58926188527 0.54501059596 0.51309693698 0.56708838644 0.54973352535 0.49571796290 0.75681367094 0.83406874788 1.76825755082 -194.4124647346 0.00066254962   -2 
  89 0.00000450190 0.00092788687 -60.047203249 0.11738363591 0.00913136908 0.10805915991 0.53063483411 0.53166854468 0.46332708874 0.46766519578 0.49137276462 0.49675249711 0.45560047555 0.58089101017 0.50529666290 0.53688895326 0.56440927370 0.56670690865 0.42389144642 0.56695703985 0.32986734800 0.52763018342 0.53804046184 0.37184380703 0.58472191588 0.58926457895 0.54501255738 0.51309975077 0.56709223533 0.54973696446 0.49572306693 0.75681566547 0.83406910025 1.76823804314 -194.4124635684 0.00054060809   -2 
  90 0.00000450190 0.00092789421 -60.047794921 0.11738472291 0.00913127603 0.10805854061 0.53063878777 0.53168786743 0.46334173535 0.46766683162 0.49137737594 0.49677113305 0.45560070335 0.58090103538 0.50529736246 0.53688078605 0.56442306142 0.56671060918 0.42388930307 0.56696535250 0.32987109365 0.52763683384 0.53804108123 0.37184903261 0.58472577533 0.58926918500 0.54501714668 0.51310542773 0.56709811544 0.54974354668 0.49573439719 0.75682114368 0.83407349584 1.76821998832 -194.4124623966 0.00081808475   -2 
  91 0.00000450190 0.00092787502 -60.048939799 0.11738697184 0.00913111085 0.10805744291 0.53064790305 0.53170731851 0.46336128747 0.46767090413 0.49138485906 0.49680008546 0.45560116489 0.58091599212 0.50529861379 0.53686929993 0.56444313947 0.56671621860 0.42388765238 0.56697766264 0.32987740291 0.52764638992 0.53804345400 0.37185771411 0.58473225094 0.58927665766 0.54502507547 0.51311503153 0.56710745843 0.54975457792 0.49575399097 0.75683075741 0.83408200018 1.76819596388 -194.4124607497 0.00066409166   -2 
  92 0.00000450189 0.00092788128 -60.050159491 0.11738874566 0.00913090108 0.10805603984 0.53066427008 0.53171240155 0.46337698571 0.46767892972 0.49139440386 0.49683029153 0.45560298337 0.58093180792 0.50530128614 0.53686034407 0.56446318184 0.56672295383 0.42388882853 0.56699067891 0.32988517883 0.52765616116 0.53804864686 0.37186817623 0.58474054622 0.58928577188 0.54503526142 0.51312693045 0.56711835015 0.54976808911 0.49577830442 0.75684350964 0.83409441371 1.76818033991 -194.4124590034 0.00086263813   -2 
  93 0.00000450189 0.00092786436 -60.051774209 0.11739129205 0.00913063099 0.10805423613 0.53068242768 0.53171029651 0.46339178503 0.46768955365 0.49140588662 0.49686452801 0.45560566190 0.58094993637 0.50530498440 0.53685137704 0.56448595726 0.56673117118 0.42389155476 0.56700593516 0.32989491656 0.52766751709 0.53805600616 0.37188120042 0.58475100474 0.58929709712 0.54504815494 0.51314185632 0.56713172886 0.54978498021 0.49580889301 0.75685977312 0.83411064068 1.76816663508 -194.4124574291 0.00055883966   -2 
  94 0.00000450189 0.00092788047 -60.053370159 0.11739267906 0.00913025593 0.10805170886 0.53068768278 0.53167826715 0.46338474216 0.46770668340 0.49141872666 0.49688336065 0.45561353645 0.58096386033 0.50531366450 0.53685626010 0.56450170664 0.56674186456 0.42390251817 0.56702011064 0.32990722612 0.52767792024 0.53807061855 0.37189711920 0.58476533569 0.58931162356 0.54506548712 0.51316088433 0.56714764727 0.54980613744 0.49584713129 0.75688239900 0.83413551554 1.76819044610 -194.4124542704 0.00129341508   -2 
  95 0.00000450188 0.00092786412 -60.054558976 0.11739410957 0.00912999146 0.10804993077 0.53068774795 0.53165610506 0.46337766112 0.46771764742 0.49142660416 0.49689328294 0.45561896536 0.58097199571 0.50531963067 0.53686077641 0.56451092610 0.56674890869 0.42391052843 0.56702908520 0.32991559173 0.52768452379 0.53808090481 0.37190791302 0.58477506591 0.58932142114 0.54507731066 0.51317382355 0.56715834313 0.54982050384 0.49587322390 0.75689786865 0.83415268307 1.76820961241 -194.4124522000 0.00044998011   -2 
  96 0.00000450188 0.00092787616 -60.056418421 0.11739568151 0.00912931713 0.10804537132 0.53066633425 0.53165346323 0.46334836007 0.46773120878 0.49143380267 0.49687636029 0.45563357750 0.58097379144 0.50533520499 0.53688911892 0.56451175586 0.56676267983 0.42393528118 0.56704029896 0.32993310152 0.52769343865 0.53810781058 0.37193001470 0.58479622167 0.58934188382 0.54510298447 0.51320104625 0.56717963897 0.54985042693 0.49592761973 0.75693228774 0.83419303018 1.76829572499 -194.4124487306 0.00075535400   -2 
  97 0.00000450187 0.00092786536 -60.056771548 0.11739624333 0.00912918845 0.10804450360 0.53066376254 0.53165507468 0.46334385128 0.46773237432 0.49143419084 0.49687183678 0.45563588607 0.58097315666 0.50533771727 0.53689447256 0.56451085714 0.56676476139 0.42393976639 0.56704167713 0.32993607096 0.52769462281 0.53811253146 0.37193375790 0.58479975786 0.58934527313 0.54510734480 0.51320566577 0.56718316994 0.54985549470 0.49593694306 0.75693813713 0.83420000495 1.76831161417 -194.4124481272 0.00046674620   -2 
  98 0.00000450187 0.00092786424 -60.057808392 0.11739820661 0.00912849720 0.10803982358 0.53067859003 0.53168909089 0.46333649381 0.46772770538 0.49142959564 0.49683919814 0.45564494423 0.58096318204 0.50534805065 0.53692336291 0.56449794455 0.56677204042 0.42396196181 0.56704306575 0.32994876266 0.52769702085 0.53813452931 0.37194963469 0.58481476514 0.58935931804 0.54512618064 0.51322544170 0.56719769302 0.54987708667 0.49597710162 0.75696344778 0.83423118935 1.76839581094 -194.4124456309 0.00028027980   -2 
  99 0.00000450187 0.00092785729 -60.057821736 0.11739854201 0.00912841413 0.10803926043 0.53068131938 0.53169087179 0.46333999192 0.46772611167 0.49142864506 0.49683681103 0.45564506073 0.58096186756 0.50534835569 0.53692548116 0.56449588411 0.56677208811 0.42396364024 0.56704230557 0.32994947727 0.52769667494 0.53813600046 0.37195051692 0.58481554197 0.58935999636 0.54512725489 0.51322655553 0.56719840757 0.54987829426 0.49597945548 0.75696491764 0.83423316669 1.76840206595 -194.4124454348 0.00041933005   -2 
 100 0.00000450186 0.00092785846 -60.057579494 0.11739936521 0.00912803350 0.10803667173 0.53069575330 0.53169760179 0.46336076308 0.46771874741 0.49142469210 0.49682839725 0.45564499141 0.58095647794 0.50534915721 0.53693401396 0.56448649438 0.56677182328 0.42397041974 0.56703823098 0.32995198833 0.52769470035 0.53814169580 0.37195357140 0.58481824963 0.58936227094 0.54513108968 0.51323047145 0.56720078739 0.54988251265 0.49598772003 0.75697025321 0.83424037361 1.76842761949 -194.4124446536 0.00018445225   -2 
 101 0.00000450186 0.00092785279 -60.057192295 0.11739973417 0.00912779912 0.10803507389 0.53069188638 0.53169482227 0.46337147905 0.46771680987 0.49142416252 0.49682941880 0.45564406566 0.58095546761 0.50534862075 0.53693598277 0.56448243032 0.56677100350 0.42397245129 0.56703540247 0.32995217174 0.52769313210 0.53814300952 0.37195371683 0.58481835648 0.58936219522 0.54513147479 0.51323076505 0.56720069705 0.54988279408 0.49598834598 0.75697079054 0.83424158905 1.76843468727 -194.4124443805 0.00045207678   -2 
 102 0.00000450186 0.00092785887 -60.056558784 0.11739994123 0.00912747294 0.10803284671 0.53068664933 0.53169104949 0.46338542968 0.46771479032 0.49142388629 0.49683168427 0.45564284969 0.58095456642 0.50534790432 0.53693840365 0.56447724372 0.56676993548 0.42397505146 0.56703161002 0.32995230211 0.52769102540 0.53814463748 0.37195375371 0.58481840715 0.58936200059 0.54513184270 0.51323098334 0.56720045394 0.54988296855 0.49598874075 0.75697131324 0.83424299888 1.76844364637 -194.4124440281 0.00016272929   -2 
 103 0.00000450183 0.00092785072 -60.051946212 0.11740124928 0.00912553087 0.10801961210 0.53067335288 0.53167256256 0.46337783632 0.46772233835 0.49143055452 0.49686224231 0.45563515104 0.58096080691 0.50534100721 0.53693413661 0.56446405936 0.56676293788 0.42397838844 0.56701403858 0.32994758214 0.52768000146 0.53814347832 0.37194711877 0.58481250644 0.58935523797 0.54512586764 0.51322382604 0.56719309057 0.54987472910 0.49597334840 0.75696320754 0.83423640957 1.76844174271 -194.4124424245 0.00090747668   -2 
 104 0.00000450182 0.00092786388 -60.048963903 0.11740171150 0.00912431180 0.10801130055 0.53066776428 0.53166319078 0.46337272354 0.46772707010 0.49143468851 0.49688058668 0.45563064665 0.58096478936 0.50533692673 0.53693145322 0.56445640144 0.56675878672 0.42398034409 0.56700348167 0.32994463509 0.52767333363 0.53814270865 0.37194297177 0.58480888360 0.58935108657 0.54512215065 0.51321935989 0.56718854130 0.54986958739 0.49596366662 0.75695816751 0.83423228565 1.76844032632 -194.4124414536 0.00034785689   -2 
 105 0.00000450178 0.00092785082 -60.041189489 0.11740409355 0.00912102335 0.10798888258 0.53069835097 0.53168486849 0.46334847340 0.46772637654 0.49143358673 0.49689197819 0.45562344918 0.58096762378 0.50532885317 0.53692102313 0.56444780842 0.56675034042 0.42397990787 0.56698539855 0.32993651845 0.52766001673 0.53813736867 0.37193182551 0.58479913157 0.58934042696 0.54511157454 0.51320709598 0.56717672912 0.54985555186 0.49593755323 0.75694435643 0.83421922663 1.76842042564 -194.4124384463 0.00053111939   -2 
 106 0.00000450177 0.00092785743 -60.039271620 0.11740442549 0.00912022258 0.10798342087 0.53070355741 0.53169047827 0.46334412436 0.46772591590 0.49143307700 0.49689280509 0.45562232492 0.58096809800 0.50532741676 0.53691879661 0.56444665499 0.56674877236 0.42397964170 0.56698197477 0.32993467724 0.52765731873 0.53813611867 0.37192928551 0.58479702504 0.58933812614 0.54510920842 0.51320432714 0.56717411328 0.54985237628 0.49593152784 0.75694130735 0.83421631766 1.76841575864 -194.4124380675 0.00045799176   -2 
 107 0.00000450170 0.00092784110 -60.023968308 0.11740771976 0.00911355102 0.10793792051 0.53069201649 0.53172716665 0.46333039362 0.46771475928 0.49142253689 0.49686773112 0.45562087231 0.58096598865 0.50532204102 0.53690383200 0.56444956717 0.56674177803 0.42397420635 0.56696749789 0.32992114949 0.52764245805 0.53812565451 0.37191057761 0.58478281756 0.58932270055 0.54509215429 0.51318415204 0.56715572916 0.54982924193 0.49588644018 0.75691966782 0.83419514725 1.76837878213 -194.4124339973 0.00098740291   -2 
 108 0.00000450165 0.00092785208 -60.015047205 0.11740918941 0.00910967693 0.10791148888 0.53068438559 0.53174419189 0.46332507102 0.46770867375 0.49141674721 0.49685240606 0.45562072022 0.58096467657 0.50531963915 0.53689593555 0.56445212991 0.56673841848 0.42397102422 0.56696040614 0.32991361139 0.52763466347 0.53811985031 0.37190012076 0.58477511102 0.58931431962 0.54508273389 0.51317293713 0.56714558738 0.54981636582 0.49586110057 0.75690778564 0.83418354483 1.76835878914 -194.4124325753 0.00067564459   -2 
 109 0.00000450149 0.00092784389 -59.983518958 0.11741517728 0.00909533298 0.10781359649 0.53063175022 0.53169869898 0.46334280684 0.46768946065 0.49139761266 0.49678623044 0.45562708023 0.58095331225 0.50531916783 0.53687827784 0.56447062960 0.56673461292 0.42395764192 0.56695397151 0.32989095816 0.52761857549 0.53810169313 0.37186841431 0.58475449788 0.58929189124 0.54505540081 0.51313967120 0.56711648942 0.54977806727 0.49578301257 0.75687435669 0.83415099383 1.76830412831 -194.4124238968 0.00115275417   -2 
 110 0.00000450146 0.00092786056 -59.978749489 0.11741582333 0.00909314234 0.10779863855 0.53062838555 0.53168938051 0.46334613970 0.46768732218 0.49139535120 0.49677766266 0.45562813810 0.58095142746 0.50531945894 0.53687649084 0.56447346164 0.56673448949 0.42395566369 0.56695408246 0.32988797076 0.52761697214 0.53809929979 0.37186420364 0.58475199488 0.58928916053 0.54505189306 0.51313532782 0.56711276500 0.54977305270 0.49577253881 0.75687015612 0.83414691270 1.76829783779 -194.4124225473 0.00066048888   -2 
 111 0.00000450138 0.00092784837 -59.964610063 0.11742035039 0.00908583841 0.10774878469 0.53065435423 0.53163141865 0.46335579949 0.46768480914 0.49139140530 0.49676458535 0.45562956081 0.58094043175 0.50532160061 0.53687789253 0.56447974029 0.56673649079 0.42394878641 0.56696384091 0.32988260989 0.52761924855 0.53809412824 0.37185650441 0.58474918704 0.58928619801 0.54504636375 0.51312797295 0.56710711062 0.54976452336 0.49575299475 0.75686445402 0.83414092449 1.76829272813 -194.4124178703 0.00063013119   -2 
 112 0.00000450136 0.00092785895 -59.961630892 0.11742126930 0.00908418702 0.10773751193 0.53066068134 0.53162356713 0.46335707575 0.46768552690 0.49139169303 0.49676530437 0.45562966831 0.58093804335 0.50532240918 0.53687961836 0.56448062075 0.56673750387 0.42394747816 0.56696753248 0.32988233181 0.52762114827 0.53809371305 0.37185602848 0.58474971843 0.58928679035 0.54504639769 0.51312776146 0.56710721054 0.54976424538 0.49575155598 0.75686492364 0.83414121913 1.76829515595 -194.4124171194 0.00077157221   -2 
 113 0.00000450112 0.00092782223 -59.927655821 0.11743748261 0.00906357187 0.10759677884 0.53071541689 0.53157180750 0.46335864379 0.46770092213 0.49140157552 0.49680263308 0.45562673132 0.58090682756 0.50533279331 0.53691058985 0.56448436576 0.56675264120 0.42393245251 0.56702386947 0.32988645865 0.52765520180 0.53809387391 0.37186056625 0.58476505530 0.58930377854 0.54505693381 0.51313689174 0.56711941710 0.54977426632 0.49575900847 0.75688444935 0.83415776206 1.76835232505 -194.4124074929 0.00149039672   -2 
 114 0.00000450096 0.00092784554 -59.904439852 0.11744782339 0.00904934660 0.10749958752 0.53073343737 0.53156159552 0.46335964249 0.46771305319 0.49141065073 0.49683192359 0.45562569719 0.58088981360 0.50534088259 0.53693332540 0.56448708065 0.56676425122 0.42392372990 0.56706331648 0.32989100960 0.52768031841 0.53809598965 0.37186595145 0.58477778316 0.58931773910 0.54506660732 0.51314582951 0.56713036466 0.54978415166 0.49576916300 0.75690112856 0.83417255677 1.76839892598 -194.4123990182 0.00243393242   -2 
 115 0.00000450019 0.00092772776 -59.798044282 0.11750093856 0.00898298349 0.10704540347 0.53073739373 0.53157259739 0.46335875010 0.46776619892 0.49145312726 0.49696863925 0.45562157310 0.58082200602 0.50537809690 0.53703814457 0.56449812604 0.56681852059 0.42388696437 0.56724387735 0.32991581128 0.52779872817 0.53810978937 0.37189598440 0.58484072809 0.58938667621 0.54511645426 0.51319302051 0.56718645736 0.54983655226 0.49582799346 0.75698489225 0.83424786957 1.76862503677 -194.4123634620 0.00377983031   -2 
 116 0.00000450019 0.00092772776 -59.798044282 0.11750093856 0.00898298349 0.10704540347 0.53073739373 0.53157259739 0.46335875010 0.46776619892 0.49145312726 0.49696863925 0.45562157310 0.58082200602 0.50537809690 0.53703814457 0.56449812604 0.56681852059 0.42388696437 0.56724387735 0.32991581128 0.52779872817 0.53810978937 0.37189598440 0.58484072809 0.58938667621 0.54511645426 0.51319302051 0.56718645736 0.54983655226 0.49582799346 0.75698489225 0.83424786957 1.76862503677 -194.4123634620           NAN   -8 
 117 0.00000450019 0.00092777817 -59.797967362 0.11749995412 0.00898297476 0.10704533573 0.53073299353 0.53158249345 0.46336063661 0.46776598662 0.49145382929 0.49696677069 0.45562313740 0.58082694498 0.50537874613 0.53703757034 0.56449924624 0.56681907691 0.42388859419 0.56724225014 0.32991643929 0.52779850322 0.53811105463 0.37189677508 0.58484150761 0.58938742438 0.54511737835 0.51319397828 0.56718738779 0.54983761135 0.49582949039 0.75698607094 0.83424934821 1.76862768520 -194.4123519030 0.00161506748   -2 
 118 0.00000450019 0.00092777522 -59.800226466 0.11750030889 0.00898282175 0.10704431010 0.53063265166 0.53169586010 0.46337295019 0.46775093253 0.49145325133 0.49692997371 0.45563925645 0.58088984100 0.50538166522 0.53702232912 0.56450903118 0.56682104447 0.42390945859 0.56721272219 0.32992399738 0.52779102838 0.53812581373 0.37190667445 0.58484886741 0.58939444694 0.54512778411 0.51320539474 0.56719792735 0.54985042501 0.49584945759 0.75699853774 0.83426533344 1.76864600889 -194.4123251484 0.00077744486   -2 
 119 0.00000450018 0.00092775766 -59.806429979 0.11750344603 0.00898238332 0.10704138001 0.53069889885 0.53175444919 0.46338797941 0.46772464232 0.49145105248 0.49685648980 0.45567311138 0.58101956017 0.50538751813 0.53698715271 0.56453081203 0.56682503313 0.42396092864 0.56714110980 0.32994343871 0.52777207797 0.53816233466 0.37193234385 0.58486693391 0.58941183566 0.54515412551 0.51323463837 0.56722479303 0.54988340310 0.49590170295 0.75702945392 0.83430614150 1.76868494140 -194.4123091530 0.00062432576   -2 
 120 0.00000450018 0.00092777955 -59.808197101 0.11750319663 0.00898223468 0.10704037343 0.53069828025 0.53173556818 0.46339196336 0.46772875048 0.49145489740 0.49685245887 0.45568081539 0.58104035470 0.50539105314 0.53698315646 0.56453757884 0.56682821717 0.42397483977 0.56712704473 0.32994949599 0.52776897921 0.53817302823 0.37194028001 0.58487314002 0.58941789204 0.54516246905 0.51324378809 0.56723337356 0.54989367649 0.49591751852 0.75703955810 0.83431881840 1.76870097178 -194.4123065717 0.00156705236   -2 
 121 0.00000450018 0.00092776515 -59.812955702 0.11750384133 0.00898185424 0.10703780978 0.53068924573 0.53168257320 0.46339997068 0.46773981228 0.49146407837 0.49684513838 0.45569864709 0.58108702573 0.50539949059 0.53697389035 0.56455372280 0.56683589161 0.42400888073 0.56709301768 0.32996451821 0.52776136640 0.53819924801 0.37196000618 0.58488836668 0.58943277104 0.54518307691 0.51326646428 0.56725460700 0.54991915846 0.49595691669 0.75706446603 0.83434998795 1.76873973841 -194.4123006133 0.00037621561   -2 
 122 0.00000450017 0.00092777417 -59.814791466 0.11750342559 0.00898164041 0.10703635616 0.53068344132 0.53172021345 0.46339232172 0.46774974915 0.49146642875 0.49687212136 0.45569293372 0.58105298760 0.50540163525 0.53698330988 0.56455413023 0.56683906183 0.42401260862 0.56709995831 0.32996895649 0.52776374195 0.53820385201 0.37196603691 0.58489257492 0.58943715075 0.54518875195 0.51327308555 0.56726086697 0.54992668079 0.49596899916 0.75707124688 0.83435756521 1.76874710497 -194.4122980571 0.00098098678   -2 
 123 0.00000450017 0.00092776045 -59.815677716 0.11750360421 0.00898154569 0.10703571611 0.53068112984 0.53173299372 0.46338922076 0.46775350322 0.49146723067 0.49688287606 0.45569052681 0.58103905960 0.50540244684 0.53698710682 0.56455423729 0.56684031273 0.42401420885 0.56710273005 0.32997085936 0.52776467265 0.53820580000  0.3719686328 0.58489433142 0.58943898410 0.54519116696 0.51327592168 0.56726353639 0.54992990883 0.49597422813 0.75707412093 0.83436077893 1.76874997303 -194.4122970985 0.00031417961   -2 
 124 0.00000450017 0.00092775623 -59.820605347 0.11750336151 0.00898097115 0.10703182616 0.53070948349 0.53171738229 0.46339141149 0.46776687948 0.49147392896 0.49692097646 0.45568490842 0.58099508847 0.50540873788 0.53700509077 0.56455808379 0.56684852864 0.42402484117 0.56711596060 0.32998209570 0.52777039644 0.53821812311 0.37198384329 0.58490533136 0.58945036464 0.54520565483 0.51329269819 0.56727944451 0.54994901611 0.49600447546 0.75709177730 0.83437981308 1.76877184879 -194.4122946166 0.00027633713   -2 
 125 0.00000450016 0.00092776590 -59.821020131 0.11750300179 0.00898089898 0.10703133320 0.53069162477 0.53171694538 0.46339648166 0.46776347498 0.49147446927 0.49691127759 0.45568817131 0.58100953614 0.50540950170 0.53700399642 0.56455945672 0.56684923941 0.42402553569 0.56711589541 0.32998277888 0.52777108488 0.53821894730 0.37198474840 0.58490617325 0.58945124473 0.54520657744 0.51329372413 0.56728044879 0.54995017097 0.49600617337 0.75709289484 0.83438108777 1.76877508760 -194.4122938979 0.00052428578   -2 
 126 0.00000450016 0.00092776036 -59.821314680 0.11750303985 0.00898085762 0.10703105323 0.53068462668 0.53171616667 0.46339845188 0.46776181775 0.49147456895 0.49690691199 0.45568953027 0.58101575189 0.50540979084 0.53700349965 0.56456001372 0.56684952954 0.42402589880 0.56711587353 0.32998317451 0.52777138747 0.53821937267 0.37198528536 0.58490659572 0.58945169024 0.54520708711 0.51329431499 0.56728101497 0.54995084036 0.49600721939 0.75709349314 0.83438176036 1.76877637940 -194.4122936147 0.00020430925   -2 
 127 0.00000450016 0.00092776244 -59.825084991 0.11750271035 0.00898030316 0.10702730058 0.53069166943 0.53170603733 0.46340910799 0.46775092155 0.49147534992 0.49687741462 0.45569949553 0.58105907869 0.50541288140 0.53700175628 0.56456508888 0.56685314659 0.42403111772 0.56711762672 0.32998912369 0.52777499820 0.53822545160 0.37199343124 0.58491243069 0.58945788771 0.54521459775 0.51330314839 0.56728946543 0.54996093220 0.49602336069 0.75710259464 0.83439180290 1.76878976588 -194.4122923789 0.00019746465   -2 
 128 0.00000450016 0.00092775358 -59.827056151 0.11750258200 0.00898000489 0.10702527676 0.53069883541 0.53170950195 0.46340805187 0.46775111663 0.49147573968 0.49687390401 0.45570172977 0.58106673510 0.50541397761 0.53700186088 0.56456674940 0.56685457251 0.42403338618 0.56711865502 0.32999191424 0.52777653789 0.53822812269 0.37199729179 0.58491500885 0.58946063320 0.54521805727 0.51330727681 0.56729337567 0.54996565911 0.49603109935 0.75710659326 0.83439622659 1.76879436310 -194.4122920184 0.00060128911   -2 
 129 0.00000450015 0.00092775741 -59.831996975 0.11750166596 0.00897923547 0.10702004976 0.53071760886 0.53172053295 0.46340512265 0.46775320720 0.49147726225 0.49686764132 0.45570719186 0.58108387297 0.50541699510 0.53700264286 0.56457112351 0.56685842161 0.42403924808 0.56712155629 0.32999908008 0.52778060524 0.53823504089 0.37200718976 0.58492171193 0.58946775391 0.54522697683 0.51331788107 0.56730344318 0.54997779208 0.49605089185 0.75711692693 0.83440767343 1.76880658059 -194.4122910436 0.00029012893   -2 
 130 0.00000450013 0.00092775767 -59.838337028 0.11750032259 0.00897823177 0.10701322961 0.53072928797 0.53173396102 0.46340185979 0.46775855811 0.49147996033 0.49686605148 0.45571294580 0.58109842669 0.50542092013 0.53700455976 0.56457649761 0.56686335300 0.42404646499 0.56712554881 0.33000798454 0.52778577888 0.53824360930 0.37201949163 0.58493007693 0.58947662959 0.54523805188 0.51333105088 0.56731596292 0.54999285293 0.49607545819 0.75712973568 0.83442189890 1.76882194766 -194.4122905186 0.00046391279   -2 
 131 0.00000450013 0.00092774740 -59.841573977 0.11749968574 0.00897771163  0.1070096951 0.53072721262 0.53173843584 0.46340116834 0.46776220199 0.49148166121 0.49686846085 0.45571510468 0.58110172365 0.50542286961 0.53700598697 0.56457900181 0.56686576946 0.42404984693 0.56712765805 0.33001223803 0.52778831567 0.53824765957 0.37202537689 0.58493407394 0.58948086488 0.54524332778 0.51333733321 0.56732193701 0.55000004311 0.49608720225 0.75713585053 0.83442862997 1.76882943437 -194.4122900340 0.00067402755   -2 
 132 0.00000450011 0.00092776149 -59.850398350 0.11749677161 0.00897623411 0.10699964160 0.53071296715 0.53174808382 0.46340248460 0.46777452866 0.49148779116 0.49688128626 0.45572031531 0.58110457789 0.50542872883 0.53701128719 0.56458609553 0.56687281534 0.42405900244 0.56713409421 0.33002374457 0.52779553348 0.53825869960 0.37204126862 0.58494507612 0.58949248723 0.54525765238 0.51335432409 0.56733814235 0.55001947356 0.49611879614 0.75715257448 0.83444698097 1.76885096738 -194.4122883060 0.00053516128   -2 
 133 0.00000450010 0.00092775461 -59.854003689 0.11749576661 0.00897562360 0.10699548881 0.53070632426 0.53174907931 0.46340373115 0.46777915460 0.49149014025 0.49688778575 0.45572174254 0.58110307174 0.50543087144 0.53701354693 0.56458859635 0.56687539966 0.42406232970 0.56713658821 0.33002806663 0.52779824456 0.53826274759 0.37204725914 0.58494915070 0.58949680029 0.54526298971 0.51336069219 0.56734420562 0.55002676226 0.49613072876 0.75715879844 0.83445378318 1.76885863323 -194.4122878687 0.00034120308   -2 
 134 0.00000450009 0.00092776375 -59.860779164 0.11749309474 0.00897438236 0.10698703970 0.53070070255 0.53174121138 0.46341047077 0.46778661437 0.49149478592 0.49690563420 0.45572215544 0.58109021940 0.50543448369 0.53701885823 0.56459229716 0.56687965194 0.42406726063 0.56714128036 0.33003498374 0.52780283435 0.53826893281 0.37205690427 0.58495559352 0.58950363734 0.54527140328 0.51337082145 0.56735383861 0.55003838442 0.49614991854 0.75716861198 0.83446435920 1.76886982612 -194.4122870787 0.00050720190   -2 
 135 0.00000450008 0.00092775677 -59.863976790 0.11749201968 0.00897378513 0.10698297547 0.53070018348 0.53173601467 0.46341378722 0.46778911389 0.49149654347 0.49691413670 0.45572170051 0.58108239786 0.50543582085 0.53702126042 0.56459354631 0.56688124848 0.42406908958 0.56714323648 0.33003779317 0.52780467634 0.53827128557 0.37206085799 0.58495810556 0.58950632402 0.54527474625 0.51337490940 0.56735770604 0.55004309240 0.49615782830 0.75717247530 0.83446844985 1.76887371202 -194.4122866991 0.00036636575   -2 
 136 0.00000450007 0.00092776255 -59.870760288 0.11748906970 0.00897241866 0.10697366884 0.53071129989 0.53172406935 0.46342198218 0.46779137319 0.49149945596 0.49693256660 0.45571898694 0.58106069657 0.50543785233 0.53702650013 0.56459493109 0.56688364808 0.42407145919 0.56714691085 0.33004235713 0.52780777961 0.53827459359 0.37206739194 0.58496192051 0.58951045567 0.54527994081 0.51338144268 0.56736384719 0.55005067388 0.49617096952 0.75717838263 0.83447441088 1.76887811172 -194.4122859705 0.00035388991   -2 
 137 0.00000450007 0.00092775554 -59.871594508 0.11748877084 0.00897222459 0.10697234723 0.53071391062 0.53172404091 0.46342235116 0.46779024067 0.49149916768 0.49693360560 0.45571809298 0.58105739241 0.50543762116 0.53702685008 0.56459449098 0.56688339753 0.42407108635 0.56714697135 0.33004228219 0.52780770923 0.53827423409 0.37206735397 0.58496166456 0.58951021460 0.54527970920 0.51338127667 0.56736365146 0.55005051473 0.49617096570 0.75717805623 0.83447390382 1.76887663535 -194.4122857421 0.00041863336   -2 
 138 0.00000450004 0.00092775886 -59.878416251 0.11748428702 0.00897037343 0.10695971939 0.53074593122 0.53173661274 0.46342378439 0.46777451116 0.49149463422 0.49693647133 0.45570833227 0.58102742352 0.50543385457 0.53702909433 0.56458818457 0.56687901910 0.42406452248 0.56714600315 0.33003821390 0.52780508842 0.53826728138 0.37206242830 0.58495587979 0.58950439531 0.54527314406 0.51337464238 0.56735693244 0.55004326922 0.49616186732 0.75716982721 0.83446304947 1.76885640658 -194.4122838003 0.00041616872   -2 
 139 0.00000450000 0.00092774537 -59.889673686  0.1174751924 0.00896698944 0.10693662621 0.53073554020 0.53175770892 0.46342039435 0.46774963720 0.49148548423 0.49692787207 0.45569233945 0.58098948933 0.50542510182 0.53702955022 0.56457470584 0.56686842013 0.42404893884 0.56714119051 0.33002597692 0.52779719379 0.53825003229 0.37204680588 0.58494063956 0.58948880297 0.54525503189 0.51335530073 0.56733775376 0.55002179049 0.49613217471 0.75714762379 0.83443528797 1.76881142858 -194.4122790450 0.00173968991   -2 
 140 0.00000449996 0.00092778136 -59.902619703 0.11746329362 0.00896299820 0.10690937282 0.53072113040 0.53178047570 0.46341670657 0.46772289773 0.49147553321 0.49691719205 0.45567453280 0.58094836421 0.50541510187 0.53702989864 0.56455924043 0.56685614930 0.42403064056 0.56713546991 0.33001131642 0.52778784596 0.53822970181 0.37202801690 0.58492261142 0.58947031990 0.54523346546 0.51333215999 0.56731485182 0.54999605561 0.49609635853 0.75712123164 0.83440239555 1.76875935271 -194.4122741258 0.00072853957   -2 
 141 0.00000449996 0.00092778136 -59.902619703 0.11746329362 0.00896299820 0.10690937282 0.53072113040 0.53178047570 0.46341670657 0.46772289773 0.49147553321 0.49691719205 0.45567453280 0.58094836421 0.50541510187 0.53702989864 0.56455924043 0.56685614930 0.42403064056 0.56713546991 0.33001131642 0.52778784596 0.53822970181 0.37202801690 0.58492261142 0.58947031990 0.54523346546 0.51333215999 0.56731485182 0.54999605561 0.49609635853 0.75712123164 0.83440239555 1.76875935271 -194.4122741258           NAN   -8 
 142 0.00000449996 0.00092776789 -59.902658473 0.11746333656 0.00896297256 0.10690919791 0.53071735874 0.53177014413 0.46341523980 0.46772639755 0.49147552940 0.49691576685 0.45567549857 0.58095315494 0.50541477952 0.53702851765 0.56455917188 0.56685576071 0.42403058921 0.56713464273 0.33001096323 0.52778729221 0.53822945589 0.37202752592 0.58492217942 0.58946985507 0.54523300817 0.51333162774 0.56731430920 0.54999544112 0.49609547250 0.75712058453 0.83440185308 1.76875859426 -194.4122730410 0.00096704857   -2 
 143 0.00000449995 0.00092778415 -59.902444761 0.11746158328 0.00896280662 0.10690804583 0.53069996776 0.53170959551 0.46340780706 0.46775019955 0.49147683002 0.49690775233 0.45568258930 0.58098526167 0.50541350583 0.53702038760 0.56455955532 0.56685399793 0.42403066351 0.56712991821 0.33000887039 0.52778418452 0.53822834739 0.37202454003 0.58491987505 0.58946731204 0.54523041389 0.51332849584 0.56731114984 0.54999177818 0.49608995200 0.75711699402 0.83439907983 1.76875659496 -194.4122681687 0.00023700515   -2 
 144 0.00000449995 0.00092778722 -59.902404465 0.11746125342 0.00896276665 0.10690776926 0.53069785113 0.53170098908 0.46340619108 0.46775431515 0.49147681707 0.49690592473 0.45568388908 0.58099158396 0.50541306881 0.53701848476 0.56455946503 0.56685345776 0.42403059429 0.56712874083 0.33000834570 0.52778338434 0.53822799337 0.37202380612 0.58491924685 0.58946663445 0.54522973613 0.51332770574 0.56731034107 0.54999086329 0.49608861897 0.75711604749 0.83439829571 1.76875570974 -194.4122680613 0.00025725037   -2 
 145 0.00000449995 0.00092777844 -59.902381986 0.11746075752 0.00896260364 0.10690665038 0.53069923215 0.53169811724 0.46340053017 0.46776161108 0.49147479225 0.49689904465 0.45568670221 0.58100883418 0.50541048217 0.53701106093 0.56455797544 0.56685053381 0.42402977146 0.56712370145 0.33000608665 0.52777980357 0.53822602715 0.37202073352 0.58491624405 0.58946346889 0.54522665889 0.51332427228 0.56730677967 0.54998693743 0.49608320598 0.75711169890 0.83439442715 1.76874910534 -194.4122675379 0.00066008029   -2 
 146 0.00000449995 0.00092778604 -59.902241947 0.11745939315 0.00896229484 0.10690452781 0.53070376597 0.53169723187 0.46339098694 0.46777421150 0.49147124293 0.49688678742 0.45569184844 0.58103999853 0.50540581028 0.53699753191 0.56455529847 0.56684521119 0.42402827730 0.56711443960 0.33000188175 0.52777319272 0.53822240907 0.37201500194 0.58491069652 0.58945760980 0.54522094961 0.51331788284 0.56730016037 0.54997962784 0.49607309249 0.75710364762 0.83438724688 1.76873710964 -194.4122666319 0.00023612619   -2 
 147 0.00000449994 0.00092777815 -59.902300300 0.11745866358 0.00896196057 0.10690223852 0.53070322475 0.53171480415 0.46338967585 0.46777247774 0.49146807490 0.49688013848 0.45569336081 0.58105324250 0.50540170525 0.53698760775 0.56455227883 0.56684036449 0.42402648220 0.56710648504 0.32999780511 0.52776707756 0.53821869420 0.37200946233 0.58490530685 0.58945191733 0.54521536870 0.51331167088 0.56729371312 0.54997252439 0.49606333768 0.75709587035 0.83438023300 1.76872491544 -194.4122659960 0.00052792741   -2 
 148 0.00000449994 0.00092778446 -59.902297427 0.11745807129 0.00896177645 0.10690097646 0.53070331586 0.53172422025 0.46338976235 0.46777091450 0.49146665528 0.49687722203 0.45569401771 0.58105909915 0.50539969146 0.53698273502 0.56455077058 0.56683793203 0.42402555473 0.56710243402 0.32999564988 0.52776391102 0.53821676458 0.37200652343 0.58490249985 0.58944894430 0.54521243511 0.51330838734 0.56729031214 0.54996876399 0.49605814671 0.75709179753 0.83437656154 1.76871882221 -194.4122656777 0.00019469911   -2 
 149 0.00000449993 0.00092778054 -59.902908101 0.11745590426 0.00896069024 0.10689355456 0.53069652443 0.53173451480 0.46340499543 0.46774245130 0.49146390260 0.49687890995 0.45568947486 0.58104520013 0.50539298465 0.53697042859 0.56454398399 0.56682867248 0.42402064531 0.56708722829 0.32998527519 0.52775026156 0.53820752835 0.37199229292 0.58488958121 0.58943520156 0.54519846449 0.51329255117 0.56727400340 0.54995064875 0.49603282029 0.75707298731 0.83435971231 1.76869093041 -194.4122645330 0.00059700723   -2 
 150 0.00000449993 0.00092778945 -59.902965157 0.11745541431 0.00896054301 0.10689254658 0.53069645811 0.53173426942 0.46340658303 0.46773942709 0.49146375551 0.49687946616 0.45568881562 0.58104276034 0.50539232272 0.53696933191 0.56454323956 0.56682768221 0.42402005338 0.56708556745 0.32998400269 0.52774867839 0.53820642819 0.37199053643 0.58488804763 0.58943356092 0.54519676987 0.51329061095 0.56727201375 0.54994842332 0.49602967794 0.75707072396 0.83435766778 1.76868793035 -194.4122642046 0.00028338116   -2 
 151 0.00000449991 0.00092779480 -59.904034910 0.11745266797 0.00895941348 0.10688483278 0.53069866121 0.53169118657 0.46340117635 0.46773211399 0.49146308408 0.49688588675 0.45568089932 0.58101209126 0.50538992838 0.53697000425 0.56453882668 0.56682336401 0.42401593094 0.56707929969 0.32997652294 0.52774075475 0.53819983577 0.37198015591 0.58487943306 0.58942429267 0.54518687939 0.51327921533 0.56726037254 0.54993532314 0.49601109645 0.75705791895 0.83434538099 1.76867143379 -194.4122625639 0.00020667387   -2 
 152 0.00000449991 0.00092779745 -59.905076055 0.11745098398 0.00895882715 0.10688083682 0.53068207265 0.53170959454 0.46338469035 0.46774510198 0.49145960128 0.49688255984 0.45567637629 0.58100226465 0.50538956466 0.53697515261 0.56453696640 0.56682326168 0.42401402494 0.56708172539 0.32997545908 0.52774099337 0.53819822348 0.37197872696 0.58487835167 0.58942312508 0.54518540725 0.51327753967 0.56725867135 0.54993343188 0.49600864143 0.75705625208 0.83434270423 1.76866816025 -194.4122615841 0.00018750859   -2 
 153 0.00000449990 0.00092779247 -59.905359404 0.11745083175 0.00895870656 0.10688001727 0.53068344033 0.53171070102 0.46338287834 0.46774681573 0.49145880586 0.49688151216 0.45567560552 0.58100128504 0.50538939014 0.53697598530 0.56453654018 0.56682320962 0.42401363403 0.56708232415 0.32997540805 0.52774120203 0.53819795978 0.37197867869 0.58487826913 0.58942305463 0.54518529518 0.51327744313 0.56725856299 0.54993333949 0.49600861130 0.75705610755 0.83434232547 1.76866725805 -194.4122614783 0.00033368891   -2 
 154 0.00000449989 0.00092779330 -59.907462080 0.11744900226 0.00895776632 0.10687362146 0.53070306850 0.53171630295 0.46337286149 0.46775898037 0.49145339080 0.49687362502 0.45567042286 0.58099607309 0.50538833019 0.53698246444 0.56453364373 0.56682316993 0.42401083721 0.56708744546 0.32997539085 0.52774333063 0.53819628660 0.37197880873 0.58487812487 0.58942302129 0.54518494690 0.51327727351 0.56725832239 0.54993327429 0.49600925499 0.75705577040 0.83434004212 1.76866200591 -194.4122606994 0.00022358431   -2 
 155 0.00000449987 0.00092778166 -59.911511755 0.11744622744 0.00895606676 0.10686206524 0.53071154003 0.53171009034 0.46337346160 0.46776805038 0.49144850159 0.49686409547 0.45566494786 0.58099425839 0.50538711608 0.53699118333 0.56453000801 0.56682350412 0.42400679884 0.56709581738 0.32997609645 0.52774747788 0.53819423012 0.37198003937 0.58487871295 0.58942382747 0.54518528718 0.51327807175 0.56725903448 0.54993438225 0.49601211736 0.75705653617 0.83433738210 1.76865379982 -194.4122597553 0.00089538179   -2 
 156 0.00000449987 0.00092778166 -59.911511755 0.11744622744 0.00895606676 0.10686206524 0.53071154003 0.53171009034 0.46337346160 0.46776805038 0.49144850159 0.49686409547 0.45566494786 0.58099425839 0.50538711608 0.53699118333 0.56453000801 0.56682350412 0.42400679884 0.56709581738 0.32997609645 0.52774747788 0.53819423012 0.37198003937 0.58487871295 0.58942382747 0.54518528718 0.51327807175 0.56725903448 0.54993438225 0.49601211736 0.75705653617 0.83433738210 1.76865379982 -194.4122597553           NAN   -8 
 157 0.00000449987 0.00092779350 -59.911487667 0.11744599610 0.00895605763 0.10686200085 0.53071048359 0.53171031644 0.46337439240 0.46776751499 0.49144897573 0.49686460507 0.45566528144 0.58099472348 0.50538725935 0.53699108057 0.56453020654 0.56682361125 0.42400690576 0.56709580781 0.32997614943 0.52774753190 0.53819433369 0.37198010269 0.58487880331 0.58942391588 0.54518537170 0.51327815372 0.56725912268 0.54993447006 0.49601221331 0.75705665028 0.83433752850 1.76865426701 -194.4122591443 0.00030087166   -2 
 158 0.00000449987 0.00092779655 -59.911937143 0.11744601306 0.00895590797 0.10686097841 0.53068530287 0.53170719571 0.46338487358 0.46775635422 0.49145359128 0.49687015410 0.45566875528 0.58099953409 0.50538783501 0.53698780428 0.56453162114 0.56682373127 0.42400774995 0.56709431843 0.32997653557  0.5277473469 0.53819496051 0.37198062524 0.58487915685 0.58942428679 0.54518586423 0.51327872585 0.56725969239 0.54993511125 0.49601313966 0.75705720848 0.83433880100 1.76865716707 -194.4122581721 0.00015607412   -2 
 159 0.00000449987 0.00092780280 -59.912372125 0.11744610357 0.00895574946 0.10685989874 0.53068793110 0.53170468868 0.46338941918 0.46774846902 0.49145608933 0.49687369121 0.45567110411 0.58100267901 0.50538788719 0.53698457350 0.56453240353 0.56682342335 0.42400831864 0.56709262552 0.32997679416 0.52774690178 0.53819528469 0.37198101868 0.58487922722 0.58942437528 0.54518612082 0.51327909160 0.56726002423 0.54993554700 0.49601390842 0.75705734917 0.83433941829 1.76865819676 -194.4122579395 0.00045482812   -2 
 160 0.00000449987 0.00092779788 -59.913292862 0.11744659628 0.00895543884 0.10685778695 0.53069307738 0.53169970311 0.46339712836 0.46773371438 0.49146042898 0.49688005222 0.45567535991 0.58100834002 0.50538781937 0.53697827069 0.56453371998 0.56682267993 0.42400932827 0.56708925318 0.32997725028 0.52774594537 0.53819580690 0.37198173373 0.58487925964 0.58942444715 0.54518653651 0.51327972953 0.56726058765 0.54993631576 0.49601533635 0.75705748717 0.83434045956 1.76865976831 -194.4122575249 0.00012907199   -2 
 161 0.00000449985 0.00092780102 -59.917249438 0.11744601984 0.00895387868 0.10684716216 0.53070818425 0.53171980177 0.46338801792 0.46772800503 0.49146531641 0.49689120768 0.45568597820 0.58102090247 0.50538826057 0.53696086669 0.56453833660 0.56682098733 0.42401343358 0.56707830684 0.32997935694 0.52774288994 0.53819825064 0.37198496469 0.58487994476 0.58942526888 0.54518863432 0.51328272882 0.56726325779 0.54993979247 0.49602178851 0.75705881242 0.83434293593 1.76866814798 -194.4122564137 0.00044821774   -2 
 162 0.00000449984 0.00092779457 -59.918992254 0.11744583545 0.00895319794 0.10684252663 0.53071240617 0.53172699918 0.46338424223 0.46772644070 0.49146710018 0.49689547961 0.45569020048 0.58102583314 0.50538845680 0.53695385158 0.56454023011 0.56682031321 0.42401515541 0.56707380171 0.32998025378 0.52774162513 0.53819928330 0.37198634053 0.58488024450 0.58942562327 0.54518952789 0.51328400684 0.56726439407 0.54994127216 0.49602453748 0.75705938495 0.83434398672 1.76867161117 -194.4122561549 0.00032502069   -2 
 163 0.00000449984 0.00092779457 -59.918992254 0.11744583545 0.00895319794 0.10684252663 0.53071240617 0.53172699918 0.46338424223 0.46772644070 0.49146710018 0.49689547961 0.45569020048 0.58102583314 0.50538845680 0.53695385158 0.56454023011 0.56682031321 0.42401515541 0.56707380171 0.32998025378 0.52774162513 0.53819928330 0.37198634053 0.58488024450 0.58942562327 0.54518952789 0.51328400684 0.56726439407 0.54994127216 0.49602453748 0.75705938495 0.83434398672 1.76867161117 -194.4122561549           NAN   -8 
 164 0.00000449984 0.00092779457 -59.918992254 0.11744583545 0.00895319794 0.10684252663 0.53071240617 0.53172699918 0.46338424223 0.46772644070 0.49146710018 0.49689547961 0.45569020048 0.58102583314 0.50538845680 0.53695385158 0.56454023011 0.56682031321 0.42401515541 0.56707380171 0.32998025378 0.52774162513 0.53819928330 0.37198634053 0.58488024450 0.58942562327 0.54518952789 0.51328400684 0.56726439407 0.54994127216 0.49602453748 0.75705938495 0.83434398672 1.76867161117 -194.4122561549           NAN   -8 
 165 0.00000449984 0.00092779457 -59.918992254 0.11744583545 0.00895319794 0.10684252663 0.53071240617 0.53172699918 0.46338424223 0.46772644070 0.49146710018 0.49689547961 0.45569020048 0.58102583314 0.50538845680 0.53695385158 0.56454023011 0.56682031321 0.42401515541 0.56707380171 0.32998025378 0.52774162513 0.53819928330 0.37198634053 0.58488024450 0.58942562327 0.54518952789 0.51328400684 0.56726439407 0.54994127216 0.49602453748 0.75705938495 0.83434398672 1.76867161117 -194.4122561549 0.00032502069   -8 
-- Local optimization: reached maximum number of likelihood evaluations allowed.
-- Found new optimum with likelihood -194.412256154995532 and gradient 0.00033

---- Best joint likelihood found -194.412256154995532 with gradient 0.00033

---- Results for /scratch/40841700/tmpnjj2r8jj 
--  Model: C
--        eps_an     theta_bar             a 
-- 0.00000449984 0.00092779457            -1 
--           S_d             b           p_b           S_b 
-- -59.918992254 0.11744583545 0.00895319794 0.10684252663 
--           r 2           r 3           r 4           r 5           r 6           r 7           r 8           r 9          r 10          r 11          r 12          r 13          r 14          r 15          r 16          r 17          r 18          r 19          r 20          r 21          r 22          r 23          r 24          r 25          r 26          r 27          r 28          r 29 
-- 0.53071240617 0.53172699918 0.46338424223 0.46772644070 0.49146710018 0.49689547961 0.45569020048 0.58102583314 0.50538845680 0.53695385158 0.56454023011 0.56682031321 0.42401515541 0.56707380171 0.32998025378 0.52774162513 0.53819928330 0.37198634053 0.58488024450 0.58942562327 0.54518952789 0.51328400684 0.56726439407 0.54994127216 0.49602453748 0.75705938495 0.83434398672 1.76867161117 

---- Expected P_neut(i), 0 < i < n (neutral SFS per site) 
E[P_neut(1)] = 0.0009277907
E[P_neut(2)] = 0.0002461951
E[P_neut(3)] = 0.0001644439
E[P_neut(4)] = 0.0001074809
E[P_neut(5)] = 0.0000867905
E[P_neut(6)] = 0.0000759965
E[P_neut(7)] = 0.0000658594
E[P_neut(8)] = 0.0000528482
E[P_neut(9)] = 0.0000598968
E[P_neut(10)] = 0.0000468896
E[P_neut(11)] = 0.0000452892
E[P_neut(12)] = 0.0000436480
E[P_neut(13)] = 0.0000404532
E[P_neut(14)] = 0.0000280999
E[P_neut(15)] = 0.0000350752
E[P_neut(16)] = 0.0000191347
E[P_neut(17)] = 0.0000288022
E[P_neut(18)] = 0.0000277411
E[P_neut(19)] = 0.0000181647
E[P_neut(20)] = 0.0000271325
E[P_neut(21)] = 0.0000260414
E[P_neut(22)] = 0.0000229921
E[P_neut(23)] = 0.0000207055
E[P_neut(24)] = 0.0000219296
E[P_neut(25)] = 0.0000204096
E[P_neut(26)] = 0.0000177007
E[P_neut(27)] = 0.0000260153
E[P_neut(28)] = 0.0000276474
E[P_neut(29)] = 0.0000565889

---- Expected P_sel(i), 0 < i < n (selected SFS per site) 
E[P_sel(1)] = 0.0007089041
E[P_sel(2)] = 0.0001708942
E[P_sel(3)] = 0.0001084343
E[P_sel(4)] = 0.0000685060
E[P_sel(5)] = 0.0000539466
E[P_sel(6)] = 0.0000463104
E[P_sel(7)] = 0.0000394832
E[P_sel(8)] = 0.0000312470
E[P_sel(9)] = 0.0000349913
E[P_sel(10)] = 0.0000271034
E[P_sel(11)] = 0.0000259310
E[P_sel(12)] = 0.0000247776
E[P_sel(13)] = 0.0000227847
E[P_sel(14)] = 0.0000157131
E[P_sel(15)] = 0.0000194830
E[P_sel(16)] = 0.0000105628
E[P_sel(17)] = 0.0000158073
E[P_sel(18)] = 0.0000151421
E[P_sel(19)] = 0.0000098640
E[P_sel(20)] = 0.0000146622
E[P_sel(21)] = 0.0000140077
E[P_sel(22)] = 0.0000123132
E[P_sel(23)] = 0.0000110422
E[P_sel(24)] = 0.0000116482
E[P_sel(25)] = 0.0000107993
E[P_sel(26)] = 0.0000093315
E[P_sel(27)] = 0.0000136663
E[P_sel(28)] = 0.0000144743
E[P_sel(29)] = 0.0000295295

---- alpha_dfe = 0.018221

