---- Running command
---- ./polyDFE -d /scratch/40840274/tmpecfjsie6 -m C -i /scratch/40840274/tmpqz5zq223 1 -v 1 
---- Performing inference using model C

---- Performing inference on /scratch/40840274/tmpecfjsie6
----      with -i /scratch/40840274/tmpqz5zq223 1
---- Data /scratch/40840274/tmpecfjsie6 does not contain divergence counts. Using option -w.
---- No mutation variability. Using Poisson likelihood.


---- Using provided initial values

-- Starting local optimization
-- Optimizing all parameters
  it        eps_an     theta_bar           S_d             b           p_b           S_b           r 2           r 3           r 4           r 5           r 6           r 7           r 8           r 9           ln lk          grad status 
   0 0.00000449946   0.000731729 -15.495060000     0.1773756  0.0009289272   0.007920217      0.756295     0.8118638     0.8203224     0.7703739     0.7596918     0.7652355     0.8437457      1.011566 -66.50722345384 0.77535515994   -2 
   1 0.00000449945 0.00074523420 -15.460031676 0.17697269577 0.00092893215 0.00792021701 0.75479670175 0.81381058962 0.82407463337 0.76902095004 0.76052890181 0.76405799023 0.84155907314 1.01030332208 -65.75469800847 0.33828458789   -2 
   2 0.00000449945 0.00074016478 -15.405230730 0.17794196139 0.00092892475 0.00792021578 0.72654983342 0.81728927941 0.84663887853 0.75115535016 0.76257680053 0.74949910161 0.81821045059 0.99379952957 -64.62495888163 0.53737332084   -2 
   3 0.00000449944 0.00075143433 -15.338521518 0.17799819614 0.00092892641 0.00792021519 0.71504881567 0.81968928954 0.85976032517 0.74129083939 0.76407029162 0.74104790027 0.80452740497 0.98418965376 -64.09767668881 0.18028528363   -2 
   4 0.00000449943 0.00075312776 -15.156928177 0.17894288318 0.00092892370 0.00792021312 0.72178717154 0.80772265999 0.86567854109 0.71582157285 0.76228689490 0.71534381536 0.76463422021 0.95380359917 -63.50726813539 0.14129265139   -2 
   5 0.00000449942 0.00075629937 -15.124097188 0.17876770300 0.00092892652 0.00792021309 0.72290395047 0.80674437446 0.86369915266 0.71465017136 0.76173274664 0.71332824004 0.76146360982 0.95128831918 -63.46708655459 0.12349896491   -2 
   6 0.00000449942 0.00075641893 -14.947253460 0.17771259097 0.00092894312 0.00792021287 0.72525137748 0.79993996545 0.84145798727 0.71278146371 0.75606657490 0.70417615801 0.74730668729 0.93915401561 -63.30222314805 0.07385402611   -2 
   7 0.00000449942 0.00075901897 -14.876909425 0.17688493820 0.00092895371 0.00792021301 0.72154928816 0.79934545683 0.83657818039 0.71403689972 0.75378026416 0.70307085037 0.74568564639 0.93725093200 -63.26827536022 0.12174529769   -2 
   8 0.00000449942 0.00075768275 -14.795951842 0.17592359272 0.00092896611 0.00792021320 0.71583451520 0.79830357642 0.83100642408 0.71559058256 0.75060252337 0.70192244678 0.74417614995 0.93509507780 -63.23046580605 0.03208461173   -2 
   9 0.00000449942 0.00075748398 -14.693920183 0.17439475027 0.00092898503 0.00792021407 0.71394566400 0.79669416357 0.83330040795 0.71619957612 0.74639717745 0.70246787695 0.74619959725 0.93468189303 -63.21136073438 0.05951309520   -2 
  10 0.00000449942 0.00075610664 -14.665548048 0.17398607008 0.00092899020 0.00792021435 0.71360154853 0.79614126164 0.83397017188 0.71619962220 0.74513626209 0.70260609863 0.74683221591 0.93452817984 -63.20599215922 0.02232225376   -2 
  11 0.00000449942 0.00075533313 -14.623347152 0.17346555411 0.00092899721 0.00792021460 0.71607894551 0.79611863211 0.83500546476 0.71533344041 0.74400263352 0.70281886266 0.74797156136 0.93441525584 -63.20063577838 0.01130943950   -2 
  12 0.00000449942 0.00075504524 -14.620991952 0.17346181999 0.00092899741 0.00792021464 0.71617924989 0.79623754615 0.83499605984 0.71521047488 0.74405974965 0.70282686065 0.74804902660 0.93441896857 -63.20038233822 0.00979643000   -2 
  13 0.00000449942 0.00075486145 -14.603928425 0.17346973972 0.00092899855 0.00792021506 0.71676909584 0.79751912002 0.83487679495 0.71440916555 0.74493802825 0.70293050396 0.74858300631 0.93457953117 -63.19936069718 0.00541711025   -2 
  14 0.00000449942 0.00075472076 -14.601053324 0.17352112368 0.00092899831 0.00792021509 0.71654738965 0.79743886474 0.83491283830 0.71444198901 0.74516261057 0.70297270236 0.74865482419 0.93466067817 -63.19918453794 0.01014746123   -2 
  15 0.00000449942 0.00075497824 -14.590238317 0.17367007519 0.00092899781 0.00792021512 0.71597442642 0.79722758614 0.83508132814 0.71459814107 0.74589658375 0.70313010035 0.74889934058 0.93494975486 -63.19871418679 0.00458141032   -2 
  16 0.00000449943 0.00075512477 -14.550445473 0.17423493774 0.00092899586 0.00792021572 0.71617550153 0.79680423931 0.83527903066 0.71502535793 0.74751587856 0.70353833922 0.74951257111 0.93573081245 -63.19803033942 0.00911755790   -2 
  17 0.00000449943 0.00075491275 -14.540605255 0.17437220570 0.00092899540 0.00792021585 0.71628516102 0.79682080255 0.83531046385 0.71510343884 0.74775270790 0.70362187830 0.74963207323 0.93588663963 -63.19783685029 0.00927063571   -2 
  18 0.00000449943 0.00075475162 -14.456055160 0.17533768741 0.00092899326 0.00792021709 0.71777088747 0.79804072903 0.83573967648 0.71569913033 0.74869161628 0.70427994776 0.75047415478 0.93701480427 -63.19646283354 0.00865069322   -2 
  19 0.00000449944 0.00075422093 -14.381978392 0.17600044943 0.00092899291 0.00792021789 0.71768525581 0.79915119522 0.83645979660 0.71620930137 0.74863528418 0.70485137646 0.75107890491 0.93783551330 -63.19542239467 0.02225009079   -2 
  20 0.00000449944 0.00075436689 -14.287672142 0.17677331626 0.00092899309 0.00792021893 0.71756120608 0.80047605539 0.83743612554 0.71687629069 0.74851383008 0.70558712343 0.75183867568 0.93886596883 -63.19415421350 0.00955002551   -2 
  21 0.00000449946 0.00075361456 -13.923634148 0.17915254809 0.00092899910 0.00792022228 0.71690836651 0.79966294802 0.84000341037 0.71888860631 0.74767103419 0.70805279026 0.75418005233 0.94199551519 -63.19043194703 0.01681423184   -2 
  22 0.00000449946 0.00075394741 -13.974202069 0.17878257444 0.00092899852 0.00792022177 0.71719495375 0.79977914929 0.83944323332 0.71851805221 0.74790356804 0.70763431645 0.75379009835 0.94146861954 -63.18990631547 0.01295125313   -2 
  23 0.00000449946 0.00075373318 -14.013426229 0.17846259290 0.00092899836 0.00792022133 0.71763968623 0.79974001437 0.83854772114 0.71801394448 0.74827662753 0.70713929219 0.75333829632 0.94084807689 -63.18919886410 0.01039651874   -2 
  24 0.00000449946 0.00075392366 -14.024468957 0.17832686788 0.00092899869 0.00792022125 0.71784341420 0.79969139938 0.83814654069 0.71778977358 0.74848222039 0.70692385342 0.75314225866 0.94057564941 -63.18894908020 0.00704174044   -2 
  25 0.00000449946 0.00075378135 -14.032324740 0.17814215510 0.00092899966 0.00792022119 0.71791919965 0.79943817009 0.83748260202 0.71739054193 0.74882175748 0.70654880294 0.75279544074 0.94009255976 -63.18864547789 0.00776708768   -2 
  26 0.00000449946 0.00075395034 -14.033513412 0.17802092785 0.00092900058 0.00792022131 0.71787478618 0.79927560942 0.83715556400 0.71716117901 0.74901338865 0.70632046558 0.75257935255 0.93979362162 -63.18847330755 0.00675997553   -2 
  27 0.00000449946 0.00075384320 -14.031066058 0.17782875515 0.00092900239 0.00792022165 0.71751005652 0.79892372178 0.83673158180 0.71677600356 0.74922213818 0.70591408877 0.75218085514 0.93924914492 -63.18821106576 0.00616086521   -2 
  28 0.00000449946 0.00075397199 -14.027745585 0.17773711107 0.00092900342 0.00792022180 0.71731675420 0.79878503931 0.83663875518 0.71662700943 0.74924147655 0.70573528475 0.75199677542 0.93900181613 -63.18810825693 0.00509441331   -2 
  29 0.00000449946 0.00075387227 -14.020101025  0.1776199661 0.00092900500 0.00792022192 0.71697207386 0.79857540219 0.83663520871 0.71643628211 0.74907559314 0.70547122617 0.75170689846 0.93862208156 -63.18796702339 0.00490201506   -2 
  30 0.00000449946 0.00075396462 -14.013877206 0.17755798899 0.00092900600 0.00792022202 0.71686302424 0.79849587244 0.83669892106 0.71636105022 0.74887922970 0.70533675982 0.75154688788 0.93842000269 -63.18788627785 0.00515551331   -2 
  31 0.00000449946 0.00075381660 -14.001257974 0.17747666245 0.00092900768 0.00792022227 0.71676316742 0.79836524827 0.83682470390 0.71625138438 0.74837921141 0.70511057656 0.75126112878 0.93806878951 -63.18774947286 0.00412994955   -2 
  32 0.00000449946 0.00075387484 -13.994666460 0.17745550818  0.0009290084 0.00792022237 0.71682955416 0.79835523465 0.83686053316 0.71623523229 0.74812820522 0.70504334930 0.75116252596 0.93795551802 -63.18769102903 0.00439563045   -2 
  33 0.00000449946 0.00075374283 -13.984415930 0.17745442316 0.00092900927 0.00792022258 0.71697137496 0.79835672851 0.83685127040 0.71623035233 0.74773633687 0.70497316492 0.75104234692 0.93782695937 -63.18761031771 0.00306140161   -2 
  34 0.00000449946 0.00075379425 -13.976101139 0.17747939034 0.00092900982 0.00792022286 0.71708158094 0.79841048047 0.83679872002 0.71626671928 0.74752272756 0.70498040815 0.75101577616 0.93781476484 -63.18756014232 0.00465540073   -2 
  35 0.00000449946 0.00075363658 -13.956367262 0.17757605696 0.00092901086 0.00792022346 0.71723775786 0.79852744178 0.83662342191 0.71636520515 0.74710236908 0.70503776613 0.75099986422 0.93784720648 -63.18745245131 0.00486862790   -2 
  36 0.00000449946 0.00075378160 -13.947828582 0.17763255354 0.00092901121 0.00792022367 0.71718134930 0.79857144051 0.83660135017 0.71642291204 0.74710638278 0.70510823973 0.75105694222 0.93793692383 -63.18733571904 0.00750228564   -2 
  37 0.00000449947 0.00075398283 -13.883070658 0.17814027064 0.00092901340 0.00792022519 0.71646010800 0.79875956808 0.83643878874 0.71682631908 0.74737101977 0.70567862564 0.75155566635 0.93868967966 -63.18673354503 0.01765459579   -2 
  38 0.00000449947 0.00075370012 -13.850350086 0.17842085475 0.00092901435 0.00792022593 0.71613216384 0.79879040149 0.83636330538 0.71699873855 0.74753320746 0.70595296508 0.75180444775 0.93905929028 -63.18625438327 0.00827325964   -2 
  39 0.00000449949 0.00075312543 -13.669319365 0.18000666561 0.00092901954 0.00792023017 0.71788083063 0.79834112337 0.83718384598 0.71738508021 0.74930260706 0.70708488963 0.75311307728 0.94080199311 -63.18367303658 0.01400676513   -2 
  40 0.00000449949 0.00075321718 -13.617987326 0.18044303313 0.00092902116 0.00792023136 0.71830960612 0.79835334331 0.83748878338 0.71751610699 0.74980571612 0.70739414635 0.75348263997 0.94128507417 -63.18334376325 0.01010094927   -2 
  41 0.00000449952 0.00075267695 -13.354492081 0.18261479795 0.00092903057 0.00792023793 0.71788166217 0.80076690364 0.83992575425 0.71846017463 0.75206536089 0.70861317456 0.75519660144 0.94334562358 -63.18059060790 0.01097096912   -2 
  42 0.00000449952 0.00075243788 -13.336909578 0.18276103703 0.00092903122 0.00792023837 0.71786004330 0.80086434682 0.84001566068 0.71854615803 0.75214923169 0.70867902202 0.75529330298 0.94345786171 -63.18041505704 0.00651501818   -2 
  43 0.00000449953 0.00075204504 -13.182755309 0.18373261589 0.00092903929 0.00792024110 0.71873877762 0.80068361346 0.83953709417 0.71998152424 0.75157469496 0.70905665933 0.75584644686 0.94402851320 -63.17894650530 0.00550356311   -2 
  44 0.00000449954 0.00075198834 -13.141346251 0.18398740194 0.00092904155 0.00792024184 0.71888485396 0.80064823893 0.83943740522 0.72033206453 0.75142481804 0.70915664985 0.75598613257 0.94417588288 -63.17887277012 0.00654724437   -2 
  45 0.00000449955 0.00075171884 -13.017593288 0.18468674307 0.00092904915 0.00792024446 0.71801514869 0.80071438718 0.83956088788 0.72078518547 0.75111610082 0.70941868214 0.75627023117 0.94452093449 -63.17810870443 0.00761963175   -2 
  46 0.00000449955 0.00075179567 -12.986456887 0.18485682312 0.00092905115 0.00792024512 0.71783939123 0.80074620754 0.83963086701 0.72082964892 0.75108070150 0.70948112395 0.75633095961 0.94460273968 -63.17800742285 0.00509928188   -2 
  47 0.00000449957 0.00075147091 -12.857976563 0.18559690582 0.00092905978 0.00792024860 0.71770485221 0.80077970039 0.84021285986 0.71987634875 0.75148084067 0.70960163116 0.75634924786 0.94477058555 -63.17741362500 0.00426516732   -2 
  48 0.00000449957 0.00075153710 -12.849904167 0.18564742541 0.00092906036 0.00792024883 0.71780598575 0.80078709052 0.84022334701 0.71981403382 0.75155628916 0.70960708700 0.75634662675 0.94478284446 -63.17736704798 0.00443606056   -2 
  49 0.00000449957 0.00075141297 -12.833498418 0.18577744264 0.00092906149 0.00792024934 0.71813346077 0.80077717381 0.84016622851 0.71967605347 0.75179093564 0.70960520597 0.75632581621 0.94480040991 -63.17726883968 0.00149550551   -2 
  50 0.00000449957 0.00075145562 -12.827416499 0.18589481062 0.00092906230 0.00792025033 0.71820020157 0.80093236589 0.84005242318 0.71988336199 0.75221362451 0.70964702575 0.75636343764 0.94491055331 -63.17721029050 0.00348974241   -2 
  51 0.00000449957 0.00075139781 -12.825824565 0.18593386852 0.00092906253 0.00792025062 0.71820197074 0.80096999587 0.84002657348 0.71994907484 0.75233515263 0.70966171942 0.75637763971 0.94494650446 -63.17719227726 0.00115978782   -2 
  52 0.00000449957 0.00075142863 -12.823907840 0.18601513966 0.00092906323 0.00792025124 0.71811500029 0.80099165520 0.84024410000 0.72013223433 0.75245956136 0.70975997389 0.75648616712 0.94509244263 -63.17716389316 0.00124011786   -2 
  53 0.00000449957 0.00075140190 -12.823773728 0.18602548137 0.00092906334 0.00792025133 0.71812085551 0.80099000372 0.84026744588 0.72014482536 0.75245848371 0.70977369313 0.75650208853 0.94511082201 -63.17716058832 0.00114677444   -2 
  54 0.00000449958 0.00075139834 -12.822916625 0.18607457139 0.00092906407 0.00792025168 0.71825119467 0.80099658994 0.84039411581 0.72018551471 0.75240198623 0.70986333233 0.75660733494 0.94522729486 -63.17714583486 0.00045388089   -2 
  55 0.00000449958 0.00075141220 -12.822704188 0.18607278732 0.00092906429 0.00792025190 0.71822590183 0.80103037968 0.84036187645 0.72017086757 0.75239512925 0.70987056219 0.75661687994 0.94523591276 -63.17714399817 0.00073077689   -2 
  56 0.00000449958 0.00075140183 -12.822586568 0.18607281300 0.00092906444 0.00792025207 0.71821165332 0.80104657475 0.84034240191 0.72016113751 0.75238933154 0.70987525284 0.75662327076 0.94524165569 -63.17714308739 0.00022381344   -2 
  57 0.00000449958 0.00075140456 -12.821938526 0.18607676144 0.00092906510 0.00792025241 0.71823580443 0.80104348803 0.84032036177 0.72013813032 0.75236544415 0.70989648744 0.75665228207 0.94526493597 -63.17714194885 0.00036459227   -2 
  58 0.00000449958 0.00075139778 -12.821758949 0.18607826432 0.00092906531 0.00792025249 0.71823902628 0.80104150654 0.84031638729 0.72013287223 0.75235951662 0.70990175820 0.75665961110 0.94527109709 -63.17714173449 0.00019989501   -2 
  59 0.00000449958 0.00075140634 -12.820758298 0.18608514456 0.00092906639 0.00792025198 0.71821752495 0.80103513807 0.84034237618 0.72013553306 0.75235309683 0.70991782124 0.75668281185 0.94529042211 -63.17714085434 0.00051947741   -2 
  60 0.00000449958 0.00075139687 -12.820331005 0.18608882593 0.00092906688 0.00792025180 0.71820879495 0.80103190577 0.84035193776 0.72013703223 0.75235098607 0.70992348191 0.75669132275 0.94529791479 -63.17714039838 0.00023216398   -2 
  61 0.00000449961 0.00075133419 -12.806498926 0.18620666503 0.00092908277 0.00792024884 0.71828996585 0.80105627736 0.84051131994 0.72025129811 0.75240119362 0.71001044878 0.75683286689 0.94547375410 -63.17713285397 0.00081004271   -2 
  62 0.00000449961 0.00075134849 -12.805535815 0.18621431164 0.00092908385 0.00792024862 0.71829232800 0.80106671515 0.84051204967 0.72025729502 0.75240896172 0.71001575557 0.75683924962 0.94548251466 -63.17713155381 0.00070985969   -2 
  63 0.00000449962 0.00075134797 -12.799109620 0.18627246437 0.00092909127 0.00792024764 0.71825922447 0.80116854954 0.84043574930 0.72027575414 0.75248167351 0.71004167429 0.75685535068 0.94552294339 -63.17712436955 0.00091457151   -2 
  64 0.00000449962 0.00075133276 -12.798616526 0.18627768116 0.00092909187 0.00792024758 0.71825678801 0.80116960718 0.84042930484 0.72027505952 0.75248680042 0.71004264427 0.75685448626 0.94552356573 -63.17712331020 0.00039761534   -2 
  65 0.00000449963 0.00075133591 -12.796735194 0.18629388663 0.00092909410 0.00792024797 0.71828798536 0.80109903605 0.84043039722 0.72025580903 0.75250280601 0.71003921686 0.75683061370 0.94550199246 -63.17712037351 0.00029451513   -2 
  66 0.00000449963 0.00075134362 -12.796490504 0.18629512778 0.00092909438 0.00792024809 0.71828534169 0.80109664835 0.84043294812 0.72025374693 0.75250312007 0.71003843762 0.75682718141 0.94549868515 -63.17712013722 0.00035297323   -2 
  67 0.00000449963 0.00075134453 -12.794820986 0.18630429298 0.00092909638 0.00792024894 0.71823837055 0.80109356052 0.84045071239 0.72023709268 0.75249668248 0.71002940864 0.75679955150 0.94547127008 -63.17711877771 0.00021386466   -2 
  68 0.00000449963 0.00075134473 -12.795054157 0.18630281626 0.00092909611 0.00792024883 0.71824852603 0.80109529888 0.84044640553 0.72024000827 0.75249686148 0.71003058329 0.75680404132 0.94547556722 -63.17711870340 0.00015382223   -2 
  69 0.00000449963 0.00075133764 -12.794790975 0.18630378149 0.00092909642 0.00792024892 0.71825104084 0.80109949293 0.84044247758 0.72023927106 0.75249255869 0.71002852357 0.75680153297 0.94547183643 -63.17711853175 0.00034650678   -2 
  70 0.00000449963 0.00075133611 -12.793623810 0.18630663468 0.00092909781 0.00792024943 0.71826867074 0.80112055731 0.84042642913 0.72023861132 0.75247497400 0.71002082043 0.75679316681 0.94545857765 -63.17711786471 0.00013984314   -2 
  71 0.00000449963 0.00075133108 -12.792335548 0.18631030507 0.00092909979 0.00792025090 0.71824453841 0.80109535479 0.84043573039 0.72024806616 0.75247510176 0.71002207016 0.75680080959 0.94546107117 -63.17711722125 0.00030782025   -2 
  72 0.00000449964 0.00075133605 -12.792168550 0.18631071491 0.00092910005 0.00792025108 0.71824421527 0.80109381903 0.84043673623 0.72024897041 0.75247558665 0.71002243950 0.75680190297 0.94546184294 -63.17711709000 0.00014063333   -2 
  73 0.00000449964 0.00075132896 -12.790918460 0.18631904406 0.00092910234 0.00792025290 0.71827565757 0.80110150178 0.84042931419 0.72024290871 0.75248208244 0.71002463924 0.75680819877 0.94547069178 -63.17711648094 0.00020196459   -2 
  74 0.00000449964 0.00075132390 -12.790774649 0.18632046055 0.00092910263 0.00792025314 0.71827316691 0.80110331233 0.84042980392 0.72024279918 0.75248314268 0.71002526561 0.75680895363 0.94547119522 -63.17711636942 0.00024580435   -2 
  75 0.00000449964 0.00075132618 -12.789788000 0.18632911878 0.00092910457 0.00792025463 0.71824683176 0.80112070995 0.84044071078 0.72024625740 0.75249253778 0.71003180331 0.75681526113 0.94547726398 -63.17711572200 0.00016248213   -2 
  76 0.00000449964 0.00075133042 -12.789505538 0.18633164889 0.00092910514 0.00792025501 0.71824563426 0.80112199564 0.84044347971 0.72024790173 0.75249476243 0.71003375849 0.75681691380 0.94547827482 -63.17711562521 0.00025534885   -2 
  77 0.00000449968 0.00075132290 -12.778570971 0.18644134940 0.00092912790 0.00792026983 0.71826353640 0.80110019525 0.84052748053 0.72031131514 0.75256710650 0.71010586802 0.75687529410 0.94552349412 -63.17711272650 0.00061237114   -2 
  78 0.00000449968 0.00075131087 -12.778159117 0.18644549172 0.00092912878 0.00792027038 0.71826441322 0.80110289290 0.84052602588 0.72031232443 0.75256825807 0.71010763044 0.75687737330 0.94552609821 -63.17711218324 0.00036391162   -2 
  79 0.00000449969 0.00075129695 -12.776121423 0.18645776031 0.00092913284 0.00792027278 0.71828818211 0.80116331446 0.84048799378 0.72031011639 0.75256413951 0.71011036211 0.75688972475 0.94556015355 -63.17711021734 0.00030179262   -2 
  80 0.00000449969 0.00075130193 -12.776071338 0.18645747093 0.00092913292 0.00792027282 0.71828791174 0.80116304827 0.84048889729 0.72031032349 0.75256414624 0.71011037689 0.75689029507 0.94556191321 -63.17711009417 0.00015357502   -2 
  81 0.00000449969 0.00075129837 -12.775658649 0.18645464245 0.00092913364 0.00792027322 0.71827113037 0.80114414171 0.84050024809 0.72031002547 0.75256132822 0.71010799437 0.75689486773 0.94557989401 -63.17710969635 0.00012926278   -2 
  82 0.00000449969 0.00075130052 -12.775587838 0.18645420085 0.00092913377 0.00792027332 0.71827143094 0.80114306967 0.84050071416 0.72030975733 0.75256078536 0.71010749934 0.75689524995 0.94558224328 -63.17710966218 0.00011622256   -2 
  83 0.00000449969 0.00075129338 -12.775197701 0.18645270077 0.00092913457 0.00792027367 0.71827926615 0.80114133808 0.84049605693 0.72030608301 0.75255608673 0.71010324047 0.75689551071 0.94559096294 -63.17710949050 0.00014078879   -2 
  84 0.00000449969 0.00075129318 -12.774944130 0.18645175848 0.00092913508 0.00792027387 0.71828390421 0.80114158687 0.84049338277 0.72030408756 0.75255350208 0.71010077723 0.75689560737 0.94559500209 -63.17710943538 0.00007355001    0 
-- Found new optimum with likelihood -63.177109435388303 and gradient 0.00007

---- Best joint likelihood found -63.177109435388303 with gradient 0.00007

---- Results for /scratch/40840274/tmpecfjsie6 
--  Model: C
--        eps_an     theta_bar             a 
-- 0.00000449969 0.00075129318            -1 
--           S_d             b           p_b           S_b 
-- -12.774944130 0.18645175848 0.00092913508 0.00792027387 
--           r 2           r 3           r 4           r 5           r 6           r 7           r 8           r 9 
-- 0.71828390421 0.80114158687 0.84049338277 0.72030408756 0.75255350208 0.71010077723 0.75689560737 0.94559500209 

---- Expected P_neut(i), 0 < i < n (neutral SFS per site) 
E[P_neut(1)] = 0.0007512902
E[P_neut(2)] = 0.0002698200
E[P_neut(3)] = 0.0002006302
E[P_neut(4)] = 0.0001578640
E[P_neut(5)] = 0.0001082319
E[P_neut(6)] = 0.0000942317
E[P_neut(7)] = 0.0000762140
E[P_neut(8)] = 0.0000710822
E[P_neut(9)] = 0.0000789385

---- Expected P_sel(i), 0 < i < n (selected SFS per site) 
E[P_sel(1)] = 0.0005683054
E[P_sel(2)] = 0.0001800133
E[P_sel(3)] = 0.0001245100
E[P_sel(4)] = 0.0000932728
E[P_sel(5)] = 0.0000616348
E[P_sel(6)] = 0.0000521083
E[P_sel(7)] = 0.0000411276
E[P_sel(8)] = 0.0000375642
E[P_sel(9)] = 0.0000409597

---- alpha_dfe = 0.001854

