---- Running command
---- ./polyDFE -d /scratch/40840200/tmppea863sk -m C -i /scratch/40840200/tmpc_629760 1 -v 1 
---- Performing inference using model C

---- Performing inference on /scratch/40840200/tmppea863sk
----      with -i /scratch/40840200/tmpc_629760 1
---- Data /scratch/40840200/tmppea863sk does not contain divergence counts. Using option -w.
---- No mutation variability. Using Poisson likelihood.


---- Using provided initial values

-- Starting local optimization
-- Optimizing all parameters
  it        eps_an     theta_bar           S_d             b           p_b           S_b           r 2           r 3           r 4           ln lk          grad status 
   0 0.00000449599     0.0006164 -55.645569999     0.1199374     0.0151532     0.1308463     0.8958562     0.8771536     0.8733385 -36.20850177029 0.79997876393   -2 
   1 0.00000449598 0.00063075918 -55.599682509 0.11974055850 0.01515394659 0.13084620649 0.89788546888 0.88270690496 0.87355843928 -35.23282724185 0.18412803003   -2 
   2 0.00000449598 0.00063647729 -56.060627242 0.12329730420 0.01513942605 0.13083482993 0.87832522460 0.91391256608 0.85844007696 -34.69653784814 0.10184557585   -2 
   3 0.00000449598 0.00063504707 -56.361674448 0.12581392338 0.01512929462 0.13082624698 0.88672337225 0.90967912284 0.85508243064 -34.56721070637 0.19519602070   -2 
   4 0.00000449598 0.00064058974 -56.607595224 0.12806264695 0.01512036324 0.13081808266 0.89586641453 0.90689733605 0.85345514003 -34.45921770933 0.06250357031   -2 
   5 0.00000449598 0.00064547823 -56.819807293 0.13067338741 0.01510998097 0.13080679346 0.88736413861 0.91022861585 0.85955080039 -34.38693879199 0.04676515835   -2 
   6 0.00000449598 0.00064481868 -56.828829882 0.13086778231 0.01510918894 0.13080572409 0.88697980112 0.91025903201 0.85986455467 -34.38341776572 0.01535189581   -2 
   7 0.00000449598 0.00064451512 -56.732475141 0.13133214993 0.01510685615 0.13079903945 0.89066632220 0.91059752740 0.86140344809 -34.37879197367 0.01061361546   -2 
   8 0.00000449598 0.00064492732 -56.636458318 0.13150064988 0.01510579499 0.13079455139 0.89083894759 0.91155431046 0.86224875066 -34.37764463369 0.02319501442   -2 
   9 0.00000449597 0.00064452796 -56.315036464 0.13211034275 0.01510205524 0.13077919900 0.89043068486 0.91434837456 0.86467212336 -34.37431418724 0.01180954119   -2 
  10 0.00000449597 0.00064470922 -56.339372964 0.13194881266 0.01510282793 0.13078120241 0.89082278008 0.91282732549 0.86355044818 -34.37334232577 0.01076951107   -2 
  11 0.00000449597 0.00064447942 -56.322585712 0.13193299552 0.01510283551 0.13078075165 0.89072712812 0.91240229567 0.86320864240 -34.37299083729 0.01014766839   -2 
  12 0.00000449597 0.00064486853 -56.096546133 0.13181102603 0.01510254376 0.13077393821 0.88999829313 0.91036642295 0.86127857764 -34.37118652325 0.01044029866   -2 
  13 0.00000449597 0.00064460159 -55.941159884 0.13179826087 0.01510203885 0.13076871676 0.88930934297 0.90982890949 0.86052062463 -34.37047574767 0.01624658865   -2 
  14 0.00000449596 0.00064497546 -55.472443779 0.13176812303 0.01510046796 0.13075278641 0.88784019969 0.90941080198 0.85914891942 -34.36845055890 0.01632335718   -2 
  15 0.00000449596 0.00064402948 -54.806757738 0.13192255046 0.01509737127 0.13072848861 0.88682539009 0.90969255463 0.85841099868 -34.36555604628 0.03431255483   -2 
  16 0.00000449593 0.00064341768 -52.306231757 0.13255414664 0.01508525803 0.13063426847 0.88565104329 0.91183875481 0.85728600405 -34.35473953817 0.03628310733   -2 
  17 0.00000449589 0.00063964841 -48.778056483 0.13417595520 0.01506436693 0.13048877763 0.88749744040 0.91348767099 0.85803218362 -34.33921827535 0.07492872217   -2 
  18 0.00000449586 0.00063967821 -46.171772452 0.13560641891 0.01504739046 0.13037354208 0.89066548276 0.91487323519 0.85995714081 -34.31894327701 0.05606027687   -2 
  19 0.00000449575 0.00063385658 -38.273621380 0.14233992712 0.01498281158 0.12996924153 0.90052447456 0.91730022222 0.86972025212 -34.27119649916 0.06360764839   -2 
  20 0.00000449551 0.00063254203 -26.441398082 0.16455701323 0.01482952906 0.12912996307 0.89216862448 0.93338581265 0.89543980976 -34.05230641101 0.08824585446   -2 
  21 0.00000449538 0.00063111172 -21.265159271 0.18016038314 0.01473732565 0.12863327318 0.89237038684 0.94162370096 0.90772269263 -34.00651085182 0.13069141322   -2 
  22 0.00000449536 0.00062719754 -20.872600794 0.18266348838 0.01472595986 0.12858406849 0.89865790921 0.94014644586 0.90443827300 -33.92279033281 0.16080745021   -2 
  23 0.00000449534 0.00062920831 -20.374189862 0.18611706359 0.01471078259 0.12851951433 0.91236187936 0.93916512031 0.89890217404 -33.81684020977 0.04152872736   -2 
  24 0.00000449534 0.00063103686 -20.372771630 0.18926034952 0.01470110505 0.12850087994 0.90644729343 0.94517249875 0.89712268059 -33.77614822702 0.05314163121   -2 
  25 0.00000449534 0.00063249501 -20.371291876 0.18978274433 0.01469951168 0.12849776016 0.90641099209 0.94593197359 0.89718923198 -33.77031306726 0.02908264553   -2 
  26 0.00000449533 0.00063336716 -20.389311458 0.19192757706 0.01469321842 0.12848718364 0.91042002549 0.94376885329 0.89880901157 -33.75618240134 0.00969567861   -2 
  27 0.00000449533 0.00063318379 -20.385775777 0.19218673097 0.01469243256 0.12848552694 0.91051169618 0.94378132289 0.89945245707 -33.75571977324 0.01375016760   -2 
  28 0.00000449533 0.00063356161 -20.364083605 0.19278303971 0.01469055258 0.12848077433 0.91064086346 0.94442605177 0.90168738588 -33.75445799585 0.00696384316   -2 
  29 0.00000449533 0.00063324938 -20.339557112 0.19294977527 0.01468992725 0.12847817153 0.91044049453 0.94514732920 0.90233539384 -33.75400633450 0.01246071632   -2 
  30 0.00000449533 0.00063330191 -20.288536763 0.19315957718 0.01468903014 0.12847349469 0.91038247330 0.94651386213 0.90331240010 -33.75327756505 0.00876268836   -2 
  31 0.00000449531 0.00063197044 -20.059292413 0.19383525180 0.01468580701 0.12845401434 0.91187456129 0.94912650934 0.90449072612 -33.75087579437 0.02315414424   -2 
  32 0.00000449531 0.00063186372 -19.893380514 0.19428039495 0.01468360521 0.12844008757 0.91311363786 0.95054403101 0.90519777453 -33.74917508658 0.01744508612   -2 
  33 0.00000449525 0.00062909469 -18.857725979 0.19767008215 0.01466813201 0.12834866204 0.91742842050 0.95101452263 0.90701791473 -33.73862577239 0.03600689338   -2 
  34 0.00000449522 0.00062927936 -18.337182500 0.19953680206 0.01465986434 0.12830058540 0.91835472718 0.95111727689 0.90802556150 -33.73310751332 0.04373109749   -2 
  35 0.00000449512 0.00062700514 -16.719124228 0.20667658498 0.01463033159 0.12813811587 0.91553969345 0.95040102415 0.91069912928 -33.71217997052 0.02980832184   -2 
  36 0.00000449510 0.00062735308 -16.303908127 0.20890415595 0.01462164738 0.12809271364 0.91458510474 0.95076097487 0.91136637033 -33.70883795705 0.02811420378   -2 
  37 0.00000449504 0.00062710134 -15.554188368 0.21382330509 0.01460356139 0.12800431257 0.91243903261 0.95201623913 0.91221119408 -33.70348354336 0.02891974723   -2 
  38 0.00000449502 0.00062594071 -15.330589779 0.21659729605 0.01459463943 0.12797063214 0.91416275876 0.95344325723 0.91221260938 -33.69413413564 0.06575912815   -2 
  39 0.00000449497 0.00062734946 -14.764466267 0.22411831460 0.01457108785 0.12788229222 0.92072580906 0.95857235706 0.91316707512 -33.67065777087 0.02756019354   -2 
  40 0.00000449498 0.00062705333 -14.845743994 0.22305494568 0.01457438090 0.12789487676 0.91943476478 0.95787857181 0.91337358473 -33.66951402625 0.01941806578   -2 
  41 0.00000449498 0.00062779564 -14.856547385 0.22314954452 0.01457414315 0.12789505423 0.91797596801 0.95837444743 0.91557193104 -33.66609958501 0.02770789120   -2 
  42 0.00000449498 0.00062747499 -14.866597928 0.22330737014 0.01457374404 0.12789489776 0.91690582841 0.95854451481 0.91705105565 -33.66418558152 0.00874217634   -2 
  43 0.00000449498 0.00062746624 -14.887913709 0.22393337952 0.01457203561 0.12789258992 0.91877694707 0.95858453152 0.91935629773 -33.66226957795 0.00497079955   -2 
  44 0.00000449498 0.00062773252 -14.892370533 0.22421284852 0.01457120896 0.12789094454 0.91890705978 0.95946957842 0.91934945431 -33.66190516641 0.00949948401   -2 
  45 0.00000449497 0.00062764102 -14.895338889 0.22440969870 0.01457062765 0.12788978006 0.91888049070 0.95996197309 0.91926630731 -33.66168761954 0.00189204875   -2 
  46 0.00000449497 0.00062781868 -14.887859575 0.22451719652 0.01457014764 0.12788779416 0.91884080499 0.95948356416 0.91904183929 -33.66159456312 0.00421285998   -2 
  47 0.00000449497 0.00062778758 -14.884159848 0.22457667718 0.01456988816 0.12788675017 0.91877371776 0.95927656225 0.91892877910 -33.66155332425 0.00188674225   -2 
  48 0.00000449496 0.00062792532 -14.849844988 0.22490018912 0.01456814215 0.12787850346 0.91818801702 0.95951393739 0.91864904812 -33.66136555186 0.00335746964   -2 
  49 0.00000449495 0.00062791656 -14.803585009 0.22532089349 0.01456581943 0.12786740145 0.91783716702 0.95978455221 0.91843084321 -33.66125469161 0.00617598733   -2 
  50 0.00000449492 0.00062811567 -14.661462714 0.22653007169 0.01455890803 0.12783365369 0.91808283440 0.96039417870 0.91830072086 -33.66073827892 0.01582532692   -2 
  51 0.00000449486 0.00062744705 -14.408420747 0.22877974644 0.01454625488 0.12777221688 0.91873058244 0.96114200524 0.91833532767 -33.65931154981 0.01250923886   -2 
  52 0.00000449476 0.00062688658 -14.037987096 0.23211202410 0.01452755603 0.12768082271 0.92000222617 0.96224600582 0.91890723346 -33.65850901910 0.01738734407   -2 
  53 0.00000449474 0.00062707689 -13.936356629 0.23299332768 0.01452249762 0.12765566314 0.92042380561 0.96259478354 0.91952726874 -33.65779887374 0.01332877646   -2 
  54 0.00000449462 0.00062600760 -13.503353599 0.23685722901 0.01450035112 0.12754535596 0.92127596251 0.96373332385 0.92504463290 -33.65465989779 0.00446686428   -2 
  55 0.00000449462 0.00062590551 -13.505744677 0.23684850538 0.01450040732 0.12754572447 0.92125867009 0.96383462259 0.92500530901 -33.65461123679 0.00348156917   -2 
  56 0.00000449462 0.00062588312 -13.511599589 0.23682039951 0.01450046023 0.12754612216 0.92136491941 0.96455883259 0.92495689087 -33.65449032975 0.00095146874   -2 
  57 0.00000449462 0.00062585495 -13.513602905 0.23682519339 0.01450036994 0.12754580735 0.92146760532 0.96473382625 0.92502239987 -33.65448263069 0.00092283102   -2 
  58 0.00000449462 0.00062584859 -13.515737928 0.23685322616 0.01450007422 0.12754460743 0.92163324014 0.96468880832 0.92524646172 -33.65446832346 0.00056669573   -2 
  59 0.00000449462 0.00062584798 -13.515445371 0.23685040156 0.01450010360 0.12754472140 0.92160025498 0.96469292329 0.92521532781 -33.65446779467 0.00041724276   -2 
  60 0.00000449462 0.00062587165 -13.516032355 0.23687173098 0.01449984643 0.12754357471 0.92154648839 0.96464797004 0.92529615269 -33.65446441420 0.00019537130   -2 
  61 0.00000449462 0.00062587144 -13.516171617 0.23688089824 0.01449970630 0.12754291820 0.92153970759 0.96464414519 0.92529496533 -33.65446408888 0.00036720448   -2 
  62 0.00000449462 0.00062589037 -13.516381824 0.23689990483 0.01449937797 0.12754135415 0.92153679190 0.96464386710 0.92528672675 -33.65446336647 0.00014613667   -2 
  63 0.00000449462 0.00062589516 -13.516426828 0.23690615452 0.01449925622 0.12754076550 0.92153794319 0.96464569923 0.92528253736 -33.65446331385 0.00016133722   -2 
  64 0.00000449462 0.00062588970 -13.516355783 0.23690896926 0.01449914703 0.12754020880 0.92154470452 0.96465224385 0.92527610106 -33.65446316470 0.00022687128   -2 
  65 0.00000449461 0.00062589077 -13.516067175 0.23691319681 0.01449887753 0.12753880693 0.92156641011 0.96467211671 0.92526370167 -33.65446288049 0.00013525527   -2 
  66 0.00000449461 0.00062588886 -13.516075124 0.23691231815 0.01449890357 0.12753893618 0.92156027592 0.96466848623 0.92526767569 -33.65446283885 0.00011539737   -2 
  67 0.00000449461 0.00062589188 -13.515935933 0.23691130409 0.01449884853 0.12753862898 0.92155768672 0.96466971518 0.92527289380 -33.65446275984 0.00018964151   -2 
  68 0.00000449461 0.00062588340 -13.515449303 0.23690928797 0.01449861755 0.12753736945 0.92154593834 0.96466838406 0.92528835604 -33.65446250157 0.00017102139   -2 
  69 0.00000449461 0.00062588478 -13.514962686 0.23690761649 0.01449838129 0.12753608348 0.92154560030 0.96466786455 0.92529749554 -33.65446233879 0.00019694542   -2 
  70 0.00000449460 0.00062586920 -13.513286595 0.23690527979 0.01449749243 0.12753128345 0.92155229606 0.96466372693 0.92531537592 -33.65446194096 0.00017477436   -2 
  71 0.00000449459 0.00062586079 -13.511147849 0.23692035243 0.01449597536 0.12752328732 0.92159127268 0.96468391606 0.92526492118 -33.65446086115 0.00022382925   -2 
  72 0.00000449460 0.00062586649 -13.511615273 0.23692092954 0.01449621727 0.12752459376 0.92156365135 0.96467954811 0.92528515062 -33.65446047572 0.00012145568   -2 
  73 0.00000449460 0.00062587019 -13.511736303 0.23692233019 0.01449625108 0.12752478987 0.92155584181 0.96467699486 0.92529079590 -33.65446042873 0.00011144035   -2 
  74 0.00000449459 0.00062586864 -13.511727195 0.23693250925 0.01449600750 0.12752358697 0.92156423749 0.96467553686 0.92528273422 -33.65446014170 0.00032362896   -2 
  75 0.00000449459 0.00062587973 -13.511658952 0.23694387352 0.01449570262 0.12752206517 0.92157606292 0.96467755397 0.92527709919 -33.65445978676 0.00013574595   -2 
  76 0.00000449459 0.00062588096 -13.511394287 0.23695914014 0.01449517838 0.12751940900 0.92156704547 0.96468490539 0.92528549533 -33.65445949340 0.00025436179   -2 
  77 0.00000449459 0.00062588976 -13.511126800 0.23696875993 0.01449478718 0.12751740759 0.92156257656 0.96469186945 0.92529486375 -33.65445929132 0.00013948762   -2 
  78 0.00000449458 0.00062589172 -13.509899842 0.23699412152 0.01449343131 0.12751039132 0.92155635447 0.96470772042 0.92533349249 -33.65445886306 0.00020478194   -2 
  79 0.00000449457 0.00062589271 -13.508556821 0.23701795381 0.01449204260 0.12750318213 0.92155856672 0.96472259235 0.92536876723 -33.65445866214 0.00027323825   -2 
  80 0.00000449454 0.00062588413 -13.504431001 0.23705954319 0.01448855145 0.12748486254 0.92163800704 0.96474219420 0.92540249427 -33.65445646621 0.00054942654   -2 
  81 0.00000449452 0.00062586675 -13.501354551 0.23708998755 0.01448596254 0.12747127119 0.92168666007 0.96475628154 0.92542342965 -33.65445573378 0.00048282159   -2 
  82 0.00000449452 0.00062585102 -13.500121696 0.23709748803 0.01448504329 0.12746641106 0.92165498008 0.96476762560 0.92542116297 -33.65445417399 0.00080135551   -2 
  83 0.00000449450 0.00062586235 -13.497180265 0.23710853880 0.01448302368 0.12745567228 0.92158046119 0.96480242205  0.9254150513 -33.65445092932 0.00032074961   -2 
  84 0.00000449450 0.00062587033 -13.496506201 0.23710807573 0.01448262892 0.12745354783 0.92159664133 0.96478413558 0.92540297814 -33.65445012914 0.00056636215   -2 
  85 0.00000449449 0.00062585635 -13.495416873 0.23710839576 0.01448195631 0.12744994002 0.92162106262 0.96474234123 0.92537673674 -33.65444882467 0.00013839084   -2 
  86 0.00000449449 0.00062585301 -13.495062030 0.23710821479 0.01448173562 0.12744875372 0.92162195918 0.96473319218 0.92537024747 -33.65444875533 0.00021627015   -2 
  87 0.00000449449 0.00062585450 -13.493693121 0.23710642196 0.01448089072 0.12744420494 0.92161155367 0.96471663304 0.92535476076 -33.65444832619 0.00024590202   -2 
  88 0.00000449448 0.00062584992 -13.492484538 0.23710559712 0.01448011309 0.12744002792 0.92159617043 0.96470728758 0.92534296912 -33.65444812583 0.00018219483   -2 
  89 0.00000449448 0.00062584440 -13.491867119 0.23710656253 0.01447965833 0.12743760313 0.92158442051 0.96471049558 0.92534169538 -33.65444798396 0.00023694459   -2 
  90 0.00000449447 0.00062584434 -13.490698867 0.23710963105 0.01447874010 0.12743271954 0.92156707101 0.96472997717 0.92534740706 -33.65444770510 0.00020180195   -2 
  91 0.00000449447 0.00062584219 -13.491215541 0.23711026560 0.01447907243 0.12743450635 0.92158137980 0.96472387171 0.92534888696 -33.65444754871 0.00019983167   -2 
  92 0.00000449447 0.00062584648 -13.491551855 0.23711184309 0.01447924040 0.12743542418 0.92159573568 0.96472589999 0.92535467165 -33.65444739327 0.00017327866   -2 
  93 0.00000449447 0.00062584185 -13.491904191 0.23711605547 0.01447932049 0.12743589991 0.92160529461 0.96473452819 0.92536459212 -33.65444719905 0.00021776679   -2 
  94 0.00000449447 0.00062584763 -13.492160239 0.23711994130 0.01447933877 0.12743604179 0.92161226621 0.96474806943 0.92537694004 -33.65444699016 0.00014802265   -2 
  95 0.00000449447 0.00062584910 -13.492410751 0.23712454795 0.01447932671 0.12743602921 0.92161532028 0.96476228294 0.92538994609 -33.65444691529 0.00015294442   -2 
  96 0.00000449447 0.00062584687 -13.492455500 0.23712582730 0.01447930713 0.12743593920 0.92161407963 0.96476473108 0.92539235011 -33.65444687658 0.00007293841    0 
-- Found new optimum with likelihood -33.654446876580437 and gradient 0.00007

---- Best joint likelihood found -33.654446876580437 with gradient 0.00007

---- Results for /scratch/40840200/tmppea863sk 
--  Model: C
--        eps_an     theta_bar             a 
-- 0.00000449447 0.00062584687            -1 
--           S_d             b           p_b           S_b 
-- -13.492455500 0.23712582730 0.01447930713 0.12743593920 
--           r 2           r 3           r 4 
-- 0.92161407963 0.96476473108 0.92539235011 

---- Expected P_neut(i), 0 < i < n (neutral SFS per site) 
E[P_neut(1)] = 0.0006258447
E[P_neut(2)] = 0.0002883943
E[P_neut(3)] = 0.0002012654
E[P_neut(4)] = 0.0001447906

---- Expected P_sel(i), 0 < i < n (selected SFS per site) 
E[P_sel(1)] = 0.0004142661
E[P_sel(2)] = 0.0001614640
E[P_sel(3)] = 0.0001028730
E[P_sel(4)] = 0.0000696674

---- alpha_dfe = 0.034787

