---- Running command
---- ./polyDFE -d /scratch/40841108/tmp80bdystm -m C -i /scratch/40841108/tmp_c9faach 1 -v 1 
---- Performing inference using model C

---- Performing inference on /scratch/40841108/tmp80bdystm
----      with -i /scratch/40841108/tmp_c9faach 1
---- Data /scratch/40841108/tmp80bdystm does not contain divergence counts. Using option -w.
---- No mutation variability. Using Poisson likelihood.


---- Using provided initial values

-- Starting local optimization
-- Optimizing all parameters
  it        eps_an     theta_bar           S_d             b           p_b           S_b           r 2           r 3           r 4           r 5           r 6           r 7           r 8           r 9          r 10          r 11          r 12          r 13          r 14           ln lk          grad status 
   0 0.00000450123  0.0008663822 -44.346810000     0.1221405    0.01060767    0.09636954     0.6268517     0.6514728     0.6820074     0.5848618     0.7565646     0.6523473     0.6349214     0.7005902     0.6139579     0.6324166     0.6421517     0.7478784       1.22486 -105.1220594216 1.21427757187   -2 
   1 0.00000450123 0.00088526210 -44.231828594 0.12135610040 0.01060922076 0.09637021670 0.62531333632 0.65512442878 0.68236200906 0.58517226842 0.75553056726 0.65394364613 0.63425225313 0.70155839839 0.61471641366 0.63375015516 0.64305202802 0.74839112063 1.22617733859 -103.6411713622 0.43669545770   -2 
   2 0.00000450124 0.00087981768 -43.647828585 0.11691351276 0.01061831372 0.09637553736 0.58670423661 0.68835618686 0.67536609961 0.58238769801 0.73288188478 0.66962065402 0.62043884893 0.70945747466 0.62138925599 0.64854989721 0.65208266856 0.75135981108 1.23506127643 -101.3133624185 0.20689811587   -2 
   3 0.00000450124 0.00086606115 -43.250444144 0.11420928676 0.01062402916 0.09637880503 0.59664318931 0.68651026770 0.66990263227 0.57879289674 0.71778776552 0.67846884704 0.60865269718 0.71368536738 0.62565093945 0.65998372453 0.65875773630 0.75242149151 1.23853567211 -100.7758783529 0.49713390715   -2 
   4 0.00000450125 0.00086847128 -42.889799407 0.11184252015 0.01062914208 0.09638159495 0.60566835162 0.68526613089 0.66647906238 0.57634491591 0.70681316789 0.68571036121 0.59960664583 0.71727042612 0.62925084713 0.66950837172 0.66435233837 0.75343013896 1.24162498837 -100.3826400378 0.07060634769   -2 
   5 0.00000450125 0.00086953130 -42.695881274 0.11073122237 0.01063161722 0.09638301024 0.60270515541 0.68221639511 0.66821636581 0.57595486963 0.70587319880 0.68728629365 0.59506339341 0.71842403302 0.63103853066 0.67514698732 0.66774928650 0.75361046133 1.24193864211 -100.3315392718 0.15001739343   -2 
   6 0.00000450125 0.00086670948 -42.612082008 0.11027810463 0.01063264493 0.09638362791 0.60075273691 0.68054135838 0.66904694097 0.57572404336 0.70566723033 0.68772143548 0.59283251868 0.71880937980 0.63182018911 0.67786516034 0.66937550829 0.75358838202 1.24179825114 -100.3017143665 0.02896037777   -2 
   7 0.00000450126 0.00086745618 -42.541703009 0.11009114253 0.01063310718 0.09638384437 0.59952374992 0.68046301283 0.66997569602 0.57584039148 0.70785503335 0.68616128233 0.59160918374 0.71821695252 0.63197126222 0.67960534490 0.67047357542 0.75310149446 1.24034075630 -100.2935332632 0.05393366967   -2 
   8 0.00000450126 0.00086650185 -42.496841636 0.11001260366 0.01063332130 0.09638394205 0.59874966270 0.68040413273 0.67049319680 0.57588898389 0.70944697791 0.68489046128 0.59078206120 0.71768620358 0.63200209190 0.68074678310 0.67119463835 0.75268551414 1.23914379954 -100.2886066165 0.02068913729   -2 
   9 0.00000450126 0.00086669617 -42.426335095 0.11004763054 0.01063333355 0.09638386898 0.59987339676 0.68092124518 0.67046751958 0.57596883533 0.71170979789 0.68259106371 0.59012565711 0.71651853265 0.63170006630 0.68180730974 0.67192503046 0.75182195066 1.23691669642 -100.2837390680 0.02336641381   -2 
  10 0.00000450126 0.00086631136 -42.418484224 0.11007202949 0.01063329448 0.09638384312 0.60000725576 0.68096390188 0.67039813283 0.57596875200 0.71188622232 0.68234036366 0.59009322274 0.71636791944 0.63163935950 0.68187428765 0.67197888809 0.75170503900 1.23664754707 -100.2831055682 0.00989758790   -2 
  11 0.00000450127 0.00086664066 -42.367619532 0.11026592446 0.01063297261 0.09638365144 0.60083877303 0.68129474861 0.66973843925 0.57603806963 0.71179136301 0.68174825445 0.59054983276 0.71576997233 0.63122559419 0.68163440954 0.67194987259 0.75116891555 1.23573560445 -100.2816579746 0.01038912227   -2 
  12 0.00000450127 0.00086647073 -42.352928701 0.11032295976 0.01063287948 0.09638360816 0.60080179122 0.68130819805 0.66962568275 0.57605243442 0.71168652566 0.68169447703 0.59069913342 0.71566104802 0.63112555202 0.68153129985 0.67191776941 0.75105318191 1.23558762985 -100.2813711206 0.01344772250   -2 
  13 0.00000450128 0.00086727600 -42.239304084 0.11067039556 0.01063234744 0.09638337853 0.60012770857 0.68135396797 0.66916674509 0.57620055715 0.71089084061 0.68165335058 0.59180518878 0.71511132877 0.63051799631 0.68078577539 0.67167960128 0.75038068817 1.23492373872 -100.2797109705 0.00655497526   -2 
  14 0.00000450128 0.00086711085 -42.189637625 0.11073998067 0.01063228212 0.09638339525 0.59988884955 0.68107542084 0.66934265211 0.57616270685 0.71074080699 0.68184540800 0.59197685499 0.71515173637 0.63044612812 0.68059451597 0.67159385604 0.75031968746 1.23505127421 -100.2793493299 0.01577296702   -2 
  15 0.00000450129 0.00086749516 -42.071850726 0.11086753713 0.01063220120 0.09638346917 0.59947869173 0.68048946661 0.66981744612 0.57608027124 0.71047275946 0.68232790502 0.59231636715 0.71530992982 0.63033189691 0.68020135987 0.67141492057 0.75023751370 1.23544203195 -100.2785873645 0.00763704547   -2 
  16 0.00000450130 0.00086660121 -41.829452660 0.11098285714 0.01063232772 0.09638381901 0.60030597051 0.68049303433 0.67013912839 0.57580703793 0.71060122768 0.68296403979 0.59214465665 0.71588074044 0.63047835055 0.67990842285 0.67119445972 0.75048331643 1.23648717183 -100.2770823262 0.03026047332   -2 
  17 0.00000450132 0.00086676339 -41.639050392 0.11105218264 0.01063246977 0.09638411132 0.60095580119 0.68062927175 0.67038809785 0.57564568348 0.71076594934 0.68344341138 0.59200562428 0.71634002236 0.63062483793 0.67973529082 0.67105641924 0.75070739886 1.23731746872 -100.2755225323 0.01133284032   -2 
  18 0.00000450135 0.00086619623 -41.123733229 0.11126413681 0.01063282057 0.09638493969 0.60165923214 0.68142535765 0.67075818853 0.57548460429 0.71141141044 0.68442100773 0.59158588784 0.71749235854 0.63113412462 0.67956201595 0.67085492593 0.75141994221 1.23936906007 -100.2739520695 0.02640206846   -2 
  19 0.00000450137 0.00086537972 -40.879959102 0.11138613123 0.01063294957 0.09638533050 0.60173196470 0.68178458021 0.67087166918 0.57546854005 0.71172285847 0.68480321358 0.59140280736 0.71799472316 0.63138601212 0.67953617495 0.67079692896 0.75176569027 1.24026255391 -100.2728342300 0.01869884948   -2 
  20 0.00000450143 0.00086484548 -40.018817921 0.11186745495 0.01063333459 0.09638673492 0.60063901464 0.68304839106 0.67110766677 0.57605175597 0.71296101331 0.68562747159 0.59107160591 0.71945759629 0.63239924375 0.67997782944 0.67098854396 0.75308272661 1.24285582895 -100.2686116320 0.01776790039   -2 
  21 0.00000450146 0.00086427154 -39.563991288 0.11216727934 0.01063346509 0.09638746857 0.60007087106 0.68349862665 0.67118264471 0.57643764213 0.71355498207 0.68592770523 0.59097899723 0.72011644965 0.63293034518 0.68030405466 0.67116674908 0.75376834303 1.24403426688 -100.2677551567 0.02009892270   -2 
  22 0.00000450160 0.00086444968 -37.758505409 0.11376386566 0.01063332390 0.09639026295 0.59961754242 0.68285091344 0.67127067545 0.57870980292 0.71512330989 0.68577118034 0.59169564326 0.72140469394 0.63491675696 0.68260302736 0.67276722768 0.75628397828 1.24649319863 -100.2590742374 0.06859982576   -2 
  23 0.00000450176 0.00086237432 -35.757757261 0.11575810431 0.01063297294 0.09639347616 0.59923679939 0.68188414781 0.67130913660 0.58123849321 0.71673794821 0.68546654629 0.59261255873 0.72271320508 0.63715011440 0.68531155095 0.67468246125 0.75912497612 1.24904868297 -100.2491613680 0.02990551326   -2 
  24 0.00000450198 0.00086158385 -33.193045168 0.11895913237 0.01063176271 0.09639772188 0.60245711265 0.68217319099 0.67240674478 0.58287006038 0.71742729247 0.68539915383 0.59488478265 0.72335602607 0.63938835711 0.68897931204 0.67775623181 0.76208903113 1.25080138278 -100.2337149942 0.04854473200   -2 
  25 0.00000450203 0.00086034814 -32.597013426 0.11980888449 0.01063137270 0.09639876195 0.60304149478 0.68243309759 0.67275852993 0.58306795395 0.71751129638 0.68550094561 0.59550514807 0.72346549714 0.63985058199 0.68982570059 0.67852497850 0.76271899699 1.25117281918 -100.2303387123 0.03112169623   -2 
  26 0.00000450209 0.00086121397 -31.975254448 0.12081508682 0.01063081392 0.09640001897 0.60273544744 0.68422122015 0.67392723989 0.58245048859 0.71752979503 0.68655564469 0.59660843870 0.72359781286 0.64001085103 0.69052230182 0.67951129038 0.76300662286 1.25171759289 -100.2231861282 0.05664639546   -2 
  27 0.00000450217 0.00086010461 -31.230475201 0.12214761505 0.01062998564 0.09640159684 0.60199203282 0.68643196632 0.67538679118 0.58147445922 0.71750582782 0.68804823244 0.59803024139 0.72375162950 0.64009593721 0.69128252295 0.68073580473 0.76323258825 1.25240850450 -100.2160169028 0.01413720777   -2 
  28 0.00000450216 0.00086034052 -31.332336157 0.12196959942 0.01063009398 0.09640142436 0.60212218243 0.68601136328 0.67517683403 0.58160599756 0.71756448032 0.68794544634 0.59786296243 0.72377867153 0.64006363185 0.69114840654 0.68058117528 0.76317366810 1.25240856767 -100.2157219057 0.01181321265   -2 
  29 0.00000450215 0.00086016313 -31.434885349 0.12183408374 0.01063014826 0.09640139279 0.60224499829 0.68525882371 0.67493307274 0.58168784921 0.71776776197 0.68816965941 0.59778848500 0.72394211185 0.63994899501 0.69090905663 0.68046936379 0.76300831705 1.25268656304 -100.2150867391 0.01408457673   -2 
  30 0.00000450214 0.00086046428 -31.500300835 0.12175221302 0.01063018383 0.09640143955 0.60232991058 0.68477973075 0.67480691178 0.58172231646 0.71795628950 0.68844922563 0.59778896821 0.72410441707 0.63984814262 0.69072232354 0.68042285642 0.76286521068 1.25298085035 -100.2146800801 0.00830846203   -2 
  31 0.00000450214 0.00086036193 -31.576448846 0.12171533012 0.01063015035 0.09640168455 0.60223406090 0.68439786801 0.67472455664 0.58163331165 0.71823811023 0.68909625748 0.59791236305 0.72439979550 0.63962301448 0.69039110597 0.68042775967 0.76256115753 1.25356159381 -100.2142146312 0.01243588178   -2 
  32 0.00000450214 0.00086065131 -31.628424791 0.12169390215 0.01063012913 0.09640191540 0.60216899308 0.68426907076 0.67471336542 0.58155349684 0.71844324799 0.68960653134 0.59803334967 0.72462918038 0.63945074171 0.69014693628 0.68045268517 0.76232719064 1.25401854515 -100.2139037531 0.00722595966   -2 
  33 0.00000450214 0.00086057961 -31.682723535 0.12170975783 0.01063006167 0.09640231124 0.60204955508 0.68451318398 0.67477942400 0.58140081070 0.71858899611 0.69017750767 0.59821995345 0.72487170584 0.63922516113 0.68985871395 0.68051855015 0.76202007998 1.25452986061 -100.2135718000 0.00801695379   -2 
  34 0.00000450214 0.00086071545 -31.713967696 0.12172091812 0.01063002583 0.09640258937 0.60201455631 0.68473987843 0.67484698054 0.58131297607 0.71866052082 0.69050366192 0.59834374264 0.72501347279 0.63909345886 0.68969495583 0.68057044656 0.76183763615 1.25483279454 -100.2134550397 0.00407058336   -2 
  35 0.00000450214 0.00086059375 -31.711009804 0.12177254802 0.01063000366 0.09640307390 0.60234562546 0.68528342894 0.67504277345 0.58135061465 0.71842814342 0.69021980437 0.59843265651 0.72492800644 0.63912123340 0.68978056967 0.68068344282 0.76184125864 1.25471389616 -100.2131772181 0.00398730925   -2 
  36 0.00000450214 0.00086065651 -31.710417339 0.12177685088 0.01063000606 0.09640314386 0.60236351186 0.68532114160 0.67506670301 0.58136000486 0.71841545029 0.69019941458 0.59844684552 0.72492487519 0.63912774850 0.68979370078 0.68070025913 0.76184517454 1.25471148370 -100.2131590491 0.00193267122   -2 
  37 0.00000450215 0.00086070787 -31.703648608 0.12185016743 0.01063003305 0.09640426166 0.60219340879 0.68536005414 0.67531179230 0.58150359017 0.71838259996 0.69005332257 0.59865723529 0.72493711790 0.63923324285 0.68998523533 0.68095028186 0.76191840195 1.25477015776 -100.2130739001 0.00161508562   -2 
  38 0.00000450215 0.00086067693 -31.697376493 0.12189821101 0.01063007201 0.09640513786 0.60220322005 0.68531545626 0.67537057135 0.58157355172 0.71840828559 0.69002187244 0.59878045519 0.72496566673 0.63930557415 0.69010742042 0.68111063299 0.76197648484 1.25484106384 -100.2130489760 0.00360494924   -2 
  39 0.00000450216 0.00086074789 -31.690674784 0.12194043440 0.01063011940 0.09640599714 0.60224148256 0.68527921077 0.67541128210 0.58163573320 0.71844495108 0.69000980326 0.59889275990 0.72499933628 0.63937522687 0.69022172267 0.68125998442 0.76203487738 1.25491876096 -100.2130231580 0.00177994097   -2 
  40 0.00000450217 0.00086074093 -31.677164412 0.12200692203 0.01063022775 0.09640758061 0.60235988655 0.68524943301 0.67539840418 0.58170321190 0.71853872406 0.69005637582 0.59904480674 0.72507360964 0.63948648346 0.69039316132 0.68148428097 0.76213885143 1.25507555252 -100.2129985184 0.00174773388   -2 
  41 0.00000450216 0.00086069235 -31.680001081 0.12196037920 0.01063022527 0.09640696748 0.60228579046 0.68536798835 0.67535076330 0.58162325998 0.71852535218 0.69012319617 0.59890713270 0.72506171593 0.63941870368 0.69026837461 0.68131882479 0.76209421839 1.25503259433 -100.2129683224 0.00163771539   -2 
  42 0.00000450216 0.00086071926 -31.679296893 0.12195550561 0.01063023599 0.09640697756 0.60229381051 0.68537848943 0.67534039646 0.58161384538 0.71853173997 0.69014157341 0.59889171333 0.72506616070 0.63941423039 0.69025688893 0.68130301015 0.76209403157 1.25503788318 -100.2129632916 0.00161329508   -2 
  43 0.00000450217 0.00086064067 -31.671257739 0.12193330372 0.01063033759 0.09640738259 0.60238040752 0.68540412177 0.67523689264 0.58154127699 0.71859340509 0.69029677240 0.59878407184 0.72511135304 0.63939203749 0.69018549076 0.68120455349 0.76210709549 1.25510115577 -100.2129379393 0.00094963847   -2 
  44 0.00000450217 0.00086066219 -31.672075217 0.12193786551 0.01063032570 0.09640736017 0.60236153537 0.68539510505 0.67525890492 0.58155623622 0.71858404452 0.69027090399 0.59880408590 0.72510536666 0.63939738091 0.69019933887 0.68122310662 0.76210685353 1.25509366233 -100.2129363343 0.00084513337   -2 
  45 0.00000450217 0.00086064544 -31.670614021 0.12194552480 0.01063033663 0.09640753207 0.60233333008 0.68536861189 0.67528534493 0.58157405373 0.71858055390 0.69025465069 0.59882328112 0.72510676416 0.63940637378 0.69021471334 0.68124236691 0.76211368264 1.25509922217 -100.2129323037 0.00155835343   -2 
  46 0.00000450217 0.00086068655 -31.666855823 0.12195758703 0.01063036942 0.09640790871 0.60229774997 0.68532811324 0.67532998225 0.58160485318 0.71858078467 0.69023622530 0.59885464450 0.72511436945 0.63942376115 0.69024134440 0.68127474669 0.76212943325 1.25511750499 -100.2129250575 0.00110647079   -2 
  47 0.00000450218 0.00086065824 -31.656511842 0.12198477592 0.01063046287 0.09640888875 0.60227064730 0.68526955181 0.67538348050 0.58165028066 0.71858908370 0.69022220180 0.59890357593 0.72513670386 0.63945771171 0.69028811091 0.68133100280 0.76216613900 1.25516580782 -100.2129142887 0.00229884821   -2 
  48 0.00000450219 0.00086071041 -31.637042580 0.12202955641 0.01063064265 0.09641067763 0.60226180225 0.68520339873 0.67546004445 0.58172170457 0.71861159752 0.69021307230 0.59898267376 0.72518062417 0.63951715144 0.69036708790 0.68142510257 0.76223294846 1.25525757724 -100.2128957368 0.00236700735   -2 
  49 0.00000450222 0.00086061861 -31.581368249 0.12215335543 0.01063116042 0.09641575841 0.60231264351 0.68514023262 0.67557912221 0.58186754024 0.71867985400 0.69022493073 0.59916442082 0.72530071965 0.63966814295 0.69056177163 0.68165683861 0.76241124494 1.25550653748 -100.2128485660 0.00447023512   -2 
  50 0.00000450227 0.00086066099 -31.506759619 0.12230941308 0.01063186258 0.09642249596 0.60241655032 0.68514076478 0.67570762191 0.58203954359 0.71878239488 0.69026707606 0.59938849899 0.72546274454 0.63986300752 0.69080907605 0.68194950425 0.76264495777 1.25583979150 -100.2127953643 0.00401768608   -2 
  51 0.00000450234 0.00086043358 -31.370754412 0.12258120266 0.01063315691 0.09643470636 0.60260166072 0.68536444603 0.67582233981 0.58225540682 0.71898477202 0.69041559873 0.59972018214 0.72574693428 0.64018333197 0.69120469358 0.68241431234 0.76304338594 1.25641885736 -100.2126604640 0.00678971457   -2 
  52 0.00000450241 0.00086043608 -31.250665863 0.12280818803 0.01063431432 0.09644541570 0.60276380746 0.68562933216 0.67591144494 0.58242166139 0.71917916053 0.69058023356 0.59998849154 0.72599906160 0.64045601917 0.69153596445 0.68279991007 0.76338709470 1.25692819656 -100.2125621623 0.00413506935   -2 
  53 0.00000450251 0.00086018613 -31.075933883 0.12311218533 0.01063602717 0.09646085493 0.60287544477 0.68610212314 0.67599611178 0.58256256262 0.71948838130 0.69091476690 0.60027542681 0.72635102299 0.64080193088 0.69193752566 0.68325568978 0.76384258998 1.25762860490 -100.2124387595 0.00474512973   -2 
  54 0.00000450256 0.00086019929 -30.994047458 0.12323792478 0.01063684567 0.09646798249 0.60290107548 0.68630451233 0.67604827503 0.58260386692 0.71964435278 0.69110481250 0.60037259834 0.72651121789 0.64094428246 0.69209398634 0.68342600318 0.76403732171 1.25794145231 -100.2123855970 0.00538699674   -2 
  55 0.00000450268 0.00085983781 -30.768624295 0.12356373168 0.01063912753 0.09648753593 0.60287393550 0.68671771064 0.67620321809 0.58265332072 0.72007028430 0.69167730646 0.60054549413 0.72692591725 0.64128070888 0.69244146427 0.68378536695 0.76451946887 1.25874216881 -100.2122031443 0.00603986921   -2 
  56 0.00000450273 0.00085989263 -30.683649656 0.12366916834 0.01064000482 0.09649480109 0.60288739772 0.68676959989 0.67628990286 0.58266807809 0.72022029536 0.69189445314 0.60057702619 0.72706813724 0.64138248807 0.69253593877 0.68387111830 0.76467361610 1.25901218024 -100.2121044831 0.00721478803   -2 
  57 0.00000450296 0.00085932835 -30.263019411 0.12418243466 0.01064439862 0.09653097938 0.60294086936 0.68663348927 0.67673395882 0.58271236545 0.72087191233 0.69291231379 0.60062449586 0.72770078196 0.64179713939 0.69288298982 0.68413969654 0.76533894068 1.26021020851 -100.2116667496 0.00442721739   -2 
  58 0.00000450300 0.00085937530 -30.183248479 0.12427227980 0.01064524691 0.09653784692 0.60300357540 0.68656991532 0.67679889269 0.58275338064 0.72091953215 0.69300301564 0.60062158023 0.72777549709 0.64184009620 0.69290897277 0.68414026403 0.76541611809 1.26035582343 -100.2115916883 0.00714984430   -2 
  59 0.00000450315 0.00085900498 -29.909075979 0.12459228993 0.01064818043 0.09656171018 0.60320545366 0.68629097786 0.67695552801 0.58291994062 0.72095767304 0.69315229835 0.60058996195 0.72795583393 0.64193122786 0.69293767576 0.68406978699 0.76560586242 1.26072225730 -100.2113093666 0.00465276300   -2 
  60 0.00000450322 0.00085905373 -29.793548242 0.12472591029 0.01064943693 0.09657189318 0.60322500973 0.68628983452 0.67697481668 0.58301532172 0.72090829662 0.69309487678 0.60059062169 0.72798178662 0.64194008045 0.69292537906 0.68401237978 0.76563614297 1.26079185219 -100.2112088069 0.00742436571   -2 
  61 0.00000450336 0.00085879773 -29.551795242 0.12501995318 0.01065208589 0.09659352051 0.60316561740 0.68634884471 0.67695799483 0.58321325696 0.72075104140 0.69288099143 0.60059870496 0.72799113063 0.64193250984 0.69287886068 0.68387145425 0.76565778704 1.26086213256 -100.2110178939 0.00305074527   -2 
  62 0.00000450338 0.00085888782 -29.514343373 0.12507243142 0.01065252175 0.09659716362 0.60305667975 0.68647839876 0.67690801249 0.58322113380 0.72071778406 0.69277042864 0.60063632112 0.72794962635 0.64191409947 0.69287088204 0.68385760054 0.76561800565 1.26080442264 -100.2109620561 0.00493062142   -2 
  63 0.00000450340 0.00085883663 -29.485832844 0.12511797722 0.01065285934 0.09660005694 0.60295011366 0.68658323539 0.67685348993 0.58321597962 0.72068691263 0.69266569163 0.60067160343 0.72790438094 0.64189366549 0.69286274096 0.68384780700 0.76557442017 1.26073878362 -100.2109252745 0.00123842323   -2 
  64 0.00000450340 0.00085882823 -29.476293096 0.12513550852 0.01065298137 0.09660112806 0.60291968843 0.68661333725 0.67682866126 0.58320515485 0.72067751447 0.69261877786 0.60069140996 0.72787963199 0.64188288232 0.69286059088 0.68384825548 0.76554914598 1.26070160240 -100.2109214724 0.00155093628   -2 
  65 0.00000450341 0.00085887845 -29.466922183 0.12515512862 0.01065311797 0.09660234460 0.60290813632 0.68662959913 0.67679833446 0.58318115723 0.72067208865 0.69255786695 0.60072376799 0.72784176364 0.64186691990 0.69286037318 0.68385574736 0.76550840673 1.26064374961 -100.2109141265 0.00173429327   -2 
  66 0.00000450342 0.00085886391 -29.458661976 0.12517732851 0.01065325611 0.09660362371 0.60290875117 0.68661727639 0.67676396778 0.58314491390 0.72066769670 0.69249008112 0.60076211581 0.72779374092 0.64184611158 0.69286039840 0.68386794421 0.76545525369 1.26056961040 -100.2109051724 0.00133433908   -2 
  67 0.00000450342 0.00085890226 -29.453248843 0.12519243905 0.01065336374 0.09660460538 0.60292297378 0.68659248272 0.67674483251 0.58311518168 0.72066866665 0.69244400173 0.60079361728 0.72775645184 0.64182991888 0.69286221652 0.68388138708 0.76541129149 1.26051209343 -100.2109004402 0.00075852025   -2 
  68 0.00000450343 0.00085889436 -29.451844465 0.12519825580 0.01065341288 0.09660505530 0.60293043995 0.68656600986 0.67674271866 0.58310108981 0.72067070009 0.69243143229 0.60080639802 0.72774036007 0.64182223687 0.69286363177 0.68388987716 0.76538948879 1.26048740801 -100.2108987431 0.00073755238   -2 
  69 0.00000450343 0.00085891327 -29.450885492 0.12520257056 0.01065346744 0.09660553599 0.60293909076 0.68653599091 0.67674648586 0.58308821109 0.72067485772 0.69242535504 0.60081884641 0.72772575737 0.64181492074 0.69286611167 0.68390057290 0.76536687360 1.26046495223 -100.2108973744 0.00039247339   -2 
  70 0.00000450343 0.00085890822 -29.450955552 0.12520423020 0.01065351035 0.09660590662 0.60293725104 0.68651658787 0.67675334092 0.58308157806 0.72067795541 0.69242942606 0.60082459638 0.72771819071 0.64181017563 0.69286813000 0.68390931704 0.76535121921 1.26045287809 -100.2108967468 0.00051025712   -2 
  71 0.00000450344 0.00085892055 -29.451235997 0.12520513981 0.01065356588 0.09660637375 0.60293404106 0.68649843872 0.67676313779 0.58307550585 0.72068215555 0.69243757602 0.60083056342 0.72771079036 0.64180506606 0.69287093567 0.68392035966 0.76533314185 1.26044141198 -100.2108960591 0.00029361669   -2 
  72 0.00000450344 0.00085892495 -29.451866488 0.12520573060 0.01065364086 0.09660699720 0.60292725921 0.68648309327 0.67677378003 0.58306950633 0.72068633020 0.69244962994 0.60083617156 0.72770289524 0.64179891219 0.69287416410 0.68393400481 0.76531119289 1.26042898749 -100.2108957199 0.00031926752   -2 
  73 0.00000450344 0.00085891378 -29.452585401 0.12520494726 0.01065368701 0.09660736931 0.60292305103 0.68649240119 0.67677313985 0.58307002539 0.72068571675 0.69245628257 0.60083531044 0.72770196587 0.64179679282 0.69287493724 0.68393917564 0.76530312029 1.26042747075 -100.2108951664 0.00066462605   -2 
  74 0.00000450345 0.00085891894 -29.456119239 0.12519922906 0.01065391891 0.09660921516 0.60290989115 0.68654586657 0.67677033858 0.58307583814 0.72068367587 0.69248951957 0.60083059583 0.72770040913 0.64178812539 0.69287923686 0.68396399180 0.76526692958 1.26042483086 -100.2108927164 0.00033197719   -2 
  75 0.00000450347 0.00085892511 -29.462143384 0.12518935274 0.01065429297 0.09661219775 0.60292683825 0.68657609865 0.67676506224 0.58308683833 0.72068059924 0.69252329765 0.60082165991 0.72770336720 0.64177963102 0.69288376886 0.68399284873 0.76522663249 1.26042846344 -100.2108909314 0.00093799045   -2 
  76 0.00000450348 0.00085890320 -29.467723203 0.12518099683 0.01065463181 0.09661490813 0.60294151953 0.68659206605 0.67676014636 0.58309562482 0.72067744151 0.69254914280 0.60081348865 0.72770596920 0.64177248825 0.69288708179 0.68401648167 0.76519298587 1.26043113169 -100.2108893031 0.00063465649   -2 
  77 0.00000450349 0.00085892636 -29.469529010 0.12517795143 0.01065474127 0.09661577698 0.60294591112 0.68656720086 0.67676518227 0.58309635401 0.72067979657 0.69254260113 0.60081365723 0.72770846551 0.64177411156 0.69288720517 0.68401612313 0.76519505452 1.26043423451 -100.2108872597 0.00111663745   -2 
  78 0.00000450350 0.00085892291 -29.475595462 0.12516998531 0.01065509008 0.09661857515 0.60294966709 0.68647210958 0.67677939816 0.58309446524 0.72068549903 0.69251090407 0.60081402031 0.72771479352 0.64177984070 0.69288526212 0.68400867541 0.76520748534 1.26044095546 -100.2108818187 0.00043376988   -2 
  79 0.00000450351 0.00085893272 -29.480132975 0.12516448876 0.01065534294 0.09662060670 0.60290107752 0.68653139646 0.67676338388 0.58307526420 0.72067691997 0.69245949046 0.60081429947 0.72770736501 0.64178445193 0.69287282383 0.68397337281 0.76524181836 1.26042585015 -100.2108770811 0.00037354479   -2 
  80 0.00000450352 0.00085894897 -29.482061148 0.12516168722 0.01065545355 0.09662148860 0.60291119630 0.68653581538 0.67675702117 0.58306857864 0.72067164399 0.69244433841 0.60081305442 0.72770215612 0.64178449686 0.69286650262 0.68395762035 0.76525436274 1.26041577031 -100.2108760174 0.00091895786   -2 
  81 0.00000450353 0.00085894184 -29.488846018 0.12515323599 0.01065583144 0.09662452210 0.60294722716 0.68653760290 0.67673375150 0.58304539759 0.72065146246 0.69239498436 0.60080714924 0.72768248946 0.64178279374 0.69284377237 0.68390342296 0.76529433506 1.26037819508 -100.2108723787 0.00039932936   -2 
  82 0.00000450355 0.00085894497 -29.495773873 0.12514344205 0.01065622356 0.09662765349 0.60296519302 0.68652368515 0.67672015500 0.58302929153 0.72063510201 0.69236054282 0.60080057450 0.72766421505 0.64177926310 0.69282271322 0.68385478764 0.76532656580 1.26034362473 -100.2108711693 0.00069555056   -2 
  83 0.00000450356 0.00085897238 -29.501560025 0.12513395422 0.01065655888 0.09663031471 0.60296345817 0.68650744440 0.67671645116 0.58302168968 0.72062533136 0.69234352067 0.60079495630 0.72765097014 0.64177521386 0.69280721787 0.68382015361 0.76534660095 1.26031813403 -100.2108693760 0.00110867783   -2 
  84 0.00000450356 0.00085897238 -29.501560025 0.12513395422 0.01065655888 0.09663031471 0.60296345817 0.68650744440 0.67671645116 0.58302168968 0.72062533136 0.69234352067 0.60079495630 0.72765097014 0.64177521386 0.69280721787 0.68382015361 0.76534660095 1.26031813403 -100.2108693760 0.00110867783   -5 
  85 0.00000450356 0.00085895414 -29.501701572 0.12513396268 0.01065656475 0.09663036408 0.60295589788 0.68650521945 0.67671743898 0.58302281049 0.72062565914 0.69234667657 0.60079432746 0.72765098632 0.64177428668 0.69280740207 0.68382178382 0.76534355855 1.26031818491 -100.2108678845 0.00066002389   -2 
  86 0.00000450357 0.00085896333 -29.502779094 0.12512944379 0.01065664112 0.09663093365 0.60289331498 0.68649411292 0.67673722959 0.58304060317 0.72063583161 0.69238712782 0.60079071294 0.72765551851 0.64176692241 0.69281260346 0.68384300052 0.76531232191 1.26032505186 -100.2108632792 0.00033125595   -2 
  87 0.00000450357 0.00085897070 -29.503845592 0.12512591333 0.01065671255 0.09663147726 0.60288100587 0.68648641569 0.67674496370 0.58305060952 0.72064039590 0.69241439096 0.60078668616 0.72765739004 0.64175980970 0.69281558297 0.68385937016 0.76528526558 1.26032763851 -100.2108624696 0.00063182931   -2 
  88 0.00000450357 0.00085895682 -29.505075004 0.12512280206 0.01065678906 0.09663206975 0.60287692239 0.68647851503 0.67674938832 0.58305871892 0.72064323898 0.69243941476 0.60078197864 0.72765830883 0.64175198289 0.69281793484 0.68387545296 0.76525693659 1.26032847823 -100.2108615392 0.00053738690   -2 
  89 0.00000450358 0.00085896119 -29.507959057 0.12511548013 0.01065697138 0.09663348536 0.60289854827 0.68647035265 0.67675261803 0.58307158596 0.72064687621 0.69248485044 0.60077207791 0.72765935083 0.64173535272 0.69282228899 0.68390882952 0.76519676052 1.26032897942 -100.2108597899 0.00059309275   -2 
  90 0.00000450358 0.00085894878 -29.508451859 0.12511496989 0.01065699799 0.09663370074 0.60290388184 0.68647178974 0.67675044116 0.58307074411 0.72064589155 0.69248553257 0.60077096606 0.72765878144 0.64173355983 0.69282218262 0.68391147281 0.76519080757 1.26032767031 -100.2108592157 0.00045387054   -2 
  91 0.00000450359 0.00085894930 -29.511267400 0.12511158308  0.0106571573 0.09663498133 0.60294559914 0.68649737352 0.67673464133 0.58305883349 0.72063879082 0.69246865510 0.60076841135 0.72765553940 0.64172812321 0.69282064775 0.68391887329 0.76517105013 1.26031941628 -100.2108571860 0.00031639034   -2 
  92 0.00000450360 0.00085895703 -29.517438626 0.12510574618 0.01065749797 0.09663774451 0.60289882234 0.68652350097 0.67672736582 0.58303377086 0.72063061544 0.69240060929 0.60077483100 0.72765133402 0.64173289182 0.69281569529 0.68390952625 0.76517801423 1.26030623431 -100.2108537313 0.00069441936   -2 
  93 0.00000450361 0.00085897239 -29.518773615 0.12510407977 0.01065757482 0.09663836204 0.60289290799 0.68652566344 0.67672668057 0.58302947088 0.72062920138 0.69238775901 0.60077615679 0.72765045341 0.64173402034 0.69281456811 0.68390707173 0.76518023560 1.26030367255 -100.2108530710 0.00043547201   -2 
  94 0.00000450365 0.00085900296 -29.535331852 0.12508476132 0.01065851818 0.09664595290 0.60290980340 0.68642656096 0.67671706627 0.58299841840 0.72060523307 0.69228508613 0.60077899699 0.72762952364 0.64173976585 0.69279187357 0.68386168770 0.76521242992 1.26025914904 -100.2108467239 0.00049855503   -2 
  95 0.00000450364 0.00085898678 -29.533430554 0.12508640962 0.01065841365 0.09664510503 0.60290423014 0.68645068804 0.67671637413 0.58300574160 0.72060765472 0.69231038753 0.60077555815 0.72763064649 0.64173637557 0.69279353576 0.68386679429 0.76520521961 1.26026285048 -100.2108458502 0.00062106465   -2 
  96 0.00000450364 0.00085899115 -29.532120412 0.12508671803 0.01065834783 0.09664456030 0.60290148836 0.68647315601 0.67671617296 0.58301322487 0.72060986567 0.69233503278 0.60077197489 0.72763120246 0.64173297603 0.69279445496 0.68387039302 0.76519894718 1.26026555237 -100.2108450861 0.00029397062   -2 
  97 0.00000450364 0.00085897892 -29.531793485 0.12508591327 0.01065833807 0.09664446524 0.60290237350 0.68648630006 0.67671525345 0.58302050912 0.72061056431 0.69236001514 0.60076692566 0.72762985075 0.64172840413 0.69279349293 0.68387108814 0.76519288943 1.26026507082 -100.2108446230 0.00041779262   -2 
  98 0.00000450364 0.00085898105 -29.531642379 0.12508451759 0.01065834152 0.09664447105 0.60290577058 0.68649685437 0.67671533224 0.58302796577 0.72061164104 0.69238468241 0.60076204904 0.72762859867 0.64172397685 0.69279246298 0.68387142918 0.76518723073 1.26026467442 -100.2108442389 0.00022865536   -2 
  99 0.00000450364 0.00085897041 -29.532122600 0.12508242045 0.01065838193 0.09664477285 0.60291239736 0.68649468783 0.67671671295 0.58303509412 0.72061261089 0.69240937515 0.60075634871 0.72762662085 0.64171864020 0.69279045643 0.68387025787 0.76518126068 1.26026305213 -100.2108376158 0.00039340561   -2 
 100 0.00000450364 0.00085897413 -29.532678201 0.12508007963 0.01065842818 0.09664511953 0.60291910190 0.68649121823 0.67671897347 0.58304131601 0.72061398265 0.69243034477 0.60075162584 0.72762515887 0.64171411154 0.69278875547 0.68386913042 0.76517628466 1.26026186301 -100.2108373019 0.00022161818   -2 
 101 0.00000450364 0.00085896715 -29.533358965 0.12507909672 0.01065847027 0.09664545664 0.60291671754 0.68648519066 0.67672021628 0.58304061360 0.72061427722 0.69242974893 0.60075095712 0.72762483242 0.64171305929 0.69278793324 0.68386798377 0.76517538038 1.26026021186 -100.2108370238 0.00046506915   -2 
 102 0.00000450367 0.00085898883 -29.542662227 0.12506351139 0.01065906347 0.09665017944 0.60288956558 0.68641338419 0.67674047587 0.58302959852 0.72062082285 0.69241086003 0.60074603271 0.72762316375 0.64170226042 0.69277881711 0.68385368142 0.76516657454 1.26024207251 -100.2108329646 0.00046498321   -2 
 103 0.00000450377 0.00085907051 -29.582786593 0.12500207613 0.01066160307 0.09667043219 0.60289941935 0.68644206132 0.67668758553 0.58296058767 0.72058169068 0.69228082998 0.60071693820 0.72758693417 0.64165509193 0.69272790778 0.68378580028 0.76512339682 1.26013928642 -100.2108195560 0.00320841528   -2 
 104 0.00000450393 0.00085906997 -29.643488855 0.12491245539 0.01066541597 0.09670087828 0.60290384597 0.68647909984 0.67660172421 0.58285692425 0.72051685255 0.69208772379 0.60067040790 0.72752824678 0.64158249461 0.69264917952 0.68368262338 0.76505568334 1.25997995738 -100.2107965592 0.00092349300   -2 
 105 0.00000450393 0.00085906997 -29.643488855 0.12491245539 0.01066541597 0.09670087828 0.60290384597 0.68647909984 0.67660172421 0.58285692425 0.72051685255 0.69208772379 0.60067040790 0.72752824678 0.64158249461 0.69264917952 0.68368262338 0.76505568334 1.25997995738 -100.2107965592           NAN   -8 
 106 0.00000450393 0.00085909711 -29.643623295 0.12491105027 0.01066543725 0.09670103234 0.60289414296 0.68646055202 0.67661105798 0.58287214423 0.72051495559 0.69211324244 0.60066838864 0.72752444217 0.64158321448 0.69264902978 0.68368531818 0.76505284082 1.25998024649 -100.2107932978 0.00150472609   -2 
 107 0.00000450393 0.00085908263 -29.644498278 0.12490809245 0.01066551914 0.09670166345 0.60284930278 0.68638284676 0.67664106833 0.58292842646 0.72050320664 0.69221096052 0.60065806880 0.72750637955 0.64158409349 0.69264630258 0.68369423930 0.76503929729 1.25997662508 -100.2107836407 0.00035855692   -2 
 108 0.00000450394 0.00085907487 -29.645653616 0.12490623147 0.01066562017 0.09670246770 0.60289164467 0.68641371151 0.67663020802 0.58294332528 0.72049197992 0.69225812509 0.60064710054 0.72748927698 0.64158150409 0.69264039813 0.68369881912 0.76502417977 1.25996687464 -100.2107812474 0.00027461483   -2 
 109 0.00000450394 0.00085906903 -29.645838631 0.12490607278 0.01066563487 0.09670258606 0.60289136836 0.68641562180 0.67663002161 0.58294448423 0.72049155671 0.69226223901 0.60064619229 0.72748784056 0.64158138638 0.69263993188 0.68369947108 0.76502259560 1.25996600916 -100.2107811214 0.00025198406   -2 
 110 0.00000450394 0.00085907132 -29.647723944 0.12490298317 0.01066580004 0.09670389955 0.60287348463 0.68643122197 0.67663655172 0.58295538957 0.72049392085 0.69229856075 0.60064027898 0.72747784532 0.64158221085 0.69263749040 0.68370778877 0.76500919772 1.25996281632 -100.2107802750 0.00016645732   -2 
 111 0.00000450397 0.00085907056 -29.655172351 0.12489351254 0.01066644267 0.09670903206 0.60288020713 0.68638891734 0.67665406745 0.58296010753 0.72050947022 0.69233557293 0.60063360840 0.72746590637 0.64158656979 0.69263457653 0.68372966336 0.76497944658 1.25996286429 -100.2107786882 0.00041750313   -2 
 112 0.00000450397 0.00085907787 -29.654875756 0.12489374773 0.01066641944 0.09670884499 0.60288055835 0.68639444649 0.67665205008 0.58295925390 0.72050815185 0.69233114205 0.60063430908 0.72746712759 0.64158627131 0.69263481219 0.68372811492 0.76498157939 1.25996291269 -100.2107784366 0.00031889650   -2 
 113 0.00000450397 0.00085907324 -29.654500071 0.12489462872 0.01066638986 0.09670861581 0.60287977551 0.68642343015 0.67663756398 0.58295191564 0.72049933247 0.69230306681 0.60063724586 0.72747271153 0.64158395378 0.69263506610 0.68372007398 0.76499017729 1.25996103278 -100.2107776454 0.00017697424   -2 
 114 0.00000450397 0.00085907758 -29.654598274 0.12489441015 0.01066640038 0.09670869970 0.60288029488 0.68642335628 0.67663715981 0.58295131982 0.72049885653 0.69230032631 0.60063762974 0.72747338120 0.64158377699 0.69263513625 0.68371937129 0.76499098098 1.25996120388 -100.2107775749 0.00020739975   -2 
 115 0.00000450398 0.00085908248 -29.657397902 0.12489090809 0.01066666600 0.09671083815 0.60288400723 0.68640501722 0.67662781469 0.58293679710 0.72048699567 0.69224112325 0.60064411334 0.72748542095 0.64157865372 0.69263510706 0.68370315470 0.76500611018 1.25995982719 -100.2107765938 0.00016422734   -2 
 116 0.00000450400 0.00085910113 -29.663141767 0.12488136577 0.01066722653 0.09671530636 0.60285250233 0.68640525067 0.67662589979 0.58292831929 0.72047703594 0.69221107543 0.60064267569 0.72748566749 0.64156827461 0.69262909480 0.68368079036 0.76501429662 1.25993747016 -100.2107754107 0.00059321976   -2 
 117 0.00000450401 0.00085909479 -29.665771721 0.12487734375 0.01066747925 0.09671732530 0.60284096263 0.68640421058 0.67662408886 0.58292457878 0.72047231316 0.69220017272 0.60064110157 0.72748438487 0.64156333232 0.69262580244 0.68367101178 0.76501662266 1.25992661024 -100.2107748587 0.00039091722   -2 
 118 0.00000450437 0.00085918964 -29.751210822 0.12473747679 0.01067580325 0.09678363974 0.60288333789 0.68634831843 0.67654246838 0.58284508990 0.72034529960 0.69209436612 0.60053743380 0.72735740690 0.64140404405 0.69249190105 0.68340336517 0.76499503184 1.25958983255 -100.2107518541 0.00207223636   -2 
 119 0.00000450439 0.00085916134 -29.756085209 0.12473042004 0.01067626805 0.09678735444 0.60287865981 0.68634319920 0.67653713872 0.58284067172 0.72033882147 0.69209016983 0.60053098839 0.72734920240 0.64139586417 0.69248400019 0.68339126747 0.76499013900 1.25957235450 -100.2107475541 0.00062361279   -2 
 120 0.00000450443 0.00085917938 -29.766467749 0.12471434913 0.01067728393 0.09679546491 0.60279573847 0.68634084158 0.67654265664 0.58284842933 0.72035680743 0.69212289117 0.60051811186 0.72732816526 0.64140133457 0.69247078479 0.68342463664 0.76492686301 1.25958542588 -100.2107405603 0.00046788596   -2 
 121 0.00000450445 0.00085919958 -29.771375458 0.12470816249 0.01067777247 0.09679937992 0.60281870350 0.68633328199 0.67654035517 0.58285173377 0.72036714041 0.69214392938 0.60051136479 0.72731577470 0.64141263185 0.69246499024 0.68346744180 0.76487064934 1.25960644705 -100.2107376313 0.00136179153   -2 
 122 0.00000450448 0.00085917874 -29.778319463 0.12470082591 0.01067845063 0.09680483246 0.60285092108 0.68632063950 0.67653485747 0.58285480246 0.72037938590 0.69217126475 0.60050146284 0.72729791087 0.64142831397 0.69245647648 0.68352834368 0.76479024198 1.25963491043 -100.2107336443 0.00021601842   -2 
 123 0.00000450449 0.00085917331 -29.780954741 0.12469919314 0.01067873063 0.09680709559 0.60284002454 0.68634690024 0.67654065186 0.58285360816 0.72037269909 0.69216179961 0.60050491034 0.72730280247 0.64143472078 0.69245883182 0.68354958408 0.76477278543 1.25964131891 -100.2107328339 0.00048458078   -2 
 124 0.00000450450 0.00085918125 -29.781921492 0.12469840438 0.01067883826 0.09680796321 0.60283713706 0.68635655575 0.67654335392 0.58285338788 0.72037025765 0.69215780754 0.60050668205 0.72730535259 0.64143715323 0.69246013407 0.68355717223 0.76476746612 1.25964371999 -100.2107325389 0.00014975468   -2 
 125 0.00000450451 0.00085918424 -29.784980365 0.12469723000 0.01067922557 0.09681112335 0.60285356885 0.68633640208 0.67654883513 0.58285207981 0.72035938906 0.69213125391 0.60051882872 0.72732441392 0.64143940431 0.69247042512 0.68356106562 0.76478390548 1.25963706368 -100.2107317657 0.00014194361   -2 
 126 0.00000450452 0.00085919058 -29.785564593 0.12469629499 0.01067932712 0.09681193777 0.60284192639 0.68634254826 0.67654636865 0.58285291348 0.72036239533 0.69213357913 0.60051951338 0.72732529172 0.64143834058 0.69247172291 0.68355668878 0.76479152311 1.25963293147 -100.2107315169 0.00030679847   -2 
 127 0.00000450452 0.00085918692 -29.785943774 0.12469585573 0.01067939096 0.09681245182 0.60283502829 0.68634563316 0.67654439113 0.58285317897 0.72036405536 0.69213510426 0.60051963022 0.72732540595 0.64143746682 0.69247226609 0.68355364884 0.76479608929 1.25963006678 -100.2107313814 0.00010417856   -2 
 128 0.00000450454 0.00085918111 -29.788055909 0.12469262877 0.01067979522 0.09681569611 0.60284654469 0.68634613214 0.67653383399 0.58285236350 0.72037108373 0.69214802431 0.60051535348 0.72731857542 0.64143018790 0.69247106853 0.68353223229 0.76481924018 1.25961825798 -100.2107309620 0.00034071220   -2 
 129 0.00000450454 0.00085918607 -29.788748837 0.12469139525 0.01067993214 0.09681679287 0.60285037342 0.68634642316 0.67653139707 0.58285226714 0.72037325648 0.69215207434 0.60051406024 0.72731649033 0.64142797379 0.69247070195 0.68352551840 0.76482648977 1.25961491134 -100.2107308180 0.00011764330   -2 
 130 0.00000450459 0.00085919359 -29.793976513 0.12468292818 0.01068097768 0.09682516211 0.60283241133 0.68633447716 0.67655369965 0.58285109714 0.72036700677 0.69215471365 0.60050680895 0.72730586635 0.64141872111 0.69246443879 0.68349771039 0.76484636306 1.25960837897 -100.2107300833 0.00025853639   -2 
 131 0.00000450460 0.00085918907 -29.794775879 0.12468183282 0.01068113512 0.09682642538 0.60283123701 0.68633314857 0.67655507468 0.58285052205 0.72036533879 0.69215376594 0.60050573767 0.72730441155 0.64141750968 0.69246328342 0.68349463322 0.76484745340 1.25960745741 -100.2107299716 0.00023986034   -2 
 132 0.00000450460 0.00085918907 -29.794775879 0.12468183282 0.01068113512 0.09682642538 0.60283123701 0.68633314857 0.67655507468 0.58285052205 0.72036533879 0.69215376594 0.60050573767 0.72730441155 0.64141750968 0.69246328342 0.68349463322 0.76484745340 1.25960745741 -100.2107299716           NAN   -8 
 133 0.00000450460 0.00085919389 -29.794806143 0.12468172354 0.01068114452 0.09682650001 0.60283382171 0.68633436970 0.67655330690 0.58285035770 0.72036488449 0.69215258030 0.60050589651 0.72730473688 0.64141781426 0.69246316757 0.68349586372 0.76484563718 1.25960761918 -100.2107298616 0.00024361353   -2 
 134 0.00000450460 0.00085918992 -29.795181127 0.12468173865 0.01068122364 0.09682714485 0.60285039148 0.68634140504 0.67653708121 0.58284787548 0.72035977612 0.69214162082 0.60050653448 0.72730653827 0.64141973216 0.69246152666 0.68350558593 0.76482952406 1.25960696887 -100.2107293867 0.00011402173   -2 
 135 0.00000450461 0.00085919687 -29.795771158 0.12468104498 0.01068135910 0.09682824398 0.60284658553 0.68634524892 0.67652895288 0.58284651783 0.72035620709 0.69213066529 0.60050801545 0.72730954106 0.64142283405 0.69245996258 0.68351950286 0.76480813780 1.25960799170 -100.2107291624 0.00031064709   -2 
 136 0.00000450461 0.00085919407 -29.796233973 0.12468065902 0.01068146081 0.09682907153 0.60284245897 0.68634666466 0.67652377837 0.58284538720 0.72035354621 0.69212296771 0.60050888624 0.72731141721 0.64142487961 0.69245869686 0.68352931263 0.76479267313 1.25960837416 -100.2107290106 0.00010399153   -2 
 137 0.00000450462 0.00085919709 -29.797234634 0.12467903084 0.01068169711 0.09683097528 0.60283328347 0.68633394533 0.67653296857 0.58284427795 0.72035231917 0.69211910865 0.60050856624 0.72731152107 0.64142617827 0.69245614828 0.68354067295 0.76477242651 1.25961103991 -100.2107287867 0.00009398071    0 
-- Found new optimum with likelihood -100.210728786723593 and gradient 0.00009

---- Best joint likelihood found -100.210728786723593 with gradient 0.00009

---- Results for /scratch/40841108/tmp80bdystm 
--  Model: C
--        eps_an     theta_bar             a 
-- 0.00000450462 0.00085919709            -1 
--           S_d             b           p_b           S_b 
-- -29.797234634 0.12467903084 0.01068169711 0.09683097528 
--           r 2           r 3           r 4           r 5           r 6           r 7           r 8           r 9          r 10          r 11          r 12          r 13          r 14 
-- 0.60283328347 0.68633394533 0.67653296857 0.58284427795 0.72035231917 0.69211910865 0.60050856624 0.72731152107 0.64142617827 0.69245614828 0.68354067295 0.76477242651 1.25961103991 

---- Expected P_neut(i), 0 < i < n (neutral SFS per site) 
E[P_neut(1)] = 0.0008591936
E[P_neut(2)] = 0.0002589754
E[P_neut(3)] = 0.0001965647
E[P_neut(4)] = 0.0001453184
E[P_neut(5)] = 0.0001001554
E[P_neut(6)] = 0.0001031540
E[P_neut(7)] = 0.0000849523
E[P_neut(8)] = 0.0000644945
E[P_neut(9)] = 0.0000694339
E[P_neut(10)] = 0.0000551114
E[P_neut(11)] = 0.0000540873
E[P_neut(12)] = 0.0000489420
E[P_neut(13)] = 0.0000505463
E[P_neut(14)] = 0.0000773074

---- Expected P_sel(i), 0 < i < n (selected SFS per site) 
E[P_sel(1)] = 0.0006548588
E[P_sel(2)] = 0.0001789965
E[P_sel(3)] = 0.0001289578
E[P_sel(4)] = 0.0000921121
E[P_sel(5)] = 0.0000618902
E[P_sel(6)] = 0.0000624743
E[P_sel(7)] = 0.0000506034
E[P_sel(8)] = 0.0000378777
E[P_sel(9)] = 0.0000402800
E[P_sel(10)] = 0.0000316248
E[P_sel(11)] = 0.0000307351
E[P_sel(12)] = 0.0000275657
E[P_sel(13)] = 0.0000282390
E[P_sel(14)] = 0.0000428680

---- alpha_dfe = 0.020500

