---- Running command
---- ./polyDFE -d /scratch/38995625/tmpxbgtp12u -m C -i /scratch/38995625/tmpqnzy9xe2 1 -v 1 
---- Performing inference using model C

---- Performing inference on /scratch/38995625/tmpxbgtp12u
----      with -i /scratch/38995625/tmpqnzy9xe2 1
---- Data /scratch/38995625/tmpxbgtp12u does not contain divergence counts. Using option -w.
---- No mutation variability. Using Poisson likelihood.


---- Using provided initial values

-- Starting local optimization
-- Optimizing all parameters
  it     theta_bar           S_d             b           r 2           r 3           r 4           r 5           r 6           r 7           r 8           r 9          r 10          r 11          r 12          r 13          r 14          r 15          r 16          r 17          r 18          r 19           ln lk          grad status 
   0  0.0008889703 -275.47030000     0.3631272      1.108895      1.085894       1.17146       1.22055     0.9183284      1.078414     0.8619392      1.201028      1.044525     0.9376269     0.9625282      1.367893       1.02253       1.02738     0.9952897      1.232454      1.175055      1.245369 -161.1786369320 0.85706058118   -2 
   1 0.00088195784 -276.54334431 0.36855050432 1.10848705272 1.08851436049 1.16954329756 1.22120835210 0.91921248076 1.07561281686 0.86009339515 1.20428658993 1.04062162183 0.93654931426 0.96362945066 1.36884459414 1.02041650292 1.02795925362 0.99378413718 1.23355994945 1.17334775832 1.24358829015 -160.3113320773 0.62090905616   -2 
   2 0.00090177076 -277.94201641 0.38033806009 1.11502950946 1.10593939301 1.16475451812 1.22790929100 0.92525307234 1.06411107036 0.85229119256 1.22201762871 1.02301652404 0.93222509273 0.96991614990 1.37498635867 1.01094586441 1.03157677127 0.98710731738 1.23991842575 1.16580175340 1.23571401105 -158.8408584659 0.42602340085   -2 
   3 0.00090578644 -274.05784098 0.37443053685 1.11945966589 1.13066902331 1.15654613419 1.23907157083 0.93636958965 1.04253263367 0.83708671829 1.25638024632 0.98889501143 0.92347249079 0.98245171988 1.38689816776 0.99183997273 1.03876633356 0.97343817013 1.25265879194 1.15031766969 1.21953177701 -157.4207513195 1.04569110306   -2 
   4 0.00088545780 -270.45371382 0.37192065971  1.1204520185 1.15703114220 1.14542474609 1.25118964282 0.94953872691 1.01572940307 0.81801063024 1.29953732076 0.94706448393 0.91220464426 0.99815115072 1.40143622210 0.96779819374 1.04765749525 0.95606442409 1.26862522066 1.13060753194 1.19892143234 -155.6141930359 0.28169009467   -2 
   5 0.00088066908 -269.12487052 0.37321648873 1.12103537131 1.16412820078 1.14249860634 1.25639404532 0.95570574330 1.00430124071 0.80925564069 1.32026578998 0.92751628695 0.90685488675 1.00627496095 1.40893155575 0.95596240072 1.05239853622 0.94737745542 1.27704769806 1.12075406243 1.18860276600 -155.4173049093 0.41174991857   -2 
   6 0.00088994035 -267.55327338 0.37533653508 1.12311132446 1.16559310676 1.14293711285 1.26167779727 0.96235381723 0.99394204346 0.80037914288 1.34259808884 0.90687976357 0.90124214271 1.01593727362 1.41790750960 0.94275811484 1.05826521804 0.93753837562 1.28728814170 1.10960347750 1.17690676040 -155.0552498886 0.30651095833   -2 
   7 0.00089039024 -266.93545148 0.37935606074 1.12238292413 1.15877772047 1.14521696650 1.26319378267 0.96575217868 0.98881587834 0.79496431090 1.35552925572 0.89371939844 0.89751669418 1.02263669931 1.42392277609 0.93354503280 1.06249803554 0.93048817292 1.29465459161 1.10161344295 1.16850645116 -154.8543844391 0.22080763856   -2 
   8 0.00089705676 -265.45097772 0.38039953628 1.12082888224 1.14427045156 1.15087021463 1.26229904331 0.96747812546 0.98750271177 0.79119270546 1.36394449127 0.88304279694 0.89443549186 1.02917671841 1.42962447420 0.92476466227 1.06697312709 0.92349400197 1.30229525793 1.09369671316 1.16015092431 -154.6874037834 0.26404584787   -2 
   9 0.00089485722 -263.99500239 0.38138035920 1.11706345199 1.12745748873 1.15640591502 1.25935160110 0.96770114718 0.98784984022 0.78828175576 1.36877247269 0.87408178493 0.89165646729 1.03502333977 1.43441198064 0.91650519016 1.07114750332 0.91672714085 1.30944839046 1.08603312424 1.15204457715 -154.5417460550 0.17195094932   -2 
  10 0.00089596825 -262.59286567 0.37973913489 1.11470279245 1.11867333190 1.15939896974 1.25626536770 0.96653398396 0.98994550753 0.78760454057 1.36805155561 0.87067269771 0.89044819808 1.03782465693 1.43643245103 0.91219610468 1.07340189509 0.91297973915 1.31327862314 1.08179241298 1.14753648854 -154.4705547635 0.13980164149   -2 
  11 0.00089320329 -261.77671951 0.37930170089 1.11238818773 1.11399153073 1.16034546002 1.25295986902 0.96462284780 0.99239013331 0.78775178305 1.36478376465 0.86957276932 0.88982547371 1.03910132066 1.43698907664 0.90957284295 1.07466386150 0.91051779492 1.31544711854 1.07900593702 1.14455832008 -154.4308201024 0.12402236188   -2 
  12 0.00089538057 -259.71003279 0.37832058755 1.10850889403 1.10823072214 1.16088561870 1.24396436563 0.95834437825 1.00049224183 0.78955268337 1.35197458140 0.86968407574 0.88893510118 1.04100938766 1.43692055341 0.90409749672 1.07727391797 0.90493292644 1.31991070123 1.07269214276 1.13777082689 -154.3514513515 0.17604306532   -2 
  13 0.00089450003 -258.26634189 0.37964535032 1.10497413308 1.10479898568 1.15992621415 1.23536819706 0.95188785710 1.00825916723 0.79155084076 1.33841496447 0.87062995763 0.88818725844 1.04216398948 1.43606248777 0.89921113301 1.07939601752 0.89976122372 1.32360080493 1.06684229886 1.13146858763 -154.2814009828 0.14891987804   -2 
  14 0.00089904463 -257.12480150 0.38110267710 1.10387424844 1.10501566439 1.15812168920 1.22936233559 0.94660048993 1.01449011907 0.79351448703 1.32661838693 0.87231159825 0.88775311787 1.04252500820 1.43472437495 0.89557763413 1.08084095680 0.89568550940 1.32614489721 1.06223378052 1.12648570515 -154.2291243074 0.09851542400   -2 
  15 0.00089820421 -256.99658029 0.38204179383 1.10408590737 1.10665489494 1.15657938581 1.22876047648 0.94537686600 1.01533856454 0.79405039335 1.32346353603 0.87325381797 0.88769045195 1.04202921786 1.43375513385 0.89495074256 1.08083077984 0.89479644806 1.32620851625 1.06122688323 1.12538419914 -154.2110630337 0.09485319822   -2 
  16 0.00090030651 -256.38148735 0.38302806422 1.10644446187 1.11373828018 1.15172346657 1.22936736690 0.94282070067 1.01643629903 0.79559230891 1.31565528210 0.87662623779 0.88772536868 1.03993182109 1.43048157673 0.89393198357 1.08028936060 0.89284013522 1.32553876957 1.05901289534 1.12293210313 -154.1746851967 0.07072453091   -2 
  17 0.00089808888 -255.93322961 0.38277219522 1.10723547353 1.11745156831 1.14892205302 1.23087679739 0.94189492750 1.01603382876 0.79641836579 1.31187537630 0.87900188728 0.88781658160 1.03815251852 1.42809353250 0.89375590166 1.07955624311 0.89196252494 1.32448999817 1.05801863171 1.12180761719 -154.1577120405 0.07861770272   -2 
  18 0.00089818160 -255.59796427 0.38217231484 1.10774512486 1.11926584887 1.14774587088 1.23217295524 0.94166990638 1.01556747286 0.79689024313 1.31019003723 0.88048087116 0.88792885819 1.03704303044 1.42670975584 0.89382227738 1.07905623296 0.89158267809 1.32374819470 1.05758976530 1.12130999481 -154.1493249884 0.03568955247   -2 
  19 0.00089646222 -255.21544378 0.38186651819 1.10723332188 1.11934798686 1.14748833478 1.23684509644 0.94277942578 1.01276450117 0.79779108761 1.30907594864 0.88448614710 0.88842619715 1.03372418073 1.42315433310 0.89492041033 1.07723536401 0.89135227021 1.32094416720 1.05733723064 1.12092452667 -154.1367816322 0.07027720856   -2 
  20 0.00089723720 -254.96412360 0.38167883585 1.10713709055 1.11916436356 1.14774653973 1.23997901368 0.94371830608 1.01087240227 0.79839406857 1.30873291791 0.88721302681 0.88881052402 1.03150951731 1.42086260141 0.89577384025 1.07599534165 0.89128852180 1.31901953679 1.05727275017 1.12077540008 -154.1289262467 0.04924215626   -2 
  21 0.00089763021 -254.92338312 0.38246546539 1.10694312019 1.11817485719 1.14852541734 1.24274678171 0.94492229448 1.00877072692 0.79896404920 1.30900407541 0.89014025792 0.88926417815 1.02907484091 1.41848081557 0.89688191325 1.07455397077 0.89135383083 1.31677277147 1.05735694017 1.12077343887 -154.1204029915 0.02331421359   -2 
  22 0.00089811570 -254.89890257 0.38268382657 1.10696427524 1.11771361297 1.14896851314 1.24337445031 0.94539124570 1.00809977012 0.79913587911 1.30934626317 0.89112601102 0.88944146956 1.02824968193 1.41773773223 0.89733633028 1.07403479909 0.89143090352 1.31595750098 1.05744869758 1.12083762154 -154.1194667559 0.01889808529   -2 
  23 0.00089759852 -254.81213834 0.38272399398 1.10714675135 1.11548707780 1.15108178320 1.24044332058 0.94657339273 1.00742769745 0.79908337508 1.31244879498 0.89251262678 0.88991526876 1.02684193600 1.41714536712 0.89889783029 1.07277698707 0.89212145981 1.31394276757 1.05824610495 1.12160503016 -154.1143685890 0.03748285242   -2 
  24 0.00089798988 -254.76129460 0.38261727923 1.10726343138 1.11503068469 1.15165075852 1.23958945398 0.94689695757 1.00731000550 0.79905932173 1.31338073617 0.89285655914 0.89005503471 1.02649249169 1.41705167315 0.89935650396 1.07243834766 0.89234073264 1.31339609523 1.05849919792 1.12185171180 -154.1130112470 0.01079637116   -2 
  25 0.00089786175 -254.73909813 0.38266910618 1.10685594991 1.11643716730 1.15134445892 1.23684892850 0.94707690156 1.00797239712 0.79865920400 1.31608372103 0.89269318584 0.89035071780 1.02627358608 1.41781181282 0.90070903493 1.07170811289 0.89322585418 1.31219813817 1.05951494066 1.12288233018 -154.1109237213 0.00943314512   -2 
  26 0.00089798432 -254.73028557 0.38264267160 1.10689698502 1.11653185294 1.15128724728 1.23679667783 0.94706423213 1.00804820391 0.79862826645 1.31622673979 0.89264436682 0.89036896339 1.02629330860 1.41790200620 0.90080452820 1.07167212246 0.89329953183 1.31213697913 1.05959933598 1.12296933121 -154.1108141436 0.00764088407   -2 
  27 0.00089771430 -254.70641356 0.38266680281 1.10756967019 1.11724474601 1.15009488163 1.23740454357 0.94657686654 1.00913309771 0.79818620169 1.31733647989 0.89165109770 0.89051976428 1.02682504664 1.41925552783 0.90191859558 1.07135160226 0.89426845633 1.31158176900 1.06070665596 1.12412192898 -154.1098979967 0.00532977453   -2 
  28 0.00089782920 -254.70303151 0.38265268715 1.10740882380 1.11704193658 1.15040638502 1.23746941499 0.94665423545 1.00898822490 0.79826036401 1.31710264596 0.89175997315 0.89050260297 1.02680076288 1.41911066221 0.90177795670 1.07142077161 0.89416459413 1.31169389850 1.06058786462 1.12400009344 -154.1098167248 0.00672557090   -2 
  29 0.00089776999 -254.70565401 0.38267464128 1.10723127485 1.11681329113 1.15070760627 1.23759786403 0.94671155945 1.00887398653 0.79832220681 1.31686211533 0.89182189068 0.89048812594 1.02681025771 1.41901954547 0.90167377406 1.07148795358 0.89410054364 1.31180085051 1.06051441855 1.12392623785 -154.1097395818 0.00391654441   -2 
  30 0.00089784563 -254.69616191 0.38265941990 1.10722511558 1.11673460135 1.15082324541 1.23776418461 0.94671684482 1.00887601274 0.79833914722 1.31674883403 0.89178684767 0.89048916415 1.02687123538 1.41906344762 0.90167806804 1.07152399714 0.89412993518 1.31185360969 1.06054781206 1.12396350566 -154.1096928686 0.00577230941   -2 
  31 0.00089774307 -254.67296571 0.38268224169 1.10719207940 1.11640541057 1.15123292071 1.23848797414 0.94670785303 1.00891032228 0.79839357290 1.31625811949 0.89158478364 0.89049225128 1.02716200350 1.41929835691 0.90172919979 1.07167357259 0.89429335994 1.31207111418 1.06073339018 1.12416836037 -154.1095395164 0.00288474436   -2 
  32 0.00089778074 -254.63963713 0.38268651565 1.10736611655 1.11651264410 1.15127827989 1.23883974810 0.94668857751 1.00900871406 0.79841783529 1.31601433715 0.89138560736 0.89050990571 1.02742678292 1.41956133802 0.90183408294 1.07178722839 0.89448582697 1.31222982806 1.06095263791 1.12440669376 -154.1094636537 0.00750899844   -2 
  33 0.00089761756 -254.59924713 0.38273534171 1.10758776314 1.11669316180 1.15129401884 1.23928539659 0.94665668154 1.00915394705 0.79844819355 1.31568584036 0.89109351324 0.89053591613 1.02780979724 1.41994533613 0.90199310518 1.07194897722 0.89477187341 1.31245495311 1.06127844991 1.12476066424 -154.1093570990 0.00277992207   -2 
  34 0.00089756112 -254.52660143 0.38271691566 1.10766625265 1.11706723667 1.15119726205 1.23929490717 0.94669093428 1.00933990030 0.79848679073 1.31567233861 0.89087655805 0.89059508844 1.02816425481 1.42033406903 0.90219727213 1.07210749240 0.89508835256 1.31266562669 1.06163975965 1.12515159752 -154.1092750051 0.00544189875   -2 
  35 0.00089745305 -254.49670280 0.38273737205 1.10767655908 1.11722458853 1.15114825396 1.23925824983 0.94671226825 1.00942595169 0.79850512315 1.31569631633 0.89078528412 0.89062541271 1.02832359680 1.42051095317 0.90229583483 1.07218036276 0.89523803734 1.31276147929 1.06181070143 1.12533649394 -154.1092381532 0.00281686060   -2 
  36 0.00089751506 -254.42851603 0.38282054775 1.10767051777 1.11740866610 1.15112999172 1.23900921141 0.94681583316 1.00959888089 0.79855776946 1.31596900377 0.89070406512 0.89071296646 1.02858853861 1.42082486407 0.90250882245 1.07232157356 0.89553614779 1.31293944164 1.06215198648 1.12570505642 -154.1091735000 0.00287780301   -2 
  37 0.00089744777 -254.39979406 0.38284400074 1.10765704188 1.11739775108 1.15114709610 1.23890833310 0.94685909518 1.00964586997 0.79857749538 1.31610396175 0.89070666236 0.89074682394 1.02865472043 1.42090767879 0.90257972371 1.07236442231 0.89563046103 1.31299123416 1.06226011145 1.12582180775 -154.1091531786 0.00387885539   -2 
  38 0.00089740343 -254.28196192 0.38285004937 1.10765618276 1.11728811427 1.15126037448 1.23859916656 0.94701866245 1.00978745396 0.79864946067 1.31660747071 0.89076726177 0.89086688873 1.02883634925 1.42114559451 0.90280967311 1.07249967437 0.89592722697 1.31315111030 1.06260072110 1.12618948143 -154.1090928273 0.00183473581   -2 
  39 0.00089737923 -254.28503654 0.38287372382 1.10768963710 1.11725583010 1.15128057396 1.23870153520 0.94700568777 1.00975007622 0.79864697893 1.31658533344 0.89081161355 0.89086211037 1.02878034904 1.42108229559 0.90278392677 1.07248080714 0.89588694195 1.31312508913 1.06255487430 1.12614011018 -154.1090785432 0.00336633885   -2 
  40 0.00089744375 -254.27645131 0.38289649038 1.10778760079 1.11718525403 1.15134800631 1.23894988896 0.94698692354 1.00966712550 0.79864754601 1.31656455999 0.89093294649 0.89085935956 1.02864863577 1.42093698874 0.90273279405 1.07244218691 0.89580164656 1.31306988155 1.06245807257 1.12603584548 -154.1090494646 0.00187703912   -2 
  41 0.00089736353 -254.24240320 0.38287240779 1.10779255257 1.11713533876 1.15140941408 1.23911342443 0.94698825849 1.00960244154 0.79865670463 1.31660438928 0.89107133416 0.89087080049 1.02852632042 1.42080984800 0.90270302240 1.07241513438 0.89574027838 1.31302726055 1.06238888333 1.12596134611 -154.1090271149 0.00165264764   -2 
  42 0.00089738186 -254.23042670 0.38286733054 1.10778726356 1.11713709538 1.15142445258 1.23913704065 0.94699400321 1.00959239878 0.79866157157 1.31662638870 0.89111048924 0.89087711411 1.02849777734 1.42078269726 0.90269952920 1.07241101907 0.89572860558 1.31301952231 1.06237590041 1.12594731846 -154.1090228726 0.00161916092   -2 
  43 0.00089738142 -254.12129949 0.38293554907 1.10763805481 1.11720747500 1.15152189063 1.23920153295 0.94706866617 1.00952848803 0.79871626687 1.31689101753 0.89149282468 0.89095219633 1.02824210375 1.42055460375 0.90268913468 1.07238503639 0.89564136823 1.31296064105 1.06228023931 1.12584359282 -154.1089928050 0.00115714943   -2 
  44 0.00089738369 -254.13979776 0.38292191796 1.10768465149 1.11719443936 1.15149435197 1.23917302197 0.94705479697 1.00954753930 0.79870621346 1.31683944861 0.89141463882 0.89093881558 1.02829738081 1.42060683601 0.90269395919 1.07239230161 0.89566151027 1.31297493275 1.06230253880 1.12586769730 -154.1089904683 0.00096513383   -2 
  45 0.00089735835 -254.13464533 0.38293024942 1.10771952030 1.11719551830 1.15146890114 1.23912466860 0.94705611561 1.00956584269 0.79870736100 1.31683838757 0.89140133544 0.89094187000 1.02831482375 1.42063062063 0.90270229853 1.07239879544 0.89567156168 1.31298338881 1.06231420687 1.12588012906 -154.1089865870 0.00182664617   -2 
  46 0.00089736882 -254.11016934 0.38293882334 1.10782909163 1.11721061003 1.15140130647 1.23898365495 0.94706567902 1.00962487689 0.79871437498 1.31684625163 0.89137118298 0.89095528824 1.02836543339 1.42070316535 0.90273005368 1.07242044229 0.89570255722 1.31301085214 1.06235037067 1.12591858888 -154.1089765822 0.00082240119   -2 
  47 0.00089732097 -254.02277292 0.38296565063 1.10774717751 1.11726398297 1.15136090334 1.23880007515 0.94711019815 1.00974809257 0.79874663691 1.31692215107 0.89136655673 0.89100701064 1.02845714141 1.42085245111 0.90280559813 1.07247794857 0.89577477372 1.31307955234 1.06243575955 1.12600915778 -154.1089615849 0.00193833183   -2 
  48 0.00089734247 -253.99425745 0.38297214590 1.10772915200 1.11727986313 1.15135866356 1.23876231180 0.94712462375 1.00978314357 0.79875730277 1.31694719106 0.89136835793 0.89102358174 1.02848389203 1.42089627167 0.90282891557 1.07249597264 0.89579681528 1.31310099686 1.06246187737 1.12603684641 -154.1089571356 0.00120763014   -2 
  49 0.00089736129 -253.87486248 0.38306825408 1.10768213733 1.11729660975 1.15141642049 1.23876178163 0.94717868683 1.00989318703 0.79880290731 1.31705321301 0.89139936148 0.89109478944 1.02857838111 1.42105280102 0.90292549421 1.07257130503 0.89588673507 1.31318952610 1.06256877725 1.12615030571 -154.1089420107 0.00168096046   -2 
  50 0.00089730591 -253.84968032 0.38303595738 1.10773761480 1.11728141407 1.15144765752 1.23885004209 0.94717791048 1.00987474436 0.79880643671 1.31705676590 0.89141442133 0.89109962646 1.02857440118 1.42104513881 0.90293023680 1.07257646028 0.89589110891 1.31319529290 1.06257420869 1.12615613455 -154.1089254676 0.00128821606   -2 
  51 0.00089726525 -253.83723976 0.38303136531 1.10777003198 1.11727345536 1.15146749162 1.23890820481 0.94717720075 1.00986125180 0.79880859082 1.31705842937 0.89142483213 0.89110238029 1.02857084063 1.42103835398 0.90293259261 1.07257944617 0.89589328920 1.31319863738 1.06257695827 1.12615911773 -154.1089223088 0.00139175745   -2 
  52 0.00089726677 -253.79707387 0.38306371352 1.10789855675 1.11727473656 1.15155794172 1.23915110756 0.94718135298 1.00980904958 0.79882094077 1.31707139635 0.89147367924 0.89111564247 1.02855660521 1.42101035368 0.90294216307 1.07259395713 0.89590206208 1.31321523208 1.06258808144 1.12617116113 -154.1089067239 0.00110835343   -2 
  53 0.00089725496 -253.78426856 0.38307933605 1.10792398227 1.11728008884 1.15158523830 1.23922310202 0.94718410059 1.00979357787 0.79882571567 1.31707704035 0.89149072231 0.89112059051 1.02855237559 1.42100191453 0.90294565218 1.07259937524 0.89590525271 1.31322152244 1.06259212054 1.12617552319 -154.1089049166 0.00082379864   -2 
  54 0.00089727437 -253.74563156 0.38310742490 1.10787239090 1.11734614599 1.15163757382 1.23932849204 0.94720744398 1.00977856070 0.79884579556 1.31710825040 0.89154085847 0.89113975048 1.02854974684 1.42099464963 0.90295901774 1.07262017128 0.89591725681 1.31324657130 1.06260706159 1.12619156789 -154.1088982995 0.00124492348   -2 
  55 0.00089725716 -253.71921093 0.38312547109 1.10783240934 1.11738671572 1.15166547955 1.23938274773 0.94722355548 1.00977145028 0.79885946855 1.31712964408 0.89157402026 0.89115285486 1.02854885613 1.42099135164 0.90296822422 1.07263450956 0.89592555243 1.31326388049 1.06261737895 1.12620262851 -154.1088956871 0.00101470372   -2 
  56 0.00089722597 -253.65889707 0.38312579470 1.10778463698 1.11744683735 1.15169246140 1.23941563660 0.94725945430 1.00977754076 0.79888830169 1.31717643583 0.89163578736 0.89118085795 1.02855440823 1.42099721306 0.90298861543 1.07266551947 0.89594397415 1.31330157546 1.06264013905 1.12622697370 -154.1088896408 0.00115753752   -2 
  57 0.00089719794 -253.64309084 0.38313758653 1.10779643094 1.11744585365 1.15168732374 1.23939612751 0.94726938088 1.00978618180 0.79889658388 1.31718995975 0.89165093400 0.89118939095 1.02855887858 1.42100388136 0.90299531323 1.07267532560 0.89595012340 1.31331362198 1.06264768723 1.12623503010 -154.1088863802 0.00164848491   -2 
  58 0.00089719240 -253.53008056 0.38319867400 1.10796064997 1.11742200552 1.15164470502 1.23922461216 0.94734090367 1.00986747146 0.79895547453 1.31728801757 0.89174903798 0.89125071007 1.02859969555 1.42106650218 0.90304466067 1.07274618877 0.89599557027 1.31340098120 1.06270327516 1.12629425968 -154.1088663846 0.00079238576   -2 
  59 0.00089719739 -253.50326910 0.38320682174 1.10797956189 1.11741898450 1.15164054988 1.23919440686 0.94735581673 1.00988860322 0.79896844512 1.31730946450 0.89176856917 0.89126478273 1.02861128803 1.42108438846 0.90305657463 1.07276280886 0.89600667356 1.31342151627 1.06271679757 1.12630866142 -154.1088651286 0.00100727249   -2 
  60 0.00089715088 -253.41217605 0.38323781158 1.10797274575 1.11741069489 1.15163925015 1.23911809429 0.94739982143 1.00996518673 0.79901020139 1.31737711320 0.89182594006 0.89131229238 1.02865651902 1.42115442215 0.90309878908 1.07282034260 0.89604648152 1.31349270216 1.06276516181 1.12636014272 -154.1088598718 0.00106161406   -2 
  61 0.00089715682 -253.36128956 0.38325345796 1.10795134177 1.11741709048 1.15165137132 1.23910305884 0.94742139301 1.01000775594 0.79903226074 1.31741231076 0.89185336548 0.89133848422 1.02868443339 1.42119751013 0.90312311945 1.07285268424 0.89606968112 1.31353281524 1.06279327770 1.12639007560 -154.1088572076  0.0012009723   -2 
  62 0.00089712895 -253.26104130 0.38330484092 1.10788007763 1.11743912973 1.15168923829 1.23911288732 0.94745771883 1.01009028638 0.79907384520 1.31747678788 0.89190107994 0.89139034023 1.02874422332 1.42128909693 0.90317334953 1.07291819412 0.89611814384 1.31361421446 1.06285194781 1.12645253300 -154.1088513478 0.00094740226   -2 
  63 0.00089714773 -253.26464201 0.38330275492 1.10789493894 1.11744710112 1.15169717306 1.23914195495 0.94745225059 1.01008230745 0.79907013430 1.31747005603 0.89189421031 0.89138724480 1.02874347881 1.42128725145 0.90317177182 1.07291523891 0.89611700099 1.31361059753 1.06285050336 1.12645101692 -154.1088494700 0.00115652420   -2 
  64 0.00089714085 -253.28066872 0.38331371817 1.10795499253 1.11748380905 1.15173809333 1.23930252313 0.94742088665 1.01004064558 0.79905071990 1.31743338282 0.89185697837 0.89137261909 1.02874329498 1.42128239925 0.90316621843 1.07290278600 0.89611402005 1.31359537841 1.06284650343 1.12644693767 -154.1088428171 0.00066756055   -2 
  65 0.00089712668 -253.27932379 0.38329989420 1.10795788530 1.11749750582 1.15175611499 1.23935978970 0.94741222858 1.01002947756 0.79904502247 1.31742318648 0.89184264873 0.89136916655 1.02874744221 1.42128666392 0.90316683087 1.07290089975 0.89611569338 1.31359315558 1.06284832167 1.12644893025 -154.1088408114 0.00048461433   -2 
  66 0.00089711748 -253.27902424 0.38329851243 1.10795568861 1.11750026513 1.15176050838 1.23937302314 0.94741037854 1.01002697662 0.79904367992 1.31742092953 0.89183871107 0.89136847410 1.02874913190 1.42128857148 0.90316732821 1.07290073120 0.89611651442 1.31359298398 1.06284925222 1.12644992772 -154.1088405674 0.00021556694   -2 
  67 0.00089711287 -253.27629055 0.38330190477 1.10794048605 1.11750818559 1.15177582525 1.23940429437 0.94740988547 1.01002435537 0.79904162840 1.31741931043 0.89182584805 0.89136872979 1.02875968521 1.42130218428 0.90317214317 1.07290347995 0.89612256892 1.31359659639 1.06285626617 1.12645739188 -154.1088401859 0.00046125745   -2 
  68 0.00089711878 -253.27391433 0.38330294415 1.10793364630 1.11751325685 1.15178526270 1.23942203040 0.94741038690 1.01002374749 0.79904072856 1.31741916488 0.89181803150 0.89136924985 1.02876688993 1.42131153453 0.90317555285 1.07290562532 0.89612677508 1.31359940266 1.06286114622 1.12646258303 -154.1088399302 0.00018531514   -2 
  69 0.00089711614 -253.25846059 0.38331810448 1.10794598633 1.11751501349 1.15180240693 1.23944284137 0.94742059699 1.01003038622 0.79904111981 1.31742868454 0.89178643159 0.89137559591 1.02880513288 1.42136127698 0.90319583888 1.07292042129 0.89615106436 1.31361836461 1.06288961883 1.12649274655 -154.1088391562 0.00047091729   -2 
  70 0.00089711932 -253.24767654 0.38332148010 1.10795562735 1.11751681540 1.15181094984 1.23945140206 0.94742734073 1.01003548231 0.79904209192 1.31743547558 0.89176946300 0.89137983767 1.02882753231 1.42139021128 0.90320800678 1.07292956944 0.89616558543 1.31363003172 1.06290665333 1.12651080009 -154.1088387258 0.00049813646   -2 
  71 0.00089709316 -253.22129484 0.38332659837 1.10797359438 1.11751978286 1.15182404186 1.23946076496 0.94744301611 1.01004824125 0.79904550003 1.31745230118 0.89173433494 0.89139020669 1.02887756492 1.42145410319 0.90323599144 1.07295103406 0.89619902817 1.31365730594 1.06294585618 1.12655240750 -154.1088377835 0.00024196280   -2 
  72 0.00089709926 -253.22331582 0.38332575229 1.10797078218 1.11752174004 1.15182121180 1.23945705929 0.94744192166 1.01004779868 0.79904622537 1.31745187522 0.89174116919 0.89138977375 1.02887140880 1.42144581144 0.90323314313 1.07294922312 0.89619559126 1.31365497396 1.06294183293 1.12654815049 -154.1088376791 0.00026373053   -2 
  73 0.00089710289 -253.22839915 0.38332667513 1.10795718884 1.11753059630 1.15180718756 1.23943739167 0.94743937113 1.01004947925 0.79905086151 1.31745321453 0.89176962430 0.89138993461 1.02884995268 1.42141609134 0.90322458197 1.07294460645 0.89618523947 1.31364896055 1.06292971743 1.12653540401 -154.1088373386 0.00019708058   -2 
  74 0.00089710532 -253.22844737 0.38332451978 1.10795469080 1.11753332588 1.15180179984 1.23942882280 0.94743918894 1.01005117503 0.79905349543 1.31745503435 0.89178201084 0.89139076623 1.02884225875 1.42140521553 0.90322206894 1.07294376054 0.89618215551 1.31364778868 1.06292611540 1.12653164863 -154.1088372293 0.00023610133   -2 
  75 0.00089710048 -253.22794374 0.38332326825 1.10795305791 1.11753431372 1.15179593607 1.23941917365 0.94743913912 1.01005333488 0.79905654754 1.31745727536 0.89179558320 0.89139195925 1.02883435639 1.42139399385 0.90321978136 1.07294329381 0.89617936214 1.31364706832 1.06292286263 1.12652826670 -154.1088371238 0.00013090109   -2 
  76 0.00089710262 -253.22528759 0.38332346303 1.10795954561 1.11753110583 1.15179346916 1.23941237317 0.94744026705 1.01005772061 0.79906035350 1.31746094021 0.89180915191 0.89139431477 1.02882874587 1.42138581045 0.90321912763 1.07294452301 0.89617843525 1.31364840803 1.06292179759 1.12652727933 -154.1088370216 0.00024999323   -2 
  77 0.00089709876 -253.22196787 0.38332592985 1.10796645685 1.11752601410 1.15179109499 1.23940489198 0.94744168933 1.01006283473 0.79906496852 1.31746538955 0.89182535802 0.89139734056 1.02882242741 1.42137653423 0.90321864932 1.07294630980 0.89617769196 1.31365041045 1.06292095233 1.12652655959 -154.1088369036 0.00012695100   -2 
  78 0.00089710246 -253.21720266 0.38332866490 1.10796892603 1.11752324713 1.15179397074 1.23940453048 0.94744401993 1.01006773121 0.79906926401 1.31747005523 0.89183855572 0.89140084364 1.02881928418 1.42137182463 0.90321959851 1.07294924466 0.89617850905 1.31365387214 1.06292189839 1.12652779711 -154.1088368098 0.00024657106   -2 
  79 0.00089709923 -253.20619204 0.38333669014 1.10797017181 1.11751765732 1.15180140959 1.23940611582 0.94744916346 1.01007809106 0.79907855112 1.31748010451 0.89186662696 0.89140874350 1.02881337123 1.42136300253 0.90322221506 1.07295622135 0.89618091985 1.31366209804 1.06292470375 1.12653128714 -154.1088366467 0.00021650750   -2 
  80 0.00089709864 -253.20150200 0.38333518072 1.10796754457 1.11752105035 1.15180514585 1.23941108637 0.94745078647 1.01008060625 0.79908046571 1.31748251143 0.89187108055 0.89141098921 1.02881408619 1.42136424761 0.90322380967 1.07295875777 0.89618253104 1.31366511542 1.06292661004 1.12653341037 -154.1088364734 0.00028350005   -2 
  81 0.00089708963 -253.19448763 0.38333472425 1.10796182819 1.11752710587 1.15181051070 1.23941963441 0.94745301238 1.01008359231 0.79908291944 1.31748567829 0.89187620801 0.89141426635 1.02881598974 1.42136748522 0.90322648029 1.07296270553 0.89618527416 1.31366982251 1.06292986562 1.12653699835 -154.1088362935 0.00020884059   -2 
  82 0.00089708322 -253.18853248 0.38333896628 1.10795940039 1.11753457911 1.15181521368 1.23942910852 0.94745502186 1.01008528818 0.79908451367 1.31748820470 0.89187788622 0.89141716961 1.02881962241 1.42137341174 0.90322953588 1.07296664233 0.89618844974 1.31367454977 1.06293366921 1.12654110120 -154.1088361348 0.00041001127   -2 
  83 0.00089708432 -253.16066745 0.38335664441 1.10795792074 1.11757130728 1.15183776026 1.23947422096 0.94746525604 1.01009234406 0.79909150505 1.31750036019 0.89188247015 0.89143051179 1.02883853280 1.42140427701 0.90324436063 1.07298510627 0.89620384178 1.31369682941 1.06295208531 1.12656090887 -154.1088353927 0.00022900293   -2 
  84 0.00089707229 -253.13049281 0.38336419277 1.10798673660 1.11758360276 1.15185181373 1.23950277676 0.94747738002 1.01009882918 0.79909776613 1.31751408265 0.89187970807 0.89144328792 1.02886223295 1.42144139792 0.90326075306 1.07300382989 0.89622090595 1.31371970413 1.06297253563 1.12658262905 -154.1088347698 0.00054126423   -2 
  85 0.00089705719 -253.11450665 0.38337074855 1.10800140391 1.11758763368 1.15185838226 1.23951594248 0.94748399818 1.01010256351 0.79910117792 1.31752174824 0.89187778194 0.89145019767 1.02887545438 1.42146189379 0.90326981725 1.07301405184 0.89623035435 1.31373222108 1.06298385598 1.12659464531 -154.1088344336 0.00019981622   -2 
  86 0.00089706120 -253.10112004 0.38338311458 1.10800803421 1.11758101077 1.15186277762 1.23951339984 0.94749301000 1.01010969458 0.79910615488 1.31753357935 0.89187579161 0.89145722758 1.02889019547 1.42148308658 0.90327965495 1.07302436713 0.89624053734 1.31374512355 1.06299605594 1.12660750732 -154.1088341153 0.00019542230   -2 
  87 0.00089706184 -253.10185985 0.38338014464 1.10800483475 1.11758081336 1.15186206572 1.23951124059 0.94749259187 1.01010962318 0.79910610175 1.31753337870 0.89187611195 0.89145673596 1.02888923982 1.42148138191 0.90327905668 1.07302360792 0.89623991904 1.31374422992 1.06299531013 1.12660671751 -154.1088340479 0.00017369484   -2 
  88 0.00089705844 -253.10226495 0.38337869441 1.10800057183 1.11757958106 1.15186101256 1.23950775883 0.94749248510 1.01010983076 0.79910631049 1.31753381417 0.89187629491 0.89145651479 1.02888899368 1.42148047427 0.90327892114 1.07302326171 0.89623978763 1.31374387861 1.06299514953 1.12660653356 -154.1088340002 0.00009460909    0 
-- Found new optimum with likelihood -154.108834000245395 and gradient 0.00009

---- Best joint likelihood found -154.108834000245395 with gradient 0.00009

---- Results for /scratch/38995625/tmpxbgtp12u 
--  Model: C
--        eps_an     theta_bar             a 
--             0 0.00089705844            -1 
--           S_d             b           p_b           S_b 
-- -253.10226495 0.38337869441             0             1 
--           r 2           r 3           r 4           r 5           r 6           r 7           r 8           r 9          r 10          r 11          r 12          r 13          r 14          r 15          r 16          r 17          r 18          r 19 
-- 1.10800057183 1.11757958106 1.15186101256 1.23950775883 0.94749248510 1.01010983076 0.79910631049 1.31753381417 0.89187629491 0.89145651479 1.02888899368 1.42148047427 0.90327892114 1.07302326171 0.89623978763 1.31374387861 1.06299514953 1.12660653356 

---- Expected P_neut(i), 0 < i < n (neutral SFS per site) 
E[P_neut(1)] = 0.0008970584
E[P_neut(2)] = 0.0004969706
E[P_neut(3)] = 0.0003341781
E[P_neut(4)] = 0.0002583217
E[P_neut(5)] = 0.0002223822
E[P_neut(6)] = 0.0001416594
E[P_neut(7)] = 0.0001294468
E[P_neut(8)] = 0.0000896056
E[P_neut(9)] = 0.0001313228
E[P_neut(10)] = 0.0000800065
E[P_neut(11)] = 0.0000726990
E[P_neut(12)] = 0.0000769145
E[P_neut(13)] = 0.0000980885
E[P_neut(14)] = 0.0000578781
E[P_neut(15)] = 0.0000641710
E[P_neut(16)] = 0.0000502487
E[P_neut(17)] = 0.0000693238
E[P_neut(18)] = 0.0000529760
E[P_neut(19)] = 0.0000531912

---- Expected P_sel(i), 0 < i < n (selected SFS per site) 
E[P_sel(1)] = 0.0003146465
E[P_sel(2)] = 0.0001203441
E[P_sel(3)] = 0.0000672747
E[P_sel(4)] = 0.0000462265
E[P_sel(5)] = 0.0000365411
E[P_sel(6)] = 0.0000217798
E[P_sel(7)] = 0.0000188504
E[P_sel(8)] = 0.0000124643
E[P_sel(9)] = 0.0000175584
E[P_sel(10)] = 0.0000103311
E[P_sel(11)] = 0.0000091002
E[P_sel(12)] = 0.0000093614
E[P_sel(13)] = 0.0000116369
E[P_sel(14)] = 0.0000067069
E[P_sel(15)] = 0.0000072761
E[P_sel(16)] = 0.0000055834
E[P_sel(17)] = 0.0000075585
E[P_sel(18)] = 0.0000056742
E[P_sel(19)] = 0.0000056026

---- alpha_dfe = 0.000000

