---- Running command
---- ./polyDFE -d /scratch/40840721/tmpl2w_ie6f -m C -i /scratch/40840721/tmpwfc3f52c 1 -v 1 
---- Performing inference using model C

---- Performing inference on /scratch/40840721/tmpl2w_ie6f
----      with -i /scratch/40840721/tmpwfc3f52c 1
---- Data /scratch/40840721/tmpl2w_ie6f does not contain divergence counts. Using option -w.
---- No mutation variability. Using Poisson likelihood.


---- Using provided initial values

-- Starting local optimization
-- Optimizing all parameters
  it        eps_an     theta_bar           S_d             b           p_b           S_b           r 2           r 3           r 4           r 5           r 6           r 7           r 8           r 9          r 10          r 11          r 12          r 13          r 14           ln lk          grad status 
   0 0.00000450123  0.0008663822 -44.346810000     0.1221405    0.01060767    0.09636954     0.6268517     0.6514728     0.6820074     0.5848618     0.7565646     0.6523473     0.6349214     0.7005902     0.6139579     0.6324166     0.6421517     0.7478784       1.22486 -118.7057574190 0.36552854011   -2 
   1 0.00000450125 0.00085117883 -45.545272919 0.12235572085 0.01060719276 0.09637932507 0.62692552326 0.66672265252 0.67674888028 0.64747300259 0.79161741856 0.67799921183 0.59652552583 0.79742506759 0.64338883729 0.60358174176 0.65219583440 0.92990159378 1.18355279846 -112.7292840028 0.25786797648   -2 
   2 0.00000450125 0.00085592984 -45.583203689 0.12237929206 0.01060714612 0.09637960371 0.62921650248 0.66729549542 0.67821918516 0.64744751614 0.79219468446 0.67876963552 0.59653452085 0.79922924770 0.64443705552 0.60324561591 0.65282045902 0.93484203146 1.18386735872 -112.6335827082 0.21625568869   -2 
   3 0.00000450126 0.00084845907 -45.818761277 0.12327128251 0.01060541786 0.09637985348 0.63728098957 0.66728954404 0.68445029193 0.64188946621 0.79146557513 0.68008806701 0.59872355902 0.80033341976 0.64717778683 0.60318860091 0.65490654410 0.94500310569 1.18740403156 -112.3831541163 0.29977897758   -2 
   4 0.00000450127 0.00085130560 -46.131659246 0.12433013588 0.01060338866 0.09638045820 0.64973500586 0.66841660468 0.69477803560 0.63374112240 0.79093908752 0.68249415498 0.60284255548 0.80186539687 0.65166426127 0.60358548234 0.65846532931 0.96027233196 1.19403959152 -112.1385883789 0.10066005486   -2 
   5 0.00000450128 0.00085220267 -46.662207444 0.12601113981 0.01060025442 0.09638187888 0.64166512316 0.67469834139 0.70508524201 0.62743851279 0.79361644700 0.68739513238 0.61268776566 0.80258782608 0.65938897393 0.60702490425 0.66568889368 0.97816061418 1.20999934967 -111.9423873452 0.05771933340   -2 
   6 0.00000450128 0.00085409389 -46.783438579 0.12632844175 0.01059967090 0.09638231335 0.64146795679 0.67544319909 0.70503001315 0.62809061465 0.79486428486 0.68862400776 0.61515299974 0.80290876145 0.66127211556 0.60832191754 0.66768758353 0.98128119668 1.21420612998 -111.9249667657 0.11065316003   -2 
   7 0.00000450129 0.00085295658 -47.223974834 0.12755965555 0.01059741165 0.09638370445 0.64138304745 0.67696652576 0.70312486136 0.63130479107 0.79906521357 0.69256643851 0.62332980472 0.80392558161 0.66749803277 0.61288541504 0.67448594249 0.99086720534 1.22827362024 -111.8714721850 0.04647917159   -2 
   8 0.00000450130 0.00085198084 -47.269301738 0.12750592230 0.01059750202 0.09638403966 0.64710734176 0.67588981563 0.70148940683 0.63498974806 0.79991112972 0.69275199237 0.62327782490 0.80507564890 0.66793519692 0.61429923402 0.67563372900 0.98924879268 1.22907154746 -111.8429006075 0.02367330118   -2 
   9 0.00000450130 0.00085116362 -47.278456401 0.12747561508 0.01059755693 0.09638413283 0.64700181113 0.67600690327 0.70147877305 0.63579579345 0.80013290113 0.69279975496 0.62313781805 0.80545072207 0.66797509816 0.61466617067 0.67587204196 0.98865279388 1.22908627286 -111.8407429723 0.03951669236   -2 
  10 0.00000450130 0.00085103491 -47.305877400 0.12722062098 0.01059802715 0.09638465056 0.64623410477 0.67697447858 0.70181840499 0.63966627185 0.80134754745 0.69313755033 0.62249015205 0.80739133263 0.66820556217 0.61649797900 0.67705888293 0.98582236135 1.22921879614 -111.8323838002 0.00706972340   -2 
  11 0.00000450130 0.00085100099 -47.307508325 0.12724747956 0.01059797800 0.09638462277 0.64633779275 0.67688836723 0.70188742128 0.63913631355 0.80122069678 0.69312669895 0.62253779049 0.80725103895 0.66818993666 0.61639859673 0.67698884531 0.98601905927 1.22919928329 -111.8322337972 0.00767991351   -2 
  12 0.00000450130 0.00085118124 -47.311245096 0.12725229442 0.01059797023 0.09638463971 0.64639941609 0.67688452373 0.70201497977 0.63881922917 0.80117806983 0.69314949263 0.62254405810 0.80725314930 0.66819417495 0.61644091697 0.67700969891 0.98602049894 1.22919316120 -111.8320782974 0.00803951371   -2 
  13 0.00000450130 0.00085113728 -47.328660328 0.12726951277 0.01059794241 0.09638472422 0.64646764627 0.67689350645 0.70241565891 0.63797983764 0.80108377597 0.69322982002 0.62251566953 0.80735772517 0.66821159299 0.61668577042 0.67714192707 0.98584401254 1.22915962776 -111.8317718957 0.00493455696   -2 
  14 0.00000450130 0.00085109477 -47.329842902 0.12723917233 0.01059799774 0.09638477455 0.64627313705 0.67697096499 0.70219430841 0.63868301756 0.80122890360 0.69323180785 0.62246989191 0.80748946531 0.66822706271 0.61679130196 0.67721530146 0.98565359547 1.22917931388 -111.8315551773 0.00421324189   -2 
  15 0.00000450130 0.00085083244 -47.352722927 0.12720531782 0.01059806185 0.09638495917 0.64622392177 0.67707608712 0.70226325849 0.63905559361 0.80138246578 0.69331442107 0.62234640305 0.80785114283 0.66827394061 0.61726418962 0.67750404125 0.98507008151 1.22917839789 -111.8312918177 0.01183248607   -2 
  16 0.00000450131 0.00085091988 -47.376270234 0.12716334933 0.01059814167 0.09638516057 0.64623908019 0.67719730720 0.70237283521 0.63938496244 0.80154300111 0.69341113424 0.62222902534 0.80822823414 0.66832913486 0.61776294629 0.67781035165 0.98448325027 1.22919018531 -111.8310256897 0.00428440006   -2 
  17 0.00000450131 0.00085079799 -47.426004980 0.12712864287 0.01059821272 0.09638550961 0.64652735014 0.67726606343 0.70263509269 0.63936024087 0.80166946815 0.69355942412 0.62210232063 0.80869825909 0.66841883620 0.61851870733 0.67827545565 0.98371966590 1.22922313018 -111.8307920385 0.00339401899   -2 
  18 0.00000450131 0.00085105678 -47.469047052 0.12715485098 0.01059817470 0.09638574086 0.64658656842 0.67718592360 0.70269244794 0.63857645836 0.80151879134 0.69359273106 0.62227719592 0.80847933409 0.66847346483 0.61854882820 0.67831727151 0.98412362965 1.22934378008 -111.8304914854 0.00811060502   -2 
  19 0.00000450131 0.00085097469 -47.482111629 0.12716469294 0.01059815948 0.09638580752 0.64657826796 0.67715744681 0.70269580369 0.63837554665 0.80147356142 0.69359627050 0.62232155197 0.80841458586 0.66848519903 0.61855211762 0.67832473238 0.98423231659 1.22937034575 -111.8304152066 0.00195634629   -2 
  20 0.00000450132 0.00085111413 -47.559034891 0.12712990141 0.01059824402 0.09638633748 0.64617562749 0.67719651463 0.70252519476 0.63840898887 0.80140795722 0.69354948995 0.62245425290 0.80815889976 0.66850431786 0.61846352315 0.67829061698 0.98470175127 1.22943189668 -111.8302552974 0.00304900888   -2 
  21 0.00000450135 0.00085126264 -47.852252434 0.12693522089 0.01059867741 0.09638838706 0.64668262651 0.67697420147 0.70208861187 0.63887246562 0.80118452045 0.69327138053 0.62260848621 0.80747456422 0.66843082641 0.61807916523 0.67806791106 0.98568265378 1.22932063151 -111.8297775278 0.00538139948   -2 
  22 0.00000450135 0.00085117777 -47.809081628 0.12696268960 0.01059861573 0.09638808648 0.64657589593 0.67701705746 0.70218207790 0.63878413467 0.80122376286 0.69331702247 0.62257232405 0.80759768219 0.66843792970 0.61814025662 0.67810079370 0.98549440450 1.22932665911 -111.8297372938 0.00367703323   -2 
  23 0.00000450134 0.00085125293 -47.791610072 0.12695903062 0.01059861826 0.09638798264 0.64646489024 0.67708846076 0.70234345692 0.63868613411 0.80127606023 0.69336055532 0.62251024819 0.80774175579 0.66843069480 0.61818532227 0.67811781979 0.98525547523 1.22929841168 -111.8296655901 0.00554524470   -2 
  24 0.00000450134 0.00085114687 -47.779426763 0.12695590106 0.01059862083 0.09638790798 0.64635682702 0.67714352903 0.70249385992 0.63858462134 0.80131966060 0.69339686130 0.62244039641 0.80788106930 0.66841728108 0.61822450879 0.67812883355 0.98500460604 1.22925659394 -111.8296040987 0.00222222991   -2 
  25 0.00000450134 0.00085117689 -47.778715023 0.12693481983 0.01059865935 0.09638792829 0.64639327369 0.67716944050 0.70262584267 0.63848848596 0.80136317082 0.69343107873 0.62234022094 0.80804873248 0.66838973539 0.61826230448 0.67813088580 0.98466504194 1.22918038282 -111.8295597243 0.00404920559   -2 
  26 0.00000450134 0.00085108826 -47.780562294 0.12692114082 0.01059868480 0.09638795417 0.64642429293 0.67717349522 0.70269980241 0.63842265358 0.80138664387 0.69345050946 0.62226490509 0.80816344804 0.66836645570 0.61828674564 0.67812913671 0.98441452212 1.22911807915 -111.8295304115 0.00176366092   -2 
  27 0.00000450135 0.00085109641 -47.794820618 0.12688826055 0.01059874832 0.09638807745 0.64653921379 0.67714048189 0.70269618748 0.63838138903 0.80140099246 0.69346674338 0.62214745515 0.80831505848 0.66832246080 0.61831828367 0.67811749541 0.98401128437 1.22900659428 -111.8294957938 0.00257478337   -2 
  28 0.00000450135 0.00085104054 -47.801838379 0.12687886128 0.01059876711 0.09638812913 0.64655330392 0.67712346094 0.70267045737 0.63837942989 0.80139629326 0.69346558347 0.62211424872 0.80834676311 0.66830715426 0.61832444460 0.67811099214 0.98389721269 1.22896995130 -111.8294819209 0.00258843658   -2 
  29 0.00000450135 0.00085115168 -47.884782221 0.12677089440 0.01059898691 0.09638874776 0.64655298927 0.67699116926 0.70229415398 0.63848516404 0.80131372136 0.69342534029 0.62186631400 0.80851476926 0.66817146142 0.61835940671 0.67803994235 0.98300629368 1.22866056317 -111.8293579198 0.00394476537   -2 
  30 0.00000450136 0.00085108200 -47.897903649 0.12676032188 0.01059900944 0.09638883660 0.64651492483 0.67697779888 0.70225920017 0.63849079793 0.80129080526 0.69340939240 0.62184634444 0.80850235525 0.66815368437 0.61835459220 0.67802618566 0.98293886951 1.22862374456 -111.8293281343 0.00385876725   -2 
  31 0.00000450138 0.00085139824 -48.111432036 0.12658452276 0.01059938867 0.09639030519 0.64576456966 0.67696862372 0.70206398756 0.63851841143 0.80089653065 0.69309895014 0.62174576487 0.80794967957 0.66792626880 0.61819143946 0.67779591951 0.98261295286 1.22820851755 -111.8289403905 0.00528253258   -2 
  32 0.00000450146 0.00085214541 -48.873974446 0.12601718683 0.01060062930 0.09639539744 0.64623880927 0.67638514866 0.70181485589 0.63788389141 0.79962005179 0.69194940992 0.62155478833 0.80569000611 0.66715120787 0.61735991399 0.67689701233 0.98266793573 1.22683206878 -111.8275074419 0.01458357115   -2 
  33 0.00000450147 0.00085200550 -49.010339078 0.12592128867 0.01060084065 0.09639629261 0.64627354217 0.67628086460 0.70175888607 0.63776121229 0.79942445050 0.69176382656 0.62151187053 0.80533201465 0.66701691117 0.61721154483 0.67673997483 0.98267179394 1.22659062777 -111.8272620420 0.00576230888   -2 
  34 0.00000450155 0.00085229953 -49.783653879 0.12520169598 0.01060238144 0.09640159438 0.64524516065 0.67641919367 0.70146416523 0.63708132632 0.79994263031 0.69170027153 0.62107501128 0.80525965428 0.66652569252 0.61646084304 0.67606280123 0.98260761529 1.22564364067 -111.8257677541 0.00658612163   -2 
  35 0.00000450158 0.00085239539 -50.120776192 0.12489568311 0.01060303990 0.09640387156 0.64496896566 0.67643299444 0.70132341210 0.63681504230 0.80013617924 0.69168540121 0.62087319032 0.80528285438 0.66632200942 0.61614954233 0.67578288724 0.98253000206 1.22524014456 -111.8256228132 0.00890739129   -2 
  36 0.00000450164 0.00085227302 -50.672540989 0.12444350564 0.01060402390 0.09640746618 0.64602742487 0.67601288641 0.70099683601 0.63663950476 0.80001312321 0.69167760649 0.62045121881 0.80561652396 0.66604481202 0.61575568397 0.67542436537 0.98195804489 1.22460242444 -111.8243154072 0.00805271787   -2 
  37 0.00000450165 0.00085239540 -50.773347413 0.12436091235 0.01060420407 0.09640811744 0.64620257938 0.67595264439 0.70095627052 0.63663429935 0.79996535047 0.69167582375 0.62037848905 0.80568362050 0.66600238268 0.61569757093 0.67537034863 0.98183256185 1.22449791156 -111.8242286243 0.00482361290   -2 
  38 0.00000450171 0.00085283348 -51.402604205 0.12397751120 0.01060507498 0.09641189506 0.64575454127 0.67594028294 0.70113789479 0.63730845183 0.79868307083 0.69150591371 0.62001292267 0.80609033559 0.66593220672 0.61573903603 0.67535067840 0.98030252984 1.22408722067 -111.8234487073 0.00650272960   -2 
  39 0.00000450171 0.00085271464 -51.334740468 0.12402141385 0.01060497618 0.09641148404 0.64579836525 0.67593820909 0.70110839585 0.63722116664 0.79882937395 0.69151710870 0.62005485701 0.80602949757 0.66593912137 0.61573772572 0.67535442592 0.98046635246 1.22413026497 -111.8234070795 0.00215307981   -2 
  40 0.00000450174 0.00085301827 -51.636616056 0.12389179782 0.01060529925 0.09641308792 0.64565594498 0.67600954210 0.70080799636 0.63678733339 0.79888032043 0.69109291069 0.62012983289 0.80525247009 0.66594490517 0.61603402445 0.67552498952 0.97977579758 1.22402484703 -111.8231382580 0.00194565268   -2 
  41 0.00000450174 0.00085295598 -51.631538009 0.12388969069 0.01060530253 0.09641306057 0.64568126618 0.67597105816 0.70082210102 0.63679359958 0.79888491141 0.69110658082 0.62012484542 0.80526189129 0.66593602960 0.61601994193 0.67551356685 0.97981441705 1.22401422208 -111.8231271638 0.00263569417   -2 
  42 0.00000450174 0.00085293952 -51.618205780 0.12387321453 0.01060533285 0.09641299588 0.64578479190 0.67584676424 0.70087765246 0.63681384648 0.79891167870 0.69115399673 0.62011136091 0.80528491245 0.66590546377 0.61597541776 0.67547649189 0.97994964538 1.22397857837 -111.8230971575 0.00078360380   -2 
  43 0.00000450174 0.00085291806 -51.614025337 0.12386400292 0.01060535085 0.09641297162 0.64580444766 0.67580900811 0.70089739755 0.63681831109 0.79892539576 0.69117321910 0.62010497189 0.80528712583 0.66588825181 0.61595348346 0.67545717344 0.98001474895 1.22395748331 -111.8230944842 0.00084342114   -2 
  44 0.00000450174 0.00085287446 -51.610610695 0.12384488202 0.01060539026 0.09641293761 0.64576444973 0.67580788118 0.70091290544 0.63681472737 0.79894995093 0.69119914074 0.62009354795 0.80527199531 0.66585080384 0.61591093284 0.67541742068 0.98014040435 1.22391163700 -111.8230872555 0.00116233275   -2 
  45 0.00000450174 0.00085288800 -51.610152636 0.12384005270 0.01060540048 0.09641293042 0.64575509183 0.67581468969 0.70091415769 0.63681315912 0.79895491507 0.69120381767 0.62009113142 0.80526701205 0.66584189481 0.61590101567 0.67540793742 0.98016872866 1.22390066831 -111.8230854601 0.00058763951   -2 
  46 0.00000450174 0.00085287283 -51.612704403 0.12383276934 0.01060541915 0.09641291352 0.64572431611 0.67586312933 0.70088786274 0.63679713776 0.79894947752 0.69119715012 0.62008322270 0.80523933746 0.66581703128 0.61587590295 0.67538179215 0.98021515654 1.22386802225 -111.8230816979 0.00077151626   -2 
  47 0.00000450174 0.00085288572 -51.614206305 0.12382949280 0.01060542772 0.09641290459 0.64571652394 0.67588323080 0.70087563605 0.63678986711 0.79894574728 0.69119264227 0.62007981440 0.80522633768 0.66580622328 0.61586505026 0.67537026373 0.98023194437 1.22385342579 -111.8230806185 0.00053235740   -2 
  48 0.00000450175 0.00085288485 -51.625729804 0.12382119785 0.01060545490 0.09641285263 0.64572792268 0.67591834813 0.70081288460 0.63675125014 0.79890712660 0.69115211788 0.62006132323 0.80515877712 0.66575846401 0.61581821426 0.67531802722 0.98026104735 1.22378074573 -111.8230758729 0.00100344645   -2 
  49 0.00000450175 0.00085291046 -51.629572500 0.12381824538 0.01060546429 0.09641283596 0.64573403158 0.67591892539 0.70079994648 0.63674195413 0.79889626019 0.69114014216 0.62005617581 0.80514064714 0.66574573339 0.61580557063 0.67530366498 0.98026411044 1.22376121053 -111.8230740016 0.00087464057   -2 
  50 0.00000450177 0.00085296499 -51.670621362 0.12379669774 0.01060554173 0.09641266584 0.64575894395 0.67579256139 0.70073111752 0.63667123993 0.79879206610 0.69102642217 0.62000594129 0.80499190124 0.66564146359 0.61570111552 0.67518238699 0.98022351564 1.22359199291 -111.8230589227 0.00099214530   -2 
  51 0.00000450178 0.00085303324 -51.692138238 0.12378100179 0.01060559045 0.09641258708 0.64571340185 0.67573912410 0.70073284979 0.63665510112 0.79876022851 0.69098834305 0.61998321660 0.80494828567 0.66560607508 0.61566388953 0.67513815495 0.98017570095 1.22353061084 -111.8230511610 0.00230141891   -2 
  52 0.00000450180 0.00085306022 -51.736182709 0.12375059655 0.01060568642 0.09641242976 0.64560022695 0.67563575077 0.70073923305 0.63662509166 0.79869925047 0.69091684769 0.61993621552 0.80486980071 0.66553975313 0.61559380876 0.67505460020 0.98006661039 1.22341298096 -111.8230310146 0.00099861466   -2 
  53 0.00000450183 0.00085310109 -51.784463383 0.12371308444 0.01060579926 0.09641226185 0.64550741077 0.67557053287 0.70074204021 0.63659911452 0.79864656573 0.69085680468 0.61988594108 0.80480855796 0.66548112143 0.61553075185 0.67497896174 0.97993226449 1.22330250843 -111.8230242365 0.00159243158   -2 
  54 0.00000450185 0.00085317667 -51.828449264 0.12367395457 0.01060591134 0.09641211435 0.64549051065 0.67556753225 0.70072839857 0.63657919140 0.79861201004 0.69082123056 0.61984217302 0.80477619055 0.66544168889 0.61548745035 0.67492689398 0.97980367834 1.22322120486 -111.8230110391 0.00342619805   -2 
  55 0.00000450201 0.00085320417 -52.173693221 0.12337845395 0.01060676612 0.09641097019 0.64544168753 0.67560252395 0.70055649049 0.63641058941 0.79834609156 0.69056771296 0.61949929897 0.80455203857 0.66515372811 0.61517291132 0.67454959873 0.97879380847 1.22261029797 -111.8229017506 0.00303849095   -2 
  56 0.00000450205 0.00085327666 -52.253996740 0.12330861084 0.01060696723 0.09641070584 0.64544931297 0.67560782348 0.70051403181 0.63637345179 0.79829191620 0.69051726239 0.61942696198 0.80450482872 0.66509317040 0.61510701170 0.67447092196 0.97858180709 1.22247993965 -111.8228902987 0.00166823432   -2 
  57 0.00000450213 0.00085325773 -52.431674603 0.12316753217 0.01060738431 0.09641013045 0.64554724676 0.67550446644 0.70036388107 0.63628710175 0.79821939500 0.69047185347 0.61933740638 0.80442281283 0.66501298565 0.61502821503 0.67438296345 0.97837336305 1.22228889731 -111.8228509009 0.00360258695   -2 
  58 0.00000450220 0.00085334228 -52.578933433 0.12304969841 0.01060773196 0.09640965533 0.64562275706 0.67542220559 0.70024855814 0.63622033481 0.79816727666 0.69044172552 0.61927292342 0.80435849518 0.66495330271 0.61497083648 0.67432000677 0.97823244290 1.22214443162 -111.8228212752 0.00202046087   -2 
  59 0.00000450220 0.00085337110 -52.596802004 0.12305215420 0.01060774095 0.09640959320 0.64537630962 0.67544331055 0.70032764080 0.63623661972 0.79818582764 0.69046526702 0.61933356243 0.80435076821 0.66498555252 0.61501742031 0.67438123701 0.97847354389 1.22220831936 -111.8227605161 0.00146174927   -2 
  60 0.00000450221 0.00085340947 -52.601173772 0.12305360822 0.01060774161 0.09640957547 0.64535140337 0.67544781412 0.70034702515 0.63624157235 0.79819098837 0.69047222773 0.61935309994 0.80434893396 0.66499650332 0.61503336347 0.67440210446 0.97855124669 1.22222989912 -111.8227548923 0.00185187960   -2 
  61 0.00000450222 0.00085340085 -52.626062840 0.12307148129 0.01060772583 0.09640946565 0.64532321712 0.67545082584 0.70043011721 0.63626122412 0.79820854853 0.69050503197 0.61946466744 0.80433268623 0.66505908787 0.61512812865 0.67452671159 0.97901178305 1.22235190018 -111.8227252233 0.00183914158   -2 
  62 0.00000450222 0.00085344117 -52.632459250 0.12307503066 0.01060772406 0.09640943050 0.64538361042 0.67545723033 0.70044043747 0.63626897422 0.79821691717 0.69051531535 0.61949317983 0.80433395421 0.66507757900 0.61515537077 0.67456208804 0.97912803576 1.22238704997 -111.8227138274 0.00240693046   -2 
  63 0.00000450222 0.00085339487 -52.642955507 0.12308284749 0.01060771698 0.09640936687 0.64550533471 0.67546561158 0.70044196241 0.63627985578 0.79822906252 0.69052992820 0.61953390171 0.80433832639 0.66510592665 0.61519771772 0.67461700581 0.97929758851 1.22243997585 -111.8226969910 0.00055448787   -2 
  64 0.00000450223 0.00085339800 -52.645275709 0.12308121509 0.01060772275 0.09640933838 0.64554625531 0.67549191324 0.70043146561 0.63629366846 0.79824811737 0.69054109407 0.61953773754 0.80435929648 0.66511692464 0.61521011876 0.67463133677 0.97929954339 1.22245870998 -111.8226946658 0.00100167523   -2 
  65 0.00000450223 0.00085337081 -52.647370103 0.12307997651 0.01060772743 0.09640931003 0.64557427560 0.67551526093 0.70042106410 0.63630651218 0.79826597808 0.69055139482 0.61953946434 0.80438012203 0.66512665728 0.61522068290 0.67464327140 0.97929267793 1.22247490036 -111.8226927480 0.00050340693   -2 
  66 0.00000450223 0.00085336125 -52.651026848 0.12307371021 0.01060774569 0.09640923646 0.64557931086 0.67556316246 0.70041548472 0.63634038017 0.79831251624 0.69057943685 0.61953920428 0.80443731371 0.66514974079 0.61524238517 0.67466606018 0.97924004794 1.22251403680 -111.8226898758 0.00060190703   -2 
  67 0.00000450223 0.00085334781 -52.651900126 0.12307257776 0.01060774938 0.09640921722 0.64557477736 0.67556885296 0.70041658437 0.63634689257 0.79832136578 0.69058532998 0.61953879350 0.80444964999 0.66515467098 0.61524682015 0.67467055245 0.97922562987 1.22252207060 -111.8226893209 0.00040594497   -2 
  68 0.00000450223 0.00085335135 -52.653965318 0.12306899767 0.01060776108 0.09640915864 0.64555161733 0.67556480846 0.70043310202 0.63635974634 0.79833806195 0.69059955866 0.61953795704 0.80447862241 0.66516680364 0.61525682055 0.67468000429 0.97918309034 1.22254179180 -111.8226881972 0.00030137764   -2 
  69 0.00000450224 0.00085334586 -52.654054955 0.12306931625 0.01060776056 0.09640915475 0.64555266318 0.67556012247 0.70043405122 0.63635756417 0.79833500327 0.69059835077 0.61953772495 0.80447665188 0.66516617569 0.61525614887 0.67467915350 0.97918225789 1.22254025155 -111.8226880138 0.00031672845   -2 
  70 0.00000450224 0.00085335521 -52.654771338 0.12306998965 0.01060775989 0.09640911408 0.64556175811 0.67552857428 0.70044487547 0.63634403273 0.79831572116 0.69059199724 0.61953668722 0.80446617676 0.66516355727 0.61525274575 0.67467433748 0.97917138074 1.22253096515 -111.8226872591 0.00014852189   -2 
  71 0.00000450224 0.00085336346 -52.655357469 0.12306968772 0.01060776104 0.09640908192 0.64555650987 0.67552279343 0.70044725816 0.63633868160 0.79830811492 0.69058913837 0.61953559480 0.80446197695 0.66516240669 0.61525106158 0.67467172571 0.97916008718 1.22252689329 -111.8226871140 0.00030893631   -2 
  72 0.00000450224 0.00085336190 -52.656279148 0.12306943779 0.01060776273 0.09640903558 0.64554694460 0.67551679409 0.70044857490 0.63633148045 0.79829798669 0.69058495659 0.61953365491 0.80445612205 0.66516056686 0.61524852484 0.67466789742 0.97914451356 1.22252118443 -111.8226868686 0.00018397181   -2 
  73 0.00000450224 0.00085337074 -52.657372900 0.12306848420 0.01060776619 0.09640897684 0.64553851474 0.67551605308 0.70044691770 0.63632531523 0.79828949167 0.69058064307 0.61953110671 0.80445036418 0.66515836405 0.61524561016 0.67466359154 0.97912859661 1.22251434800 -111.8226867112 0.00022683194   -2 
  74 0.00000450224 0.00085336969 -52.658745140 0.12306739526 0.01060777049 0.09640890582 0.64553079737 0.67551699462 0.70044212975 0.63631921115 0.79828130696 0.69057555350 0.61952760577 0.80444390166 0.66515539493 0.61524197275 0.67465843209 0.97911109586 1.22250623283 -111.8226865438 0.00019595559   -2 
  75 0.00000450225 0.00085337763 -52.661785979 0.12306431987 0.01060778150 0.09640874818 0.64552165283 0.67552130813 0.70042937750 0.63630861657 0.79826741368 0.69056513979 0.61951967918 0.80443097346 0.66514866125 0.61523401017 0.67464737364 0.97907616070 1.22248857487 -111.8226863273 0.00018592314   -2 
  76 0.00000450226 0.00085337483 -52.666849860 0.12305800314 0.01060780199 0.09640849487 0.64554373423 0.67551829972 0.70040671820 0.63630583863 0.79826551465 0.69055326598 0.61950664921 0.80441752068 0.66513672957 0.61522185386 0.67463223295 0.97904483726 1.22246298031 -111.8226856713 0.00019512455   -2 
  77 0.00000450226 0.00085337819 -52.666258857 0.12305860548 0.01060779994 0.09640852518 0.64553897202 0.67551819666 0.70041173582 0.63630740783 0.79826730664 0.69055567320 0.61950871024 0.80442024420 0.66513843848 0.61522367408 0.67463466440 0.97905188814 1.22246704502 -111.8226855903 0.00018504329   -2 
  78 0.00000450226 0.00085337388 -52.666187202 0.12305876790 0.01060779968 0.09640853217 0.64553477571 0.67551695333 0.70041561459 0.63630931471 0.79826970631 0.69055743727 0.61950975098 0.80442230465 0.66513909134 0.61522453944 0.67463602824 0.97905753502 1.22246978049 -111.8226854966 0.00018211752   -2 
  79 0.00000450226 0.00085337501 -52.666287107 0.12305846012 0.01060780097 0.09640853443 0.64552779853 0.67551436491 0.70042496049 0.63631484397 0.79827682601 0.69056189307 0.61951200128 0.80442752500 0.66514029344 0.61522630953 0.67463903876 0.97907219435 1.22247599861 -111.8226853558 0.00011812067   -2 
  80 0.00000450226 0.00085337133 -52.667083010 0.12305759494 0.01060780487 0.09640850674 0.64552861665 0.67551182920 0.70043429597 0.63632291446 0.79828750847 0.69056787056 0.61951440326 0.80443482295 0.66514110291 0.61522816474 0.67464276825 0.97909607126 1.22248242589 -111.8226852031 0.00012958902   -2 
  81 0.00000450226 0.00085336616 -52.668928765 0.12305652856 0.01060781225 0.09640843212 0.64554979961 0.67551823001 0.70043096095 0.63632729378 0.79829346908 0.69057156063 0.61951560011 0.80443998014 0.66514111155 0.61522913187 0.67464547730 0.97910994755 1.22248953410 -111.8226848873 0.00009902603    0 
-- Found new optimum with likelihood -111.822684887397529 and gradient 0.00010

---- Best joint likelihood found -111.822684887397529 with gradient 0.00010

---- Results for /scratch/40840721/tmpl2w_ie6f 
--  Model: C
--        eps_an     theta_bar             a 
-- 0.00000450226 0.00085336616            -1 
--           S_d             b           p_b           S_b 
-- -52.668928765 0.12305652856 0.01060781225 0.09640843212 
--           r 2           r 3           r 4           r 5           r 6           r 7           r 8           r 9          r 10          r 11          r 12          r 13          r 14 
-- 0.64554979961 0.67551823001 0.70043096095 0.63632729378 0.79829346908 0.69057156063 0.61951560011 0.80443998014 0.66514111155 0.61522913187 0.67464547730 0.97910994755 1.22248953410 

---- Expected P_neut(i), 0 < i < n (neutral SFS per site) 
E[P_neut(1)] = 0.0008533627
E[P_neut(2)] = 0.0002754442
E[P_neut(3)] = 0.0001921542
E[P_neut(4)] = 0.0001494306
E[P_neut(5)] = 0.0001086038
E[P_neut(6)] = 0.0001135393
E[P_neut(7)] = 0.0000841871
E[P_neut(8)] = 0.0000660843
E[P_neut(9)] = 0.0000762759
E[P_neut(10)] = 0.0000567611
E[P_neut(11)] = 0.0000477292
E[P_neut(12)] = 0.0000479773
E[P_neut(13)] = 0.0000642732
E[P_neut(14)] = 0.0000745200

---- Expected P_sel(i), 0 < i < n (selected SFS per site) 
E[P_sel(1)] = 0.0006143704
E[P_sel(2)] = 0.0001788473
E[P_sel(3)] = 0.0001183408
E[P_sel(4)] = 0.0000889102
E[P_sel(5)] = 0.0000630006
E[P_sel(6)] = 0.0000645601
E[P_sel(7)] = 0.0000470876
E[P_sel(8)] = 0.0000364475
E[P_sel(9)] = 0.0000415589
E[P_sel(10)] = 0.0000305944
E[P_sel(11)] = 0.0000254784
E[P_sel(12)] = 0.0000253871
E[P_sel(13)] = 0.0000337380
E[P_sel(14)] = 0.0000388287

---- alpha_dfe = 0.021658

