---- Running command
---- ./polyDFE -d /scratch/40841077/tmpm3sqo1mu -m C -i /scratch/40841077/tmpkzi089jj 1 -v 1 
---- Performing inference using model C

---- Performing inference on /scratch/40841077/tmpm3sqo1mu
----      with -i /scratch/40841077/tmpkzi089jj 1
---- Data /scratch/40841077/tmpm3sqo1mu does not contain divergence counts. Using option -w.
---- No mutation variability. Using Poisson likelihood.


---- Using provided initial values

-- Starting local optimization
-- Optimizing all parameters
  it        eps_an     theta_bar           S_d             b           p_b           S_b           r 2           r 3           r 4           r 5           r 6           r 7           r 8           r 9          r 10          r 11          r 12          r 13          r 14           ln lk          grad status 
   0 0.00000450123  0.0008663822 -44.346810000     0.1221405    0.01060767    0.09636954     0.6268517     0.6514728     0.6820074     0.5848618     0.7565646     0.6523473     0.6349214     0.7005902     0.6139579     0.6324166     0.6421517     0.7478784       1.22486 -114.0476514712 0.67886079552   -2 
   1 0.00000450123 0.00085223577 -44.489345721 0.12296786139 0.01060607720 0.09636925472 0.63075838482 0.64701419196 0.68573536003 0.58303118817 0.75783333066 0.64766082929 0.63230004137 0.69773789043 0.60867207114 0.63154685274 0.64436349139 0.75115362218 1.22226363400 -113.1461883555 0.70371724761   -2 
   2 0.00000450123 0.00086424719 -45.320819048 0.12750082444 0.01059763793 0.09636889707 0.67929256658 0.61540600179 0.72883198572 0.56983396972 0.77557045008 0.60744668762 0.61029274049 0.67368034837 0.56145261779 0.62519279324 0.66831386170 0.78622702190 1.20260590339 -108.5203468309 0.34551023513   -2 
   3 0.00000450123 0.00086221299 -45.832752536 0.12915565362 0.01059481439 0.09637154665 0.64576029988 0.62456489469 0.73234086051 0.56812148676 0.78285378170 0.59338688438 0.60182496785 0.66409883273 0.53805718624 0.62283373495 0.68348607407 0.80787683179 1.19635452646 -107.0504393677 0.64357536256   -2 
   4 0.00000450124 0.00087524442 -45.998021615 0.12944258497 0.01059439892 0.09637303704 0.63515166715 0.62896706528 0.73336780102 0.56779613174 0.78592446010 0.58808312522 0.59858665819 0.66040163714 0.52856437293 0.62197637700 0.69015905597 0.81735754372 1.19416702707 -106.5120946485 0.17102053206   -2 
   5 0.00000450125 0.00087798328 -46.681149183 0.13004325079 0.01059367770 0.09637981286 0.65157534663 0.62864118838 0.71450356979 0.56601136278 0.78212190338 0.57754779461 0.59004851490 0.65041709634 0.50167924993 0.61811485250 0.70763411337 0.84168964922 1.18614575209 -105.8732824740 0.10657717375   -2 
   6 0.00000450125 0.00087599447 -46.738336032 0.13001485925 0.01059376132 0.09638050134 0.65093936848 0.62818233166 0.71423975160 0.56593379795 0.78166674792 0.57734515774 0.58974537408 0.65004102252 0.50037720607 0.61787905126 0.70838029051 0.84266755604 1.18576360958 -105.8546331517 0.09415468837   -2 
   7 0.00000450126 0.00087831730 -47.223654912 0.12871054187 0.01059650289 0.09638858189 0.64141256161 0.62383742527 0.71682318327 0.56601316899 0.77765310276 0.57775917071 0.58827535057 0.64798318844 0.48989861086 0.61602522886 0.71431060985 0.85003066816 1.18351829783 -105.7410199910 0.04418299423   -2 
   8 0.00000450126 0.00087943803 -47.564871057 0.12788896098 0.01059823504 0.09639391975 0.64008768213 0.62199885590 0.71775960351 0.56561283117 0.77533071552 0.57821422800 0.58758999463 0.64701209060 0.48484014057 0.61482035858 0.71642775471 0.85241139844 1.18192337568 -105.7261746006 0.08055304330   -2 
   9 0.00000450127 0.00087773586 -47.864857537 0.12731444932 0.01059947250 0.09639824534 0.64000673621 0.62077814924 0.71802768859 0.56510976655 0.77353093867 0.57851083282 0.58704272076 0.64625867715 0.48121435967 0.61381786953 0.71762508888 0.85364342851 1.18050491975 -105.7117426879 0.06828309118   -2 
  10 0.00000450128 0.00087844701 -48.570762354 0.12599914933 0.01060231713 0.09640823530 0.64293724024 0.61956101479 0.71772456177 0.56382691605 0.77031645706 0.57907970556 0.58599260291 0.64482707527 0.47445672557 0.61165062089 0.71907035496 0.85475034374 1.17734561472 -105.6839876643 0.06442953486   -2 
  11 0.00000450128 0.00087682434 -48.862553021 0.12563076735 0.01060315199 0.09641193996 0.64395227908 0.61965620761 0.71708228176 0.56329283450 0.76956822510 0.57910748831 0.58563917922 0.64437483393 0.47268041549 0.61090303555 0.71897931477 0.85436901723 1.17617187845 -105.6737630540 0.06860726051   -2 
  12 0.00000450130 0.00087770257 -50.170388577 0.12406700549 0.01060673496 0.09642816283 0.64821116700 0.62209544185 0.71375633878 0.56127092178 0.76817782463 0.57891647318 0.58444617821 0.64289242297 0.46727008886 0.60805944276 0.71705752867 0.85083836014 1.17163054412 -105.6364192333 0.07459002333   -2 
  13 0.00000450131 0.00087566566 -51.104029451 0.12326076577 0.01060869604 0.09643891011 0.64795098096 0.62351533282 0.71180912862 0.56023073189 0.76815280971 0.57845068421 0.58379758860 0.64213770097 0.46521956558 0.60648876315 0.71495837149 0.84760520251 1.16903726567 -105.6098823425 0.13348924074   -2 
  14 0.00000450138 0.00088020844 -56.202922380 0.11903374234 0.01061915760 0.09649482675 0.64412846658 0.63060820096 0.70360528956 0.55584988796 0.76962394254 0.57591408091 0.58092688573 0.63884753887 0.45696302816 0.59914264025 0.70357264041 0.83056228906 1.15697077329 -105.4824468618 0.09981590641   -2 
  15 0.00000450146 0.00088085610 -63.531360183 0.11465729659 0.01063093806 0.09656550516 0.63479711213 0.62553757072 0.70065595524 0.55271627758 0.76994806660 0.57148098694 0.57760339038 0.63523519300 0.45272877835 0.59217215597 0.68960394204 0.81139993457 1.14519314605 -105.3251982672 0.28048218645   -2 
  16 0.00000450154 0.00088995148 -71.296486577 0.11056698558 0.01064234198 0.09663247053 0.62771846807 0.61991799603 0.69890538592 0.55017996475 0.76991606324 0.56733997171 0.57458543266 0.63196661316 0.44949689926 0.58605597022 0.67705389944 0.79445265487 1.13483899660 -105.1737654305 0.12908660186   -2 
  17 0.00000450169 0.00089508407 -89.612499187 0.10388562101 0.01066286983 0.09676404488 0.63031854157 0.59997437303 0.69814844526 0.54618557857 0.75984787827 0.55798309032 0.56778576832 0.62468626994 0.44906589742 0.57721073511 0.65762164970 0.77089349199 1.11852678914 -104.8943059004 0.12389377519   -2 
  18 0.00000450171 0.00089872372 -91.395791652 0.10334812162 0.01066464423 0.09677561106 0.63158065701 0.60035400602 0.69783532261 0.54599295530 0.75780814618 0.55733229623 0.56716561108 0.62400212927 0.44983360038 0.57711111152 0.65740973394 0.77122864793 1.11805191408 -104.8492171951 0.17875228413   -2 
  19 0.00000450185 0.00089849487 -111.29850614 0.09923790817 0.01067985941 0.09688959588 0.64248734202 0.61025762864 0.69159762410 0.54363315214 0.73256330647 0.55095956170 0.56035037280 0.61642667248 0.46029870652 0.57831600832 0.66075387945 0.78350852766 1.11582068711 -104.4293532298 0.12158076238   -2 
  20 0.00000450188 0.00089542394 -115.53627338 0.09859525220 0.01068261675 0.09691177953 0.63488721136 0.61075860102 0.69243075281 0.54395156857 0.73373785000 0.55135595065 0.56007034787 0.61598737740 0.46265213149 0.57971229484 0.66424027100 0.78939677755 1.11722265060 -104.3044030811 0.26347082643   -2 
  21 0.00000450192 0.00090076765 -120.37240236 0.09772694809 0.01068609624 0.09693673100 0.62689136167 0.61131679305 0.69402743802 0.54461148458 0.73644949975 0.55223375436 0.56008835124 0.61583591977 0.46534258241 0.58154886406 0.66872074245 0.79665225122 1.11930143015 -104.1645283921 0.07515561807   -2 
  22 0.00000450196 0.00090343470 -126.46794963 0.09689828720 0.01068993337 0.09696716898 0.62702739417 0.60794465451 0.69568774971 0.54535620138 0.74495274432 0.55457501826 0.56113523969 0.61670897791 0.46773589553 0.58426158324 0.67579263607 0.80647946487 1.12220980353 -104.0825548009 0.19224121370   -2 
  23 0.00000450200 0.00090000329 -132.45914795 0.09626544397 0.01069319756 0.09699543047 0.62803300142 0.60462715329 0.69685031963 0.54590217307 0.75278967085 0.55673077315 0.56212645976 0.61754592404 0.46976122633 0.58671708525 0.68233367842 0.81540988127 1.12470992909 -104.0195715089 0.07869551300   -2 
  24 0.00000450198 0.00090122101 -130.23942950 0.09651716596 0.01069197488 0.09698518488 0.62960859678 0.60664097446 0.69620746370 0.54568803524 0.74932338656 0.55594419866 0.56189067824 0.61739553618 0.46872643170 0.58572783399 0.67967314073 0.81148113141 1.12365001122 -104.0034917242 0.08833033806   -2 
  25 0.00000450198 0.00089925729 -129.80686869 0.09662611797 0.01069160216 0.09698311737 0.63086091404 0.60733345578 0.69587997288 0.54559951313 0.74830829932 0.55578044338 0.56191421957 0.61745378869 0.46830474020 0.58545973096 0.67897232690 0.81026464192 1.12330669753 -103.9898990358 0.05891997210   -2 
  26 0.00000450198 0.00089943335 -129.37424703 0.09671876892 0.01069131772 0.09698134417 0.63424207117 0.60879329222 0.69556252722 0.54561076009 0.74710418882 0.55577713867 0.56222591924 0.61784250551 0.46750867616 0.58516744032 0.67811324162 0.80839412741 1.12296226649 -103.9754128791 0.02097634425   -2 
  27 0.00000450198 0.00089914440 -129.30153260 0.09675254271 0.01069125083 0.09698114680 0.63524837075 0.60926139228 0.69552934003 0.54565749602 0.74685756052 0.55585430251 0.56241554805 0.61806574691 0.46718738038 0.58510601769 0.67789291382 0.80776494329 1.12290482000 -103.9744319227 0.01873960658   -2 
  28 0.00000450199 0.00089785747 -130.32594659 0.09679237921 0.01069190234 0.09698814523 0.63452957466 0.61039288117 0.69743754209 0.54691689732 0.74957284387 0.55782027575 0.56487699766 0.62080749797 0.46510696253 0.58574104787 0.67858694195 0.80575256949 1.12422172295 -103.9615499812 0.06767272358   -2 
  29 0.00000450199 0.00089879349 -130.85633369 0.09677821864 0.01069233282 0.09699187836 0.63445465485 0.61099174003 0.69840714654 0.54757517999 0.75094833434 0.55882947998 0.56613502474 0.62221004948 0.46408435738 0.58609292890 0.67897755796 0.80480402884 1.12495285016 -103.9552019171 0.01901819041   -2 
  30 0.00000450200 0.00089840306 -131.98343459 0.09673134960 0.01069329622 0.09699990196 0.63730443975 0.61060504854 0.69799471744 0.54797437862 0.75130075955 0.55970134336 0.56731693771 0.62358703699 0.46310443136 0.58674179128 0.67975295420 0.80440942765 1.12614603793 -103.9479880295 0.01676113101   -2 
  31 0.00000450206 0.00089805623 -137.96688841 0.09605215490 0.01069956444 0.09704355746 0.63560021919 0.61044337512 0.69529569574 0.54793379361 0.74813857600 0.56036954424 0.56860601878 0.62541035594 0.46251059971 0.58969531757 0.68338640697 0.80782673825 1.13102117645 -103.9235087568 0.09277040041   -2 
  32 0.00000450209 0.00090002082 -141.22872994 0.09564145747 0.01070302301 0.09706678599 0.63496353787 0.61047323414 0.69415973755 0.54792411367 0.74664419087 0.56067861725 0.56921380562 0.62628177727 0.46226347061 0.59120074492 0.68523560108 0.80962308344 1.13346404281 -103.9111656062 0.03227958190   -2 
  33 0.00000450223 0.00090275082 -158.13452504 0.09340364303 0.01072056598 0.09718032723 0.63757163261 0.61028698061 0.69721911296 0.54629365690 0.74490527151 0.55884040314 0.56768559917 0.62503169260 0.46264699745 0.59409427307 0.68864833897 0.81442452409 1.13512008062 -103.8630379342 0.15899522799   -2 
  34 0.00000450235 0.00090057817 -174.20310778 0.09160722796 0.01073539534 0.09727736172 0.63925318618 0.60995594061 0.69962529479 0.54484520425 0.74356549353 0.55715161606 0.56620249798 0.62372731750 0.46297094752 0.59625328935 0.69117430386 0.81812382614 1.13590634506 -103.8182651489 0.05064677695   -2 
  35 0.00000450247 0.00089974915 -191.91683401 0.08977448898 0.01075049059 0.09737495409 0.63977669624 0.60994643729 0.70130691771 0.54376755587 0.74323367558 0.55552308296 0.56454702568 0.62206840618 0.46332779881 0.59745622245 0.69250777417 0.82047623389 1.13511600082 -103.8042482880 0.10196227671   -2 
  36 0.00000450257 0.00090231003 -208.69362828 0.08813767914 0.01076383592 0.09745989281 0.63978568920 0.61019214560 0.70226037379 0.54312259836 0.74348956515 0.55423996652 0.56311264133 0.62053506995 0.46363908096 0.59797153387 0.69300859918 0.82173294897 1.13366491762 -103.7813809798 0.08716675543   -2 
  37 0.00000450309 0.00090316362 -318.12259671 0.08052498983 0.01083086556 0.09788836058 0.63467036776 0.61089547357 0.70134296727 0.54096172480 0.74631494723 0.54829575014 0.55572326779 0.61204469370 0.46472878375 0.59668932240 0.69076422824 0.82208104882 1.12081398589 -103.6958021467 0.09286920838   -2 
  38 0.00000450294 0.00090468630 -282.41636269 0.08259491723 0.01081190798 0.09776722290 0.63653585281 0.61019947590 0.70021367306 0.54175196246 0.74510471638 0.55024405190 0.55798306288 0.61451092538 0.46414296246 0.59612892579 0.69029409231 0.82043093107 1.12351322282 -103.6712473682 0.09850679744   -2 
  39 0.00000450282 0.00090282077 -256.51620058 0.08437992197 0.01079641434 0.09766931881 0.63764243852 0.60908330103 0.69792758904 0.54246240957 0.74375003942 0.55197291207 0.55987373080 0.61645934096 0.46339353029 0.59473368385 0.68878242230 0.81755671644 1.12461064937 -103.6453326948 0.08150534797   -2 
  40 0.00000450277 0.00090494597 -246.49118948 0.08506971010 0.01079021244 0.09762912953 0.63777398662 0.60861989367 0.69633022485 0.54293744740 0.74326086988 0.55285358940 0.56072112987 0.61723176117 0.46291814706 0.59339066161 0.68723403215 0.81515488369 1.12418738004 -103.6266720571 0.08003868836   -2 
  41 0.00000450266 0.00090528475 -225.42840909 0.08669600901 0.01077617495 0.09753907573 0.63672979719 0.60730299916 0.69188464614 0.54399619959 0.74209682502 0.55483445130 0.56251695497 0.61872533697 0.46159487385 0.58933115347 0.68249966892 0.80816829051 1.12184586336 -103.5977991039 0.04659482782   -2 
  42 0.00000450268 0.00090408793 -228.20538069 0.08645922505 0.01077814793 0.09755154552 0.63623845306 0.60753945718 0.69264243602 0.54376106310 0.74237925013 0.55444875943 0.56211658431 0.61831002296 0.46168525068 0.58943472393 0.68260654521 0.80850188037 1.12151305254 -103.5922179812 0.05899568033   -2 
  43 0.00000450275 0.00090493592 -241.95280711 0.08512535158 0.01078829100 0.09761227193 0.63321722988 0.60917243736 0.69682897956 0.54262979178 0.74432019899 0.55247302995 0.55992548756 0.61588221306 0.46190377042 0.58865449092 0.68159146559 0.80833041497 1.11823763669 -103.5644290646 0.04522614962   -2 
  44 0.00000450283 0.00090355133 -258.20997371 0.08370196295 0.01079953087 0.09768007729 0.63148057483 0.60959030423 0.69874793451 0.54135043044 0.74564347664 0.55031476491 0.55737220275 0.61287485028 0.46165258670 0.58611123361 0.67847300041 0.80558930726 1.11262930836 -103.5443307383 0.10090924488   -2 
  45 0.00000450292 0.00090575738 -278.06053569 0.08206447678 0.01081252573 0.09775769594 0.63062766232 0.60969339558 0.69995995639 0.54002437398 0.74679915262 0.54801832371 0.55458974775 0.60954416328 0.46124012307 0.58288554381 0.67453936766 0.80191765120 1.10604139133 -103.5182194391 0.08409348299   -2 
  46 0.00000450314 0.00090470229 -332.33257424 0.07852130622 0.01084307526 0.09794425009 0.63118411420 0.60709960091 0.69729636829 0.53698150164 0.74667625676 0.54304793678 0.54842796020 0.60201777085 0.45956255684 0.57415066586 0.66397936555 0.79124632448 1.08987858368 -103.4595018890 0.11483031464   -2 
  47 0.00000450319 0.00090749226 -344.36501459 0.07784518285 0.01084916616 0.09798160887 0.63168192749 0.60622416483 0.69573720954 0.53652871530 0.74589198956 0.54233609844 0.54749747564 0.60084130942 0.45908360073 0.57241362774 0.66190636500 0.78899747374 1.08707855360 -103.4353742085 0.09273922885   -2 
  48 0.00000450341 0.00091223547 -411.84817758 0.07499329621 0.01087832640 0.09816854441 0.63300455439 0.59923986325 0.68243887201 0.53444922176 0.73738451990 0.53979714123 0.54404658997 0.59630781950 0.45577229675 0.56371149318 0.65166092638 0.77706217040 1.07485179051 -103.3537244127 0.13190458874   -2 
  49 0.00000450340 0.00090997491 -407.17489844 0.07523881105 0.01087623409 0.09815640394 0.63220178378 0.59962538447 0.68318223451 0.53453651877 0.73752378699 0.54003661730 0.54439030594 0.59675235546 0.45587030683 0.56433637216 0.65241647417 0.77784834904 1.07591444688 -103.3348349677 0.06326980431   -2 
  50 0.00000450337 0.00091235091 -398.53324554 0.07595621198 0.01087152583 0.09813336164 0.62633870432 0.60095736500 0.68471365861 0.53480215548 0.73471171657 0.54163498823 0.54659515774 0.59947852219 0.45511210113 0.56645959084 0.65515766426 0.77996195903 1.08136205396 -103.2909549854 0.04025604888   -2 
  51 0.00000450337 0.00091150736 -397.45903695 0.07617655611 0.01087052130 0.09813023809 0.62637870512 0.60070232966 0.68433143441 0.53473900151 0.73341549896 0.54208333956 0.54726988046 0.60032075247 0.45463043003 0.56693992978 0.65581682958 0.78027004900 1.08290766373 -103.2836339889 0.07084693445   -2 
  52 0.00000450336 0.00091372120 -394.65173997 0.07676849819 0.01086789375 0.09812228670 0.62774639044 0.59995614301 0.68311114482 0.53462048146 0.72958923685 0.54352283944 0.54941373040 0.60298773796 0.45309225517 0.56840733681 0.65784136808 0.78116701063 1.08774287643 -103.2630277374 0.01125296092   -2 
  53 0.00000450336 0.00091390160 -394.35988844 0.07684171381 0.01086759659 0.09812151524 0.62802110428 0.59987887600 0.68296850168 0.53461307802 0.72923493195 0.54370265324 0.54969316215 0.60333885469 0.45285744961 0.56859515451 0.65810329916 0.78126045124 1.08836037419 -103.2627650079 0.01082654116   -2 
  54 0.00000450336 0.00091341787 -394.47524406 0.07686097307 0.01086762335 0.09812212629 0.62840606677 0.59994754650 0.68300133228 0.53464843259 0.72966221419 0.54375641990 0.54982329301 0.60351616246 0.45261121725 0.56867585617 0.65822516520 0.78122073911 1.08859897921 -103.2620599695 0.02242429284   -2 
  55 0.00000450336 0.00091345596 -394.84157231 0.07688638178 0.01086782805 0.09812417794 0.62958387958 0.60025451711 0.68320958561 0.53480294056 0.73106030503 0.54393180011 0.55021686855 0.60404750350 0.45189710561 0.56892445160 0.65859584299 0.78112220138 1.08931219875 -103.2602557865 0.00887734495   -2 
  56 0.00000450337 0.00091320726 -395.39888898 0.07687240429 0.01086825697 0.09812708931 0.62881317080 0.60065506348 0.68369400821 0.53508058957 0.73207627467 0.54411503709 0.55051280879 0.60443117867 0.45142587852 0.56915641880 0.65891602751 0.78114998721 1.08982704874 -103.2590381164 0.01108016989   -2 
  57 0.00000450337 0.00091338140 -395.49655711 0.07686580213 0.01086834731 0.09812762091 0.62875072455 0.60070761638 0.68376587407 0.53512684079 0.73219956470 0.54414609834 0.55055694622 0.60448706328 0.45136342643 0.56919455901 0.65896691409 0.78116332456 1.08990369245 -103.2588951707 0.00481111537   -2 
  58 0.00000450339 0.00091291549 -398.82822987 0.07672329156 0.01087101039 0.09814457773 0.62995160628 0.60036547567 0.68424466101 0.53591958861 0.73221245385 0.54471506842 0.55119240556 0.60526319310 0.45044927456 0.56999801975 0.65996288156 0.78171879993 1.09094994746 -103.2572185399 0.00975557677   -2 
  59 0.00000450339 0.00091292700 -398.26305284 0.07675033324 0.01087054854 0.09814169137 0.62963425998 0.60046536086 0.68413501940 0.53575114075 0.73219702628 0.54460229129 0.55106535007 0.60510738104 0.45063369614 0.56984448138 0.65977062802 0.78161752288 1.09074081021 -103.2570666450 0.00678883330   -2 
  60 0.00000450339 0.00091321878 -398.35636376 0.07674760856 0.01087061796 0.09814216103 0.62937509167 0.60060408993 0.68407104321 0.53566779246 0.73215765826 0.54456916763 0.55102193900 0.60505089775 0.45071608237 0.56981188310 0.65972316522 0.78161679685 1.09067033802 -103.2568257226 0.01231284901   -2 
  61 0.00000450339 0.00091319102 -398.60725176 0.07675090387 0.01087076204 0.09814334360 0.62880366008 0.60085261055 0.68389856110 0.53546970903 0.73204259587 0.54448447910 0.55091578384 0.60491539225 0.45089075019 0.56973334538 0.65961028762 0.78160399855 1.09049491118 -103.2563911132 0.00505927915   -2 
  62 0.00000450340 0.00091380818 -400.46103356 0.07672409374 0.01087202145 0.09815235725 0.62909625555 0.60074019197 0.68313728786 0.53458426244 0.73133843584 0.54400496881 0.55033475520 0.60418923436 0.45169026342 0.56929462259 0.65899379523 0.78144455719 1.08948905340 -103.2551473388 0.01474630125   -2 
  63 0.00000450341 0.00091364059 -400.92219748 0.07671960845 0.01087232479 0.09815457374 0.62911224115 0.60067476471 0.68298525738 0.53440181863 0.73118305553 0.54389485612 0.55020257144 0.60402521214 0.45186008636 0.56919090440 0.65885030730 0.78139737941 1.08925716533 -103.2548718330 0.00686930791   -2 
  64 0.00000450344 0.00091418480 -405.72869688 0.07651800868 0.01087607123 0.09817853381 0.62805269401 0.59937490591 0.68345779385 0.53422558089 0.73077405524 0.54329233264 0.54945352915 0.60310470994 0.45268879933 0.56842294805 0.65785295822 0.78082498146 1.08785703601 -103.2524605640 0.00922564631   -2 
  65 0.00000450345 0.00091432799 -407.88403416 0.07642747875 0.01087774056 0.09818918858 0.62769891675 0.59890937651 0.68360729452 0.53417944438 0.73061359643 0.54305024861 0.54915447965 0.60273949833 0.45298936872 0.56810194895 0.65744170755 0.78056447668 1.08728722882 -103.2522041928 0.01230099748   -2 
  66 0.00000450360 0.00091409362 -431.77623551 0.07540258515 0.01089589742 0.09830388019 0.62991397536 0.59960234227 0.68191852826 0.53477381827 0.72970438338 0.54162348639 0.54747927441 0.60079678456 0.45319269489 0.56562056663 0.65451701566 0.77760073448 1.08356999666 -103.2414204532 0.02373718882   -2 
  67 0.00000450365 0.00091331271 -439.24241124 0.07513423628 0.01090122477 0.09833821191 0.62943047757 0.59978289845 0.68157766294 0.53479687385 0.72953391214 0.54140980239 0.54722864587 0.60051376715 0.45297289200 0.56512243821 0.65396098409 0.77691450319 1.08292106070 -103.2383566443 0.05023192620   -2 
  68 0.00000450396 0.00091488980 -494.26261051 0.07325555115 0.01093824337 0.09857546838 0.62537937503 0.60114582160 0.67988123231 0.53483129824 0.72872849033 0.54037680257 0.54598739306 0.59912557416 0.45110953248 0.56217517747 0.65074470098 0.77266893161 1.07937537079 -103.2197620376 0.03406975636   -2 
  69 0.00000450529 0.00091709818 -819.35091751 0.06670654798 0.01109421250 0.09959336208 0.62234375294 0.59256732028 0.67579743675 0.52907274590 0.72301229487 0.53757965402 0.54309338906 0.59607223252 0.44050716141 0.55418642557 0.64247146619 0.75963531395 1.06964627446 -103.1521725934 0.09092936847   -2 
  70 0.00000450524 0.00091859393 -806.15788531 0.06691549579 0.01108912390 0.09956042578 0.62280826567 0.59303765289 0.67597397336 0.52924227195 0.72316394147 0.53764814502 0.54317915803 0.59615956912 0.44090953500 0.55456713242 0.64286321516 0.76024516634 1.07001102311 -103.1432917500 0.03879701361   -2 
  71 0.00000450514 0.00091870171 -776.28465656 0.06784723330 0.01107531648 0.09948105688 0.62633375167 0.59561452468 0.67594022262 0.52899470958 0.72239362264 0.53716008769 0.54295118428 0.59586805436 0.44257316408 0.55685152508 0.64513919903 0.76384322267 1.07091339974 -103.1193701540 0.02186266819   -2 
  72 0.00000450512 0.00091889736 -769.56181266 0.06807304657 0.01107210286 0.09946275905 0.62699496405 0.59619371713 0.67599760910 0.52895309784 0.72225066507 0.53705645928 0.54291019456 0.59581189301 0.44299564050 0.55745650410 0.64574420365 0.76478661614 1.07117425738 -103.1183117418 0.02356200603   -2 
  73 0.00000450507 0.00092015902 -755.66792925 0.06863387314 0.01106504748 0.09942423864 0.62641201914 0.59702529729 0.67681989951 0.52906727626 0.72239569358 0.53697524500 0.54297549138 0.59584427899 0.44425504018 0.55948907129 0.64780067909 0.76785622745 1.07228896878 -103.1124604634 0.02821314218   -2 
  74 0.00000450506 0.00091977018 -754.01209512 0.06870928838 0.01106417156 0.09941959866 0.62616330200 0.59699393488 0.67694994426 0.52910587530 0.72247195431 0.53699127941 0.54300615897 0.59587275939 0.44443235497 0.55979158849 0.64810804099 0.76829786115 1.07247678955 -103.1114110452 0.01603995942   -2 
  75 0.00000450505 0.00092024145 -750.84601597 0.06882096336 0.01106268905 0.09941127843 0.62518457781 0.59633978345 0.67753730985 0.52943435195 0.72312802107 0.53726507758 0.54327583049 0.59615503850 0.44493282088 0.56071855773 0.64906603013 0.76956791419 1.07327011207 -103.1093271043 0.01053080761   -2 
  76 0.00000450505 0.00091993390 -750.82786703 0.06881846045 0.01106270777 0.09941134637 0.62524413502 0.59624539927 0.67753557272 0.52947095753 0.72320301216 0.53731336567 0.54331811495 0.59620209424 0.44496218913 0.56078495219 0.64913545149 0.76963790812 1.07334969278 -103.1090795180 0.01200310773   -2 
  77 0.00000450506 0.00091955115 -750.85265937 0.06874815735 0.01106316007 0.09941282768 0.62610845197 0.59558830887 0.67758601304 0.52985011200 0.72394216516 0.53779741472 0.54374117621 0.59667270242 0.44522202873 0.56137149044 0.64975412092 0.77024025348 1.07411218651 -103.1077097022 0.00611107855   -2 
  78 0.00000450506 0.00091896529 -751.35125249 0.06868921605 0.01106376213 0.09941575674 0.62579940480 0.59615342736 0.67779812698 0.53015639769 0.72441268493 0.53824793775 0.54416339034 0.59714874860 0.44548135346 0.56191771018 0.65033147170 0.77076520266 1.07484849604 -103.1069351924 0.01093745142   -2 
  79 0.00000450506 0.00091907516 -751.45629456 0.06867755468 0.01106388362 0.09941635568 0.62578692227 0.59627088336 0.67784905230 0.53020958830 0.72448747344 0.53832635316 0.54423896973 0.59723416535 0.44552974267 0.56201496529 0.65043450086 0.77085900336 1.07498043040 -103.1068013907 0.00338177188   -2 
  80 0.00000450507 0.00091889946 -752.32415084 0.06868521084 0.01106432776 0.09941992125 0.62633222246 0.59664220153 0.67805463038 0.53024615277 0.72438922552 0.53846295902 0.54442221488 0.59745081322 0.44569950720 0.56228261742 0.65071492556 0.77109736815 1.07528872531 -103.1065355378 0.00275218023   -2 
  81 0.00000450507 0.00091885875 -752.95732211 0.06870041688 0.01106460300 0.09942241136 0.62613841257 0.59656348315 0.67815083791 0.53026984527 0.72438912295 0.53847968821 0.54446887006 0.59750776687 0.44577536661 0.56235708448 0.65079512836 0.77117378758 1.07538287666 -103.1064111614 0.00845370811   -2 
  82 0.00000450508 0.00091911107 -753.84265191 0.06871700015 0.01106501144 0.09942594490 0.62590562239 0.59646121533 0.67828484090 0.53030758011 0.72440141881 0.53850335157 0.54453291201 0.59758563220 0.44588055839 0.56245776282 0.65090410478 0.77127953840 1.07551345485 -103.1062652144 0.00313859827   -2 
  83 0.00000450508 0.00091927537 -754.48948081 0.06872445789 0.01106533331 0.09942857714 0.62588756338 0.59640500273 0.67830960611 0.53032154681 0.72441051961 0.53850643973 0.54455894353 0.59761860086 0.44594069364 0.56250656033 0.65095687532 0.77133159245 1.07557216110 -103.1062166186 0.00659432323   -2 
  84 0.00000450510 0.00091938460 -757.29625856 0.06875726182 0.01106672412 0.09943996866 0.62592846189 0.59617711077 0.67831065912 0.53035322251 0.72443046979 0.53849616984 0.54463892238 0.59772411705 0.44617354418 0.56268105350 0.65114462507 0.77151604631 1.07576393633 -103.1059744724 0.00497650697   -2 
  85 0.00000450512 0.00091961240 -759.92188364 0.06877099536 0.01106810721 0.09945078614 0.62609558430 0.59608889332 0.67825884704 0.53037091418 0.72445489121 0.53848123018 0.54469010183 0.59779402976 0.44636010299 0.56281030337 0.65128327989 0.77165342596 1.07589629751 -103.1058469378 0.00624211982   -2 
  86 0.00000450513 0.00091944464 -761.90020251 0.06876498924 0.01106922964 0.09945910477 0.62623839890 0.59615894113 0.67817222357 0.53036444383 0.72446660778 0.53846283853 0.54469698915 0.59780821547 0.44645540166 0.56286206428 0.65133759096 0.77170713113 1.07592879420 -103.1056704137 0.01069133192   -2 
  87 0.00000450519 0.00091963462 -770.56644058 0.06869483128 0.01107434062 0.09949582551 0.62690571303 0.59668842383 0.67783419639 0.53034659374 0.72455760341 0.53840135725 0.54470676726 0.59784108475 0.44681579547 0.56303987880 0.65152348050 0.77189574437 1.07602166450 -103.1049411188 0.00892449700   -2 
  88 0.00000450531 0.00091896194 -789.04606773 0.06839901079 0.01108583981 0.09957467481 0.62651152904 0.59770597149 0.67779490127 0.53035435008 0.72478375652 0.53837603649 0.54462248194 0.59775351076 0.44718652314 0.56311984651 0.65159647613 0.77198299125 1.07591038498 -103.1028652955 0.03065290238   -2 
  89 0.00000450545 0.00091918800 -810.67068485 0.06804049930 0.01109909683 0.09966501693 0.62611936345 0.59876683034 0.67784681768 0.53038621551 0.72505437956 0.53836916811 0.54453387488 0.59765752242 0.44757643063 0.56319486123 0.65166319766 0.77206783849 1.07578519005 -103.1009197331 0.01561865488   -2 
  90 0.00000450563 0.00091980684 -838.68839018 0.06753405179 0.01111613659 0.09977974684 0.62653902165 0.59680558328 0.67841906565 0.53037968239 0.72485455535 0.53839106481 0.54434916143 0.59740710325 0.44742762207 0.56290521879 0.65132384688 0.77170482747 1.07525137788 -103.0957871636 0.04984628170   -2 
  91 0.00000450576 0.00091898229 -859.32133995 0.06719408344 0.01112824299 0.09986170521 0.62670532713 0.59531638313 0.67872746679 0.53032880132 0.72462043355 0.53837445985 0.54418874919 0.59719569402 0.44726301507 0.56265520246 0.65103205546 0.77138606860 1.07479956939 -103.0918397978 0.01242575552   -2 
  92 0.00000450582 0.00091869658 -869.73199356 0.06703477669 0.01113420904 0.09990229812 0.62664451625 0.59479263210 0.67871904691 0.53025841866 0.72441554993 0.53833051178 0.54408650126 0.59706421329 0.44709846030 0.56248094662 0.65083063160 0.77115916819 1.07450828638 -103.0913158189 0.02275531629   -2 
  93 0.00000450619 0.00091963487 -933.97250469 0.06610132016 0.01116960924 0.10014310734 0.62601082304 0.59263749676 0.67822355072 0.52973844418 0.72301104698 0.53797797002 0.54343486602 0.59623080530 0.44589095108 0.56131958802 0.64949304736 0.76963902939 1.07263376065 -103.0872707235 0.03001183700   -2 
  94 0.00000450655 0.00091928171 -999.98401533 0.06527695127 0.01120336058 0.10037397876 0.62507804751 0.59144786637 0.67727782112 0.52908395323 0.72153160238 0.53748465195 0.54272126593 0.59534416454 0.44461839807 0.56012104126 0.64811158335 0.76805138010 1.07066485683 -103.0834361121 0.04384981662   -2 
  95 0.00000450726 0.00092114290 -1145.5571294 0.06368584335 0.01127082018 0.10083540408 0.62338261437 0.59021546307 0.67514102377 0.52770497070 0.71865772640 0.53637940401 0.54125565850 0.59354470081 0.44204592578 0.55771536197 0.64533840582 0.76485031646 1.06669152286 -103.0754783516 0.03655457392   -2 
  96 0.00000450781 0.00092109518 -1271.1738027 0.06258785840 0.01132228742 0.10118953709 0.62225319922 0.59025026958 0.67319828697 0.52648280547 0.71656105550 0.53528874975 0.54001443515 0.59206902779 0.44008824810 0.55585769462 0.64319244843 0.76234758540 1.06351829141 -103.0699796862 0.04290621040   -2 
  97 0.00000450819 0.00092255165 -1368.5553524 0.06185146423 0.01135881121 0.10144149229 0.62184579475 0.59079568228 0.67186212662 0.52559298359 0.71528272113 0.53440743500 0.53910203913 0.59100915891 0.43876155701 0.55458054545 0.64171531695 0.76061199225 1.06128917563 -103.0654480008 0.03308671944   -2 
  98 0.00000450863 0.00092263880 -1487.5152687 0.06113836375 0.01139960631 0.10172581704 0.62175482075 0.59178790697 0.67042843788 0.52451175774 0.71416109344 0.53318311867 0.53798141315 0.58975750019 0.43739580905 0.55320807360 0.64012275030 0.75871339024 1.05877013352 -103.0606503668 0.03178784244   -2 
  99 0.00000450886 0.00092382098 -1554.6179485 0.06079826873 0.01142108504 0.10187644466 0.62198722304 0.59233858355 0.66992776090 0.52399255962 0.71385500048 0.53247610500 0.53739241495 0.58912258639 0.43679715543 0.55257209571 0.63938295864 0.75781846083 1.05755260423 -103.0580205320 0.03051366240   -2 
 100 0.00000450928 0.00092424953 -1687.2408911 0.06027764547 0.01146045582 0.10215561044 0.62244034560 0.59293313296 0.66942397485 0.52311242117 0.71373055004 0.53105304622 0.53629518150 0.58798331993 0.43593642504 0.55156309679 0.63820416557 0.75636304973 1.05549303454 -103.0532261505 0.03087732207   -2 
 101 0.00000450953 0.00092568349 -1768.1383680 0.05999810278 0.01148297705 0.10231574006 0.62265060978 0.59294581357 0.66948231064 0.52276145624 0.71392450366 0.53029340658 0.53574173109 0.58742780374 0.43561907630 0.55112864176 0.63769478564 0.75571938538 1.05455406502 -103.0504659931 0.03305368690   -2 
 102 0.00000451003 0.00092660717 -1948.8486082 0.05947933721 0.01152963556 0.10264917430 0.62249351380 0.59214170053 0.66996033409 0.52225099027 0.71456664124 0.52883011653 0.53471040782 0.58642261233 0.43524987704 0.55045335646 0.63689788034 0.75468114108 1.05296962915 -103.0453592925 0.02882482724   -2 
 103 0.00000451002 0.00092723600 -1945.2400333 0.05947921638 0.01152881973 0.10264303355 0.62235161782 0.59196045565 0.67004865519 0.52238969904 0.71459773821 0.52898088768 0.53482396431 0.58654377145 0.43538275892 0.55057741713 0.63704196054 0.75485418222 1.05320926200 -103.0437635205 0.02764777154   -2 
 104 0.00000450998 0.00092680094 -1928.8219495 0.05950410227 0.01152498496 0.10261507057 0.62072338299 0.59010968434 0.67054332221 0.52343312017 0.71469448772 0.53011713803 0.53567108645 0.58745552489 0.43649807317 0.55156842434 0.63818834479 0.75621848633 1.05504873335 -103.0368285333 0.01278168050   -2 
 105 0.00000450998 0.00092629983 -1927.9181630 0.05952388469 0.01152476921 0.10261419708 0.62278035868 0.59077395640 0.67037889924 0.52368065818 0.71468825468 0.53060964236 0.53609866215 0.58794364773 0.43736623641 0.55226054893 0.63896964301 0.75710383078 1.05605551826 -103.0335244400 0.01315463067   -2 
 106 0.00000450998 0.00092590073 -1927.8778906 0.05953162849 0.01152473956 0.10261425931 0.62283555886 0.59090453551 0.67041660002 0.52373641273 0.71473069300 0.53070637848 0.53618807082 0.58804577572 0.43754268827 0.55240340614 0.63913038180 0.75728502380 1.05626079277 -103.0331255680 0.01573077268   -2 
 107 0.00000450999 0.00092559868 -1927.6416695 0.05956489147 0.01152475022 0.10261566471 0.62248643640 0.59221008161 0.67119342477 0.52435153407 0.71540875725 0.53162946510 0.53706018189 0.58903683863 0.43916057907 0.55374050260 0.64063613823 0.75898571697 1.05822184119 -103.0302208881 0.00490315557   -2 
 108 0.00000450999 0.00092559036 -1927.8286978 0.05958203728 0.01152483527 0.10261701363 0.62263365999 0.59166748299 0.67157128896 0.52451874338 0.71581419305 0.53179234749 0.53727780578 0.58928634216 0.43953895756 0.55407621925 0.64100449122 0.75938448522 1.05864471254 -103.0298211194 0.00244399040   -2 
 109 0.00000450999 0.00092555066 -1927.8441063 0.05958306622 0.01152483982 0.10261708982 0.62263648945 0.59165982607 0.67156942005 0.52451890724 0.71582045477 0.53179029486 0.53727919645 0.58928816794 0.43954185789 0.55407963927 0.64100766125 0.75938684324 1.05864462597 -103.0298151158 0.00084183110   -2 
 110 0.00000450999 0.00092556983 -1928.0428715 0.05959054696 0.01152495444 0.10261832123 0.62271942913 0.59164843513 0.67150987138 0.52451215083 0.71589361040 0.53173932931 0.53728100944 0.58929358332 0.43954135495 0.55409778501 0.64101767694 0.75938012403 1.05858875752 -103.0298036577 0.00073860188   -2 
 111 0.00000450999 0.00092559081 -1928.0705363 0.05959103892 0.01152497611 0.10261851866 0.62271604009 0.59165146737 0.67150848977 0.52451217750 0.71589983943 0.53173427334 0.53728139392 0.58929436132 0.43954082658 0.55409985365 0.64101875222 0.75937920806 1.05858410892 -103.0298025867 0.00076472037   -2 
 112 0.00000451000 0.00092561634 -1928.2890994 0.05959541302 0.01152514166 0.10262004610 0.62265313521 0.59167308238 0.67150457483 0.52451057014 0.71593145600 0.53169885302 0.53728212668 0.58929763187 0.43953482307 0.55411241713 0.64102387107 0.75936999325 1.05854856877 -103.0297974855 0.00034119710   -2 
 113 0.00000451000 0.00092560624 -1928.3489282 0.05959582079 0.01152519575 0.10262050476 0.62265658576 0.59167000240 0.67150636276 0.52450946051 0.71592780314 0.53169442861 0.53728131583 0.58929711230 0.43953278235 0.55411373334 0.64102366440 0.75936726249 1.05854234949 -103.0297969186 0.00069842869   -2 
 114 0.00000451000 0.00092563124 -1928.8652480 0.05959734195 0.01152568413 0.10262456830 0.62270516817 0.59164510877 0.67152819157 0.52450233803 0.71589352314 0.53166180541 0.53727546639 0.58929360675 0.43951581566 0.55412509128 0.64102254627 0.75934553292 1.05849630267 -103.0297924698 0.00047212074   -2 
 115 0.00000451004 0.00092569246 -1931.5620953  0.0595953021 0.01152834092 0.10264626043 0.62268218362 0.59160445084 0.67157381475 0.52448264830 0.71576625615 0.53156646750 0.53725198145 0.58927737471 0.43944304633 0.55416598439 0.64101457243 0.75925822983 1.05834809474 -103.0297796165 0.00103556529   -2 
 116 0.00000451006 0.00092574049 -1932.2893123 0.05959198374 0.01152908587 0.10265224130 0.62265943366 0.59161026110 0.67156067267 0.52447980194 0.71575964109 0.53155814985 0.53724722330 0.58927307581 0.43942955857 0.55417031400 0.64101118970 0.75924353559 1.05833071554 -103.0297740527 0.00213194718   -2 
 117 0.00000451014 0.00092576766 -1937.5703385 0.05956775889 0.01153448728 0.10269559852 0.62245847719 0.59165489813 0.67141226339 0.52445437661 0.71574447342 0.53152108246 0.53721002231 0.58923624198 0.43934062242 0.55418507069 0.64097938241 0.75914661452 1.05823128636 -103.0297357234 0.00170051011   -2 
 118 0.00000451045 0.00092573542 -1958.1344154 0.05945416484 0.01155560689 0.10286438934 0.62260081824 0.59157106621 0.67090612930 0.52432728750 0.71583432634 0.53152993871 0.53705986938 0.58906414517 0.43910373767 0.55409644603 0.64080508810 0.75888298283 1.05802909165 -103.0295809163 0.00251211517   -2 
 119 0.00000451064 0.00092586222 -1970.9473590 0.05938692448 0.01156863848 0.10296862955 0.62261976306 0.59147984580 0.67098149519 0.52427356928 0.71581236128 0.53153917795 0.53698810697 0.58897520407 0.43902279838 0.55400161235 0.64069996848 0.75878402738 1.05795959030 -103.0294927913 0.00858383386   -2 
 120 0.00000451138 0.00092568264 -2020.8799628 0.05914073831 0.01161865174 0.10336900157 0.62259529558 0.59110688642 0.67133372065 0.52406393815  0.7156741448 0.53155802888 0.53671325021 0.58863384997 0.43873183391 0.55362134122 0.64029284345 0.75841661414 1.05768678227 -103.0291561750 0.00360532249   -2 
 121 0.00000451217 0.00092600656 -2076.6208621 0.05893955948 0.01167259749 0.10380315715 0.62201761361 0.59149280019 0.67131618253 0.52403375686 0.71517030745 0.53134683024 0.53658719577 0.58846683310 0.43869420810 0.55325569657 0.64000628190 0.75825931092 1.05736546732 -103.0286877345 0.00571037591   -2 
 122 0.00000451234 0.00092590984 -2088.5370709 0.05890331912 0.01168391372 0.10389444143 0.62199950665 0.59151560429 0.67124511474 0.52402471602 0.71506554286 0.53128455644 0.53656714639 0.58844166353 0.43870040101 0.55318868125 0.63995767064 0.75823345013 1.05728231106 -103.0285941502 0.00792219847   -2 
 123 0.00000451350 0.00092644315 -2172.8824679 0.05865189801 0.01176258125 0.10452882225 0.62240095988 0.59150466693 0.67060756184 0.52398416536 0.71443188590 0.53082455504 0.53647428490 0.58832788819 0.43880352709 0.55278593859 0.63968816252 0.75810453162 1.05670102744 -103.0279445983 0.00418349338   -2 
 124 0.00000451373 0.00092639189 -2190.3953309 0.05859957053 0.01177863279 0.10465817472 0.62240576889 0.59136640822 0.67052600104 0.52395394085 0.71440748946 0.53074710383 0.53645673619 0.58831165850 0.43882581314 0.55274061738 0.63965634730 0.75807339371 1.05658012891 -103.0278658941 0.00734870531   -2 
 125 0.00000451457 0.00092679209 -2253.9152944 0.05840186082 0.01183614481 0.10512108687 0.62237889873 0.59079967428 0.67033220660 0.52383673156 0.71445188669 0.53050497601 0.53640234319 0.58826782137 0.43890712651 0.55262609904 0.63957445510 0.75796435082 1.05616872766 -103.0275851848 0.00375437994   -2 
 126 0.00000451513 0.00092678427 -2296.6525306 0.05824920343 0.01187443230 0.10542830225 0.62197614428 0.59061685644 0.67043438623 0.52367800700 0.71464361274 0.53044793211 0.53632082443 0.58819821808 0.43889506585 0.55264516487 0.63954538550 0.75781576798 1.05590364529 -103.0273938443 0.00692088863   -2 
 127 0.00000451517 0.00092690516 -2299.9377265 0.05823419954 0.01187739780 0.10545196470 0.62197038204 0.59063453849 0.67045171529 0.52366414034 0.71465895595 0.53045260132 0.53631096669 0.58818899811 0.43888727194 0.55265277108 0.63954372523 0.75779816566 1.05588674549 -103.0273369017 0.00334981393   -2 
 128 0.00000451533 0.00092662243 -2312.0704350 0.05816060389 0.01188862595 0.10554091278 0.62218309412 0.59102070782 0.67050250103 0.52354523732 0.71460942808 0.53055253007 0.53618888513 0.58806183223 0.43874034294 0.55273322501 0.63950798348 0.75760557178 1.05579854439 -103.0271323728 0.00307557167   -2 
 129 0.00000451534 0.00092665707 -2313.1086023 0.05815313498 0.01188960500 0.10554862726 0.62220080361 0.59104773523 0.67050888746 0.52353937073 0.71460532803 0.53056491342 0.53617834233 0.58805041859 0.43872410945 0.55274279350 0.63950521849 0.75758736794 1.05579483674 -103.0271214420 0.00130318964   -2 
 130 0.00000451540 0.00092660966 -2317.0770331 0.05811847110 0.01189355064 0.10557959409 0.62210422215 0.59090807777 0.67050752665 0.52358554731 0.71455225718 0.53066257962 0.53612337713 0.58798187469 0.43858050675 0.55281631212 0.63948391924 0.75746741116 1.05582975925 -103.0270728717 0.00056474090   -2 
 131 0.00000451541 0.00092659614 -2317.5983205 0.05811495952 0.01189407238 0.10558374077 0.62209813478 0.59088611050 0.67049747069 0.52359044341 0.71454207774 0.53066971710 0.53611603101 0.58797214274 0.43855790746 0.55282380339 0.63947837927 0.75744998453 1.05583160944 -103.0270718031 0.00077103228   -2 
 132 0.00000451542 0.00092661669 -2318.3859911 0.05811043029 0.01189487047 0.10559012809 0.62210059745 0.59085496952 0.67047391406 0.52359638857 0.71452497351 0.53067365945 0.53610557409 0.58795753676 0.43852058020 0.55283241305 0.63946736947 0.75742293873 1.05583154137 -103.0270697019 0.00076695964   -2 
 133 0.00000451543 0.00092660598 -2319.0889646 0.05810814115 0.01189557967 0.10559588519 0.62210528859 0.59083301024 0.67044518163 0.52359683570 0.71450713779 0.53066799135 0.53609630800 0.58794427587 0.43848577866 0.55283542305 0.63945416297 0.75739838594 1.05582525804 -103.0270676277 0.00087535599   -2 
 134 0.00000451545 0.00092664366 -2320.1942740 0.05810541235 0.01189670404 0.10560506087 0.62211657797 0.59081336639 0.67040062075 0.52359311974 0.71448059356 0.53065045325 0.53608320178 0.58792491873 0.43843179087 0.55283532363 0.63943117976 0.75736172844 1.05581018670 -103.0270645451 0.00080614892   -2 
 135 0.00000451546 0.00092664575 -2321.1950967 0.05810453024 0.01189772091 0.10561343447 0.62211447288 0.59080945402 0.67036604396 0.52358300287 0.71445810113 0.53062608102 0.53607207865 0.58790863390 0.43838639387 0.55282901339 0.63940822649 0.75733122076 1.05578911017 -103.0270619579 0.00097797578   -2 
 136 0.00000451548 0.00092669635 -2322.5208147 0.05810356266 0.01189908035 0.10562464602 0.62210461932 0.59081794143 0.67033317340 0.52356589568 0.71443351835 0.53058936428 0.53605916713 0.58788963928 0.43833151413 0.55281613742 0.63937770833 0.75729522334 1.05575729111 -103.0270587395 0.00076382053   -2 
 137 0.00000451549 0.00092669576 -2323.2700072 0.05810371922 0.01189985692 0.10563108944 0.62208420086 0.59082928165 0.67033113780 0.52355139075 0.71442505543 0.53056527053 0.53605316601 0.58788151097 0.43830913103 0.55280296058 0.63936073390  0.7572806302 1.05573377219 -103.0270564892 0.00096081188   -2 
 138 0.00000451551 0.00092673526 -2324.1926341 0.05810350599 0.01190083109 0.10563916181 0.62205795373 0.59084710422 0.67034227332 0.52353233509 0.71442054666 0.53053550709 0.53604754260 0.58787433487 0.43828885532 0.55278347292 0.63934123961 0.75726799508 1.05570323505 -103.0270538300 0.00054908810   -2 
 139 0.00000451552 0.00092672989 -2324.8758589 0.05810324236 0.01190158083 0.10564537881 0.62204210520 0.59085199282 0.67036771886 0.52351659934 0.71442536464 0.53051585678 0.53604555092 0.58787354017 0.43829030098 0.55276245398 0.63932992403 0.75726891122 1.05567718921 -103.0270519664 0.00092262626   -2 
 140 0.00000451553 0.00092675712 -2325.7427145 0.05810217757 0.01190255299 0.10565341433 0.62203133089 0.59085554500 0.67040475564 0.52349830682 0.71443553251 0.53049383493 0.53604455497 0.58787499449 0.43829918862 0.55273432096 0.63931781688 0.75727483496 1.05564463950 -103.0270497062 0.00061213315   -2 
 141 0.00000451556 0.00092675162 -2327.1416621 0.05809951482 0.01190416730 0.10566673240 0.62203962599 0.59084351996 0.67045246980 0.52347613105 0.71445490414 0.53046954168 0.53604530791 0.58788182456 0.43833202801 0.55268715141 0.63930478014 0.75729474437 1.05559267890 -103.0270467100 0.00079226697   -2 
 142 0.00000451556 0.00092675162 -2327.1416621 0.05809951482 0.01190416730 0.10566673240 0.62203962599 0.59084351996 0.67045246980 0.52347613105 0.71445490414 0.53046954168 0.53604530791 0.58788182456 0.43833202801 0.55268715141 0.63930478014 0.75729474437 1.05559267890 -103.0270467100           NAN   -8 
 143 0.00000451556 0.00092676764 -2327.1425921 0.05809879812 0.01190418762 0.10566687578 0.62204716037 0.59084200722 0.67044408234 0.52348069618 0.71445488878 0.53047457193 0.53604632329 0.58788314622 0.43833631168 0.55268871560 0.63930744549 0.75729718436 1.05559751512 -103.0270453078 0.00092389238   -2 
 144 0.00000451556 0.00092673015 -2327.1670513 0.05809465954 0.01190435350 0.10566811574 0.62209283741 0.59082226893 0.67036825463 0.52351536797 0.71444945757 0.53051460142 0.53605264001 0.58789194791 0.43837175152 0.55270033302 0.63932809941 0.75731539399 1.05563580382 -103.0270404721 0.00037972229   -2 
 145 0.00000451556 0.00092671856 -2327.1795881 0.05809322512 0.01190442210 0.10566864023 0.62209832134 0.59081934150 0.67035079324 0.52352656400 0.71444854410 0.53052859920 0.53605515165 0.58789537410 0.43838522313 0.55270483020 0.63933592992 0.75732242247 1.05565051292 -103.0270399932 0.00044817263   -2 
 146 0.00000451556 0.00092671856 -2327.1795881 0.05809322512 0.01190442210 0.10566864023 0.62209832134 0.59081934150 0.67035079324 0.52352656400 0.71444854410 0.53052859920 0.53605515165 0.58789537410 0.43838522313 0.55270483020 0.63933592992 0.75732242247 1.05565051292 -103.0270399932           NAN   -8 
 147 0.00000451556 0.00092673124 -2327.1888462 0.05809284534 0.01190445640 0.10566891818 0.62208506322 0.59082577641 0.67036330348 0.52352723167 0.71445042090 0.53053141698 0.53605632074 0.58789680757 0.43838990313 0.55270661933 0.63933869084 0.75732508235 1.05565235498 -103.0270391039 0.00072212865   -2 
 148 0.00000451556 0.00092671886 -2327.2117907 0.05809250691 0.01190452666 0.10566950475 0.62205834737 0.59083630313 0.67038593968 0.52352773482 0.71445290858 0.53053653550 0.53605816781 0.58789915535 0.43839926050 0.55270989126 0.63934389583 0.75732992159 1.05565606183 -103.0270377502 0.00020034009   -2 
 149 0.00000451556 0.00092671886 -2327.2117907 0.05809250691 0.01190452666 0.10566950475 0.62205834737 0.59083630313 0.67038593968 0.52352773482 0.71445290858 0.53053653550 0.53605816781 0.58789915535 0.43839926050 0.55270989126 0.63934389583 0.75732992159 1.05565606183 -103.0270377502           NAN   -8 
 150 0.00000451557 0.00092671701 -2327.2510730 0.05809209456 0.01190464542 0.10567051207 0.62208331008 0.59083699267 0.67039408277 0.52352828700 0.71445502559 0.53054226852 0.53606041407 0.58790205639 0.43841204754 0.55271430324 0.63935073334 0.75733635910 1.05566513784 -103.0270370980 0.00043781727   -2 
 151 0.00000451557 0.00092670636 -2327.2718152 0.05809200776 0.01190470472 0.10567102020 0.62209198192 0.59083731371 0.67039754266 0.52352855090 0.71445598942 0.53054495434 0.53606148102 0.58790343468 0.43841822154 0.55271642626 0.63935402068 0.75733940615 1.05566893481 -103.0270368142 0.00019259243   -2 
 152 0.00000451557 0.00092670636 -2327.2718152 0.05809200776 0.01190470472 0.10567102020 0.62209198192 0.59083731371 0.67039754266 0.52352855090 0.71445598942 0.53054495434 0.53606148102 0.58790343468 0.43841822154 0.55271642626 0.63935402068 0.75733940615 1.05566893481 -103.0270368142 0.00019259243   -5 
 153 0.00000451557 0.00092670636 -2327.2718152 0.05809200776 0.01190470472 0.10567102020 0.62209198192 0.59083731371 0.67039754266 0.52352855090 0.71445598942 0.53054495434 0.53606148102 0.58790343468 0.43841822154 0.55271642626 0.63935402068 0.75733940615 1.05566893481 -103.0270368142           NAN   -8 
 154 0.00000451557 0.00092670636 -2327.2718152 0.05809200776 0.01190470472 0.10567102020 0.62209198192 0.59083731371 0.67039754266 0.52352855090 0.71445598942 0.53054495434 0.53606148102 0.58790343468 0.43841822154 0.55271642626 0.63935402068 0.75733940615 1.05566893481 -103.0270368142 0.00019259243   -8 
-- Local optimization: reached maximum number of likelihood evaluations allowed.
-- Found new optimum with likelihood -103.027036814221688 and gradient 0.00019

---- Best joint likelihood found -103.027036814221688 with gradient 0.00019

---- Results for /scratch/40841077/tmpm3sqo1mu 
--  Model: C
--        eps_an     theta_bar             a 
-- 0.00000451557 0.00092670636            -1 
--           S_d             b           p_b           S_b 
-- -2327.2718152 0.05809200776 0.01190470472 0.10567102020 
--           r 2           r 3           r 4           r 5           r 6           r 7           r 8           r 9          r 10          r 11          r 12          r 13          r 14 
-- 0.62209198192 0.59083731371 0.67039754266 0.52352855090 0.71445598942 0.53054495434 0.53606148102 0.58790343468 0.43841822154 0.55271642626 0.63935402068 0.75733940615 1.05566893481 

---- Expected P_neut(i), 0 < i < n (neutral SFS per site) 
E[P_neut(1)] = 0.0009267025
E[P_neut(2)] = 0.0002882472
E[P_neut(3)] = 0.0001825103
E[P_neut(4)] = 0.0001553149
E[P_neut(5)] = 0.0000970312
E[P_neut(6)] = 0.0001103483
E[P_neut(7)] = 0.0000702370
E[P_neut(8)] = 0.0000620965
E[P_neut(9)] = 0.0000605351
E[P_neut(10)] = 0.0000406288
E[P_neut(11)] = 0.0000465647
E[P_neut(12)] = 0.0000493751
E[P_neut(13)] = 0.0000539881
E[P_neut(14)] = 0.0000698821

---- Expected P_sel(i), 0 < i < n (selected SFS per site) 
E[P_sel(1)] = 0.0006165034
E[P_sel(2)] = 0.0001817337
E[P_sel(3)] = 0.0001121828
E[P_sel(4)] = 0.0000939176
E[P_sel(5)] = 0.0000579743
E[P_sel(6)] = 0.0000653113
E[P_sel(7)] = 0.0000412485
E[P_sel(8)] = 0.0000362267
E[P_sel(9)] = 0.0000351132
E[P_sel(10)] = 0.0000234470
E[P_sel(11)] = 0.0000267503
E[P_sel(12)] = 0.0000282477
E[P_sel(13)] = 0.0000307703
E[P_sel(14)] = 0.0000396908

---- alpha_dfe = 0.022245

