---- Running command
---- ./polyDFE -d /scratch/40841711/tmp5jsr1n63 -m C -i /scratch/40841711/tmpyaneeuhz 1 -v 1 
---- Performing inference using model C

---- Performing inference on /scratch/40841711/tmp5jsr1n63
----      with -i /scratch/40841711/tmpyaneeuhz 1
---- Data /scratch/40841711/tmp5jsr1n63 does not contain divergence counts. Using option -w.
---- No mutation variability. Using Poisson likelihood.


---- Using provided initial values

-- Starting local optimization
-- Optimizing all parameters
  it        eps_an     theta_bar           S_d             b           p_b           S_b           r 2           r 3           r 4           r 5           r 6           r 7           r 8           r 9          r 10          r 11          r 12          r 13          r 14          r 15          r 16          r 17          r 18          r 19          r 20          r 21          r 22          r 23          r 24          r 25          r 26          r 27          r 28          r 29           ln lk          grad status 
   0 0.00000450268  0.0009259123 -45.463749999     0.1287808   0.009184894     0.1083917     0.5642878      0.496756     0.4953868     0.4840476     0.4906511     0.4906073     0.5437098     0.5553355     0.5124802     0.5092361     0.6175192     0.5977393     0.4504409      0.522028     0.3860458     0.4756257     0.5506624     0.3834732      0.531485     0.4975372     0.5880576     0.5381713     0.7063446     0.5665509     0.6574706     0.6611074     0.9643355       1.73894 -203.6166916954 0.86059390222   -2 
   1 0.00000450268 0.00093852597 -45.426483733 0.12872565770 0.00918496777 0.10839147242 0.56532062238 0.49980559624 0.49566263775 0.48485849610 0.49028665734 0.49234149472 0.54341031582 0.55798668526 0.51191206424 0.50923612835 0.61830122502 0.59600523901 0.45001928787 0.52058519513 0.38626575481 0.47553714928 0.54985513667 0.38310925598 0.53158291510 0.49809118697 0.58923565116 0.53817137387 0.70534289054 0.56644743676 0.65841419412 0.66205547080 0.96465898247 1.73942763319 -202.8542345543 0.62797908583   -2 
   2 0.00000450269 0.00093057151 -45.671961076 0.13441771531 0.00917692030 0.10838144717 0.57054587695 0.56989479691 0.49549538770 0.50031916104 0.47667586870 0.53459996121 0.53183298755 0.62613342568 0.49472589665 0.50671096299 0.63536720710 0.55016665372 0.43770835423 0.48271910042 0.39100685868 0.47185216587 0.52762488022 0.37295266984 0.53267236219 0.51144444115 0.61894744954 0.53689039061 0.67782377524 0.56247521333 0.68168314897 0.68549806344 0.97001170222 1.74403305024 -195.8981378109 0.36666563401   -2 
   3 0.00000450270 0.00091881451 -45.619790829 0.13592647662 0.00917499259 0.10837880091 0.57458016752 0.54871392899 0.49966399349 0.50476353099 0.47727471937 0.54647088713 0.53170461945 0.64752324466 0.49112386675 0.50761366800 0.64348229722 0.53615820900 0.43374605593 0.46910521840 0.39393257965 0.47128207429 0.51951926891 0.36881730642 0.53427649040 0.51865522509 0.63394015022 0.53729246906 0.66742872782 0.56162979947 0.69389885899 0.69785555471 0.97475310018 1.75209812739 -194.4639616948 1.02617852828   -2 
   4 0.00000450271 0.00093191356 -45.451610469 0.13682977661 0.00917391525 0.10837645556 0.57972541626 0.52824498430 0.50453205814 0.50953281831 0.47854820755 0.55860182944 0.53214142778 0.66958530455 0.48789295244 0.50884949797 0.65215797121 0.52262988374 0.42989872681 0.45573114823 0.39710432229 0.47086602875 0.51149844382 0.36466326061 0.53611904061 0.52637655051 0.64997886648 0.53786779825 0.65709322385 0.56091281025 0.70696351394 0.71107498804 0.98004430545 1.76137443741 -193.0366374625 0.16696634509   -2 
   5 0.00000450274 0.00093513811 -44.946125294 0.13728057416 0.00917361497 0.10837320302 0.56629223934 0.52460360361 0.50668332410 0.50923650701 0.48401223180 0.56092827346 0.53622015923 0.67872101240 0.48739781385 0.51188634443 0.66180053253 0.51067033646 0.42595641864 0.44018461595 0.40234885370 0.47119809734 0.50185828439 0.35880934710 0.53970571569 0.53866602814 0.67407905503 0.53956579467 0.64404676991 0.56067507336 0.72741859924 0.73196736799 0.98934617842 1.77760153683 -192.5168639542 0.24531969036   -2 
   6 0.00000450274 0.00093093410 -44.894256549 0.13743710497 0.00917343967 0.10837268402 0.56602487471 0.52531309265 0.50644342619 0.50884338377 0.48443579139 0.56042086554 0.53659067800 0.67841207257 0.48746641909 0.51215579217 0.66243679990 0.50981748899 0.42561370207 0.43880121480 0.40287856219 0.47124272508 0.50096289846 0.35820389833 0.54007135979 0.53991869575 0.67645395878 0.53974873098 0.64279648659 0.56066015152 0.72949153879 0.73410359463 0.99025844646 1.77902668833 -192.4440728550 0.21947085488   -2 
   7 0.00000450276 0.00093163049 -44.277956650 0.13790532180 0.00917309674 0.10836834950 0.57566011225 0.53939804713 0.50319652657 0.50488188917 0.48732994630 0.55291817960 0.53965727965 0.66904185205 0.48925530375 0.51431143712 0.66534874780 0.50646609863 0.42379640619 0.43031233323 0.40689616239 0.47190782083 0.49531780122 0.35387476970 0.54301550936 0.54926790885 0.69340994822 0.54139771326 0.63456414564 0.56086354886 0.74479117199 0.74998853794 0.99723365176 1.78932108938 -191.9658015132 0.20733263733   -2 
   8 0.00000450276 0.00092881698 -44.193545517 0.13804653997 0.00917295073 0.10836762243 0.57658201370 0.54098147182 0.50276682530 0.50437337203 0.48763778152 0.55180357300 0.54004042626 0.66748332578 0.48955678986 0.51459484007 0.66560184672 0.50619412284 0.42358989326 0.42926216573 0.40745399816 0.47201602364 0.49460226326 0.35327863385 0.54343180878 0.55056445195 0.69569538998 0.54164180625 0.63349118762 0.56090827298 0.74690046705 0.75219157427 0.99819037628 1.79064135705 -191.9275871969 0.06843185994   -2 
   9 0.00000450276 0.00092654134 -43.954851698 0.13829715257 0.00917272157 0.10836570773 0.57664211751 0.54191177498 0.50266113805 0.50411029830 0.48795550489 0.54967030226 0.54076957323 0.66349446543 0.49060644754 0.51521560067 0.66547390816 0.50691866226 0.42354800046 0.42799729194 0.40859650100 0.47241243156 0.49368439531 0.35217344373 0.54438090330 0.55310950742 0.69969939515 0.54229249993 0.63188998027 0.56117935842 0.75092342903 0.75645991048 1.00017826922 1.79309151882 -191.8992645879 0.17719443432   -2 
  10 0.00000450277 0.00092825311 -43.475754509 0.13864570663 0.00917245844 0.10836205197 0.57654503633 0.54302792050 0.50281903889 0.50396312538 0.48851245032 0.54596583221 0.54214554880 0.65619081205 0.49270176739 0.51641013504 0.66511956943 0.50866317219 0.42360613398 0.42595175829 0.41073380802 0.47322042391 0.49217789248 0.35018018810 0.54619265494 0.55783162613 0.70697251317 0.54356524383 0.62914293735 0.56175667408 0.75834976165 0.76436272248 1.00391488485 1.79766600834 -191.8391372385 0.07351011232   -2 
  11 0.00000450278 0.00092672136 -43.052788910 0.13912814489 0.00917198567 0.10835834761 0.57457258547 0.54050600927 0.50362414532 0.50468825250 0.48844710309 0.54438327942 0.54281408915 0.65175334054 0.49441130050 0.51719838902 0.66428992855 0.51108784568 0.42402777554 0.42539314024 0.41226520038 0.47397079480 0.49165836272 0.34882219822 0.54758664257 0.56111571843 0.71138967538 0.54464907659 0.62777269738 0.56236654325 0.76336378018 0.76980122945 1.00656401394 1.80040113760 -191.8027989495 0.12658644890   -2 
  12 0.00000450279 0.00092843191 -42.796484310 0.13937109072 0.00917175941 0.10835613649 0.57365120453 0.53891889892 0.50418364867 0.50523302943 0.48837398238 0.54379330201 0.54314076294 0.64965005518 0.49536976271 0.51762645800 0.66379451032 0.51259634924 0.42433004290 0.42525542223 0.41310182356 0.47441629508 0.49148506997 0.34810483390 0.54836863204 0.56288692336 0.71365254918 0.54527664532 0.62714921522 0.56274188325 0.76603842692 0.77272149378 1.00801253616 1.80184265232 -191.7832528819 0.05635192655   -2 
  13 0.00000450280 0.00092710238 -42.217790770 0.14026813851 0.00917076607 0.10835022478 0.57290551713 0.53477819364 0.50521723100 0.50669986808 0.48759948542 0.54486292398 0.54297635305 0.64878768993 0.49683355672 0.51806726991 0.66238908420 0.51635174677 0.42531817422 0.42632618909 0.41438503061 0.47533957626 0.49201368062 0.34703145999 0.54970807150 0.56546298384 0.71585767911 0.54651820983 0.62702604374 0.56362734639 0.76967032645 0.77687502130 1.01013324364 1.80305045734 -191.7506753861 0.11156514682   -2 
  14 0.00000450280 0.00092862546 -41.904926467 0.14070904381 0.00917028461 0.10834705161 0.57290620290 0.53309964802 0.50572636831 0.50746069257 0.48721675289 0.54564225534 0.54285611740 0.64876762309 0.49753080490 0.51826938424 0.66170711062 0.51831373392 0.42586641129 0.42701415812 0.41500289557 0.47582175352 0.49238415350 0.34653453274 0.55037583117 0.56667785245 0.71675112312 0.54715849783 0.62709839938 0.56410354953 0.77134579135 0.77881754329 1.01115481432 1.80358162170 -191.7346694011 0.07112826891   -2 
  15 0.00000450283 0.00092555681 -40.194562078 0.14368582463 0.00916692707 0.10832809458 0.57509153145 0.53020494213 0.50697197919 0.51047223408 0.48514712917 0.55159899066 0.54149888862 0.65307905969 0.50014003005 0.51877638969 0.65844894743 0.52843403250 0.42902667798 0.43203817695 0.41761352543 0.47827804948 0.49531715613 0.34451080660 0.55345662535 0.57155487207 0.71839136835 0.55039757182 0.62890067776 0.56671944381 0.77759083110 0.78643589921 1.01535363979 1.80459899999 -191.6575374840 0.14637064205   -2 
  16 0.00000450283 0.00092713800 -39.573879814 0.14471114449 0.00916579924 0.10832117291 0.57597164428 0.53014718849 0.50737638009 0.51143912352 0.48460778792 0.55375402693 0.54111574279 0.65494455226 0.50100365105 0.51897957511 0.65751184710 0.53193855888 0.43017923143 0.43392786971 0.41850572692 0.47916582979 0.49645439945 0.34387196883 0.55454172206 0.57318301151 0.71879727376 0.55156135745 0.62969135239 0.56768521276 0.77963263535 0.78895528877 1.01682276512 1.80510263134 -191.6299649970 0.10822996947   -2 
  17 0.00000450287 0.00092214651 -36.801061409 0.14976179532 0.00916031565 0.10828846972 0.57780801832 0.53684635701 0.50814325209 0.51409229890 0.48369532782 0.56261240971 0.54010336075 0.66510817362 0.50402481155 0.51991168273 0.65511770303 0.54600191286 0.43533739938 0.44289285459 0.42204966494 0.48308293900 0.50210137855 0.34167259919 0.55912099524 0.57934856229 0.71907802030 0.55669220862 0.63428340408 0.57215172232 0.78699190616 0.79830098174 1.02289967803 1.80815523991 -191.5112095276 0.11415736297   -2 
  18 0.00000450288 0.00092355465 -36.399644434 0.15039917122 0.00915966033 0.10828378558 0.57789968261 0.53834194955 0.50831254154 0.51426243465 0.48405450036 0.56345747599 0.54031900365 0.66656512132 0.50435612225 0.52015966401 0.65535520121 0.54743307789 0.43602797749 0.44411764467 0.42247973086 0.48363130961 0.50295710970 0.34153553958 0.55973103126 0.58002298875 0.71902362995 0.55740061258 0.63511617316 0.57281536084 0.78775262993 0.79927986862 1.02376597286 1.80918488149 -191.4906735872 0.12147381998   -2 
  19 0.00000450292 0.00091757922 -33.629651273 0.15518709202 0.00915482361 0.10824992610 0.57602451991 0.55021031647 0.50930832757 0.51384974365 0.48906999432 0.56648121349 0.54365818870 0.67629893693 0.50593893353 0.52241521947 0.66014848262 0.55388560015 0.44053939156 0.45233617070 0.42501336215 0.48736035608 0.50920402126 0.34154383900 0.56370202560 0.58350742311 0.71801048208 0.56220059903 0.64194626193 0.57759745832 0.79133580084 0.80401756854 1.02970747880 1.81944563395 -191.3607686255 0.11238412113   -2 
  20 0.00000450292 0.00092063326 -34.073221322 0.15423840257 0.00915581269 0.10825588516 0.57738314145 0.54603790203 0.50941468746 0.51390582193 0.48880608208 0.56504535499 0.54373280195 0.67388737025 0.50556007442 0.52230291384 0.66038647061 0.55136852768 0.43956521364 0.45051033716 0.42442797028 0.48666065971 0.50807732922 0.34194627820 0.56291460935 0.58251395289 0.71828744944 0.56127970706 0.64100797945 0.57678771083 0.79023357756 0.80253639830 1.02875066603 1.81906746628 -191.3224000749 0.16978268735   -2 
  21 0.00000450291 0.00091889078 -34.435636722 0.15356287131 0.00915651639 0.10826060619 0.57839786947 0.54181068115 0.50949379747 0.51382041137 0.48884420611 0.56336064473 0.54406386131 0.67154882647 0.50515124814 0.52231333854 0.66107984938 0.54859677357 0.43866705024 0.44883646855 0.42386196079 0.48605188031 0.50714051846 0.34247568028 0.56220734580 0.58148283092 0.71850986937 0.56047739506 0.64037290535 0.57613320691 0.78905092809 0.80095817598 1.02796665571 1.81935523038 -191.2776203430 0.08265064542   -2 
  22 0.00000450291 0.00092083221 -34.674599214 0.15290829076 0.00915724958 0.10826417381 0.57902750196 0.53833712107 0.50972748091 0.51362252052 0.48957090632 0.56119841604 0.54500939553 0.66924776188 0.50469422238 0.52261561966 0.66280604902 0.54498522673 0.43779296053 0.44719132995 0.42325773640 0.48553856017 0.50642734518 0.34335778289 0.56155873405 0.58023111403 0.71870915573 0.55977879581 0.64022722658 0.57567532807 0.78755261883 0.79896137262 1.02743757857 1.82109174042 -191.2513942630 0.09747177011   -2 
  23 0.00000450291 0.00091962378 -34.822542834 0.15252062181 0.00915769202 0.10826640392 0.57882924014 0.53631073495 0.50981137204 0.51331981159 0.49030638183 0.55933932368 0.54588861296 0.66748663587 0.50427522787 0.52291447826 0.66446696915 0.54185487066 0.43710655731 0.44591917708 0.42275240265 0.48515632694 0.50594746831 0.34418166203 0.56105236986 0.57913997408 0.71879942349 0.55925652185 0.64029261288 0.57537920751 0.78621638667 0.79719848991 1.02706909242 1.82283969041 -191.2327134756 0.08724266561   -2 
  24 0.00000450290 0.00092151480 -34.979459319 0.15186540368 0.00915847654 0.10826932617 0.57779071146 0.53491385455 0.50989775699 0.51269857405 0.49183654306 0.55618908016 0.54760937718 0.66482689988 0.50352576233 0.52355442278 0.66778081352 0.53620774715 0.43598136674 0.44384597858 0.42186711326 0.48457267959 0.50530378397 0.34581819195 0.56022986860 0.57714124821 0.71886470824 0.55844146085 0.64074121352 0.57500860491 0.78372566867 0.79392870510 1.02657893556 1.82651118680 -191.2037173983 0.09345504267   -2 
  25 0.00000450290 0.00092027058 -35.045993462 0.15159871033 0.00915880532 0.10827060939 0.57679991567 0.53497848643 0.50977676816 0.51222428929 0.49267480797 0.55443228796 0.54855338613 0.66344028854 0.50303957420 0.52391241523 0.66974259588 0.53285932321 0.43532943718 0.44267441598 0.42132432472 0.48423711224 0.50497842229 0.34685399478 0.55974150244 0.57590143181 0.71881391980 0.55797443096 0.64110704805 0.57482325443 0.78215874844 0.79189277046 1.02628381318 1.82867564182 -191.1879797711 0.07683015303   -2 
  26 0.00000450290 0.00092150225 -35.068244857 0.15130145115 0.00915919349 0.10827159530 0.57570024924 0.53663609211 0.50948077222 0.51160650490 0.49359448823 0.55262685620 0.54959615931 0.66217948176 0.50242382923 0.52434444609 0.67213430155 0.52880051778 0.43457001133 0.44133827388 0.42063960753 0.48385756417 0.50468420972 0.34825580559 0.55915639382 0.57430031366 0.71863635031 0.55743724367 0.64173898274 0.57466340435 0.78010609990 0.78924612325 1.02595329055 1.83137730094 -191.1697733082 0.06798185843   -2 
  27 0.00000450290 0.00092041414 -35.058446165 0.15126180366 0.00915926304 0.10827171187 0.57527239843 0.53791738190 0.50919652507 0.51126256637 0.49386779126 0.55198045107 0.54993613595 0.66180194637 0.50210021474 0.52450171503 0.67314767520 0.52692826509 0.43421834076 0.44074876817 0.42029181241 0.48367766981 0.50458301817 0.34898464911 0.55886757539 0.57348227696 0.71846012168 0.55718406326 0.64211263614 0.57460611422 0.77904095780 0.78789059240 1.02576989696 1.83251721485 -191.1615523663 0.05667489916   -2 
  28 0.00000450290 0.00092107376 -34.998308155 0.15126009311 0.00915931048 0.10827135289 0.57534636148 0.54017890502 0.50875441106 0.51087205690 0.49397823973 0.55163322646 0.55013810000 0.66178628016 0.50169529865 0.52464917207 0.67421407057 0.52475609713 0.43381863490 0.44011184305 0.41983960170 0.48347485495 0.50454010296 0.35000585554 0.55851309648 0.57239507039 0.71812295317 0.55689043911 0.64271846578 0.57458257587 0.77760389728 0.78607804494 1.02554432270 1.83378021327 -191.1517529070 0.05046000463   -2 
  29 0.00000450290 0.00092008200 -34.942615286 0.15135656012 0.00915922915 0.10827079833 0.57561281439 0.54140276016 0.50844744218 0.51067057428 0.49384979718 0.55172363293 0.55006617181 0.66203575449 0.50146394772 0.52467549188 0.67460949329 0.52369134571 0.43361825082 0.43982145915 0.41957389707 0.48336871914 0.50456018946 0.35063446605 0.55831322705 0.57175023385 0.71784885074 0.55673484326 0.64312620341 0.57459124644 0.77673880757 0.78499975223 1.02540110847 1.83428083676 -191.1465035761 0.04986687187   -2 
  30 0.00000450291 0.00092056046 -34.801667590 0.15155798091 0.00915906559 0.10826938497 0.57657242383 0.54319593337 0.50801066755 0.51047891797 0.49341971573 0.55238365780 0.54972394797 0.66291143470 0.50112679507 0.52466995741 0.67498329705 0.52223699198 0.43334988629 0.43947153294 0.41913668294 0.48322874825 0.50468502116 0.35177265278 0.55800804945 0.57066070577 0.71730261983 0.55651396063 0.64392988132 0.57466041611 0.77526125803 0.78316626992 1.02519313735 1.83489874481 -191.1380727262 0.05029681340   -2 
  31 0.00000450291 0.00091940709 -34.661601057 0.15182142251 0.00915882622 0.10826785372 0.57723554567 0.54398401153 0.50773016000 0.51041701556 0.49292214917 0.55321547130 0.54928210866 0.66387010790 0.50089250741 0.52461426169 0.67503053462 0.52134362578 0.43318213467 0.43929100671 0.41879143225 0.48313949436 0.50484420271 0.35274228733 0.55778162806 0.56978564246 0.71679795551 0.55636193551 0.64464806928 0.57475001948 0.77406434679 0.78168816714 1.02503928437 1.83517096445 -191.1314213709 0.06144328610   -2 
  32 0.00000450291 0.00092005902 -34.321255135 0.15236226348 0.00915836334 0.10826424448 0.57846807792 0.54469736087 0.50743884474 0.51053257608 0.49184121000 0.55533519052 0.54827101197 0.66619607959 0.50052801475 0.52448743774 0.67486317255 0.51996019143 0.43293581578 0.43908777908 0.41812218669 0.48301903064 0.50527693780 0.35481761853 0.55737991284 0.56804188118 0.71573562251 0.55611492434 0.64624394946 0.57500639159 0.77166919413 0.77872668485 1.02481677871 1.83560015443 -191.1180059843 0.06494480623   -2 
  33 0.00000450292 0.00091865454 -34.037827030 0.15286134849 0.00915792437 0.10826113743 0.57858695394 0.54425360986 0.50741041845 0.51073794737 0.49104752666 0.55701974701 0.54747668977 0.66800024095 0.50034338342 0.52437098973 0.67451971845 0.51930422226 0.43282422411 0.43906050017 0.41765852423 0.48297167354 0.50566477610 0.35640959528 0.55712783753 0.56680402498 0.71493574514 0.55597746242 0.64749393807 0.57524390089 0.76996445465 0.77661587264 1.02471242946 1.83576855141 -191.1066663249 0.08098335704   -2 
  34 0.00000450293 0.00091966411 -33.485586652 0.15370918140 0.00915722553 0.10825522462 0.57817825837 0.54269893316 0.50770029874 0.51131336002 0.48981456829 0.56006673239 0.54616298435 0.67124129197 0.50017420780 0.52419964955 0.67376991084 0.51861883364 0.43273752501 0.43917720104 0.41690794203 0.48296553640 0.50644843331 0.35929284245 0.55677153021 0.56473411948 0.71357732666 0.55581640512 0.64979735824 0.57574253232 0.76711278204 0.77306756223 1.02467346931 1.83608883313 -191.0871432746 0.05810782866   -2 
  35 0.00000450293 0.00091867115 -33.237800142 0.15411424829 0.00915688847 0.10825251661 0.57728743365 0.54158631568 0.50795054879 0.51157176692 0.48952654640 0.56099228149 0.54577111705 0.67224360378 0.50022060414 0.52414255653 0.67335858900 0.51875629841 0.43278625401 0.43934644421 0.41668083942 0.48301646450 0.50680413723 0.36041324377 0.55670401539 0.56406044667 0.71311422808 0.55581591814 0.65070608181 0.57598414113 0.76618774604 0.77190097392 1.02475918542 1.83616077525 -191.0782245412 0.06758332010   -2 
  36 0.00000450294 0.00091926828 -32.721194933 0.15487132685 0.00915629629 0.10824696528 0.57533837197 0.53929669496 0.50860597886 0.51213189119 0.48924672376 0.56246605127 0.54521854691 0.67387541428 0.50045363148 0.52407763606 0.67251984038 0.51945530981 0.43298020638 0.43980957849 0.41633328389 0.48318534851 0.50754623322 0.36254739563 0.55666997562 0.56294370277 0.71233900345 0.55589664930 0.65245901133 0.57650797043 0.76466046605 0.76994643199 1.02506960022 1.83635807034 -191.0653205802 0.04572994947   -2 
  37 0.00000450294 0.00092043400 -32.663181412 0.15486605626 0.00915634558 0.10824651948 0.57713003427 0.54149158087 0.50834040916 0.51142606290 0.49139340406 0.55806649949 0.54708060088 0.66950567854 0.50123316105 0.52432734504 0.67263552409 0.52227174086 0.43356715354 0.44051926218 0.41721033317 0.48356684068 0.50743922590 0.36099248249 0.55738384199 0.56501146945 0.71368277330 0.55643931509 0.65126987369 0.57659894857 0.76756367874 0.77340681849 1.02588832277 1.83635277360 -191.0261883022 0.15329782686   -2 
  38 0.00000450295 0.00091814471 -32.621020405 0.15495927436 0.00915626896 0.10824604561 0.57801700339 0.54281355816 0.50811824955 0.51090248485 0.49288612979 0.55494698076 0.54838399680 0.66638485366 0.50178621799 0.52449028280 0.67267952787 0.52434118424 0.43399377138 0.44104210313 0.41784646206 0.48384195546 0.50736261081 0.35987200016 0.55790094800 0.56651668281 0.71464744632 0.55683406326 0.65040877818 0.57666632423 0.76967650210 0.77592893011 1.02647478949 1.83629455126 -190.9989572682 0.03858228980   -2 
  39 0.00000450296 0.00091873155 -32.378719690 0.15532250893 0.00915600018 0.10824340799 0.57456695129 0.54096233983 0.50895077606 0.51136650051 0.49439887947 0.55299393304 0.55007318498 0.66397160704 0.50292214468 0.52496957888 0.67287488658 0.52828465263 0.43497825140 0.44229043472 0.41911901711 0.48455328931 0.50754617143 0.35814698160 0.55905525520 0.56935745279 0.71649420003 0.55778563370 0.64932039628 0.57706762093 0.77364071847 0.78062595417 1.02797927247 1.83706242233 -190.9702216722 0.04158691200   -2 
  40 0.00000450296 0.00091786361 -32.338334228 0.15544419441 0.00915588282 0.10824286458 0.57457494231 0.54067213050 0.50899708712 0.51143733807 0.49440591802 0.55303888818 0.55015265853 0.66393689634 0.50303024324 0.52501623766 0.67288107742 0.52871979359 0.43509966838 0.44245060249 0.41927582089 0.48464494088 0.50758084674 0.35794144019 0.55920140890 0.56970492754 0.71670963992 0.55791250996 0.64920764021 0.57712921764 0.77412179408 0.78119937777 1.02816943955 1.83716210445 -190.9668599982 0.05582700495   -2 
  41 0.00000450298 0.00091734747 -31.678196604 0.15713757472 0.00915431467 0.10823436886 0.57823198363 0.53729397705 0.50967479114 0.51276911511 0.49371656984 0.55554969622 0.55069849439 0.66527578809 0.50445460417 0.52572470198 0.67308211910 0.53445211902 0.43683161215 0.44474425516 0.42147772243 0.48599693474 0.50820721104 0.35522976506 0.56130452061 0.57451754144 0.71969950777 0.55977620097 0.64789997273 0.57811625436 0.78076299991 0.78911531186 1.03098004551 1.83904560818 -190.9246814473 0.04624092196   -2 
  42 0.00000450302 0.00091401367 -30.312024592 0.16078650096 0.00915097834 0.10821618587 0.57699280058 0.54214699039 0.51055720715 0.51483317021 0.49224810933 0.56232968954 0.55077924641 0.67129913335 0.50656350531 0.52729351147 0.67438772064 0.54209935276 0.43982424090 0.44867084373 0.42522347220 0.48857830170 0.50983891664 0.35126185564 0.56511509059 0.58240237424 0.72479035218 0.56332687106 0.64686534483 0.58034788064 0.79156702308 0.80196640338 1.03648066349 1.84504561124 -190.8598631469 0.11067828939   -2 
  43 0.00000450303 0.00091514924 -30.157124329 0.16115277020 0.00915066248 0.10821417400 0.57700268356 0.54274361637 0.51070274768 0.51505827096 0.49219882850 0.56301211061 0.55083472500 0.67198523074 0.50679464636 0.52749597708 0.67460361120 0.54280292645 0.44014342325 0.44908146698 0.42561598883 0.48886808070 0.51004487046 0.35089579932 0.56552971096 0.58320602005 0.72533509063 0.56372035002 0.64683349970 0.58061535111 0.79266618079 0.80326710194 1.03710999147 1.84587355881 -190.8501037147 0.03845161677   -2 
  44 0.00000450314 0.00090791381 -26.773589322 0.16960823645 0.00914371548 0.10816851032 0.58397244778 0.55008046863 0.51484658354 0.51525929476 0.50311134471 0.56365526880 0.55570865557 0.68389005479 0.50966405975 0.53372725465 0.68577715227 0.53747373540 0.44431668994 0.45359353311 0.43016916601 0.49454302343 0.51668532258 0.35166022057 0.57225864962 0.58972466010 0.73288153298 0.57115242551 0.65562315933 0.58804647349 0.80129236724 0.81259668434 1.05079801123 1.87878525043 -190.6956673902 0.07829069937   -2 
  45 0.00000450316 0.00090485881 -26.130781732 0.17142181524 0.00914228338 0.10815923681 0.58227683134 0.54943166687 0.51548699138 0.51597464878 0.50453329122 0.56400972669 0.55689407018 0.68539291141 0.51042604618 0.53501884210 0.68789592079 0.53659378477 0.44513328716 0.45440641585 0.43098994203 0.49571110363 0.51812528387 0.35229076232 0.57359266933 0.59071228950 0.73440360905 0.57265151066 0.65780183018 0.58966810463 0.80262103098 0.81390123493 1.05368221016 1.88551468808 -190.6651292807 0.17775867089   -2 
  46 0.00000450323 0.00090498531 -24.379309340 0.17640080342 0.00913852710 0.10813326257 0.57711481765 0.54697710809 0.51733579753 0.51848625187 0.50813434686 0.56529054624 0.56041734483 0.68921808540 0.51274562696 0.53872455522 0.69383632117 0.53437649371 0.44745729709 0.45668001283 0.43327903292 0.49904812306 0.52226834416 0.35435087043 0.57737723283 0.59336190315 0.73875411126 0.57690760995 0.66420131768 0.59433720543 0.80620872607 0.81732944776 1.06195607487 1.90465034563 -190.5755952604 0.06166933402   -2 
  47 0.00000450329 0.00090126038 -23.026789590 0.18107906044 0.00913499887 0.10811145838 0.57676541164 0.54365588716 0.51721044422 0.52087472301 0.50779511635 0.56688039833 0.56283969143 0.68944410710 0.51483576767 0.54126412683 0.69718498569 0.53405730342 0.44920151890 0.45825872515 0.43487053461 0.50163934928 0.52558763097 0.35705603967 0.58025871776 0.59485260783 0.74219601516 0.58021193887 0.66990416420 0.59823925008 0.80836194531 0.81902800811 1.06853522841 1.91809899742 -190.5337171113 0.16118720611   -2 
  48 0.00000450333 0.00090192813 -22.100260054 0.18443191854 0.00913255622 0.10809591877 0.57721199016 0.54166691402 0.51707070974 0.52258975708 0.50729852324 0.56811556512 0.56452580762 0.68940473357 0.51636601723 0.54303235963 0.69942113633 0.53406812513 0.45044462446 0.45937290293 0.43599063118 0.50348434301 0.52795486849 0.35910614753 0.58230743499 0.59587439497 0.74466728367 0.58256315256 0.67402911911 0.60104413450 0.80986125422 0.82017257973 1.07323689184 1.92747455009 -190.5010442574 0.06638147792   -2 
  49 0.00000450339 0.00089840536 -20.793239804 0.18992324981 0.00912855768 0.10807238410 0.58040889291 0.54207765519 0.51611909478 0.52414695651 0.50474009587 0.57012952685 0.56615272406 0.68785122646 0.51857844629 0.54498401783 0.70114523042 0.53580509850 0.45213883004 0.46082910695 0.43744649069 0.50600729929 0.53120885231 0.36285215050 0.58511467175 0.59704381439 0.74822407028 0.58582216370 0.68012659267 0.60513695606 0.81176770926 0.82138042548 1.07980935652 1.93850402617 -190.4600990121 0.07843039442   -2 
  50 0.00000450340 0.00089911065 -20.580695388 0.19081506530 0.00912793228 0.10806848325 0.58086023824 0.54266504297 0.51603674126 0.52428420149 0.50428046599 0.57050156621 0.56633940167 0.68758142959 0.51894736343 0.54524081454 0.70127915749 0.53634658923 0.45241474411 0.46106412665 0.43767704849 0.50640612269 0.53171548433 0.36355384325 0.58556362737 0.59722977684 0.74882253305 0.58634110452 0.68111625525 0.60580816197 0.81209546862 0.82157920660 1.08086572142 1.94002281267 -190.4525228870 0.06199678608   -2 
  51 0.00000450344 0.00089682477 -19.848142794 0.19416465012 0.00912555933 0.10805444800 0.58081702980 0.54702766979 0.51598112668 0.52386183850 0.50243573332 0.57183545490 0.56639167833 0.68649498704 0.52015970800 0.54568044335 0.70078793688 0.53963961529 0.45331784261 0.46182074763 0.43839927300 0.50765731842 0.53326338627 0.36646483457 0.58700884598 0.59781266090 0.75092154058 0.58801115602 0.68441216519 0.60809309367 0.81328158749 0.82224231445 1.08429867784 1.94336064864 -190.4262539817 0.03879850766   -2 
  52 0.00000450344 0.00089760138 -19.866036941 0.19402661174 0.00912566789 0.10805484935 0.58054898808 0.54693973360 0.51613869027 0.52376425100 0.50262380996 0.57180765973 0.56631287341 0.68665739468 0.52011491496 0.54559455766 0.70066931186 0.53985177368 0.45328916760 0.46179976872 0.43837214855 0.50759435826 0.53316671964 0.36646791825 0.58694846938 0.59781186717 0.75087801585 0.58793401644 0.68425620060 0.60800902453 0.81329994028 0.82226871491 1.08415296395 1.94291826152 -190.4236208641 0.04623389802   -2 
  53 0.00000450344 0.00089767941 -19.967291752 0.19335185376 0.00912617445 0.10805690533 0.57802292172 0.54632164445 0.51728940629 0.52277560353 0.50395962470 0.57158433235 0.56555495146 0.68783113587 0.51978171686 0.54483777972 0.69952067419 0.54194296096 0.45309387382 0.46165842716 0.43817927217 0.50713536761 0.53244340694 0.36675668825 0.58652661604 0.59782464942 0.75064805394 0.58739316587 0.68317938405 0.60746724186 0.81352093433 0.82251116093 1.08314060311 1.93923003471 -190.4088877767 0.02451234147   -2 
  54 0.00000450344 0.00089769140 -20.012196013 0.19306188086 0.00912638993 0.10805779191 0.57728338876 0.54609995091 0.51774849828 0.52228890278 0.50454188761 0.57146795931 0.56515973329 0.68835230391 0.51961316325 0.54444173151 0.69890876558 0.54305608498 0.45299481273 0.46158529521 0.43807967391 0.50690230211 0.53207558999 0.36694980806 0.58631379802 0.59782710595 0.75054048355 0.58712111688 0.68264774051 0.60720363704 0.81363590103 0.82262985756 1.08263410804 1.93731769880 -190.4072437861 0.03194068836   -2 
  55 0.00000450344 0.00089852903 -20.066847494 0.19271966495 0.00912663884 0.10805882024 0.57812326857 0.54608984579 0.51801733692 0.52160324382 0.50513183456 0.57127002018 0.56449751356 0.68892338592 0.51933633860 0.54375669480 0.69782570552 0.54502211087 0.45282661162 0.46145509013 0.43790467116 0.50651016286 0.53145735195 0.36741564986 0.58595791652 0.59781193144 0.75038113219 0.58666895037 0.68180124483 0.60679248729 0.81382488026 0.82280301473 1.08180395492 1.93403958208 -190.4010926634 0.06857700884   -2 
  56 0.00000450344 0.00089766331 -20.137475476 0.19237247145 0.00912687026 0.10806001922 0.57930306565 0.54608060301 0.51818779020 0.52076648934 0.50574344622 0.57099408653 0.56365499012 0.68952744830 0.51897352254 0.54288046217 0.69644291567 0.54749316692 0.45260371530 0.46127902237 0.43767340767 0.50600502604 0.53066729565 0.36802888493 0.58549707391 0.59777632640 0.75016642123 0.58608795688 0.68072935028 0.60626834972 0.81404424569 0.82299844067 1.08073635480 1.92986580396 -190.3935195535 0.01523590353   -2 
  57 0.00000450345 0.00089805943 -20.165459363 0.19225653644 0.00912694045 0.10806042192 0.57997446331 0.54659101278 0.51753567945 0.52100839944 0.50532070449 0.57094492970 0.56346850610 0.68924584110 0.51883740217 0.54251429888 0.69589908471 0.54863343673 0.45247746256 0.46116670575 0.43752895264 0.50572623346 0.53023734797 0.36853939194 0.58523470247 0.59771271623 0.75004861010 0.58575140272 0.68017817992 0.60598789836 0.81411822309 0.82303569995 1.08017204334 1.92795076414 -190.3912418966 0.03194478114   -2 
  58 0.00000450345 0.00089768493 -20.181335819 0.19221393971 0.00912695809 0.10806061838 0.58020043314 0.54684293960 0.51714678260 0.52117466744 0.50503518073 0.57091853507 0.56338670929 0.68903994626 0.51876541592 0.54232536526 0.69562391976 0.54921570784 0.45240649343 0.46110221970 0.43744735005 0.50557345185 0.53000379373 0.36882838408 0.58508950640 0.59767132351 0.74998031910 0.58556558896 0.67988104228 0.60583419347 0.81414893477 0.82304489008 1.07986407912 1.92694953037 -190.3900705711 0.01326830564   -2 
  59 0.00000450346 0.00089810802 -20.204664199 0.19209836931 0.00912703308 0.10806092104 0.57954892515 0.54713326365 0.51645992115 0.52183421739 0.50419158144 0.57097032437 0.56349003917 0.68834856227 0.51870567558 0.54212166534 0.69538193909 0.54999635236 0.45228162469 0.46097865821 0.43728942969 0.50530288273 0.52959301264 0.36949010183 0.58482373061 0.59756483636 0.74985874633 0.58521350121 0.67937094578 0.60555508307 0.81416724301 0.82300851704 1.07933950289 1.92562076746 -190.3882773807 0.01438688765   -2 
  60 0.00000450346 0.00089794970 -20.207869337 0.19208854274 0.00912703749 0.10806095230 0.57943347886 0.54711159822 0.51639852513 0.52190797813 0.50407673171 0.57097393020 0.56351313295 0.68824273382 0.51869939999 0.54210511231 0.69536902241 0.55005736886 0.45226416058 0.46096048817 0.43726715577 0.50526807864 0.52954184760 0.36958136146 0.58478823108 0.59754596262 0.74983947426 0.58516653076 0.67930809523 0.60551807539 0.81416131662 0.82299482193 1.07927291498 1.92549231671 -190.3880703192 0.00846036193   -2 
  61 0.00000450347 0.00089822638 -20.217850465 0.19200309768 0.00912710177 0.10806106180 0.57894062208 0.54657884585 0.51646062129 0.52215352113 0.50357158607 0.57099835647 0.56373317796 0.68767707034 0.51870592596 0.54214196196 0.69550991048 0.54998000744 0.45218483533 0.46086941493 0.43715874479 0.50512410283 0.52934053481 0.37005261240 0.58463000435 0.59742609888 0.74973771361 0.58495130228 0.67906583006 0.60535221473 0.81407550226 0.82286729614 1.07901054778 1.92538284855 -190.3873340391 0.00771173197   -2 
  62 0.00000450347 0.00089810810 -20.220069022 0.19199089750 0.00912710907 0.10806107258 0.57892199873 0.54645987569 0.51649604057 0.52215672508 0.50348760485 0.57098988879 0.56377333703 0.68756124395 0.51870424992 0.54215665887 0.69555126151 0.54990910624 0.45216539029 0.46084652981 0.43713304767 0.50509383671 0.52930131477 0.37015339150 0.58459473250 0.59739302421 0.74970911499 0.58490421144 0.67901901887 0.60531538549 0.81404356654 0.82282640462 1.07895532494 1.92540311547 -190.3872220933 0.00922156992   -2 
  63 0.00000450348 0.00089825635 -20.227341500 0.19192262336 0.00912715782 0.10806110368 0.57910285419 0.54602944455 0.51670439237 0.52207717912 0.50321427984 0.57093862632 0.56393249923 0.68711619612 0.51869790084 0.54223929299 0.69575592346 0.54950261301 0.45208310674 0.46074768772 0.43702374714 0.50497305429 0.52915067266 0.37057607292 0.58444910924 0.59724316292 0.74958130043 0.58470932058 0.67883974690 0.60516236216 0.81388661018 0.82263180969 1.07873677715 1.92560574446 -190.3867951981 0.00569645893   -2 
  64 0.00000450348 0.00089811953 -20.230239270 0.19190302800 0.00912716902 0.10806109930 0.57919461103 0.54601189138 0.51675681096 0.52198265263 0.50318321547 0.57090026727 0.56395750816 0.68700509910 0.51868751118 0.54226969383 0.69582477502 0.54929352841 0.45205001855 0.46070753575 0.43698107741 0.50493073212 0.52910282527 0.37072389110 0.58439491474 0.59717866456 0.74952474975 0.58463798220 0.67878243600 0.60510467304 0.81380976310 0.82254189799 1.07865887764 1.92571446849 -190.3866767027 0.00991031448   -2 
  65 0.00000450349 0.00089821998 -20.236109017 0.19184339747 0.00912720901 0.10806108633 0.57942814470 0.54608192879 0.51687045648 0.52173917296 0.50316353813 0.57080850711 0.56400059571 0.68679182752 0.51866279614 0.54234459113 0.69598632093 0.54877283576 0.45197310766 0.46061330275 0.43688126317 0.50483510561 0.52899768677 0.37106854245 0.58426987313 0.59702386549 0.74938985783 0.58447266747 0.67865595777 0.60497017059 0.81362085231 0.82232272457 1.07848345465 1.92600209928 -190.3864072664 0.00541271938   -2 
  66 0.00000450350 0.00089809694 -20.240546607 0.19180617065 0.00912723137 0.10806106598 0.57938721381 0.54626885841 0.51686994543 0.52158175968 0.50323799368 0.57074630306 0.56397961763 0.68675674900 0.51863935647 0.54238268306 0.69605858565 0.54841529520 0.45192419446 0.46055267127 0.43681798065 0.50477984001 0.52894282338 0.37127262102 0.58419327326 0.59691904110 0.74929765503 0.58437140209 0.67858813339 0.60488496385 0.81348391143 0.82216808672 1.07838070842 1.92618819054 -190.3862523960 0.00922352039   -2 
  67 0.00000450351 0.00089820852 -20.243738399 0.19176956723 0.00912725594 0.10806104993 0.57933355060 0.54643779515 0.51685781122 0.52146988279 0.50331711464 0.57070199919 0.56395504234 0.68675723873 0.51862127678 0.54241143547 0.69610917533 0.54813381169 0.45188695472 0.46050603008 0.43676922181 0.50473882279 0.52890363423 0.37143007893 0.58413498204 0.59683641963 0.74922550812 0.58429367706 0.67853896527 0.60481890425 0.81337410741 0.82204471726 1.07830464307 1.92633738717 -190.3861373132 0.00325094427   -2 
  68 0.00000450351 0.00089818783 -20.247252664 0.19174157939 0.00912727088 0.10806102282 0.57918191455 0.54653492550 0.51677693577 0.52144401176 0.50343098767 0.57067858030 0.56389082138 0.68685654192 0.51860061843 0.54241451456 0.69609947854 0.54793486009 0.45186059334 0.46047235852 0.43673437859 0.50471457508 0.52888682361 0.37152784092 0.58409565013 0.59677078348 0.74916737342 0.58424064451 0.67851459934 0.60476998563 0.81327863470 0.82194103123 1.07825708779 1.92641166821 -190.3860728230 0.00368148173   -2 
  69 0.00000450351 0.00089825079 -20.248186142 0.19173257170 0.00912727603 0.10806101298 0.57915258188 0.54654310585 0.51674889418 0.52145192151 0.50346550292 0.57067622214 0.56386797772 0.68689823004 0.51859469167 0.54241138030 0.69608740994 0.54789257124 0.45185486807 0.46046485090 0.43672661537 0.50471032207 0.52888557412 0.37154678900 0.58408739500 0.59675464832 0.74915304091 0.58422925008 0.67851151698 0.60475854004 0.81325353421 0.82191436261 1.07824797639 1.92642020075 -190.3860544427 0.00311885047   -2 
  70 0.00000450352 0.00089824348 -20.253587508 0.19170434526 0.00912728476 0.10806095310 0.57906170894 0.54647052911 0.51659232328 0.52153796401 0.50361707947 0.57067329981 0.56373757527 0.68712931223 0.51856155085 0.54237424704 0.69598490057 0.54775497127 0.45183279523 0.46043593538 0.43669727283 0.50469860657 0.52889130314 0.37159533641 0.58405810087 0.59668744227 0.74909121116 0.58418909584 0.67850949948 0.60471303419 0.81314148248 0.82179857431 1.07821683745 1.92638673312 -190.3859868880 0.00268294946   -2 
  71 0.00000450353 0.00089829369 -20.254636969 0.19169857261 0.00912728652 0.10806093928 0.57907803164 0.54644575114 0.51657257319 0.52155846611 0.50363600758 0.57067465967 0.56371342382 0.68717061527 0.51855502482 0.54236352606 0.69595900436 0.54774335724 0.45182975173 0.46043192454 0.43669326927 0.50469805999 0.52889459545 0.37159636514 0.58405454254 0.59667671554 0.74908099986 0.58418421074 0.67851149608 0.60470607983 0.81312198568 0.82177899224 1.07821327377 1.92636531235 -190.3859743261 0.00291138265   -2 
  72 0.00000450353 0.00089826641 -20.259096636 0.19168598092 0.00912728362 0.10806088005 0.57917327896 0.54633372012 0.51651987286 0.52162936315 0.50367594012 0.57067802987 0.56362746024 0.68730141388 0.51852900295 0.54231609586 0.69585235073 0.54772921078 0.45181977373 0.46041925648 0.43668100849 0.50469788288 0.52890892127 0.37158294724 0.58404423758 0.59664125124 0.74904563447 0.58417091377 0.67852133048 0.60468340153 0.81305450084 0.82171247920 1.07820225574 1.92625104519 -190.3859384199 0.00154003543   -2 
  73 0.00000450353 0.00089829030 -20.258696678 0.19168643752 0.00912728434 0.10806088377 0.57916053636 0.54635554950 0.51653818565 0.52161813974 0.50366162369 0.57067831910 0.56364089156 0.68727815544 0.51853213883 0.54231968429 0.69586249785 0.54774075514 0.45182157737 0.46042159602 0.43668334691 0.50469884737 0.52890853014 0.37157874153 0.58404657487 0.59664652160 0.74905054778 0.58417408292 0.67852154279 0.60468688480 0.81306325675 0.82172148181 1.07820479620 1.92625423001 -190.3859341557 0.00176598714   -2 
  74 0.00000450353 0.00089826294 -20.258592055 0.19168827221 0.00912728273 0.10806088010 0.57912903692 0.54640911480 0.51659746298 0.52158905033 0.50360995340 0.57067872945 0.56367148608 0.68721491715 0.51853679465 0.54231970517 0.69587250667 0.54778642888 0.45182588230 0.46042745701 0.43668942478 0.50470250209 0.52891069416 0.37155553833 0.58405309043 0.59665818131 0.74906037082 0.58418345689 0.67852489630 0.60469472741 0.81308006204 0.82173983355 1.07821135488 1.92622956419 -190.3859228221 0.00142544785   -2 
  75 0.00000450353 0.00089829095 -20.258964748 0.19168665873 0.00912728272 0.10806087091 0.57913553292 0.54642139921 0.51662379178 0.52158243698 0.50358487275 0.57068034500 0.56368058957 0.68719321705 0.51853711062 0.54231436624 0.69586645381 0.54781521708 0.45182782454 0.46043010956 0.43669225574 0.50470524291 0.52891424154 0.37153809993 0.58405654457 0.59666199363 0.74906306101 0.58418846835 0.67852875009 0.60469753976 0.81308348298 0.82174446720 1.07821486204 1.92620093700 -190.3859174748 0.00201103791   -2 
  76 0.00000450354 0.00089826126 -20.261170517 0.19168306100 0.00912727813 0.10806082770 0.57917035156 0.54643908590 0.51670471607 0.52156576702 0.50349676730 0.57068503815 0.56370324855 0.68712619266 0.51853454201 0.54228814003 0.69583073391 0.54792259965 0.45183373038 0.46043850227 0.43670149482 0.50471526390 0.52892886091 0.37146879050 0.58406822971 0.59667249094 0.74906893614 0.58420599877 0.67854402800 0.60470562982 0.81308896134 0.82175468974 1.07822579993 1.92607722722 -190.3859009820 0.00125370906   -2 
  77 0.00000450354 0.00089829280 -20.262552505 0.19167777173 0.00912727784 0.10806079993 0.57919026905 0.54642658859 0.51671686368 0.52157098225 0.50347333571 0.57068877075 0.56370522811 0.68711587675 0.51853218393 0.54227382866 0.69580804138 0.54796991068 0.45183616683 0.46044189320 0.43670531794 0.50472049004 0.52893748062 0.37143369361 0.58407349939 0.59667517340 0.74906956422 0.58421388545 0.67855274617 0.60470820825 0.81308681264 0.82175491986 1.07823125388 1.92601581373 -190.3858949177 0.00227133353   -2 
  78 0.00000450355 0.00089827042 -20.267105483 0.19166402687 0.00912727399 0.10806071265 0.57923326043 0.54637544877 0.51673019534 0.52159117897 0.50341729598 0.57069805777 0.56370342615 0.68709802916 0.51852348355 0.54223051973 0.69573796172 0.54810224086 0.45184227328 0.46045063506 0.43671544395 0.50473517917 0.52896271088 0.37133028405 0.58408777203 0.59668070395 0.74906890180 0.58423575424 0.67857801349 0.60471421653 0.81307653322 0.82175156387 1.07824542639 1.92583404549 -190.3858789992 0.00139311870   -2 
  79 0.00000450355 0.00089832030 -20.268969254 0.19165380748 0.00912727681 0.10806067669 0.57921024181 0.54636604444 0.51670228306 0.52160577183 0.50343030848 0.57070065285 0.56369407996 0.68711703892 0.51852030294 0.54221879458 0.69571748982 0.54813069655 0.45184338981 0.46045227659 0.43671761401 0.50473955421 0.52897127828 0.37129613379 0.58409127342 0.59667970216 0.74906610806 0.58424152195 0.67858643149 0.60471446207 0.81306843529 0.82174552700 1.07824887350 1.92578667303 -190.3858669691 0.00308618180   -2 
  80 0.00000450357 0.00089830400 -20.274532212 0.19162924970 0.00912728034 0.10806057343 0.57912851185 0.54633953394 0.51661279189 0.52164262310 0.50347498763 0.57070387442 0.56366306543 0.68717394921 0.51850990621 0.54218720627 0.69566223130 0.54819750123 0.45184491491 0.46045508138 0.43672201869 0.50474992371 0.52899307814 0.37120440243 0.58409887472 0.59667462551 0.74905585590 0.58425523508 0.67860758499 0.60471336117 0.81304312139 0.82172559524 1.07825454456 1.92566090112 -190.3858406134 0.00115124825   -2 
  81 0.00000450357 0.00089833167 -20.276582152 0.19161927570 0.00912728230 0.10806053317 0.57912078194 0.54633857664 0.51658547114 0.52165020247 0.50349526460 0.57070242722 0.56365041244 0.68719480640 0.51850570222 0.54217815922 0.69564657394 0.54820991912 0.45184430112 0.46045474791 0.43672233144 0.50475217281 0.52899911588 0.37117430525 0.58409988613 0.59667108067 0.74905041837 0.58425824136 0.67861322927 0.60471156980 0.81303207866 0.82171614044 1.07825346851 1.92562450060 -190.3858372196 0.00145973274   -2 
  82 0.00000450358 0.00089831977 -20.281939204 0.19159714579 0.00912728388 0.10806042987 0.57912348030 0.54634188641 0.51652673976 0.52165814538 0.50354526056 0.57069366883 0.56361693738 0.68724162419 0.51849378477 0.54215796194 0.69561238459 0.54822478985 0.45184068920 0.46045161956 0.43672096136 0.50475508508 0.52901077774 0.37110416932 0.58409943036 0.59665960254 0.74903397946 0.58426249474 0.67862362388 0.60470482938 0.81300187786 0.82168932443 1.07824555823 1.92554329753 -190.3858293535 0.00130642643   -2 
  83 0.00000450359 0.00089834640 -20.285700475 0.19158069665 0.00912728545 0.10806035459 0.57914407448 0.54635004853 0.51650179175 0.52165702613 0.50357647881 0.57068576796 0.56359514214 0.68726855786 0.51848543134 0.54214651426 0.69559366404 0.54822464334 0.45183705842 0.46044815769 0.43671875319 0.50475545872 0.52901665798 0.37105893043 0.58409731855 0.59665017377 0.74902111669 0.58426340844 0.67862846184 0.60469880027 0.81297969458 0.82166904750 1.07823668464 1.92549568347 -190.3858248524 0.00155298182   -2 
  84 0.00000450360 0.00089832694 -20.291455553 0.19155813404 0.00912728555 0.10806023896 0.57918007118 0.54636295566 0.51648277582 0.52164715365 0.50361426568 0.57067152218 0.56356496450 0.68729847457 0.51847260772 0.54213192974 0.69557090696 0.54821315523 0.45183018622 0.46044136532 0.43671386355 0.50475377560 0.52902229778 0.37099665413 0.58409183918 0.59663450720 0.74900027743 0.58426211630 0.67863231948 0.60468818660 0.81294560077 0.82163730972 1.07821912978 1.92543309022 -190.3858182565 0.00142519202   -2 
  85 0.00000450362 0.00089835863 -20.297528662 0.19153225233 0.00912728718 0.10806011185 0.57921772335 0.54637920525 0.51648928511 0.52163126134 0.50364232125 0.57065676450 0.56353934708 0.68731790835 0.51846012873 0.54212072890 0.69555491024 0.54818954299 0.45182184514 0.46043287471 0.43670729294 0.50474988437 0.52902502467 0.37093715320 0.58408390226 0.59661675361 0.74897731724 0.58425809803 0.67863295063 0.60467552851 0.81290943727 0.82160298815 1.07819713093 1.92538024900 -190.3858118107 0.00190523996   -2 
  86 0.00000450364 0.00089833410 -20.306243147 0.19149739766 0.00912728729 0.10805992855 0.57925025441 0.54639706646 0.51651721396 0.52160456278 0.50366711370 0.57063597393 0.56350926466 0.68733108350 0.51844316026 0.54210803801 0.69553853757 0.54814703265 0.45180890646 0.46041953392 0.43669656394 0.50474209164 0.52902530658 0.37086016916 0.58407044149 0.59659064879 0.74894404169 0.58424964542 0.67863000034 0.60465622675 0.81285872041 0.82155420842 1.07816230866 1.92531545101 -190.3858019337 0.00197872753   -2 
  87 0.00000450367 0.00089838460 -20.319044608 0.19144195270 0.00912729069 0.10805965443 0.57927351012 0.54641988478 0.51657838315 0.52156711147 0.50368678867 0.57060948536 0.56347571460 0.68733557942 0.51842073206 0.54209430960 0.69552347450 0.54807641925 0.45178926824 0.46039903005 0.43667962171 0.50472857045 0.52902212300 0.37075503257 0.58404867222 0.59655174506 0.74889519095 0.58423446010 0.67862177091 0.60462660439 0.81278551706 0.82148303846 1.07810822885 1.92523480701 -190.3857889955 0.00211185581   -2 
  88 0.00000450369 0.00089837111 -20.330421799 0.19139400384 0.00912729267 0.10805941028 0.57926207848 0.54642853089 0.51663447939 0.52153744017 0.50368756583 0.57058908918 0.56345446485 0.68732513467 0.51840253955 0.54208492371 0.69551521539 0.54801037880 0.45177132913 0.46038014325 0.43666360501 0.50471458391 0.52901566529 0.37067086237 0.58402760905 0.59651726546 0.74885237019 0.58421844813 0.67861051758 0.60459944304 0.81272289933 0.82142150924 1.07805763342 1.92517126307 -190.3857780386 0.00213390370   -2 
  89 0.00000450372 0.00089843307 -20.343182875 0.19133620983 0.00912729796 0.10805912961 0.57922852472 0.54642872550 0.51669447018 0.52151262182 0.50367178373 0.57057193132 0.56344158284 0.68729946844 0.51838487956 0.54207792797 0.69551203294 0.54793409307 0.45175088940 0.46035839520 0.43664466317 0.50469686304 0.52900458380 0.37058561228 0.58400214884 0.59647864252 0.74880508624 0.58419769252 0.67859359989 0.60456786594 0.81265518165 0.82135413640 1.07799827845 1.92510935698 -190.3857653254 0.00197769605   -2 
  90 0.00000450375 0.00089842652 -20.353191896 0.19129229938 0.00912730091 0.10805890805 0.57918705522 0.54641438153 0.51672457345 0.52150065987 0.50364277241 0.57056215264 0.56343975774 0.68726493894 0.51837267067 0.54207398340 0.69551211438 0.54787496202 0.45173434594 0.46034065207 0.43662871274 0.50468059842 0.52899147327 0.37052982778 0.58398014113 0.59644863641 0.74876879266 0.58417835892 0.67857538126 0.60454203017 0.81260530324 0.82130366658 1.07794883823 1.92506442778 -190.3857556307 0.00210775661   -2 
  91 0.00000450378 0.00089850046 -20.366988285 0.19122799354 0.00912730779 0.10805859493 0.57913583265 0.54638443154 0.51674389626 0.52149522654 0.50358642277 0.57055413350 0.56344722525 0.68720295980 0.51835817391 0.54207043567 0.69551512532 0.54779516362 0.45171095419 0.46031535504 0.43660534151 0.50465531354 0.52896812842 0.37046504248 0.58394721518 0.59640732416 0.74871945557 0.58414784384 0.67854418614 0.60450474371 0.81253984296 0.82123635393 1.07787715680 1.92500564630 -190.3857423657 0.00211014063   -2 
  92 0.00000450382 0.00089850413 -20.381516537 0.19116313298 0.00912731240 0.10805825916 0.57909745143 0.54634249101 0.51673203375 0.52149592292 0.50351385058 0.57054711482 0.56345975851 0.68712469221 0.51834331838 0.54206567932 0.69551616856 0.54771583393 0.45168532924 0.46028757462 0.43657909492 0.50462535374 0.52893760748 0.37041084441 0.58390958508 0.59636391058 0.74866788475 0.58411146027 0.67850446702 0.60446370739 0.81247456837 0.82116816608 1.07779684811 1.92493872432 -190.3857296545 0.00253202222   -2 
  93 0.00000450385 0.00089859338 -20.396422415 0.19109343807 0.00912731908 0.10805790105 0.57909252535 0.54630103926 0.51669258927 0.52150296554 0.50343260281 0.57054156064 0.56347596154 0.68703632828 0.51832855212 0.54205952069 0.69551443899 0.54763993025 0.45165801354 0.46025785915 0.43655041858 0.50459126267 0.52890046833 0.37036779120 0.58386784448 0.59631903886 0.74861490216 0.58406966044 0.67845672376 0.60441935520 0.81241032518 0.82110003285 1.07770959574 1.92486308028 -190.3857138741 0.00276864647   -2 
  94 0.00000450388 0.00089856777 -20.406479708 0.19104995747 0.00912732006 0.10805765246 0.57910861622 0.54627555221 0.51664274156 0.52150729271 0.50337653747 0.57053524141 0.56348431604 0.68697269535 0.51831719641 0.54205180568 0.69550671187 0.54759550788 0.45163844801 0.46023661972 0.43652950867 0.50456527586 0.52887034342 0.37035040136 0.58383695916 0.59628857468 0.74857884699 0.58403764365 0.67841840706 0.60438761384 0.81236946434 0.82105586271 1.07764657892 1.92479933119 -190.3856940432 0.00247911531   -2 
  95 0.00000450391 0.00089863083 -20.415980864 0.19100541987 0.00912732294 0.10805739903 0.57915048361 0.54626474597 0.51657830131 0.52151237739 0.50332716842 0.57052787058 0.56348972351 0.68691206377 0.51830554124 0.54204094405 0.69549254877 0.54756182333 0.45161870278 0.46021515095 0.43650781194 0.50453716018 0.52883587970 0.37034687939 0.58380436741 0.59625921359 0.74854417580 0.58400254292 0.67837472625 0.60435498053 0.81233315596 0.82101558230 1.07758169408 1.92472450626 -190.3856791067 0.00189726318   -2 
  96 0.00000450393 0.00089862196 -20.424076650 0.19096955289 0.00912732295 0.10805717424 0.57918391939 0.54626326022 0.51651612156 0.52151332150 0.50329095553 0.57051811572 0.56348900051 0.68686255206 0.51829382071 0.54202764743 0.69547316636 0.54754039707 0.45160089593 0.46019585202 0.43648798410 0.50451071150 0.52880234011 0.37035388258 0.58377427141 0.59623396595 0.74851417546 0.58396930969 0.67833225142 0.60432546572 0.81230406491 0.82098264788 1.07752274075 1.92464662493 -190.3856710186 0.00131924356   -2 
  97 0.00000450395 0.00089866890 -20.432052219 0.19093062088 0.00912732423 0.10805692355 0.57920249156 0.54628302269 0.51645663038 0.52150902932 0.50327253702 0.57050349005 0.56347819506 0.68682325681 0.51827944255 0.54200705260 0.69544040147 0.54753462028 0.45158147800 0.46017483030 0.43646562036 0.50447952441 0.52876068999 0.37038115228 0.58373966232 0.59620833635 0.74848349406 0.58392931055 0.67827923743 0.60429234570 0.81227871927 0.82095246592 1.07745687210 1.92454167433 -190.3856628539 0.00221628225   -2 
  98 0.00000450399 0.00089866288 -20.442776135 0.19088024769 0.00912732388 0.10805658005 0.57920802575 0.54631116784 0.51638348706 0.52149872334 0.50325564085 0.57048054726 0.56345780455 0.68677569564 0.51825832145 0.54197576707 0.69539015833 0.54753305084 0.45155466214 0.46014586871 0.43643459503 0.50443585970 0.52870180424 0.37042575312 0.58369148299 0.59617373098 0.74844180176 0.58387305278 0.67820409893 0.60424649305 0.81224594747 0.82091294131 1.07736567280 1.92438838557 -190.3856527398 0.00161304583   -2 
  99 0.00000450403 0.00089872916 -20.455137923 0.19081724431 0.00912732590 0.10805615213 0.57917797623 0.54634186565 0.51633497610 0.52147974305 0.50325709506 0.57044982265 0.56342299054 0.68673771429 0.51823088285 0.54193273715 0.69532065726 0.54754505593 0.45152221928 0.46011087092 0.43639645746 0.50438148028 0.52862723504 0.37049558155 0.58363184958 0.59613302785 0.74839231854 0.58380180321 0.67810800719 0.60418976429 0.81221025508 0.82086887094 1.07725441656 1.92418537396 -190.3856395915 0.00249029797   -2 
 100 0.00000450406 0.00089872761 -20.465936835 0.19076417729 0.00912732563 0.10805577275 0.57914016088 0.54635877511 0.51630638411 0.52145964260 0.50326274539 0.57042109504 0.56338870782 0.68670942509 0.51820557912 0.54189321315 0.69525722860 0.54755805361 0.45149356454 0.46008002848 0.43636278519 0.50433346235 0.52856132800 0.37056019148 0.58357920167 0.59609734259 0.74834864416 0.58373858666 0.67802267996 0.60413957143 0.81217921716 0.82083059573 1.07715649965 1.92400155904 -190.3856298107 0.00148602857   -2 
 101 0.00000450411 0.00089878473 -20.480125012 0.19069135793 0.00912732565 0.10805523986 0.57908958917 0.54634719211 0.51632121683 0.52142660885 0.50328336371 0.57038082028 0.56333443244 0.68668986204 0.51816900677 0.54183651567 0.69516828584 0.54758182960 0.45145482183 0.46003844475 0.43631705423 0.50426846717 0.52847204527 0.37065687212 0.58350770348 0.59604929784 0.74828903489 0.58365145444 0.67790527698 0.60407049302 0.81213753812 0.82077959318 1.07702465200 1.92374145232 -190.3856182803 0.00157515390   -2 
 102 0.00000450412 0.00089876590 -20.483468736 0.19067567408 0.00912732370 0.10805510362 0.57908447970 0.54632998026 0.51633874124 0.52141659425 0.50328911931 0.57037052616 0.56331919904 0.68668966655 0.51815913464 0.54182215096 0.69514698593 0.54758736584 0.45144547586 0.46002849525 0.43630612779 0.50425324707 0.52845143555 0.37068124531 0.58349074961 0.59603760452 0.74827413722 0.58363051215 0.67787737640 0.60405362631 0.81212668987 0.82076688429 1.07699366115 1.92367653423 -190.3856137914 0.00172117545   -2 
 103 0.00000450415 0.00089880144 -20.490967272 0.19063783516 0.00912731970 0.10805476769 0.57909579208 0.54627174756 0.51640510576 0.52139250649 0.50330487939 0.57034760533 0.56328169479 0.68669893204 0.51813513643 0.54178836545 0.69509919442 0.54760036212 0.45142398707 0.46000570068 0.43628098790 0.50421879587 0.52840523091 0.37074064971 0.58345191233 0.59601032630 0.74823879996 0.58358176537 0.67781308119 0.60401387149 0.81210018000 0.82073673949 1.07692297794 1.92352328238 -190.3856037234 0.00058122027   -2 
 104 0.00000450415 0.00089878823 -20.490688626 0.19064010062 0.00912731813 0.10805476575 0.57910181289 0.54626972797 0.51640829951 0.52139313151 0.50330296135 0.57034876596 0.56328228209 0.68670185741 0.51813514671 0.54178943498 0.69510230068 0.54759847370 0.45142471317 0.46000654436 0.43628194599 0.50422059045 0.52840812252 0.37073908505 0.58345357982 0.59601091073 0.74823917666 0.58358352275 0.67781595126 0.60401481885 0.81209959593 0.82073676137 1.07692608238 1.92352789144 -190.3856030066 0.00079443538   -2 
 105 0.00000450415 0.00089878537 -20.489196222 0.19064988605 0.00912730984 0.10805472771 0.57914456061 0.54625646559 0.51643562990 0.52139726515 0.50329292616 0.57035618202 0.56328466652 0.68672331108 0.51813430100 0.54179485606 0.69512050578 0.54758762283 0.45142840925 0.46001090962 0.43628683152 0.50423044301 0.52842441222 0.37073329179 0.58346230840 0.59601328878 0.74823978926 0.58359205062 0.67783084706 0.60401860979 0.81209441015 0.82073534299 1.07694311073 1.92354979814 -190.3855997414 0.00033852644   -2 
 106 0.00000450415 0.00089878720 -20.488443900 0.19065439670 0.00912730499 0.10805469225 0.57915395915 0.54625219838 0.51645108529 0.52139973503 0.50328917523 0.57036046761 0.56328575095 0.68673646372 0.51813373589 0.54179761651 0.69513039914 0.54758220146 0.45143035958 0.46001322558 0.43628936097 0.50423577784 0.52843333731 0.37073174631 0.58346689115 0.59601434835 0.74823971597 0.58359618401 0.67783849727 0.60402010571 0.81209112697 0.82073413090 1.07695210617 1.92356042031 -190.3855992987 0.00055367088   -2 
 107 0.00000450416 0.00089877537 -20.487597984 0.19065982356 0.00912729858 0.10805464274 0.57915504245 0.54624904467 0.51646821551 0.52140253589 0.50328577100 0.57036546264 0.56328686023 0.68675238611 0.51813300639 0.54180074722 0.69514193852 0.54757607240 0.45143264152 0.46001594774 0.43629230535 0.50424211359 0.52844399560 0.37073077772 0.58347226498 0.59601549099 0.74823943198 0.58360085364 0.67784738779 0.60402159600 0.81208695157 0.82073249504 1.07696284416 1.92357236053 -190.3855986445 0.00055063599   -2 
 108 0.00000450416 0.00089877956 -20.486210734 0.19066731529 0.00912728874 0.10805455300 0.57914623972 0.54624928842 0.51649224049 0.52140754124 0.50328295221 0.57037375277 0.56328910994 0.68677782386 0.51813236863 0.54180592826 0.69516015620 0.54756746241 0.45143647448 0.46002047373 0.43629710422 0.50425235830 0.52846110922 0.37073055032 0.58348096385 0.59601749340 0.74823922961 0.58360820492 0.67786149675 0.60402386199 0.81208057415 0.82073018537 1.07698061734 1.92359209502 -190.3855976951 0.00044962504   -2 
 109 0.00000450416 0.00089877118 -20.485620755 0.19067065811 0.00912728387 0.10805450494 0.57913702105 0.54625214415 0.51649748234 0.52140939695 0.50328343568 0.57037691140 0.56329017615 0.68678741575 0.51813240018 0.54180809822 0.69516723678 0.54756464760 0.45143818907 0.46002248310 0.43629919440 0.50425676358 0.52846840550 0.37073129691 0.58348472543 0.59601845765 0.74823931646 0.58361128201 0.67786744761 0.60402477310 0.81207805083 0.82072943468 1.07698835143 1.92360050930 -190.3855972636 0.00048003155   -2 
 110 0.00000450417 0.00089877622 -20.484612445 0.19067534922 0.00912727616 0.10805441722 0.57912144226 0.54626031925 0.51650007299 0.52141244776 0.50328658696 0.57038177655 0.56329238719 0.68680112921 0.51813311803 0.54181172566 0.69517780483 0.54756153330 0.45144114316 0.46002589472 0.43630267415 0.50426389618 0.52848004030 0.37073353191 0.58349089404 0.59602030459 0.74823994823 0.58361623973 0.67787695194 0.60402632518 0.81207464551 0.82072881775 1.07700125882 1.92361462635 -190.3855966405 0.00034104086   -2 
 111 0.00000450417 0.00089876683 -20.483708025 0.19067994340 0.00912726806 0.10805432107 0.57911329910 0.54626862858 0.51649167901 0.52141398143 0.50329213279 0.57038457680 0.56329447542 0.68680842250 0.51813450318 0.54181465464 0.69518465300 0.54756099744 0.45144383029 0.46002895826 0.43630574043  0.5042699192 0.52848966223 0.37073703877 0.58349622732 0.59602224466 0.74824111736 0.58362042848 0.67788485321 0.60402771970 0.81207263439 0.82072905269 1.07701256691 1.92362678846 -190.3855961213 0.00060076688   -2 
 112 0.00000450418 0.00089877163 -20.482143689 0.19068702559 0.00912725472 0.10805415347 0.57910663773 0.54628230015 0.51647474753 0.52141641648 0.50330258629 0.57038882699 0.56329830026 0.68681838363 0.51813737730 0.54181955786 0.69519497804 0.54756139816 0.45144841280 0.46003414284 0.43631088733 0.50427980265 0.52850525895 0.37074357741 0.58350508480 0.59602574839 0.74824359435 0.58362737307 0.67789778086 0.60403018724 0.81207008912 0.82073007361 1.07703147298 1.92364743579 -190.3855952956 0.00041009227   -2 
 113 0.00000450419 0.00089875885 -20.480613551 0.19069472202 0.00912723993 0.10805397325 0.57911571622 0.54628787313 0.51645569493 0.52141726083 0.50331302521 0.57039090477 0.56330183386 0.68682164712 0.51814087047 0.54182375558 0.69520145524 0.54756432016 0.45145277387 0.46003903528 0.43631570917 0.50428860230 0.52851880621 0.37075121520 0.58351322038 0.59602953711 0.74824690778 0.58363377495 0.67790933112 0.60403276561 0.81206937654 0.82073232505 1.07704880484 1.92366658803 -190.3855944110 0.00059334249   -2 
 114 0.00000450420 0.00089876045 -20.479192880 0.19070132496 0.00912722673 0.10805380639 0.57912735986 0.54629109519 0.51644008107 0.52141807291 0.50332235060 0.57039259265 0.56330520372 0.68682331398 0.51814435611 0.54182754105 0.69520657538 0.54756775933 0.45145675303 0.46004347128 0.43632006237 0.50429634236 0.52853055595 0.37075842190 0.58352048488 0.59603316767 0.74825031473 0.58363952997 0.67791951531 0.60403526008 0.81206943977 0.82073489643 1.07706409388 1.92368423849 -190.3855938483 0.00029300701   -2 
 115 0.00000450421 0.00089875398 -20.477914962 0.19070705353 0.00912721170 0.10805360582 0.57914633189 0.54626136255 0.51646114406 0.52141724402 0.50332195602 0.57038953952 0.56330801432 0.68680605932 0.51814999899 0.54182899838 0.69519878411 0.54758002624 0.45145960398 0.46004637882 0.43632278298 0.50429842248 0.52853154328 0.37076751322 0.58352402535 0.59603830194 0.74825808071 0.58364301798 0.67792294367 0.60403918560 0.81207887436 0.82074374605 1.07707094976 1.92369672970 -190.3855923498 0.00031452101   -2 
 116 0.00000450421 0.00089875920 -20.477870402 0.19070697269 0.00912721137 0.10805359829 0.57914403983 0.54626283479 0.51646192546 0.52141741018 0.50332171350 0.57038958554 0.56330813084 0.68680567765 0.51815022287 0.54182902842 0.69519841844 0.54758061255 0.45145966388 0.46004642291 0.43632281526 0.50429828482 0.52853117119 0.37076781484 0.58352400643 0.59603853581 0.74825849274 0.58364306279 0.67792280342 0.60403939851 0.81207954586 0.82074429239 1.07707077638 1.92369711847 -190.3855922136 0.00030128013   -2 
 117 0.00000450422 0.00089875767 -20.477628066 0.19070761581 0.00912720764 0.10805354325 0.57912710139 0.54627105191 0.51646627433 0.52141780323 0.50331951425 0.57038926786 0.56330845169 0.68680229474 0.51815147648 0.54182891562 0.69519536627 0.54758448655 0.45145992821 0.46004658795 0.43632292430 0.50429717663 0.52852843114 0.37076991946 0.58352372190 0.59604001068 0.74826117450 0.58364324309 0.67792166510 0.60404074544 0.81208408847 0.82074780343 1.07706961151 1.92369899503 -190.3855917402 0.00012075425   -2 
 118 0.00000450422 0.00089875797 -20.477362909 0.19070851421 0.00912720357 0.10805348692 0.57912078234 0.54627565058 0.51646930014 0.52141790796 0.50331744892 0.57038880930 0.56330862600 0.68679900353 0.51815261458 0.54182873354 0.69519233582 0.54758825887 0.45146016332 0.46004672901 0.43632301783 0.50429603704 0.52852564198 0.37077210292 0.58352340926 0.59604148104 0.74826384149 0.58364340017 0.67792051249 0.60404210192 0.81208859465 0.82075136032 1.07706856256 1.92370061103 -190.3855916583 0.00017333897   -2 
 119 0.00000450424 0.00089874858 -20.475641794 0.19071594122 0.00912717658 0.10805311655 0.57913594544 0.54628161121 0.51647886410 0.52141692277 0.50330622922 0.57038545600 0.56330880719 0.68678057496 0.51815868815 0.54182726457 0.69517458091 0.54761029815 0.45146141892 0.46004743561 0.43632347981 0.50428892651 0.52850840313 0.37078587936 0.58352135559 0.59605043892 0.74827981907 0.58364430283 0.67791323319 0.60405050760 0.81211632689 0.82077342038 1.07706436445 1.92370915386 -190.3855904681 0.00033827017   -2 
 120 0.00000450424 0.00089875293 -20.475607260 0.19071588912 0.00912717637 0.10805311056 0.57913595737 0.54628111040 0.51647855750 0.52141709010 0.50330658428 0.57038565423 0.56330892984 0.68678100841 0.51815874963 0.54182736442 0.69517483342 0.54761036789 0.45146147876 0.46004749358 0.43632352948 0.50428895570 0.52850838759 0.37078602180 0.58352141453 0.59605055349 0.74827997418 0.58364436797 0.67791326987 0.60405062578 0.81211656259 0.82077364968 1.07706449828 1.92370954884 -190.3855903744 0.00015281274   -2 
 121 0.00000450425 0.00089875392 -20.475079247 0.19071733956 0.00912716895 0.10805298465 0.57912617398 0.54626425665 0.51646737162 0.52141934376 0.50331507074 0.57038934040 0.56331065716 0.68679190659 0.51815888979 0.54182913994 0.69518145337 0.54760961695 0.45146243302 0.46004845355 0.43632438256 0.50428976408 0.52850881365 0.37078843540 0.58352255385 0.59605231503 0.74828205725 0.58364552322 0.67791421319 0.60405259371 0.81211987406 0.82077681240 1.07706828567 1.92371660003 -190.3855899878 0.00010278244   -2 
 122 0.00000450425 0.00089875334 -20.475139903 0.19071728338 0.00912716964 0.10805299807 0.57912870026 0.54626785263 0.51646934010 0.52141884355 0.50331365022 0.57038868389 0.56331032934 0.68679020768 0.51815881837 0.54182885807 0.69518049328 0.54760965496 0.45146229014 0.46004831260 0.43632426043 0.50428965240 0.52850875882 0.37078812594 0.58352239403 0.59605206839 0.74828174834 0.58364536560 0.67791408392 0.60405233297 0.81211940314 0.82077638797 1.07706781275 1.92371544965 -190.3855899679 0.00007939096    0 
-- Found new optimum with likelihood -190.385589967948420 and gradient 0.00008

---- Best joint likelihood found -190.385589967948420 with gradient 0.00008

---- Results for /scratch/40841711/tmp5jsr1n63 
--  Model: C
--        eps_an     theta_bar             a 
-- 0.00000450425 0.00089875334            -1 
--           S_d             b           p_b           S_b 
-- -20.475139903 0.19071728338 0.00912716964 0.10805299807 
--           r 2           r 3           r 4           r 5           r 6           r 7           r 8           r 9          r 10          r 11          r 12          r 13          r 14          r 15          r 16          r 17          r 18          r 19          r 20          r 21          r 22          r 23          r 24          r 25          r 26          r 27          r 28          r 29 
-- 0.57912870026 0.54626785263 0.51646934010 0.52141884355 0.50331365022 0.57038868389 0.56331032934 0.68679020768 0.51815881837 0.54182885807 0.69518049328 0.54760965496 0.45146229014 0.46004831260 0.43632426043 0.50428965240 0.52850875882 0.37078812594 0.58352239403 0.59605206839 0.74828174834 0.58364536560 0.67791408392 0.60405233297 0.81211940314 0.82077638797 1.07706781275 1.92371544965 

---- Expected P_neut(i), 0 < i < n (neutral SFS per site) 
E[P_neut(1)] = 0.0008987496
E[P_neut(2)] = 0.0002602459
E[P_neut(3)] = 0.0001636527
E[P_neut(4)] = 0.0001160442
E[P_neut(5)] = 0.0000937251
E[P_neut(6)] = 0.0000753922
E[P_neut(7)] = 0.0000732339
E[P_neut(8)] = 0.0000632845
E[P_neut(9)] = 0.0000685837
E[P_neut(10)] = 0.0000465696
E[P_neut(11)] = 0.0000442699
E[P_neut(12)] = 0.0000520662
E[P_neut(13)] = 0.0000378589
E[P_neut(14)] = 0.0000289824
E[P_neut(15)] = 0.0000275647
E[P_neut(16)] = 0.0000245093
E[P_neut(17)] = 0.0000266608
E[P_neut(18)] = 0.0000263889
E[P_neut(19)] = 0.0000175394
E[P_neut(20)] = 0.0000262222
E[P_neut(21)] = 0.0000255099
E[P_neut(22)] = 0.0000305693
E[P_neut(23)] = 0.0000228069
E[P_neut(24)] = 0.0000253868
E[P_neut(25)] = 0.0000217161
E[P_neut(26)] = 0.0000280733
E[P_neut(27)] = 0.0000273219
E[P_neut(28)] = 0.0000345731
E[P_neut(29)] = 0.0000596226

---- Expected P_sel(i), 0 < i < n (selected SFS per site) 
E[P_sel(1)] = 0.0007230271
E[P_sel(2)] = 0.0001868141
E[P_sel(3)] = 0.0001094191
E[P_sel(4)] = 0.0000738053
E[P_sel(5)] = 0.0000573859
E[P_sel(6)] = 0.0000447752
E[P_sel(7)] = 0.0000424048
E[P_sel(8)] = 0.0000358592
E[P_sel(9)] = 0.0000381357
E[P_sel(10)] = 0.0000254660
E[P_sel(11)] = 0.0000238486
E[P_sel(12)] = 0.0000276705
E[P_sel(13)] = 0.0000198720
E[P_sel(14)] = 0.0000150400
E[P_sel(15)] = 0.0000141537
E[P_sel(16)] = 0.0000124614
E[P_sel(17)] = 0.0000134308
E[P_sel(18)] = 0.0000131791
E[P_sel(19)] = 0.0000086882
E[P_sel(20)] = 0.0000128890
E[P_sel(21)] = 0.0000124471
E[P_sel(22)] = 0.0000148117
E[P_sel(23)] = 0.0000109771
E[P_sel(24)] = 0.0000121411
E[P_sel(25)] = 0.0000103224
E[P_sel(26)] = 0.0000132661
E[P_sel(27)] = 0.0000128385
E[P_sel(28)] = 0.0000161578
E[P_sel(29)] = 0.0000277201

---- alpha_dfe = 0.020938

