---- Running command
---- ./polyDFE -d /scratch/40841103/tmphdy9i4k0 -m C -i /scratch/40841103/tmpfu5lwn9x 1 -v 1 
---- Performing inference using model C

---- Performing inference on /scratch/40841103/tmphdy9i4k0
----      with -i /scratch/40841103/tmpfu5lwn9x 1
---- Data /scratch/40841103/tmphdy9i4k0 does not contain divergence counts. Using option -w.
---- No mutation variability. Using Poisson likelihood.


---- Using provided initial values

-- Starting local optimization
-- Optimizing all parameters
  it        eps_an     theta_bar           S_d             b           p_b           S_b           r 2           r 3           r 4           r 5           r 6           r 7           r 8           r 9          r 10          r 11          r 12          r 13          r 14           ln lk          grad status 
   0 0.00000450123  0.0008663822 -44.346810000     0.1221405    0.01060767    0.09636954     0.6268517     0.6514728     0.6820074     0.5848618     0.7565646     0.6523473     0.6349214     0.7005902     0.6139579     0.6324166     0.6421517     0.7478784       1.22486 -110.3131880127 0.31240891032   -2 
   1 0.00000450123 0.00085239825 -44.347260124 0.12317287151 0.01060548938 0.09636665092 0.63047619576 0.65517684157 0.73184712615 0.58823994949 0.76077796502 0.62145311118 0.63489859756 0.69662589266 0.62822757355 0.62166264816 0.63486409233 0.73752246192 1.23405537484 -108.7244980673 0.68178312459   -2 
   2 0.00000450123 0.00086101658 -44.289119483 0.12326580547 0.01060524372 0.09636565048 0.63317995108 0.65759955282 0.75194627178 0.59011158145 0.76315320365 0.60979551612 0.63527523529 0.69541172850 0.63455488383 0.61748004003 0.63207862864 0.73352835747 1.23856297890 -108.1461426105 0.10324489244   -2 
   3 0.00000450123 0.00086288715 -44.118983395 0.12417123453 0.01060350507 0.09636257716 0.63571821965 0.66290302223 0.73394573459 0.59609679393 0.77091621963 0.59500536455 0.63910695191 0.69619189707 0.65256631514 0.60869432958 0.62645548968 0.72533217767 1.25373403349 -107.8536311657 0.08152547029   -2 
   4 0.00000450123 0.00086156824 -44.109662633 0.12424111112 0.01060337115 0.09636237063 0.63540230284 0.66268944938 0.73372381956 0.59618132498 0.77101907158 0.59462342258 0.63924400408 0.69623252908 0.65330778155 0.60831620401 0.62620515541 0.72497512711 1.25428912503 -107.8455352440 0.04717197224   -2 
   5 0.00000450123 0.00086282099 -43.914277222 0.12452255773 0.01060283204 0.09636024824 0.63154650130 0.65873017536 0.73762852607 0.59609842565 0.77081917398 0.59383155567 0.64064233586 0.69710718419 0.65980011083 0.60528501620 0.62421732117 0.72214243080 1.25909966979 -107.8102793217 0.02328226977   -2 
   6 0.00000450124 0.00086191113 -43.690798675 0.12482162460 0.01060224121 0.09635776622 0.63326911091 0.65796429166 0.73931848649 0.59512136137 0.76951347424 0.59447435285 0.64112408973 0.69750690953 0.66342879493 0.60323232440 0.62277854753 0.72017393884 1.26105738042 -107.8008563914 0.04375382055   -2 
   7 0.00000450124 0.00086252332 -43.621055477 0.12488366596 0.01060211730 0.09635705093 0.63379352466 0.65799221217 0.73968304385 0.59490000179 0.76922280725 0.59471201752 0.64124972260 0.69762695957 0.66432804448 0.60272958931 0.62242505974 0.71969261240 1.26153682765 -107.7984108958 0.01916826327   -2 
   8 0.00000450124 0.00086173179 -43.185060179 0.12530431888 0.01060128235 0.09635251901 0.63467083513 0.66117697697 0.73861885419 0.59432602643 0.76857864427 0.59653220582 0.64144209108 0.69807119130 0.66668838750 0.60113341307 0.62123147080 0.71814270236 1.26228786629 -107.7898346746 0.02119005840   -2 
   9 0.00000450124 0.00086230649 -43.070979590 0.12538297186 0.01060112760 0.09635140452 0.63450591513 0.66149425364 0.73846598698 0.59443894396 0.76875624625 0.59689673024 0.64148878686 0.69818898758 0.66685440315 0.60102791106 0.62114597160 0.71804475471 1.26234633964 -107.7881261778 0.03637764147   -2 
  10 0.00000450125 0.00086149093 -41.858962057 0.12640896768 0.01059913615 0.09633909751 0.63128449430 0.66297626792 0.73676655831 0.59603199150 0.77115785963 0.60038957898 0.64183013258 0.69930478398 0.66744925514 0.60052739945 0.62066302716 0.71760029360 1.26237366942 -107.7701786929 0.03534821406   -2 
  11 0.00000450127 0.00086077076 -40.394441206 0.12772431508 0.01059661477 0.09632373101 0.62934112579 0.66330804623 0.73559205462 0.59788156474 0.77388859780 0.60396341638 0.64224234535 0.70056370689 0.66765664889 0.60035736196 0.62041639277 0.71750152119 1.26241422513 -107.7603009359 0.05600196666   -2 
  12 0.00000450131 0.00086060252 -37.248126109 0.13084659169 0.01059075583 0.09628870138 0.63052175540 0.66159581047 0.73544627435 0.60126033406 0.77876394102 0.60994624878 0.64322948555 0.70309311365 0.66740800247 0.60086447915 0.62060507606 0.71819636281 1.26296627427 -107.7235993760 0.12688584705   -2 
  13 0.00000450134 0.00085653143 -34.292814519 0.13426830823 0.01058451401 0.09625275292 0.63219961915 0.65957781840 0.73572125021 0.60430297130 0.78314014108 0.61539755689 0.64422107569 0.70553377465 0.66706367088 0.60155095809 0.62095252739 0.71908399332 1.26367978896 -107.6899370505 0.06833838329   -2 
  14 0.00000450142 0.00085276466 -29.464247730 0.14145531064 0.01057202659 0.09618613673 0.64162117172 0.66076598207 0.74563622995 0.60451100223 0.78305532021 0.61518934518 0.64740246425 0.70909370986 0.66748295696 0.60607679926 0.62482628237 0.72433978469 1.27110187670 -107.5749638777 0.11323251518   -2 
  15 0.00000450143 0.00084954375 -28.571438015 0.14310607150 0.01056926022 0.09617243331 0.64214984731 0.66147964705 0.74758776595 0.60433862258 0.78274544411 0.61456071269 0.64820886551 0.70981118621 0.66782369438 0.60726304459 0.62590547484 0.72572162590 1.27324345487 -107.5516433846 0.10301714522   -2 
  16 0.00000450150 0.00084939225 -25.414141029 0.14955923254 0.01055881800 0.09612063490 0.63840830449 0.66793349372 0.75506295791 0.60358085000 0.78147792575 0.61001143173 0.65260679253 0.71305993832 0.67102791820 0.61341774690 0.63181707813 0.73292931871 1.28562523144 -107.4483285367 0.10880741670   -2 
  17 0.00000450151 0.00084684349 -24.576606170 0.15161533909 0.01055558956 0.09610558894 0.63682483989 0.66952131617 0.75647205464 0.60342409771 0.78125206681 0.60861046751 0.65397540110 0.71402988357 0.67222591720 0.61535642030 0.63373189453 0.73521871576 1.28961831044 -107.4301963170 0.05618483148   -2 
  18 0.00000450152 0.00084883729 -24.431126016 0.15217447301 0.01055472796 0.09610273285 0.63669222586 0.66882847056 0.75413246624 0.60414903668 0.78247248502 0.60860488571 0.65475008933 0.71457939121 0.67366645088 0.61634311263 0.63490833090 0.73646600143 1.29209183115 -107.4107011064 0.10053137595   -2 
  19 0.00000450154 0.00084917133 -24.030013257 0.15409791719 0.01055177319 0.09609424074 0.63590824399 0.66605205333 0.74608132340 0.60642318675 0.78636105241 0.60862859966 0.65712328963 0.71623186407 0.67837610327 0.61945259642 0.63868131740 0.74042551479 1.29989529849 -107.3707311520 0.06871293375   -2 
  20 0.00000450154 0.00084803845 -24.058444235 0.15402986255 0.01055187257 0.09609473712 0.63595631368 0.66624924354 0.74674872888 0.60626513725 0.78609665259 0.60866578662 0.65697211717 0.71613169608 0.67815297196 0.61928865740 0.63850020641 0.74022590144 1.29944597893 -107.3658738475 0.02388068911   -2 
  21 0.00000450154 0.00084767562 -24.137732816 0.15420609738 0.01055157099 0.09609567055 0.63794282122 0.66830816582 0.75204546902 0.60633943215 0.78609630819 0.60990810786 0.65706706997 0.71645071589 0.67938808031 0.61978862804 0.63940183795 0.74101899455 1.30008069939 -107.3548723977 0.02521792893   -2 
  22 0.00000450154 0.00084711437 -24.149107941 0.15426804710 0.01055147239 0.09609576240 0.63803674581 0.66848384671 0.75246539609 0.60642192852 0.78620420248 0.61011603618 0.65714100403 0.71655120900 0.67965401402 0.61992260736 0.63960713366 0.74121255953 1.30032213553 -107.3537512966 0.02329711949   -2 
  23 0.00000450155 0.00084710108 -24.286172081 0.15518591199 0.01055005979 0.09609695520 0.63864829955 0.67060133771 0.75564886052 0.60881939389 0.78949362120 0.61379619961 0.65918251514 0.71894028188 0.68477999918 0.62276808607 0.64365196707 0.74516244806 1.30604636379 -107.3405181305 0.01886272373   -2 
  24 0.00000450155 0.00084665587 -24.295185570 0.15528318993 0.01054991772 0.09609703607 0.63875155776 0.67057270878 0.75540936310 0.60902842781 0.78977914633 0.61403340568 0.65942307903 0.71920132892 0.68518983913 0.62305817419 0.64402874885 0.74554752817 1.30662551537 -107.3395785590 0.02360421155   -2 
  25 0.00000450156 0.00084698065 -24.312933785 0.15556285751 0.01054953183 0.09609730264 0.63939293444 0.67029444876 0.75392369404 0.60978654264 0.79080858925 0.61471777605 0.66038641107 0.72021811268 0.68652274352 0.62413449948 0.64535921255 0.74694314955 1.30878697093 -107.3364625719 0.00631522041   -2 
  26 0.00000450156 0.00084696773 -24.313208151 0.15561766727 0.01054946176 0.09609734225 0.63947412890 0.67022396011 0.75358276840 0.60990677408 0.79096929197 0.61478976158 0.66059267841 0.72043098224 0.68673398212 0.62435746505 0.64561673443 0.74722353795 1.30921482830 -107.3363646400 0.00572794338   -2 
  27 0.00000450156 0.00084687579 -24.237823330 0.15560865722 0.01054960894 0.09609710376 0.63856721976 0.67018771101 0.75307779385 0.60936165413 0.79017267824 0.61354370881 0.66106387592 0.72083472352 0.68578701512 0.62475241352 0.64570533132 0.74754362011 1.30952340375 -107.3349861708 0.01175986347   -2 
  28 0.00000450157 0.00084707323 -24.225254972 0.15560579970 0.01054963497 0.09609706348 0.63854042499 0.67017234964 0.75302427703 0.60929515427 0.79007739477 0.61338104850 0.66112111335 0.72088377964 0.68565411917 0.62480586177 0.64571562366 0.74758633844 1.30955684079 -107.3348014126 0.00720907544   -2 
  29 0.00000450157 0.00084687541 -24.150221234 0.15568164906 0.01054965054 0.09609672601 0.63924714914 0.66976865369 0.75279438973 0.60900800610 0.78970333724 0.61270370767 0.66120377719 0.72094223802 0.68497356999 0.62498386315 0.64569184957 0.74770340023 1.30945384195 -107.3339942169 0.00519030236   -2 
  30 0.00000450160 0.00084623190 -23.793047477 0.15641563616 0.01054916580 0.09609478953 0.63842570163 0.66990160013 0.75403243447 0.60966696759 0.79090316201 0.61323407603 0.66018167678 0.72002487196 0.68401872438 0.62488525203 0.64529943027 0.74747891071 1.30805182458 -107.3310268813 0.02203195821   -2 
  31 0.00000450161 0.00084652012 -23.728370290 0.15654293413 0.01054908832 0.09609444712 0.63838080071 0.66994878839 0.75420463363 0.60978390100 0.79110454242 0.61335213006 0.66003378170 0.71989399392 0.68390016580 0.62487360460 0.64524506918 0.74745086032 1.30786802508 -107.3304458729 0.01002712953   -2 
  32 0.00000450165 0.00084609190 -23.329848886 0.15760075639 0.01054824534 0.09609225338 0.63989704045 0.67001264619 0.75296845545 0.60999844400 0.79129835926 0.61436790673 0.65996310636 0.71986008999 0.68446041667 0.62484220606 0.64523771998 0.74747230494 1.30830218874 -107.3271670849 0.01418509949   -2 
  33 0.00000450166 0.00084568239 -23.266559834 0.15779154831 0.01054808382 0.09609191082 0.63980447684 0.67003176062 0.75285336012 0.61000406007 0.79127787040 0.61450997655 0.66006885719 0.71996729503 0.68466545569 0.62487231834 0.64529543300 0.74752932457 1.30857389568 -107.3265897987 0.02048076297   -2 
  34 0.00000450174 0.00084556242 -22.612440718 0.15969682106 0.01054656186 0.09608852939 0.63782106342 0.67060122032 0.75251676107 0.61010273235 0.79108049259 0.61594923375 0.66183316405 0.72173321590 0.68740278559 0.62544071373 0.64625650233 0.74847671097 1.31255193322 -107.3206293974 0.01315549954   -2 
  35 0.00000450181 0.00084501295 -22.006929638 0.16163999575 0.01054497601 0.09608545208 0.63947731677 0.67040686853 0.75472624766 0.61041151435 0.79165314390 0.61639777210 0.66392155173 0.72393147244 0.68998334342 0.62654767095 0.64779814446 0.75007448591 1.31702752911 -107.3155947392 0.03857869737   -2 
  36 0.00000450184 0.00084399668 -21.787706801 0.16239665703 0.01054434492 0.09608430557 0.64001210571 0.67035378990 0.75552898951 0.61055098484 0.79191793424 0.61653605786 0.66467808157 0.72473738256 0.69090264023 0.62698376498 0.64839149736 0.75069523189 1.31866059424 -107.3136780141 0.01133754255   -2 
  37 0.00000450191 0.00084294853 -21.304912134 0.16413481148 0.01054291277 0.09608203823 0.63971683708 0.67264707008 0.75713634919 0.61228296069 0.79479357947 0.61685395521 0.66606249789 0.72647105682 0.69208072289 0.62882139920 0.65039614154 0.75300635429 1.32194790361 -107.3095362595 0.00768496025   -2 
  38 0.00000450192 0.00084277731 -21.204941524 0.16450587832 0.01054260847 0.09608157465 0.63972287523 0.67307555497 0.75742468311 0.61266416852 0.79540927912 0.61695221722 0.66633942719 0.72682567551 0.69230247204 0.62923188757 0.65083344034 0.75351671496 1.32262094887 -107.3093991995 0.00870708692   -2 
  39 0.00000450194 0.00084236747 -21.082499266 0.16504682784 0.01054214022 0.09608114029 0.64062980207 0.67269589964 0.75708092101 0.61327214063 0.79616437999 0.61750690766 0.66649109213 0.72711963837 0.69225304261 0.63003010187 0.65155740122 0.75443912069 1.32320492567 -107.3082293233 0.01152530536   -2 
  40 0.00000450195 0.00084251937 -21.064155124 0.16512222917 0.01054207979 0.09608109388 0.64074769381 0.67264055726 0.75703853250 0.61336228186 0.79626578561 0.61761767675 0.66651088961 0.72716084035 0.69223784451 0.63016302281 0.65167384004 0.75459056617 1.32329033331 -107.3080761302 0.00446739573   -2 
  41 0.00000450196 0.00084262426 -21.019550416 0.16534844524 0.01054190077 0.09608121345 0.64026319965 0.67241201541 0.75696443289 0.61345713840 0.79618618353 0.61827160139 0.66646167370 0.72716378223 0.69203593403 0.63068242789 0.65206922178 0.75515285854 1.32338012473 -107.3076813605 0.00243876191   -2 
  42 0.00000450196 0.00084258801 -21.014413218 0.16537620923 0.01054187972 0.09608124753 0.64022445100 0.67240377458 0.75696459561 0.61344882184 0.79615345108 0.61834830044 0.66645066821 0.72715659070 0.69200724333 0.63074394643 0.65211382794 0.75521867778 1.32338055684 -107.3076777151 0.00247141938   -2 
  43 0.00000450196 0.00084258801 -21.014413218 0.16537620923 0.01054187972 0.09608124753 0.64022445100 0.67240377458 0.75696459561 0.61344882184 0.79615345108 0.61834830044 0.66645066821 0.72715659070 0.69200724333 0.63074394643 0.65211382794 0.75521867778 1.32338055684 -107.3076777151 0.00247141938   -5 
  44 0.00000450196 0.00084263523 -21.014043107 0.16537528136 0.01054188450 0.09608127659 0.64025982939 0.67243263335 0.75698105849 0.61342912042 0.79613101282 0.61835009103 0.66644691706 0.72715015148 0.69200325341 0.63074695625 0.65211387058 0.75522122523 1.32337362576 -107.3076641584 0.00278010769   -2 
  45 0.00000450196 0.00084256481 -21.012565242 0.16538025067 0.01054189819 0.09608145445 0.64042959387 0.67258098955 0.75706083147 0.61330143839 0.79598398830 0.61835456679 0.66641758412 0.72710413572 0.69197335298 0.63076141681 0.65211016167 0.75523216513 1.32331925320 -107.3076177430 0.00069948878   -2 
  46 0.00000450196 0.00084257886 -21.012249390 0.16537939919 0.01054190357 0.09608149200 0.64037600066 0.67256203993 0.75706133200 0.61330904362 0.79599454873 0.61835892578 0.66641995723 0.72710538752 0.69197433182 0.63076564390 0.65211237397 0.75523654551 1.32332320003 -107.3076153197 0.00059654809   -2 
  47 0.00000450196 0.00084256520 -21.011929636 0.16537995121 0.01054190778 0.09608153488 0.64036456010 0.67256215506 0.75706601818 0.61330149367 0.79598669880 0.61836127564 0.66641807994 0.72710126913 0.69197162358 0.63076922634 0.65211302416 0.75523982481 1.32331929279 -107.3076143056 0.00081506061   -2 
  48 0.00000450197 0.00084257934 -21.009202254 0.16538096036 0.01054194373 0.09608186669 0.64031296933 0.67257662091 0.75710693739 0.61324357912 0.79592654063 0.61838011425 0.66640471409 0.72707086103 0.69195181237 0.63079727492 0.65211865317 0.75526570411 1.32329170422 -107.3076090042 0.00053511240   -2 
  49 0.00000450197 0.00084255748 -21.005610601 0.16538611901 0.01054198942 0.09608233421 0.64035169975 0.67257455853 0.75710966236 0.61318854320 0.79586712883 0.61839147704 0.66638524256 0.72703383609 0.69192562940 0.63082473127 0.65212131985 0.75529033819 1.32325422656 -107.3076044856 0.00090864356   -2 
  50 0.00000450197 0.00084256972 -21.004642992 0.16538707576 0.01054200206 0.09608245789 0.64036253271 0.67257424457 0.75710870956 0.61317857397 0.79585644459 0.61839379147 0.66638112842 0.72702591815 0.69191985574 0.63083109059 0.65212199400 0.75529610882 1.32324638886 -107.3076034431 0.00038789820   -2 
  51 0.00000450199 0.00084255008 -20.994359326 0.16540789196 0.01054213377 0.09608389482 0.64038780939 0.67253515293 0.75700655760 0.61320645666 0.79588553950 0.61838119117 0.66635612048 0.72698671334 0.69188182572 0.63086331036 0.65211983611 0.75532470743 1.32319853892 -107.3075963486 0.00073607233   -2 
  52 0.00000450200 0.00084256574 -20.991956360 0.16541268005 0.01054216514 0.09608423708 0.64038205946 0.67253291869 0.75699688551 0.61321511244 0.79589487908 0.61837831225 0.66635321600 0.72698234836 0.69187646343 0.63086842460 0.65211950621 0.75532944264 1.32319332071 -107.3075948974 0.00095649099   -2 
  53 0.00000450202 0.00084254269 -20.976836968 0.16544963528 0.01054236185 0.09608647914 0.64029401941 0.67253098279 0.75697686255 0.61326942363 0.79595293158 0.61835679637 0.66634120664 0.72696734715 0.69185151816 0.63089034445 0.65211578282 0.75535016841 1.32317455288 -107.3075903475 0.00070395194   -2 
  54 0.00000450202 0.00084255868 -20.977229542 0.16545322500 0.01054235803 0.09608649453 0.64033856915 0.67254445757 0.75703028557 0.61324952914 0.79593219109 0.61836257271 0.66635344139 0.72698651856 0.69186857761 0.63087886829 0.65211744215 0.75534061104 1.32320108668 -107.3075858322 0.00147114721   -2 
  55 0.00000450202 0.00084253067 -20.977568638 0.16545826059 0.01054235412 0.09608652954 0.64037156762 0.67255479835 0.75707630659 0.61323107083 0.79591288223 0.61836750556 0.66636459436 0.72700425039 0.69188439778 0.63086779892 0.65211881043 0.75533135543 1.32322555557 -107.3075820631 0.00039320566   -2 
  56 0.00000450203 0.00084253857 -20.976912792 0.16547076356 0.01054236871 0.09608684242 0.64035351308 0.67258623594 0.75713879450 0.61322107129 0.79590837857 0.61838820815 0.66640021930 0.72705554960 0.69193060020 0.63084951619 0.65212987152 0.75531968524 1.32330120504 -107.3075789243 0.00061256228   -2 
  57 0.00000450203 0.00084252788 -20.976744581 0.16547372760 0.01054237215 0.09608691561 0.64034969129 0.67258982847 0.75714536373 0.61322075628 0.79590925487 0.61839222377 0.66640693104 0.72706514343 0.69193947605 0.63084649081 0.65213234500 0.75531796947 1.32331571798 -107.3075783941 0.00039945753   -2 
  58 0.00000450204 0.00084252433 -20.973611565 0.16550341752 0.01054243312 0.09608787525 0.64034475289 0.67260058947 0.75713424864 0.61325380188 0.79595889175 0.61843828823 0.66647629494 0.72716037682 0.69203147457 0.63082975728 0.65216680925 0.75531594124 1.32347448237 -107.3075743605 0.00046277541   -2 
  59 0.00000450204 0.00084253331 -20.973372027 0.16550372249 0.01054243726 0.09608791672 0.64035132521 0.67260002548 0.75713278252 0.61325611872 0.79596114773 0.61843845312 0.66647573520 0.72715918313 0.69203113383 0.63083197310 0.65216819966 0.75531826743 1.32347366400 -107.3075738895 0.00052919999   -2 
  60 0.00000450204 0.00084251575 -20.971449819 0.16550822105 0.01054246870 0.09608826683 0.64040066025 0.67258871854 0.75711505860 0.61327334979 0.79597597022 0.61843562918 0.66646474159 0.72714060840 0.69202131078 0.63085300093 0.65217843896 0.75533923057 1.32345404699 -107.3075712939 0.00035711283   -2 
  61 0.00000450206 0.00084251171 -20.963804668 0.16552157842 0.01054259627 0.09608963004 0.64038856864 0.67259944188 0.75711216692 0.61332294409 0.79602122029 0.61842986523 0.66643043915 0.72707880647 0.69198435522 0.63093422106 0.65221564398 0.75541987449 1.32338969156 -107.3075661562 0.00097894478   -2 
  62 0.00000450206 0.00084249325 -20.962300862 0.16552512189 0.01054262122 0.09608990927 0.64038263999 0.67260068488 0.75711222935 0.61332998307 0.79602756251 0.61842877736 0.66642447571 0.72706803297 0.69197763033 0.63094902041 0.65222240225 0.75543462612 1.32337850333 -107.3075650114 0.00038715342   -2 
  63 0.00000450209 0.00084248872 -20.951535684 0.16555730463 0.01054280111 0.09609198615 0.64031716496 0.67261592069 0.75716568144 0.61330037517 0.79600519042 0.61843811988 0.66643026223 0.72706633136 0.69196920000 0.63100543914 0.65225252243 0.75549506710 1.32338654340 -107.3075593992 0.00062364718   -2 
  64 0.00000450213 0.00084250134 -20.933090638 0.16562115766 0.01054310754 0.09609566192 0.64036828662 0.67260553696 0.75719777871 0.61323649811 0.79595645319 0.61846020000 0.66646791396 0.72711230054 0.69198642464 0.63105293820 0.65228537392 0.75555181109 1.32346186126 -107.3075454699 0.00228702099   -2 
  65 0.00000450215 0.00084245534 -20.926080215 0.16564762931 0.01054322425 0.09609709080 0.64038468744 0.67259887826 0.75720312061 0.61321439589 0.79593969519 0.61846819668 0.66648269016 0.72713130473 0.69199448767 0.63106770180 0.65229655617 0.75557019108 1.32349265719 -107.3075385634 0.00070385295   -2 
  66 0.00000450228 0.00084240702 -20.874728324 0.16583426298 0.01054410574 0.09610773103 0.64044643186 0.67262220761 0.75712715795 0.61325448781 0.79601912252 0.61854955402 0.66662845934 0.72733739355 0.69213392350 0.63108705295 0.65235667701 0.75562175631 1.32383273811 -107.3075134248 0.00113179701   -2 
  67 0.00000450232 0.00084237066 -20.855510177 0.16590453073 0.01054443784 0.09611174164 0.64045663977 0.67263355902 0.75710785836 0.61327657337 0.79605525295 0.61858034459 0.66668175008 0.72741255530 0.69218743931 0.63109381957 0.65237979171 0.75564062898 1.32395941929 -107.3075112576 0.00110098583   -2 
  68 0.00000450237 0.00084237109 -20.837630873 0.16596430104 0.01054476416 0.09611557465 0.64037538253 0.67267718793 0.75719657435  0.6133587393 0.79614541319 0.61861426111 0.66671880458 0.72746016113 0.69224688529 0.63110350607 0.65241081006 0.75566213143 1.32406790797 -107.3074968086 0.00175532820   -2 
  69 0.00000450238 0.00084233496 -20.831980637 0.16598440253 0.01054486867 0.09611681858 0.64034983933 0.67268936699 0.75722862404 0.61338717728 0.79617560946 0.61862471643 0.66672853003 0.72747208644 0.69226575184 0.63110709450 0.65242144345 0.75566944290 1.32409957807 -107.3074928096 0.00061431616   -2 
  70 0.00000450241 0.00084229296 -20.823320478 0.16601361017 0.01054505192 0.09611895643 0.64042569295 0.67270371922 0.75733467587 0.61346281418 0.79624805066 0.61864519431 0.66672259802 0.72745165355 0.69229874053 0.63113005289 0.65245595986 0.75569802871 1.32412102539 -107.3074855624 0.00027644848   -2 
  71 0.00000450241 0.00084229836 -20.823111040 0.16601426769 0.01054505904 0.09611903737 0.64042740116 0.67270618237 0.75733409656 0.61346431520 0.79625005405 0.61864708659 0.66672267500 0.72745027997 0.69230044582 0.63113319771 0.65245909266 0.75570143778 1.32412199072 -107.3074853929 0.00032645890   -2 
  72 0.00000450242 0.00084228735 -20.821234360 0.16602391886 0.01054514687 0.09612005642 0.64043274990 0.67273726199 0.75730248659 0.61347380520 0.79626750153 0.61867321290 0.66672315532 0.72742899495 0.69232188319 0.63118083854 0.65250481750 0.75575224574 1.32413124986 -107.3074837202 0.00016450756   -2 
  73 0.00000450243 0.00084229245 -20.820748200 0.16602674389 0.01054517908 0.09612042437 0.64043170712 0.67273589346 0.75730362059 0.61347407743 0.79626989775 0.61868023775 0.66672575447 0.72742694078 0.69232832026 0.63119606238 0.65251937624 0.75576878331 1.32413768923 -107.3074835088 0.00036046697   -2 
  74 0.00000450243 0.00084228670 -20.820020105 0.16603175569 0.01054523172 0.09612103189 0.64042852345 0.67273038802 0.75730758314 0.61347352045 0.79627239171 0.61869063300 0.66673025966 0.72742476382 0.69233820137 0.63122004369 0.65254228397 0.75579488675 1.32414846258 -107.3074831795 0.00011739074   -2 
  75 0.00000450244 0.00084228835 -20.819567278 0.16603517110 0.01054527471 0.09612152065 0.64043122678 0.67272291413 0.75732197663 0.61347214192 0.79627117920 0.61869281662 0.66673571848 0.72743119351 0.69234271092 0.63123121518 0.65255330321 0.75580758389 1.32415894898 -107.3074830215 0.00016299655   -2 
  76 0.00000450244 0.00084228543 -20.819463166 0.16603612463 0.01054528613 0.09612165156 0.64043184584 0.67272146660 0.75732550112 0.61347179511 0.79627071338 0.61869284120 0.66673716078 0.72743339327 0.69234352430 0.63123328242 0.65255542337 0.75581002422 1.32416163294 -107.3074829855 0.00009175028    0 
-- Found new optimum with likelihood -107.307482985542137 and gradient 0.00009

---- Best joint likelihood found -107.307482985542137 with gradient 0.00009

---- Results for /scratch/40841103/tmphdy9i4k0 
--  Model: C
--        eps_an     theta_bar             a 
-- 0.00000450244 0.00084228543            -1 
--           S_d             b           p_b           S_b 
-- -20.819463166 0.16603612463 0.01054528613 0.09612165156 
--           r 2           r 3           r 4           r 5           r 6           r 7           r 8           r 9          r 10          r 11          r 12          r 13          r 14 
-- 0.64043184584 0.67272146660 0.75732550112 0.61347179511 0.79627071338 0.61869284120 0.66673716078 0.72743339327 0.69234352430 0.63123328242 0.65255542337 0.75581002422 1.32416163294 

---- Expected P_neut(i), 0 < i < n (neutral SFS per site) 
E[P_neut(1)] = 0.0008422820
E[P_neut(2)] = 0.0002697122
E[P_neut(3)] = 0.0001888739
E[P_neut(4)] = 0.0001594706
E[P_neut(5)] = 0.0001033435
E[P_neut(6)] = 0.0001117810
E[P_neut(7)] = 0.0000744451
E[P_neut(8)] = 0.0000701979
E[P_neut(9)] = 0.0000680787
E[P_neut(10)] = 0.0000583153
E[P_neut(11)] = 0.0000483349
E[P_neut(12)] = 0.0000458038
E[P_neut(13)] = 0.0000489708
E[P_neut(14)] = 0.0000796693

---- Expected P_sel(i), 0 < i < n (selected SFS per site) 
E[P_sel(1)] = 0.0006387147
E[P_sel(2)] = 0.0001817981
E[P_sel(3)] = 0.0001191258
E[P_sel(4)] = 0.0000961867
E[P_sel(5)] = 0.0000602938
E[P_sel(6)] = 0.0000635186
E[P_sel(7)] = 0.0000413898
E[P_sel(8)] = 0.0000383090
E[P_sel(9)] = 0.0000365556
E[P_sel(10)] = 0.0000308669
E[P_sel(11)] = 0.0000252567
E[P_sel(12)] = 0.0000236559
E[P_sel(13)] = 0.0000250223
E[P_sel(14)] = 0.0000403087

---- alpha_dfe = 0.022268

