---- Running command
---- ./polyDFE -d /scratch/40841130/tmppbgcmo_8 -m C -i /scratch/40841130/tmp5imf6_b3 1 -v 1 
---- Performing inference using model C

---- Performing inference on /scratch/40841130/tmppbgcmo_8
----      with -i /scratch/40841130/tmp5imf6_b3 1
---- Data /scratch/40841130/tmppbgcmo_8 does not contain divergence counts. Using option -w.
---- No mutation variability. Using Poisson likelihood.


---- Using provided initial values

-- Starting local optimization
-- Optimizing all parameters
  it        eps_an     theta_bar           S_d             b           p_b           S_b           r 2           r 3           r 4           r 5           r 6           r 7           r 8           r 9          r 10          r 11          r 12          r 13          r 14          r 15          r 16          r 17          r 18          r 19           ln lk          grad status 
   0 0.00000449744  0.0008503307 -68.014330000     0.1127644   0.003905648    0.03800569     0.5669393     0.5649833     0.5475162     0.4995644     0.5648594     0.6039999     0.4662727     0.5802472     0.5323765     0.5838853     0.5587549     0.5490204     0.5681745     0.5012596     0.6027202     0.6738647     0.7739941      1.427315 -142.2143422819 0.38580052246   -2 
   1 0.00000449744 0.00084703518 -69.123661986 0.12036120094 0.00390362275 0.03800534421 0.58894435627 0.57485991363 0.55519339721 0.46721853194 0.54368801603 0.61236742060 0.44368803088 0.59036135976 0.53610834223 0.58996746431 0.53034554727 0.56451144102 0.56817528728 0.50656832106 0.61740363054 0.66931251175 0.77399614003 1.44374557908 -139.3075669143 0.94645420254   -2 
   2 0.00000449745 0.00086310738 -69.415620712 0.12277619968 0.00390301344 0.03800523697 0.59621441128 0.57894589161 0.55851359167 0.45674488217 0.53684228867 0.61593040652 0.43583148546 0.59452614592 0.53780855945 0.59258511582 0.52023452874 0.57073689979 0.56842016115 0.50879607047 0.62333227684 0.66786451383 0.77433917189 1.45084638282 -138.3277835797 0.25540277930   -2 
   3 0.00000449745 0.00086758842 -69.542135950 0.12484815535 0.00390252355 0.03800519291 0.57066979707 0.57700753509 0.56057887321 0.45317086063 0.53462953560 0.62115371338 0.42687408117 0.60132826748 0.54155811594 0.59782298944 0.50609639025 0.58193372165 0.56999581426 0.51357014648 0.63460737278 0.66683158358 0.77663037967 1.46516276963 -137.5143967362 0.20683515031   -2 
   4 0.00000449745 0.00087104603 -69.506019517 0.12486781824 0.00390252345 0.03800519400 0.56989300909 0.57659087278 0.56053939405 0.45333980601 0.53474920164 0.62154450311 0.42615081615 0.60194385869 0.54195197122 0.59836298123 0.50475306456 0.58310673338 0.57020003702 0.51411564558 0.63583880576 0.66677377780 0.77693054590 1.46661198487 -137.4662323683 0.12901463631   -2 
   5 0.00000449747 0.00086895883 -68.963784235 0.12505074164 0.00390253660 0.03800519978 0.57601985838 0.56583651582 0.55474851864 0.46001582532 0.53854296074 0.62302643831 0.41844356121 0.60748530461 0.54611589319 0.60422100582 0.48827822892 0.59752245704 0.57257588978 0.52118665785 0.65168075185 0.66581264683 0.78052736889 1.48186669297 -137.1413463442 0.06349806132   -2 
   6 0.00000449747 0.00086467814 -68.531493656 0.12494063576 0.00390259395 0.03800517474 0.57653943949 0.57292999696 0.55569514049 0.46232089271 0.54018153627 0.62228688001 0.41768745638 0.60785977888 0.54710559687 0.60558404461 0.48372439392 0.60183696429 0.57356732854 0.52402033430 0.65730673154 0.66575337864 0.78203316947 1.48459888489 -137.0769379439 0.15241358117   -2 
   7 0.00000449747 0.00086572210 -68.326450914 0.12483448735 0.00390263417 0.03800516449 0.57697053762 0.57593689124 0.55629663816 0.46327963624 0.54091175923 0.62205887913 0.41750001183 0.60802261807 0.54753712911 0.60616161706 0.48197110291 0.60360062341 0.57401665662 0.52522350661 0.65964497131 0.66578459177 0.78270922659 1.48574683765 -137.0514556411 0.02760680496   -2 
   8 0.00000449748 0.00086417989 -67.274969379 0.12558126612 0.00390252364 0.03800501458 0.57912372034 0.57374475917 0.56273727250 0.46371132301 0.54280329645 0.62300765633 0.42129814212 0.60747816392 0.54860596293 0.60718305218 0.48106675907 0.60650826878 0.57614660391 0.52933431056 0.66556081273 0.66733124808 0.78577654068 1.48645650509 -137.0162710971 0.03347226121   -2 
   9 0.00000449748 0.00086519440 -66.972636459 0.12580577983 0.00390249005 0.03800497073 0.57892351999 0.57414383745 0.56289227721 0.46382624078 0.54313667613 0.62343542495 0.42216050195 0.60758627688 0.54890266973 0.60746757837 0.48124635494 0.60699471053 0.57667591505 0.53020733016 0.66665991735 0.66781998950 0.78652984466 1.48693955755 -137.0099636831 0.07966753033   -2 
  10 0.00000449750 0.00086368514 -64.524402864 0.12803405981 0.00390212792 0.03800458985 0.57602044274 0.57780363627 0.56230984851 0.46460885108 0.54551638675 0.62691534243 0.42909241871 0.60859657946 0.55127025316 0.60972770810 0.48308919726 0.61065903590 0.58096604413 0.53721855881 0.67526360156 0.67188462218 0.79263274722 1.49094221418 -136.9599607744 0.04628808125   -2 
  11 0.00000449752 0.00086100723 -62.035132539 0.13023469099 0.00390178941 0.03800418276 0.58209146479 0.57871766434 0.55989326285 0.46567312296 0.54649760682 0.62928757710 0.43254049580 0.61080564176 0.55330405348 0.61184097950 0.48595396858 0.61281791085 0.58424901587 0.54190649153 0.68018177861 0.67555638102 0.79730406425 1.49658484034 -136.9115437368 0.08749177616   -2 
  12 0.00000449753 0.00086191103 -61.447953790 0.13069195048 0.00390172655 0.03800408872 0.58331399556 0.57894402095 0.55957922304 0.46598499885 0.54673696609 0.62982656057 0.43316144453 0.61140857633 0.55379001885 0.61236088801 0.48666964304 0.61328394411 0.58497550182 0.54287822985 0.68115322974 0.67640599891 0.79833762913 1.49807383443 -136.9023708539 0.05494251298   -2 
  13 0.00000449767 0.00085224030 -44.123820299 0.14615559972 0.00389987052 0.03800089806 0.58387418903 0.58087966066 0.56862377749 0.47909563331 0.55300570849 0.64293785196 0.43602379521 0.63654439659 0.56918617268 0.63011759837 0.51342873426 0.62408670004 0.60425224706 0.56314183703 0.69631814529 0.70259856249 0.82585317721 1.55740691812 -136.5743641653 0.14526034418   -2 
  14 0.00000449769 0.00084836168 -41.952830216 0.14879045904 0.00389956472 0.03800040689 0.58394902625 0.58143946235 0.57005666173 0.48085045320 0.55403619351 0.64479593030 0.43639438940 0.64008394159 0.57144086529 0.63273340902 0.51734315023 0.62574297229 0.60706867672 0.56603098118 0.69847977537 0.70646905786 0.82988669590 1.56605910796 -136.5478494564 0.07911164650   -2 
  15 0.00000449779 0.00083904293 -33.334025980 0.16161887318 0.00389814605 0.03799816871 0.58756154065 0.58921320879 0.57808810849 0.48585293404 0.56044234743 0.65201905003 0.43780102278 0.65172014943 0.58046304951 0.64335415019 0.53163163743 0.63368675812 0.61797150659 0.57610225333 0.70656584026 0.72177212778 0.84565774041 1.59924503459 -136.4560026457 0.08513547572   -2 
  16 0.00000449777 0.00084320230 -35.273155376 0.15845701901 0.00389847867 0.03799872009 0.58704211890 0.58759702061 0.57603492428 0.48413077641 0.55919720389 0.65013027676 0.43763813574 0.64791876016 0.57800259341 0.64047379263 0.52722302528 0.63190210968 0.61491776536 0.57306188378 0.70442278990 0.71748339893 0.84128215438 1.58974531046 -136.4385490892 0.10476280132   -2 
  17 0.00000449775 0.00084310914 -36.672431389 0.15657139723 0.00389866018 0.03799909295 0.58666637777 0.58667595105 0.57447912346 0.48235791284 0.55859719990 0.64860364557 0.43763387506 0.64430125079 0.57602578502 0.63818362500 0.52330321271 0.63080779458 0.61241164117 0.57035851765 0.70272038889 0.71399420617 0.83773355047 1.58177115795 -136.4121790031 0.10203049162   -2 
  18 0.00000449772 0.00084813570 -39.084342138 0.15345125718 0.00389897865 0.03799971624 0.58656693021 0.58586775539 0.57212615925 0.47890137743 0.55804951824 0.64596125523 0.43776926594 0.63729096706 0.57249943270 0.63412063542 0.51583109462 0.62921822840 0.60782160768 0.56515609189 0.69964403989 0.70762649292 0.83127148486 1.56716061838 -136.3741817506 0.06197820056   -2 
  19 0.00000449771 0.00084811252 -39.799562007 0.15260272176 0.00389906582 0.03799989756 0.58627730206 0.58573162469 0.57151725295 0.47769879359 0.55794504561 0.64506117613 0.43776472225 0.63488480595 0.57134360122 0.63280322676 0.51327766143 0.62878834974 0.60627670902 0.56330218860 0.69856388517 0.70551340770 0.82911089920 1.56235075766 -136.3665329531 0.05104251453   -2 
  20 0.00000449770 0.00085020378 -40.609760994 0.15149739341 0.00389920165 0.03800011883 0.58576010881 0.58588040034 0.57110950668 0.47609014155 0.55795027870 0.64387145465 0.43767791570 0.63156871955 0.56981603694 0.63108257005 0.50967062116 0.62836115573 0.60413059338 0.56054769094 0.69698636848 0.70261506052 0.82612786416 1.55596244715 -136.3569077811 0.04905631550   -2 
  21 0.00000449770 0.00085000390 -41.020527831 0.15091806829 0.00389927827 0.03800023703 0.58522197361 0.58588439858 0.57095288972 0.47517778943 0.55791227383 0.64313885690 0.43753668471 0.62965661113 0.56892204968 0.63008578696 0.50752873113 0.62812822619 0.60284074866 0.55882551635 0.69597564500 0.70089806868 0.82434174698 1.55230015201 -136.3519705714 0.03743841074   -2 
  22 0.00000449769 0.00085126858 -41.441807798 0.15011088407 0.00389940746 0.03800038241 0.58448542292 0.58579932713 0.57094259236 0.47414460049 0.55780209394 0.64219315504 0.43720385285 0.62731898825 0.56778841987 0.62883676012 0.50471396368 0.62785348895 0.60111698651 0.55640205442 0.69451722165 0.69863574843 0.82196244961 1.54779623549 -136.3464587218 0.03787243112   -2 
  23 0.00000449769 0.00085094184 -41.666751513 0.14962147362 0.00389949236 0.03800047140 0.58393700078 0.58552860669 0.57089623005 0.47355970605 0.55761643487 0.64155193727 0.43688403144 0.62593350087 0.56706145509 0.62804226051 0.50293314646 0.62764314648 0.59998705682 0.55477279318 0.69349257237 0.69717289460 0.82040484922 1.54504305889 -136.3433209293 0.03237658526   -2 
  24 0.00000449769 0.00085181946 -41.857143775  0.1489776644 0.00389961929 0.03800057691 0.58347782767 0.58495932549 0.57079501812 0.47305267889 0.55722750491 0.64078879744 0.43634333297 0.62454236991 0.56622115645 0.62713245810 0.50088252653 0.62733609053 0.59861900726 0.55272705949 0.69214084165 0.69542659937 0.81851947755 1.54208696416 -136.3393911426 0.03631082395   -2 
  25 0.00000449768 0.00085140733 -42.003080896 0.14841735529 0.00389973561 0.03800067392 0.58304569161 0.58421970775 0.57055551033 0.47265551933 0.55671512806 0.64003983627 0.43573293247 0.62339822002 0.56543561568 0.62628487358 0.49904385434 0.62697622782 0.59733197239 0.55078446532 0.69079918403 0.69380060813 0.81674468159 1.53948517734 -136.3364359194 0.02535992441   -2 
  26 0.00000449768 0.00085198304 -42.000506789 0.14825386717 0.00389977739 0.03800070200 0.58309436526 0.58391763166 0.57033588144 0.47266735613 0.55642231112 0.63983368399 0.43545373270 0.62332183107 0.56523953088 0.62607523012 0.49866586981 0.62678574453 0.59698690545 0.55023512484 0.69035168380 0.69338029919 0.81626551226 1.53903954121 -136.3345952830 0.03434761392   -2 
  27 0.00000449768 0.00085145091 -41.938841863 0.14759590404 0.00389996310 0.03800083879 0.58317692357 0.58216416541 0.56888174847 0.47281747682 0.55467432617 0.63873079629 0.43387764102 0.62326280476 0.56426164664 0.62503033202 0.49701838027 0.62564450935 0.59528457335 0.54751912455 0.68800030439 0.69133853318  0.8138958746 1.53713951549 -136.3271532076 0.01587438899   -2 
  28 0.00000449769 0.00085192504 -41.899236610 0.14756087478 0.00389998457 0.03800086134 0.58294500745 0.58221555960 0.56868935411 0.47282294350 0.55440789006 0.63858700725 0.43360598180 0.62339637808 0.56413759527 0.62489457324 0.49695478686 0.62537475412 0.59507638998 0.54718595280 0.68763020622 0.69110055833 0.81360015958 1.53704203835 -136.3260990942 0.02971122122   -2 
  29 0.00000449769 0.00085179657 -41.700359713 0.14754646623 0.00390005817 0.03800096558 0.58153088181 0.58255532680 0.56775423840 0.47276569233 0.55313684740 0.63787955492 0.43230151298 0.62407302432 0.56354764662 0.62424527681 0.49679984599 0.62400898120 0.59412834488 0.54569197605 0.68587545614 0.69003051545 0.81224870757 1.53663376419 -136.3216160730 0.01316105471   -2 
  30 0.00000449770 0.00085239387 -41.445757225 0.14792088300 0.00390006425 0.03800106828 0.58258314258 0.58231176218 0.56783300712 0.47228728562 0.55287013102 0.63754316517 0.43160821044 0.62435937960 0.56320775228 0.62385242328 0.49728495492 0.62286213419 0.59369836240 0.54508525869 0.68480221745 0.68958031194 0.81161750833 1.53647973801 -136.3175922746 0.04346318686   -2 
  31 0.00000449770 0.00085184047 -41.273881866 0.14821083612 0.00390006169 0.03800113856 0.58312788132 0.58210682859 0.56788702698 0.47195562233 0.55271983093 0.63732534140 0.43116813965 0.62452111178 0.56298555270 0.62359510639 0.49762477225 0.62210534568 0.59342525522 0.54470685094 0.68410701417 0.68929652055 0.81121642187 1.53636945705 -136.3149779063 0.01753618557   -2 
  32 0.00000449773 0.00085217203 -40.249598275 0.14962364127 0.00390011187 0.03800156723 0.58057309285 0.58188674919 0.56903593088 0.47105141361 0.55360652381 0.63746980666 0.43031399136 0.62488099691 0.56262949743 0.62314539140 0.49978639478 0.61955066844 0.59297623062 0.54405622504 0.68208825429 0.68890017639 0.81052898512 1.53707793934 -136.3031004907 0.02117349932   -2 
  33 0.00000449774 0.00085271983 -39.830172814 0.15005080042 0.00390016676 0.03800175641 0.58094490232 0.58191439345 0.56890978305 0.47120270907 0.55400091821 0.63778110656 0.43050344023 0.62485612732 0.56278457473 0.62331414771 0.50040732293 0.61936904430 0.59313885442 0.54422944490 0.68203464133 0.68910981933 0.81076836140 1.53772645304 -136.2986943465 0.06892371159   -2 
  34 0.00000449784 0.00084863807 -36.591153511 0.15378049919 0.00390057480 0.03800330746 0.58400433460 0.58186061542 0.56731388413 0.47263190873 0.55702562698 0.64029003078 0.43233589153 0.62445426068 0.56416829025 0.62483888105 0.50521992191 0.61843219371 0.59463999651 0.54589167407 0.68207120017 0.69100919895 0.81299494528 1.54300839118 -136.2629214590 0.03656676230   -2 
  35 0.00000449786 0.00084685145 -35.926722691 0.15478648135 0.00390064077 0.03800368804 0.58208976176 0.58266796137 0.56811197855 0.47328728821 0.55712251535 0.64085468009 0.43313413475 0.62494640911 0.56491037356 0.62570014098 0.50560071927 0.61964591062 0.59546489988 0.54676715681 0.68326169115 0.69197186797 0.81423126588 1.54505344025 -136.2498875763 0.09946841897   -2 
  36 0.00000449790 0.00084745905 -34.948644539 0.15623864256 0.00390075550 0.03800426666 0.57945440671 0.58408831940 0.56958356609 0.47436461822 0.55723329568 0.64176461299 0.43441941804 0.62585638338 0.56613849675 0.62712689531 0.50605628648 0.62177100030 0.59682384738 0.54819759203 0.68530790319 0.69355040806 0.81626549432 1.54839696789 -136.2298548597 0.03815146842   -2 
  37 0.00000449798 0.00084382408 -33.077286304 0.16039657386 0.00390081167 0.03800558980 0.58455615079 0.58467569385 0.57314100753 0.47627072392 0.55630552737 0.64320691682 0.43749249735 0.62950722844 0.56958112246 0.63119676187 0.50491276195 0.62986115338 0.60092135180 0.55246254379 0.69277707572 0.69830957109 0.82243717899 1.55738875049 -136.1813532514 0.08539104951   -2 
  38 0.00000449800 0.00084422626 -32.554373608 0.16157276609 0.00390083763 0.03800597611 0.58596787427 0.58495538406 0.57414784834 0.47684289888 0.55617120524 0.64370719063 0.43838694195 0.63063126710 0.57061327043 0.63241430855 0.50460344528 0.63225055506 0.60214945649 0.55373225627 0.69500012230 0.69973867240 0.82428335021 1.56013240241 -136.1735176290 0.03150587859   -2 
  39 0.00000449800 0.00084418772 -32.736348067 0.16118538303 0.00390083397 0.03800587548 0.58386962649 0.58522909330 0.57330165518 0.47663531815 0.55700045842 0.64393362123 0.43802400438 0.63052368861 0.57038560578 0.63213413093 0.50484484943 0.63151586372 0.60191866264 0.55345325403 0.69446572558 0.69949888603 0.82391999735 1.55983919110 -136.1675563056 0.03610315476   -2 
  40 0.00000449799 0.00084476281 -32.772081544 0.16109530459 0.00390083725 0.03800586075 0.58344209093 0.58532746786 0.57309065083 0.47659772445 0.55727407662 0.64403830237 0.43794650188 0.63054995910 0.57036371973 0.63210407237 0.50491261610 0.63139094904 0.60190620392 0.55342562347 0.69440185364 0.69949451686 0.82389508692 1.55988867977 -136.1661707628 0.01279664446   -2 
  41 0.00000449800 0.00084467114 -32.839210316 0.16110023233 0.00390083354 0.03800590747 0.58282187736 0.58547307079 0.57207254141 0.47643397827 0.55877137624 0.64470958572 0.43770083160 0.63106117432 0.57053868425 0.63229004198 0.50516984954 0.63144210675 0.60225731700 0.55370354717 0.69481123703 0.69998296360 0.82438880634 1.56103124474 -136.1638314673 0.01834655538   -2 
  42 0.00000449800 0.00084496547 -32.850891886 0.16110254833 0.00390083495 0.03800592390 0.58285210405 0.58550335262 0.57190628024 0.47640904865 0.55909735798 0.64486577515 0.43765322355 0.63119498516 0.57059357681 0.63234974424 0.50523159881 0.63148141482 0.60235859187 0.55378750692 0.69493759128 0.70012121458 0.82453229747 1.56133564771 -136.1633657280 0.01348370478   -2 
  43 0.00000449800 0.00084467610 -32.895962809 0.16123152594 0.00390083124 0.03800603061 0.58375387080 0.58546311262 0.57150544042 0.47631937593 0.56036553143 0.64550032326 0.43746039420 0.63184478987 0.57089343095 0.63268163159 0.50550774026 0.63179059658 0.60291836088 0.55427212068 0.69567847684 0.70088271759 0.82533185710 1.56285212638 -136.1616397542 0.01034028605   -2 
  44 0.00000449800 0.00084486944 -32.898949216 0.16125479564 0.00390083462 0.03800605957 0.58391774434 0.58550629549 0.57163755325 0.47635157214 0.56046769265 0.64558552165 0.43745858098 0.63196413298 0.57096892247 0.63276642882 0.50556321599 0.63188784859 0.60304374951 0.55438625811 0.69584995631 0.70105015946 0.82551157717 1.56314983899 -136.1613471099 0.01521599333   -2 
  45 0.00000449801 0.00084433169 -32.918331737 0.16152292427 0.00390085386 0.03800631170 0.58490096556 0.58586525066 0.57308368135 0.47668882818 0.56088859810 0.64612382306 0.43751329242 0.63286268684 0.57158894884 0.63346602559 0.50599778893 0.63273297076 0.60406968206 0.55533561959 0.69726854350 0.70241968183 0.82698419125 1.56545474792 -136.1592599840 0.00965199825   -2 
  46 0.00000449802 0.00084452965 -32.911808410 0.16159390649 0.00390087221 0.03800641408 0.58470969205 0.58612929540 0.57353228300 0.47690433977 0.56083563513 0.64626737538 0.43763787252 0.63311642171 0.57182431779 0.63373235845 0.50616177930 0.63306281036 0.60441494430 0.55566826210 0.69774076701 0.70287268515 0.82747823674 1.56616139436 -136.1586723093  0.0184288334   -2 
  47 0.00000449802 0.00084424371 -32.903768270 0.16168298269 0.00390089009 0.03800652461 0.58440929039 0.58638786985  0.5739388022 0.47713418987 0.56073405875 0.64639493277 0.43778583961 0.63335546496 0.57206529837 0.63400548988 0.50633125848 0.63340594617 0.60476487333 0.55601001266 0.69821894928 0.70333144138 0.82797901184 1.56684901175 -136.1580829481 0.00537260768   -2 
  48 0.00000449803 0.00084435490 -32.853294204 0.16179119060 0.00390094229 0.03800672587 0.58423934345 0.58655931196 0.57364440677 0.47751164762 0.56033263605 0.64645243384 0.43822941872 0.63344232404 0.57237541081 0.63435983139 0.50658221686 0.63387679127 0.60513492641 0.55642315074 0.69870077507 0.70380214034 0.82850501323 1.56732105747 -136.1574456668 0.01373118864   -2 
  49 0.00000449804 0.00084415254 -32.819028470 0.16187403595 0.00390097598 0.03800686227 0.58414828535 0.58664011228 0.57342990465 0.47774517398 0.56007015685 0.64648082262 0.43852256720 0.63348593740 0.57257216147 0.63458502927 0.50674494883 0.63418000121 0.60536966100 0.55668938096 0.69900555220 0.70410092155 0.82883872347 1.56760120163 -136.1571789421 0.00610673024   -2 
  50 0.00000449804 0.00084390746 -32.780139027 0.16195362162 0.00390100228 0.03800696708 0.58475927499 0.58639111207 0.57337691734 0.47762624997 0.56018134017 0.64646244086 0.43862008128 0.63339974465 0.57256758058 0.63458325557 0.50678754898 0.63421009476 0.60535931881 0.55672187086 0.69897597140 0.70408712872 0.82882397477 1.56744049150 -136.1566780331 0.01226093939   -2 
  51 0.00000449804 0.00084406893 -32.771540610 0.16196155753 0.00390100902 0.03800698759 0.58483677858 0.58636905805 0.57338354133 0.47760498508 0.56021463525 0.64646585205 0.43863601423 0.63338751694 0.57256631525 0.63458233314 0.50679538465 0.63421316723 0.60535509700 0.55672517237 0.69896663333 0.70408100414 0.82881786568 1.56741565010 -136.1565248228 0.00545390173   -2 
  52 0.00000449806 0.00084411908 -32.606668677 0.16219103455 0.00390112671 0.03800739310 0.58394771312 0.58643011495 0.57371959876 0.47714162964 0.56097478044 0.64654987537 0.43876769969 0.63316708877 0.57243684525 0.63444468704 0.50686710733 0.63410409144 0.60513984714 0.55664310697 0.69860677479 0.70378948683 0.82851217155 1.56686737955 -136.1552295860 0.00893964520   -2 
  53 0.00000449806 0.00084393660 -32.570663654 0.16225061046 0.00390115165 0.03800748464 0.58386790157 0.58642332326 0.57374972542 0.47706369329 0.56108968825 0.64655744699 0.43878578584 0.63312510661 0.57240819616 0.63441415193 0.50687805132 0.63407781423 0.60509356184 0.55662261161 0.69853111905 0.70372706390 0.82844716263 1.56676427215 -136.1550735831 0.01063861742   -2 
  54 0.00000449810 0.00084379273 -32.164284617 0.16287295191 0.00390144355 0.03800851939 0.58422175276 0.58634347340 0.57382389559 0.47648870674 0.56196471900 0.64662930245 0.43892816289 0.63278391272 0.57214117071 0.63413058261 0.50698792511 0.63381583650 0.60463366864 0.55640779835 0.69777594054 0.70309887672 0.82780664660 1.56592873347 -136.1533062516 0.00968869492   -2 
  55 0.00000449811 0.00084352136 -32.099340071 0.16298521925 0.00390149118 0.03800869506 0.58429191923 0.58631753250 0.57376943802 0.47649774452 0.56195670275 0.64663482115 0.43893597199 0.63277710412 0.57212550797 0.63411507732 0.50700385125 0.63379636266 0.60459171893 0.55638731155 0.69770371100 0.70303777135 0.82775134928 1.56592578420 -136.1530486037 0.01410885505   -2 
  56 0.00000449816 0.00084331758 -31.640512157 0.16372875556 0.00390184412 0.03800995901 0.58491235271 0.58622873156 0.57329007204 0.47693271378 0.56148390370 0.64671717710 0.43896837623 0.63293439459 0.57214332106 0.63414698985 0.50713240413 0.63377081924 0.60443646860 0.55631546467 0.69740012007 0.70277887989 0.82756685519 1.56644914780 -136.1513099859 0.01178199852   -2 
  57 0.00000449818 0.00084293185 -31.536034335 0.16391974208 0.00390192964 0.03801027698 0.58464258455 0.58624763226 0.57324272100 0.47715255827 0.56124134615 0.64675964564 0.43896883681 0.63307674104 0.57222713502 0.63424298086 0.50717405470 0.63384282767 0.60449980223 0.55635412129 0.69747630914 0.70284390899 0.82766979481 1.56688086198 -136.1506725390 0.02235952031   -2 
  58 0.00000449821 0.00084303744 -31.239666011 0.16442755054 0.00390218278 0.03801119220 0.58378424421 0.58638819036 0.57321487909 0.47785721735 0.56052530432 0.64692809029 0.43898071683 0.63357091836 0.57253697841 0.63459527738 0.50731221547 0.63411900989 0.60476533363 0.55651593791 0.69781493480 0.70313513595 0.82808608970 1.56836095872 -136.1489259190 0.00740524153   -2 
  59 0.00000449827 0.00084215084 -30.929675756 0.16526439281 0.00390249626 0.03801250168 0.58501942357 0.58629170370 0.57423972540 0.47826914988 0.56032302240 0.64732119685 0.43906442477 0.63471704321 0.57355280040 0.63574435425 0.50763693125 0.63521660830 0.60609429273 0.55734458641 0.69971605019 0.70481016738 0.83006098680 1.57215679373 -136.1462127961 0.02294354095   -2 
  60 0.00000449828 0.00084233289 -30.856837870 0.16544986231 0.00390257310 0.03801281293 0.58526203164 0.58633295003 0.57448236708 0.47836661440 0.56033039593 0.64743949276 0.43909967041 0.63499282708 0.57380208068 0.63602633289 0.50772561472 0.63548947874 0.60642191430 0.55755419316 0.70018157498 0.70522377448 0.83054645747 1.57306420641 -136.1456273854 0.01143185133   -2 
  61 0.00000449834 0.00084189341 -30.551167445 0.16633561861 0.00390291825 0.03801425788 0.58457344566 0.58735255035 0.57520389259 0.47868097821 0.56124102970 0.64827341158 0.43948710571 0.63615784394 0.57496808744 0.63734959472 0.50829326667 0.63685298290 0.60803362304 0.55868067585 0.70242782919 0.70728425028 0.83291790577 1.57692540134 -136.1430990279 0.00756137251   -2 
  62 0.00000449834 0.00084170066 -30.539182712 0.16638260540 0.00390293371 0.03801432840 0.58463289507 0.58737286097 0.57514971631 0.47869029471 0.56135853711 0.64833400093 0.43953827044 0.63617041063 0.57499887127 0.63738573328 0.50834250584 0.63690610925 0.60809020563 0.55874091590 0.70249641242 0.70736122113 0.83299913875 1.57697058890 -136.1429517059 0.01085049296   -2 
  63 0.00000449836 0.00084163908 -30.466529617 0.16662839748 0.00390303674 0.03801476433 0.58527582794 0.58750438788 0.57470203605 0.47876573705 0.56225065486 0.64877838035 0.43993434419 0.63618008747 0.57515005898 0.63756645310 0.50870316339 0.63721910392 0.60840246727 0.55913253443 0.70284230937 0.70779572933 0.83344058337 1.57700052985 -136.1421374283 0.00369771644   -2 
  64 0.00000449837 0.00084171867 -30.439403216 0.16669289945 0.00390309405 0.03801497629 0.58494752550 0.58752019543 0.57477375188 0.47885709661 0.56257936146 0.64898057149 0.44019975897 0.63610944726 0.57514357566 0.63756456616 0.50894658826 0.63730448142 0.60844242556 0.55931772782 0.70281253451 0.70787047779 0.83348341350 1.57667683531 -136.1419100286 0.00616029737   -2 
  65 0.00000449837 0.00084163517 -30.434710284 0.16670745924 0.00390310473 0.03801501759 0.58489516317 0.58751554680 0.57479019726 0.47887167117 0.56262643332 0.64901084366 0.44024770479 0.63609386733 0.57513899211 0.63756041951 0.50899212958 0.63731679444 0.60844535861 0.55935085888 0.70280002115 0.70787894385 0.83348474136 1.57660812915 -136.1418722143 0.00231374309   -2 
  66 0.00000449838 0.00084155986 -30.407249736 0.16676228755 0.00390318288 0.03801529519 0.58513092215 0.58744977883 0.57501314426 0.47893476474 0.56259420160 0.64905441270 0.44048746974 0.63600636069 0.57507411683 0.63749182423 0.50925980189 0.63733318008 0.60838777737 0.55951915012 0.70260992924 0.70783259200 0.83338190009 1.57617548904 -136.1417420724 0.00167752806   -2 
  67 0.00000449838 0.00084159496 -30.403650187 0.16676622548 0.00390319465 0.03801533531 0.58512651022 0.58746305276 0.57502195341 0.47893912545 0.56257750799 0.64905277786 0.44050457888 0.63600616108 0.57507038799 0.63748777595 0.50928596563 0.63733421139 0.60838054185 0.55953577242 0.70258837094 0.70782512253 0.83336941342 1.57615696913 -136.1417340245 0.00262604005   -2 
  68 0.00000449839 0.00084154644 -30.375527193 0.16680678714 0.00390329168 0.03801567152 0.58499704485 0.58758548183 0.57503773466 0.47895867630 0.56241304462 0.64901668675 0.44061116062 0.63601961490 0.57504469576 0.63745937031 0.50947768217 0.63733603774 0.60831883480 0.55965739381 0.70241603420 0.70775780401 0.83326541804 1.57606701961 -136.1416775597 0.00130129992   -2 
  69 0.00000449839 0.00084156494 -30.379059998 0.16680278076 0.00390328329 0.03801564232 0.58506284996 0.58751731957 0.57499163212 0.47894243288 0.56245697977 0.64901780126 0.44056014289 0.63603211006 0.57505882066 0.63747458696 0.50942098558 0.63733430029 0.60833367598 0.55962433980 0.70246030314 0.70777086759 0.83329140435 1.57615321025 -136.1416692418 0.00133218557   -2 
  70 0.00000449839 0.00084154459 -30.379124947 0.16680373170 0.00390328436 0.03801564638 0.58506608835 0.58750678728 0.57498048385 0.47893845134 0.56246195352 0.64901617054 0.44054930381 0.63603579352 0.57506162045 0.63747757323 0.50941147381 0.63733358765 0.60833542715 0.55961901763 0.70246644273 0.70777189342 0.83329471529 1.57617359265 -136.1416667510 0.00108384283   -2 
  71  0.0000044984 0.00084157280 -30.374152715 0.16681174697 0.00390331625 0.03801575321 0.58505425559 0.58744915545 0.57487466510 0.47890175745 0.56249253919 0.64899631247 0.44044066925 0.63608636022 0.57509392648 0.63751196831 0.50933121946 0.63732825466 0.60834843998 0.55957688239 0.70251393491 0.70777525749 0.83332043497 1.57641092116 -136.1416457169 0.00096922688   -2 
  72 0.00000449840 0.00084155099 -30.372499341 0.16681517531 0.00390332568 0.03801578550 0.58504058024 0.58745252064 0.57486810245 0.47889669367 0.56249044169 0.64899123301 0.44042387089 0.63609315040 0.57509792663 0.63751621848 0.50931952441 0.63732651089 0.60834891859 0.55957059061 0.70251860020 0.70777380399 0.83332220711 1.57644484619 -136.1416428577 0.00152207110   -2 
  73 0.00000449840 0.00084157066 -30.360285899 0.16683328312 0.00390339190 0.03801600894 0.58496008098 0.58750415785 0.57485848143 0.47887288057 0.56246817230 0.64896259668 0.44032940163 0.63613276019 0.57512106270 0.63754087073 0.50925506889 0.63731669667 0.60835031009 0.55953609290 0.70254202882 0.70776325099 0.83333051173 1.57664066573 -136.1416267461 0.00100269369   -2 
  74 0.00000449842 0.00084149617 -30.333553416 0.16688122211 0.00390353736 0.03801650729 0.58500082460 0.58754856610 0.57492645797 0.47886026161 0.56239841067 0.64892516488 0.44022882459 0.63615946034 0.57513705591 0.63755839309 0.50918143010 0.63729821656 0.60834070601 0.55949340323 0.70255135088 0.70773554368 0.83332507594 1.57682032747 -136.1416013491 0.00324313049   -2 
  75 0.00000449843 0.00084152045 -30.319140156 0.16690477879 0.00390361540 0.03801677333 0.58502874984 0.58756896645 0.57496381566 0.47885730576 0.56236573278 0.64891013101 0.44018277018 0.63617250584 0.57514530790 0.63756752813 0.50914701982 0.63729024381 0.60833648745 0.55947349451 0.70255600069 0.70772242740 0.83332315971 1.57690669201 -136.1415877408 0.00124647463   -2 
  76 0.00000449848 0.00084149202 -30.257880203 0.16701418627 0.00390395621 0.03801794632 0.58509070963 0.58751332383 0.57506413286 0.47889476784 0.56230957322 0.64892210665 0.44012617305 0.63618859669 0.57516355920 0.63758994822 0.50908649522 0.63728329204 0.60832879240 0.55943657814 0.70256239583 0.70769135028 0.83332431031 1.57705525037 -136.1415516089 0.00334476375   -2 
  77 0.00000449849 0.00084142550 -30.237664784 0.16705298503 0.00390407054 0.03801834118 0.58509399235 0.58749138748 0.57508676883 0.47890809357 0.56229796390 0.64893007835 0.44011634493 0.63619206650 0.57516887246 0.63759671091 0.50907239211 0.63728323588 0.60832754194 0.55942788557 0.70256452592 0.70768362091 0.83332621238 1.57709220542 -136.1415397030 0.00218513964   -2 
  78 0.00000449858 0.00084132274 -30.115709106 0.16728130766 0.00390477218 0.03802076239 0.58497411138 0.58739136590 0.57511616683 0.47900986783 0.56233703627 0.64904496328 0.44017305767 0.63621073068 0.57520592652 0.63764446037 0.50906943607 0.63732312408 0.60834783858 0.55942808605 0.70259159766 0.70768239001 0.83337258304 1.57721369187 -136.1414661827 0.00307696869   -2 
  79 0.00000449859 0.00084135668 -30.097900502 0.16731396236 0.00390487660 0.03802112210 0.58496072941 0.58739020861 0.57511083991 0.47902316069 0.56235252183 0.64906539614 0.44019117545 0.63621542260 0.57521300733 0.63765338422 0.50907772025 0.63733393803 0.60835492413 0.55943436413 0.70259884524 0.70768864948 0.83338470187 1.57722882097 -136.1414537900 0.00235946961   -2 
  80 0.00000449868 0.00084123596 -29.990763720 0.16753757648 0.00390553768 0.03802341515 0.58487577012 0.58749323155 0.57494857840 0.47906818158 0.56253661687 0.64920899427 0.44040292728 0.63625454749 0.57526620717 0.63772022219 0.50922068724 0.63744822270 0.60843843659 0.55953833940 0.70267355522 0.70779337900 0.83351151804 1.57726975108 -136.1413765549 0.00196378902   -2 
  81 0.00000449869 0.00084126819 -29.980875575 0.16756045793 0.00390560713 0.03802365743 0.58491118542 0.58751264251 0.57494554795 0.47906566791 0.56256328030 0.64922268070 0.44043796055 0.63626815833 0.57527825829 0.63773443846 0.50925520450 0.63747270070 0.60845936574 0.55956571412 0.70269326956 0.70782327242 0.83354114740 1.57729098651 -136.1413638375 0.00335564161   -2 
  82 0.00000449874 0.00084112064 -29.928449778 0.16770254365 0.00390599877 0.03802503506 0.58513764333 0.58761405858 0.57494568603 0.47903507800 0.56271630068 0.64928995093 0.44065220523 0.63635638016 0.57535393150 0.63782324628 0.50948007757 0.63762861125 0.60859560687 0.55974608930 0.70282217929 0.70802137672 0.83373266092 1.57743180582 -136.1412919664 0.00196462389   -2 
  83 0.00000449874 0.00084118364 -29.934377756 0.16768879936 0.00390597353 0.03802494684 0.58502980880 0.58759992701 0.57500887162 0.47905502871 0.56270144136 0.64929510411 0.44063843620 0.63637491595 0.57536717586 0.63783734070 0.50948595135 0.63763824162 0.60860830455 0.55975816216 0.70283892313 0.70803860875 0.83374981063 1.57749651345 -136.1412657686 0.00335762707   -2 
  84 0.00000449873 0.00084114942 -29.938268624 0.16768373939 0.00390596054 0.03802490355 0.58496110642 0.58758767286 0.57504982439 0.47906721431 0.56269125657 0.64929780891 0.44063097611 0.63638854070 0.57537718657 0.63784809826 0.50949357711 0.63764712378 0.60861936147 0.55976977628 0.70285277985 0.70805413036 0.83376484955 1.57754325401 -136.1412503812 0.00121519477   -2 
  85 0.00000449874 0.00084116545 -29.955505473 0.16768146410 0.00390597156 0.03802496199 0.58500201861 0.58755766436 0.57526047918 0.47913452609 0.56266381700 0.64933078325 0.44063954047 0.63651642972 0.57547814226 0.63795898654 0.50963018385 0.63776839397 0.60875436596 0.55992686616 0.70300840232 0.70824801851 0.83395079974 1.57793897500 -136.1412008715 0.00264405563   -2 
  86 0.00000449874 0.00084112315 -29.958286889 0.16768327277 0.00390597477 0.03802497755 0.58501425364 0.58755828619 0.57528166418 0.47914321262 0.56266189439 0.64933606326 0.44064210360 0.63653509777 0.57549348930 0.63797589570 0.50965218926 0.63778756931 0.60877578528 0.55995219783 0.70303300544 0.70827895864 0.83398030542 1.57799686108 -136.1411928522 0.00150684193   -2 
  87 0.00000449874 0.00084110608 -29.968972297 0.16769241920 0.00390600910 0.03802511525 0.58516979109 0.58765681798 0.57525750012 0.47917186603 0.56269698078 0.64937667114 0.44067356290 0.63660927966 0.57556137789 0.63805130167 0.50975704982 0.63787826087 0.60887587474 0.56007258329 0.70314706355 0.70842313898 0.83411828920 1.57821876613 -136.1411644142 0.00094316810   -2 
  88 0.00000449874 0.00084109851 -29.967383358 0.16769181240 0.00390600771 0.03802510802 0.58513391703 0.58764846702 0.57525110271 0.47916728116 0.56269928385 0.64937452422 0.44067258893 0.63659733133 0.57555181588 0.63804078596 0.50974298914 0.63786628971 0.60886249810 0.56005673148 0.70313176673 0.70840365889 0.83409982076 1.57818100440 -136.1411623604 0.00098824358   -2 
  89 0.00000449874 0.00084111840 -29.966122356 0.16769101814 0.00390601043 0.03802511519 0.58510451983 0.58764953850 0.57523842880 0.47916413592 0.56270796374 0.64937690989 0.44067544235 0.63658844718 0.57554578943 0.63803425514 0.50973457722 0.63785941374 0.60885456403 0.56004747732 0.70312262640 0.70839180799 0.83408883423 1.57815083845 -136.1411602828 0.00072531172   -2 
  90 0.00000449874 0.00084111120 -29.965036331 0.16769200845 0.00390601783 0.03802514005 0.58507779678 0.58765624202 0.57521440305 0.47916018925 0.56272319832 0.64938245688 0.44068216261 0.63657918207 0.57554085365 0.63802905133 0.50972914341 0.63785508602 0.60884937289 0.56004195135 0.70311654448 0.70838385770 0.83408160043 1.57811826698 -136.1411585967 0.00066981432   -2 
  91 0.00000449874 0.00084112458 -29.964204519 0.16769286445 0.00390602739 0.03802517262 0.58506937519 0.58766499367 0.57519168031 0.47915727692 0.56273875211 0.64938900393 0.44069003202 0.63657268147 0.57553835550 0.63802655521 0.50972752459 0.63785404112 0.60884777844 0.56004078108 0.70311455166 0.70838108563 0.83407937344 1.57809393718 -136.1411573942 0.00068098101   -2 
  92 0.00000449875 0.00084111390 -29.963285776 0.16769561214 0.00390604321 0.03802522748 0.58506965909 0.58767520596 0.57516015777 0.47915297394 0.56275997994 0.64939788901 0.44070193663 0.63656449419 0.57553591224 0.63802426075 0.50972761467 0.63785441827 0.60884766531 0.56004196917 0.70311416305 0.70838040424 0.83407925463 1.57806273651 -136.1411559914 0.00054930983   -2 
  93 0.00000449875 0.00084112156 -29.962677138 0.16769738642 0.00390605660 0.03802527390 0.58508053834 0.58768057719 0.57514360905 0.47915081610 0.56277356342 0.64940409080 0.44071078605 0.63656042992 0.57553549089 0.63802408545 0.50972961712 0.63785637343 0.60884942702 0.56004503843 0.70311595799 0.70838256367 0.83408172852 1.57804583829 -136.1411552133 0.00050712291   -2 
  94 0.00000449875 0.00084111092 -29.962168631 0.16770006997 0.00390607238 0.03802532896 0.58509545907 0.58768240085 0.57513268088 0.47914907330 0.56278497253 0.64940951819 0.44071980559 0.63655749957 0.57553589981 0.63802483471 0.50973310877 0.63785954173 0.60885256648 0.56004988409 0.70311930429 0.70838675916 0.83408597911 1.57803250511 -136.1411545305 0.00041554756   -2 
  95 0.00000449875 0.00084111493 -29.961620728 0.16770253890 0.00390609153 0.03802539528 0.58511230629 0.58768242215 0.57513057349 0.47914877264 0.56279433883 0.64941489629 0.44072923738 0.63655665743 0.57553775678 0.63802717909 0.50973849389 0.63786446113 0.60885757928 0.56005691894 0.70312477977 0.70839353319 0.83409290096 1.57802493922 -136.1411539773 0.00045078446   -2 
  96 0.00000449876 0.00084110150 -29.960904819 0.16770683052 0.00390612207 0.03802550145 0.58512924813 0.58767999720 0.57513654371 0.47914964298 0.56280413010 0.64942159942 0.44074224645 0.63655751133 0.57554161724 0.63803184813 0.50974769825 0.63787283063 0.60886624151 0.56006874902 0.70313434224 0.70840536318 0.83410481668 1.57802088261 -136.1411532344 0.00056742435   -2 
  97 0.00000449876 0.00084110408 -29.959448266 0.16771396034 0.00390618300 0.03802571266 0.58515128204 0.58767741557 0.57515748167 0.47915383391 0.56281945252 0.64943423181 0.44076602429 0.63656236273 0.57555074155 0.63804265170 0.50976659527 0.63789026986 0.60888428052 0.56009277135 0.70315439189 0.70842992815 0.83412977688 1.57802308740 -136.1411519719 0.00064222717   -2 
  98 0.00000449877 0.00084108397 -29.957797052 0.16772281427 0.00390625624 0.03802596724 0.58515745092 0.58767711894 0.57518613373 0.47916055323 0.56283257785 0.64944753868 0.44079117537 0.63657069258 0.57556246398 0.63805636641 0.50978893464 0.63791105388 0.60890587176 0.56012111824 0.70317851613 0.70845934792 0.83415963565 1.57803493560 -136.1411495294 0.00080247569   -2 
  99 0.00000449878 0.00084108863 -29.955700882 0.16773217809 0.00390634499 0.03802627471 0.58515507240 0.58768230250 0.57522125970 0.47917059601 0.56284548505 0.64946312866 0.44081871991 0.63658326338 0.57557754431 0.63807384713 0.50981545730 0.63793609373 0.60893187108 0.56015468568 0.70320769725 0.70849462127 0.83419555997 1.57805803346 -136.1411478447 0.00053500679   -2 
 100 0.00000449879 0.00084107633 -29.954515190 0.16773766063 0.00390639585 0.03802645141 0.58514300514 0.58769005483 0.57523572988 0.47917738917 0.56284827705 0.64947004967 0.44082960492 0.63659245399 0.57558637585 0.63808393812 0.50982896886 0.63794919530 0.60894558324 0.56017189438 0.70322327342 0.70851316798 0.83421460963 1.57808026827 -136.1411469706 0.00056644714   -2 
 101  0.0000044988 0.00084108253 -29.953333006 0.16774191754 0.00390644280 0.03802661422 0.58513109231 0.58770078315 0.57524480673 0.47918451849 0.56284848213 0.64947555314 0.44083629979 0.63660244619 0.57559477335 0.63809342668 0.50984019329 0.63796044086 0.60895739428 0.56018624146 0.70323685178 0.70852902967 0.83423112927 1.57810715496 -136.1411462423 0.00039124708   -2 
 102 0.00000449880 0.00084107160 -29.951959211 0.16774710756 0.00390649651 0.03802680069 0.58512057969 0.58771452069 0.57524353302 0.47919262691 0.56284361207 0.64947876887 0.44083660233 0.63661528938 0.57560383652 0.63810347691 0.50984969590 0.63797060352 0.60896828956 0.56019871135 0.70324974945 0.70854353847 0.83424659605 1.57814728076 -136.1411455471 0.00058185024   -2 
 103 0.00000449881 0.00084107873 -29.950688265 0.16775093102 0.00390654269 0.03802696061 0.58511781598 0.58772600441 0.57523912433 0.47919953135 0.56283854169 0.64948090360 0.44083430925 0.63662675949 0.57561144452 0.63811184165 0.50985652448 0.63797832028 0.60897662365 0.56020779866 0.70325977842 0.70855454203 0.83425852536 1.57818478424 -136.1411447912 0.00043959415   -2 
 104 0.00000449881 0.00084107873 -29.950688265 0.16775093102 0.00390654269 0.03802696061 0.58511781598 0.58772600441 0.57523912433 0.47919953135 0.56283854169 0.64948090360 0.44083430925 0.63662675949 0.57561144452 0.63811184165 0.50985652448 0.63797832028 0.60897662365 0.56020779866 0.70325977842 0.70855454203 0.83425852536 1.57818478424 -136.1411447912           NAN   -8 
 105 0.00000449881 0.00084107005 -29.950594765 0.16775145618 0.00390654591 0.03802697172 0.58512220205 0.58772405383 0.57523624215 0.47919921728 0.56283760412 0.64948015281 0.44083211547 0.63662716405 0.57561140230 0.63811174912 0.50985566475 0.63797768719 0.60897605864 0.56020684743 0.70325926727 0.70855377187 0.83425779992 1.57818766401 -136.1411444243 0.00049406544   -2 
 106 0.00000449881 0.00084107236 -29.949809020 0.16775280999 0.00390656669 0.03802704214 0.58515131071 0.58771518878 0.57522071654 0.47919835883 0.56283302011 0.64947683582 0.44081895699 0.63663064790 0.57561186060 0.63811195352 0.50985073783 0.63797439334 0.60897308240 0.56020131811 0.70325667333 0.70854953758 0.83425394948 1.57820766376 -136.1411430534 0.00021328337   -2 
 107 0.00000449881 0.00084107430 -29.949070836 0.16775382355 0.00390658648 0.03802710960 0.58516061760 0.58771103821 0.57521105170 0.47919794515 0.56282980771 0.64947459932 0.44080806786 0.63663373128 0.57561242448 0.63811234129 0.50984658944 0.63797174700 0.60897064654  0.5601965749 0.70325459843 0.70854600139 0.83425101937 1.57822548428 -136.1411428082 0.00033899016   -2 
 108 0.00000449882 0.00084106723 -29.948247437 0.16775514786 0.00390660957 0.03802718903 0.58515918181 0.58770856252 0.57520338117 0.47919750295 0.56282671905 0.64947241659 0.44079670271 0.63663681896 0.57561298897 0.63811272210 0.50984211253 0.63796891445 0.60896801958 0.56019139961 0.70325236811 0.70854215566 0.83424790693 1.57824423038 -136.1411424301 0.00051420865   -2 
 109 0.00000449882 0.00084107555 -29.945552023 0.16775814147 0.00390668293 0.03802744059 0.58514639777 0.58770503439 0.57518510549 0.47919676722 0.56281861788 0.64946690368 0.44076318780 0.63664634768 0.57561504563 0.63811426149 0.50982880517 0.63796073608 0.60896036339 0.56017585921 0.70324597110 0.70853077925 0.83423890676 1.57830139999 -136.1411413119 0.00024766895   -2 
 110 0.00000449882 0.00084107555 -29.945552023 0.16775814147 0.00390668293 0.03802744059 0.58514639777 0.58770503439 0.57518510549 0.47919676722 0.56281861788 0.64946690368 0.44076318780 0.63664634768 0.57561504563 0.63811426149 0.50982880517 0.63796073608 0.60896036339 0.56017585921 0.70324597110 0.70853077925 0.83423890676 1.57830139999 -136.1411413119           NAN   -8 
 111 0.00000449883 0.00084107006 -29.945040834 0.16775888125 0.00390670036 0.03802749976 0.58512870321 0.58770983905 0.57520051784 0.47919572456 0.56282068535 0.64946764033 0.44076699142 0.63664321623 0.57561404725 0.63811329647 0.50982874108 0.63796067493 0.60896008943 0.56017530408 0.70324553896 0.70853029439 0.83423830162 1.57829068899 -136.1411407094 0.00046157771   -2 
 112 0.00000449883 0.00084107625 -29.944785831 0.16775896192 0.00390670816 0.03802752611 0.58512383117 0.58771185281 0.57520660630 0.47919543122 0.56282166434 0.64946809777 0.44076866312 0.63664202762 0.57561371266 0.63811298332 0.50982877086 0.63796072628 0.60896004050 0.56017512066 0.70324543268 0.70853016402 0.83423815229 1.57828638699 -136.1411404713 0.00014836459   -2 
 113 0.00000449884 0.00084106714 -29.942392941 0.16776353119 0.00390679015 0.03802780819 0.58513769502 0.58771258897 0.57523379577 0.47919154888 0.56282659261 0.64946920111 0.44078219245 0.63663064523 0.57560954893 0.63810898779 0.50982822021 0.63796003415 0.60895856686 0.56017266296 0.70324343654 0.70852825450 0.83423622937 1.57824582896 -136.1411346976 0.00024976576   -2 
 114 0.00000449884 0.00084107114 -29.942578808 0.16776305221 0.00390678361 0.03802778554 0.58513613897 0.58771264872 0.57523003093 0.47919216445 0.56282616767 0.64946926314 0.44078088563 0.63663202590 0.57561009189 0.63810952662 0.50982835188 0.63796021250 0.60895880332 0.56017297248 0.70324374875 0.70852855213 0.83423660671 1.57825058549 -136.1411346329 0.00014578212   -2 
 115 0.00000449884 0.00084106858 -29.942448737 0.16776343236 0.00390678966 0.03802780624 0.58513134798 0.58771221827 0.57521789655 0.47919386274 0.56282566266 0.64946989877 0.44077970016 0.63663465103 0.57561119794 0.63811068726 0.50982881941 0.63796086160 0.60895940955 0.56017352251 0.70324455009 0.70852929726 0.83423754502 1.57825817555 -136.1411344699 0.00025622112   -2 
 116 0.00000449884 0.00084107285 -29.942268840 0.16776363232 0.00390679644 0.03802782942 0.58512879236 0.58771208854 0.57520934874 0.47919520377 0.56282544323 0.64947052111 0.44077903443 0.63663662282 0.57561207036 0.63811161597 0.50982922947 0.63796143450 0.60895992209 0.56017396295 0.70324522143 0.70852990492 0.83423840088 1.57826368783 -136.1411343666 0.00010325742   -2 
 117 0.00000449884 0.00084106883 -29.941251853 0.16776594559 0.00390683601 0.03802796722 0.58513021483 0.58770963992 0.57519655409 0.47919700082 0.56282467366 0.64947123108 0.44077874388 0.63663975789 0.57561347129 0.63811321480 0.50983010089 0.63796260354 0.60896092330 0.56017466929 0.70324656691 0.70853118843 0.83424063397 1.57827418760 -136.1411341986 0.00028927230   -2 
 118 0.00000449885 0.00084107267 -29.940233956 0.16776792936 0.00390687461 0.03802810118 0.58513230134 0.58770791069 0.57518687921 0.47919859284 0.56282417539 0.64947200197 0.44077867847 0.63664255978 0.57561478893 0.63811472609 0.50983095985 0.63796375730 0.60896190844 0.56017536052 0.70324787723 0.70853242108 0.83424269510 1.57828352326 -136.1411340478 0.00017750110   -2 
 119 0.00000449888 0.00084105580 -29.932759730 0.16778400242 0.00390716318 0.03802910055 0.58513754283 0.58770168676 0.57517078684 0.47920327936 0.56282198765 0.64947478259 0.44078038622 0.63665490651 0.57562138851 0.63812254027 0.50983609333 0.63797055548 0.60896785703 0.56017936729 0.70325584012 0.70853982101 0.83425524091 1.57832817959 -136.1411330940 0.00080550307   -2 
 120 0.00000449894 0.00084105631 -29.920490836 0.16780923680 0.00390763430 0.03803073127 0.58514602392 0.58769475561 0.57515140926 0.47921088990 0.56281966593 0.64948005479 0.44078371616 0.63667469339 0.57563232575 0.63813547090 0.50984467858 0.63798193710 0.60897784174 0.56018618136 0.70326911354 0.70855219452 0.83427590974 1.57839962888 -136.1411316124 0.00046576465   -2 
 121 0.00000449911 0.00084101090 -29.886433494 0.16788115050 0.00390896243 0.03803532688 0.58512740564 0.58770376997 0.57517181637 0.47922505186 0.56282464214 0.64949764576 0.44079662127 0.63671855957 0.57566111663 0.63816962020 0.50986903133 0.63801419253 0.60900687023 0.56020723637 0.70330707486 0.70858818502 0.83433234060 1.57856615398 -136.1411274753 0.00099291831   -2 
 122 0.00000449915 0.00084101407 -29.877086839 0.16790038223 0.00390932748 0.03803658951 0.58512388423 0.58770856208 0.57518169484 0.47922892081 0.56282766042 0.64950344022 0.44080072009 0.63672994412 0.57566920354 0.63817918652 0.50987598780 0.63802342096 0.60901524160 0.56021350289 0.70331789602 0.70859854002 0.83434804888 1.57860940615 -136.1411263522 0.00040306973   -2 
 123 0.00000449923 0.00084100086 -29.861859542 0.16793327642 0.00390993997 0.03803870853 0.58512292132 0.58772415657 0.57521811656 0.47923343686 0.56284122138 0.64951704459 0.44081018131 0.63674288611 0.57568263075 0.63819500826 0.50988857603 0.63804012786 0.60903096790 0.56022648996 0.70333755145 0.70861793624 0.83437435837 1.57866132202 -136.1411245176 0.00060082179   -2 
 124 0.00000449925 0.00084098633 -29.857246918 0.16794384579 0.00391013024 0.03803936694 0.58512364162 0.58772919338 0.57523082905 0.47923462138 0.56284675795 0.64952192777 0.44081357946 0.63674590786 0.57568681199 0.63819992094 0.50989268047 0.63804557487 0.60903619373 0.56023103043 0.70334398137 0.70862440206 0.83438253173 1.57867365848 -136.1411240717 0.00032520075   -2 
 125 0.00000449925 0.00084098633 -29.857246918 0.16794384579 0.00391013024 0.03803936694 0.58512364162 0.58772919338 0.57523082905 0.47923462138 0.56284675795 0.64952192777 0.44081357946 0.63674590786 0.57568681199 0.63819992094 0.50989268047 0.63804557487 0.60903619373 0.56023103043 0.70334398137 0.70862440206 0.83438253173 1.57867365848 -136.1411240717           NAN   -8 
 126 0.00000449925 0.00084099297 -29.857328111 0.16794389002 0.00391013554 0.03803938520 0.58512911240 0.58773092204 0.57523453940 0.47923494299 0.56285102605 0.64952465401 0.44081526295 0.63674414967 0.57568747821 0.63820062106 0.50989365582 0.63804688952 0.60903766587 0.56023284072 0.70334549092 0.70862616326 0.83438331886 1.57866605597 -136.1411237398 0.00053224701   -2 
 127 0.00000449926 0.00084097796 -29.858137247 0.16794631437 0.00391017464 0.03803952117 0.58516162608 0.58774053605 0.57525904817 0.47923634952 0.56288070067 0.64954317249 0.44082706724 0.63673058090 0.57569173751 0.63820506286 0.50990040225 0.63805593602 0.60904796450 0.56024575521 0.70335596226 0.70863861873 0.83438845010 1.57860953510 -136.1411219333 0.00025007233   -2 
 128 0.00000449926 0.00084098337 -29.858592643 0.16794684609 0.00391020211 0.03803961671 0.58516035483 0.58774705452 0.57526918529 0.47923935041 0.56289555614 0.64955403652 0.44083457686 0.63672621289 0.57569568298 0.63820928940 0.50990538261 0.63806256419 0.60905520333 0.56025444231 0.70336349050 0.70864731277 0.83439354857 1.57858585551 -136.1411214786 0.00050457849   -2 
 129 0.00000449926 0.00084097588 -29.859147478 0.16794782252 0.00391023365 0.03803972648 0.58515533099 0.58775322968 0.57527860496 0.47924273184 0.56291073253 0.64956540286 0.44084275987 0.63672196510 0.57570011306 0.63821404603 0.50991094931 0.63806993807 0.60906326829 0.56026412612 0.70337188933 0.70865702739 0.83439934679 1.57856143896 -136.1411210315 0.00015742642   -2 
 130 0.00000449927 0.00084098327 -29.859379727 0.16794754883 0.00391025832 0.03803981135 0.58514696337 0.58775016808 0.57526939187 0.47924607146 0.56290605505 0.64956525758 0.44084532006 0.63672779821 0.57570354654 0.63821784524 0.50991432224 0.63807407592 0.60906763040 0.56026908220 0.70337680557 0.70866231346 0.83440426670 1.57857541048 -136.1411207206 0.00040015103   -2 
 131 0.00000449927 0.00084097959 -29.859602312 0.16794766163 0.00391027886 0.03803988217 0.58514058021 0.58774729923 0.57526185528 0.47924846668 0.56290193694 0.64956476022 0.44084722005 0.63673236728 0.57570616202 0.63822074457 0.50991695657 0.63807727562 0.60907104252 0.56027300709 0.70338065332 0.70866648098 0.83440808399 1.57858649659 -136.1411204921 0.00011247375   -2 
 132 0.00000449928 0.00084097927 -29.860079128 0.16794793844 0.00391033151 0.03804006389 0.58514896147 0.58774453436 0.57525372784 0.47925088723 0.56289345545 0.64956206654 0.44084994591 0.63674065419 0.57571057413 0.63822568675 0.50992195825 0.63808308925 0.60907747035 0.56028080369 0.70338798334 0.70867453318 0.83441521521 1.57860921451 -136.1411202944 0.00007951025    0 
-- Found new optimum with likelihood -136.141120294457693 and gradient 0.00008

---- Best joint likelihood found -136.141120294457693 with gradient 0.00008

---- Results for /scratch/40841130/tmppbgcmo_8 
--  Model: C
--        eps_an     theta_bar             a 
-- 0.00000449928 0.00084097927            -1 
--           S_d             b           p_b           S_b 
-- -29.860079128 0.16794793844 0.00391033151 0.03804006389 
--           r 2           r 3           r 4           r 5           r 6           r 7           r 8           r 9          r 10          r 11          r 12          r 13          r 14          r 15          r 16          r 17          r 18          r 19 
-- 0.58514896147 0.58774453436 0.57525372784 0.47925088723 0.56289345545 0.64956206654 0.44084994591 0.63674065419 0.57571057413 0.63822568675 0.50992195825 0.63808308925 0.60907747035 0.56028080369 0.70338798334 0.70867453318 0.83441521521 1.57860921451 

---- Expected P_neut(i), 0 < i < n (neutral SFS per site) 
E[P_neut(1)] = 0.0008409758
E[P_neut(2)] = 0.0002460481
E[P_neut(3)] = 0.0001647597
E[P_neut(4)] = 0.0001209437
E[P_neut(5)] = 0.0000806078
E[P_neut(6)] = 0.0000788968
E[P_neut(7)] = 0.0000780382
E[P_neut(8)] = 0.0000463432
E[P_neut(9)] = 0.0000594984
E[P_neut(10)] = 0.0000484161
E[P_neut(11)] = 0.0000487941
E[P_neut(12)] = 0.0000357362
E[P_neut(13)] = 0.0000412782
E[P_neut(14)] = 0.0000365874
E[P_neut(15)] = 0.0000314125
E[P_neut(16)] = 0.0000369713
E[P_neut(17)] = 0.0000350583
E[P_neut(18)] = 0.0000389857
E[P_neut(19)] = 0.0000698760

---- Expected P_sel(i), 0 < i < n (selected SFS per site) 
E[P_sel(1)] = 0.0006270589
E[P_sel(2)] = 0.0001620914
E[P_sel(3)] = 0.0001012367
E[P_sel(4)] = 0.0000709167
E[P_sel(5)] = 0.0000456483
E[P_sel(6)] = 0.0000434640
E[P_sel(7)] = 0.0000420226
E[P_sel(8)] = 0.0000244761
E[P_sel(9)] = 0.0000308985
E[P_sel(10)] = 0.0000247706
E[P_sel(11)] = 0.0000246322
E[P_sel(12)] = 0.0000178227
E[P_sel(13)] = 0.0000203595
E[P_sel(14)] = 0.0000178622
E[P_sel(15)] = 0.0000151910
E[P_sel(16)] = 0.0000177216
E[P_sel(17)] = 0.0000166659
E[P_sel(18)] = 0.0000183889
E[P_sel(19)] = 0.0000327178

---- alpha_dfe = 0.008629

