---- Running command
---- ./polyDFE -d /scratch/40841095/tmpqb991l4d -m C -i /scratch/40841095/tmpet7chwby 1 -v 1 
---- Performing inference using model C

---- Performing inference on /scratch/40841095/tmpqb991l4d
----      with -i /scratch/40841095/tmpet7chwby 1
---- Data /scratch/40841095/tmpqb991l4d does not contain divergence counts. Using option -w.
---- No mutation variability. Using Poisson likelihood.


---- Using provided initial values

-- Starting local optimization
-- Optimizing all parameters
  it        eps_an     theta_bar           S_d             b           p_b           S_b           r 2           r 3           r 4           r 5           r 6           r 7           r 8           r 9          r 10          r 11          r 12          r 13          r 14           ln lk          grad status 
   0 0.00000450123  0.0008663822 -44.346810000     0.1221405    0.01060767    0.09636954     0.6268517     0.6514728     0.6820074     0.5848618     0.7565646     0.6523473     0.6349214     0.7005902     0.6139579     0.6324166     0.6421517     0.7478784       1.22486 -109.0699936395 0.48978313376   -2 
   1 0.00000450122 0.00085428629 -44.318368846 0.12235281146 0.01060726930 0.09636890641 0.63121335178 0.64286374144 0.67934165588 0.58427623442 0.75838548343 0.65588494198 0.63178786884 0.69786029715 0.61579137950 0.63148121982 0.64310323311 0.74034187449 1.21637557217 -108.3967712712 0.66174761896   -2 
   2 0.00000450120 0.00086353286 -43.836960703 0.12166760520 0.01060869490 0.09636634823 0.66191611018 0.60030686641 0.66765453881 0.58293896832 0.77195600317 0.67904768956 0.61488499369 0.68334496051 0.62799401103 0.62694552444 0.64984035383 0.69770700856 1.16943890942 -105.7190358932 0.28049813372   -2 
   3 0.00000450117 0.00086147509 -43.133516439 0.12049107647 0.01061122312 0.09636335462 0.63643833338 0.58959808435 0.65925346794 0.58030453345 0.78209670763 0.70384273505 0.59389533667 0.66470240023 0.64368830566 0.62001259739 0.65855299375 0.64127104553 1.11090317332 -104.2620842257 0.49431331903   -2 
   4 0.00000450117 0.00087017898 -42.948027616 0.12002409413 0.01061220025 0.09636287280 0.63224195381 0.58945164915 0.65812744704 0.57978330701 0.78355263348 0.70824478938 0.58991632842 0.66111514021 0.64679541480 0.61857475253 0.66029659004 0.63018016480 1.09975161691 -103.9755193421 0.15916203723   -2 
   5 0.00000450115 0.00086924416 -42.429858805 0.11909020441 0.01061430601 0.09636140121 0.62821967831 0.60984386337 0.65697675997 0.57433169384 0.77058013415 0.70145068430 0.58166934142 0.65248752432 0.64884985320 0.61259073869 0.66115289966 0.60199823959 1.07745884473 -103.5336599716 0.08826411602   -2 
   6 0.00000450116 0.00086786475 -42.443094497 0.11911859562 0.01061431573 0.09636187614 0.63363349227 0.60299199835 0.65761265074 0.57467303695 0.76977913398 0.69746056246 0.58393103223 0.65433367377 0.64632699759 0.61273351194 0.65965879329 0.60588801963 1.08366283416 -103.4673014109 0.08251659386   -2 
   7 0.00000450116 0.00086946799 -42.420549953 0.11904450157 0.01061449366 0.09636199957 0.63433469101 0.60254319441 0.65781939369 0.57462427856 0.76920178318 0.69623359473 0.58429420065 0.65457268337 0.64573010721 0.61258348659 0.65929307125 0.60601790594 1.08465080394 -103.4555087039 0.07292762741   -2 
   8 0.00000450116 0.00086815869 -42.158166023 0.11848008776 0.01061601463 0.09636304100 0.63620941926 0.60159529502 0.65903227566 0.57284635439 0.76049238285 0.68132846783 0.58705159835 0.65583243533 0.63883403714 0.60981829102 0.65488434980 0.60379589959 1.09258339816 -103.3810191431 0.05505401446   -2 
   9 0.00000450116 0.00086911150 -42.183369879 0.11852686923 0.01061587990 0.09636293452 0.63520865246 0.60212023471 0.65869396523 0.57307571432 0.76192576334 0.68372487158 0.58652194750 0.65552893637 0.63983337941 0.61013187036 0.65548458127 0.60383206262 1.09113154302 -103.3750975948 0.04886514343   -2 
  10 0.00000450116 0.00086835238 -42.180921143 0.11854308197 0.01061585637 0.09636292258 0.63338091069 0.60290177699 0.65813492583 0.57305443362 0.76279502606 0.68524625917 0.58597962006 0.65510569860 0.64028223456 0.61008507354 0.65567129143 0.60327515572 1.08979062960 -103.3675672843 0.04540770595   -2 
  11 0.00000450116 0.00086933820 -42.154041250 0.11848552360 0.01061600844 0.09636299890 0.63195032445 0.60372344346 0.65766448044 0.57294956693 0.76326137282 0.68608301106 0.58554002259 0.65471076225 0.64039477731 0.60986810758 0.65563036910 0.60247250421 1.08875217302 -103.3623811538 0.03293662405   -2 
  12 0.00000450116 0.00086868103 -42.085926832 0.11838472581 0.01061631882 0.09636319637 0.63031600314 0.60465206417 0.65680548099 0.57248455284 0.76316508698 0.68627066988 0.58483635564 0.65395983090 0.63997943340 0.60914863861 0.65512721631 0.60061817805 1.08723455859 -103.3563625427 0.04790084359   -2 
  13 0.00000450116 0.00086984611 -41.968561724 0.11817703071 0.01061691348 0.09636355755 0.62902082530 0.60565894599 0.65575039621 0.57178523694 0.76272152439 0.68605120697 0.58390601843 0.65291401683 0.63917355877 0.60801510221 0.65426154320 0.59782404303 1.08527044949 -103.3487292198 0.04758469740   -2 
  14 0.00000450116 0.00086883459 -41.733341970 0.11782698085 0.01061800477 0.09636432036 0.62820174653 0.60617979656 0.65386676884 0.57024749157 0.76108647548 0.68461389177 0.58215417299 0.65085519082 0.63718440818 0.60560159419 0.65227081342 0.59224184614 1.08168217894 -103.3352279879 0.06203086938   -2 
  15 0.00000450116 0.00087003338 -41.554608633 0.11753866825 0.01061888250 0.09636495477 0.62851806833 0.60594093843 0.65284300986 0.56922586902 0.75979094910 0.68331683929 0.58101678792 0.64948027723 0.63569390700 0.60388935265 0.65080479310 0.58837222857 1.07937455759 -103.3258657880 0.04608807000   -2 
  16 0.00000450116 0.00086921328 -41.399418933 0.11733630706 0.01061958356 0.09636560735 0.62938655371 0.60454901059 0.65229866379 0.56838362520 0.75838025594 0.68173506927 0.58014498513 0.64837660033 0.63426167968 0.60239488494 0.64942658805 0.58520487741 1.07765698781 -103.3177225176 0.03618704796   -2 
  17 0.00000450116 0.00086969169 -41.303377223 0.11720536891 0.01062003966 0.09636608471 0.63005021121 0.60335915184 0.65224272111 0.56799245978 0.75754122730 0.68068577187 0.57974151957 0.64783361366 0.63341354279 0.60156951407 0.64861405502 0.58353282573 1.07688204033 -103.3148110736 0.02150993490   -2 
  18 0.00000450116 0.00086918955 -41.253545604 0.11720007436 0.01062023117 0.09636669498 0.62978116066 0.60147335828 0.65305382282 0.56816739265 0.75706788466 0.67970366606 0.57995921978 0.64797833323 0.63297150682 0.60139552877 0.64819532692 0.58360153469 1.07741798548 -103.3107108400 0.03928420425   -2 
  19 0.00000450116 0.00086988498 -41.218725011 0.11718245744 0.01062039090 0.09636713896 0.62963959397 0.60037529611 0.65362772756 0.56833204804 0.75682053380 0.67909703162 0.58015329590 0.64813023413 0.63271755234 0.60133155722 0.64795230315 0.58376897963 1.07787465620 -103.3083156055 0.01037120552   -2 
  20 0.00000450117 0.00086969206 -41.152490708 0.11728311412 0.01062057387 0.09636861055 0.62860883804 0.60016699638 0.65414992233 0.56878738823 0.75656573258 0.67798195691 0.58091306380 0.64885353132 0.63236105828 0.60160671363 0.64758281471 0.58553482786 1.07967302173 -103.3060153069 0.02046930232   -2 
  21 0.00000450117 0.00087005168 -41.141381402 0.11729348686 0.01062061325 0.09636884476 0.62862847160 0.60023832996 0.65417997960 0.56884229894 0.75656539952 0.67788336310 0.58101619549 0.64895551802 0.63233079660 0.60165801650 0.64754746068 0.58580586279 1.07991865143 -103.3054565414 0.01219009869   -2 
  22 0.00000450117 0.00086962516 -41.060217797 0.11748649372 0.01062075080 0.09637082515 0.62997214080 0.60142224152 0.65363835134 0.56895427026 0.75670367053 0.67764033853 0.58161316793 0.64957891757 0.63222112473 0.60208608248 0.64737743431 0.58798619522 1.08143174796 -103.3027313461 0.00691986530   -2 
  23 0.00000450118 0.00086932929 -41.019934637 0.11758097568 0.01062082127 0.09637180272 0.63017236835 0.60176260933 0.65357683862 0.56901169202 0.75691972473 0.67781229071 0.58181978579 0.64981202148 0.63228353938 0.60229917901 0.64740297787 0.58885532005 1.08195523293 -103.3024097907 0.01386883071   -2 
  24 0.00000450118 0.00086947138 -40.955265699 0.11771255769 0.01062095963 0.09637331954 0.63035596162 0.60219528804 0.65360480979 0.56912405472 0.75731816442 0.67818680505 0.58211564429 0.65015369179 0.63243258119 0.60263354338 0.64749283075 0.59010825061 1.08269233841 -103.3018728078 0.01062323653   -2 
  25 0.00000450119 0.00086912534 -40.867064976 0.11789736365 0.01062113718 0.09637537094 0.63021065659 0.60241355845 0.65385952568 0.56929408495 0.75788479743 0.67883204474 0.58243361044 0.65053882326 0.63271886722 0.60306561008 0.64770364201 0.59153802142 1.08346995328 -103.3012178243 0.01372567647   -2 
  26 0.00000450119 0.00086931901 -40.803774861 0.11801278927 0.01062128426 0.09637678567 0.63010340567 0.60246222743 0.65412316192 0.56943284343 0.75827535702 0.67930654252 0.58262853899 0.65078066423 0.63295007588 0.60335507522 0.64788713364 0.59239973582 1.08393140866 -103.3008138465 0.00900323199   -2 
  27 0.00000450120 0.00086907983 -40.709057882 0.11818363995 0.01062149588 0.09637882882 0.62993194969 0.60220702984 0.65462099136 0.56964396928 0.75872653454 0.67997187081 0.58281301574 0.65102925598 0.63334237224 0.60371971242 0.64823238665 0.59324786123 1.08433615557 -103.3003103756 0.01088996119   -2 
  28 0.00000450120 0.00086927324 -40.654519086 0.11826611571 0.01062163384 0.09637994095 0.62994586317 0.60204396413 0.65490234016 0.56976683542 0.75892315859 0.68029977016 0.58288585091 0.65113404309 0.63357176342 0.60389685089 0.64844698049 0.59355223407 1.08447598699 -103.3000331317 0.01000697070   -2 
  29 0.00000450121 0.00086894701 -40.492040498 0.11851463559 0.01062202816 0.09638316735 0.63017173215 0.60153130247 0.65559147147 0.57008725142 0.75926622176 0.68106187250 0.58299436593 0.65132180932 0.63424014289 0.60432193726 0.64911228460 0.59395979385 1.08461465565 -103.2993113459 0.01176685574   -2 
  30 0.00000450121 0.00086915322 -40.390658335 0.11864779021 0.01062229856 0.09638510185 0.63040352820 0.60139837442 0.65589429594 0.57026601545 0.75939737715 0.68140755390 0.58303947846 0.65140625586 0.63462362690 0.60453957180 0.64951358327 0.59401595435 1.08463691122 -103.2988858960 0.01460306999   -2 
  31 0.00000450124 0.00086851583 -39.940179907 0.11925265205 0.01062348342 0.09639367574 0.63131407968 0.60124629844 0.65677725081 0.57094171209 0.75971757198 0.68255765726 0.58316849596 0.65168245369 0.63621028130 0.60537535774 0.65123829607 0.59379412259 1.08456891314 -103.2971498377 0.01637151587   -2 
  32 0.00000450125 0.00086880634 -39.597341702 0.11966462148 0.01062446018 0.09640011768 0.63167462045 0.60170501075 0.65708570693 0.57136638937 0.75992455194 0.68311712821 0.58330262183 0.65190171331 0.63723864121 0.60591596440 0.65241298921 0.59341325007 1.08461179904 -103.2957598327 0.03029254280   -2 
  33 0.00000450129 0.00086770962 -38.794898303 0.12066339300 0.01062675764 0.09641541881 0.63200426107 0.60304856502 0.65744800780 0.57223070316 0.76034277557 0.68413550155 0.58363399890 0.65240959490 0.63947443025 0.60709687212 0.65503572381 0.59237212386 1.08478704714 -103.2919899101 0.01923450581   -2 
  34 0.00000450132 0.00086770000 -38.274329069 0.12127905393 0.01062833789 0.09642542913   0.632017742 0.60399554515 0.65755430520 0.57271045539 0.76069220678 0.68461382909 0.58392158499 0.65279230842 0.64072815769 0.60780093064 0.65656152410 0.59170920944 1.08510973996 -103.2907781242 0.01717974536   -2 
  35 0.00000450135 0.00086689584 -37.693537003 0.12192243981 0.01063020836 0.09643668542 0.63148953532 0.60475356301 0.65735561141 0.57294548312 0.76121875927 0.68464511259 0.58439759134 0.65331930511 0.64149278272 0.60837365698 0.65766947523 0.59110114395 1.08600107975 -103.2886906890 0.03317601509   -2 
  36 0.00000450139 0.00086712032 -36.832961809 0.12283411926 0.01063312461 0.09645358810 0.63082578393 0.60572168969 0.65707500493  0.5732210998 0.76210332133 0.68456469281 0.58518993871 0.65416929116 0.64238583940 0.60915761073 0.65907737107 0.59030720202 1.08759041693 -103.2856022358 0.02382740878   -2 
  37 0.00000450143 0.00086574165 -36.084537903 0.12361019314 0.01063578922 0.09646865018 0.63085995562 0.60532403464 0.65691784736 0.57311112314 0.76282625715 0.68413615679 0.58596317434 0.65493852171 0.64228841527 0.60952892663 0.65938789324 0.59006041557 1.08949884610 -103.2810783740 0.05560776034   -2 
  38 0.00000450154 0.00086543637 -34.117289662 0.12563845179 0.01064322998 0.09650965054 0.63156690197 0.60401998049 0.65679066586 0.57281201821 0.76484725019 0.68302059557 0.58812117703 0.65707419868 0.64172837277 0.61044585070 0.65987158132 0.58968067131 1.09493538994 -103.2683515575 0.01668773647   -2 
  39 0.00000450157 0.00086500411 -33.499448762 0.12631389525 0.01064566235 0.09652311197 0.63176874530 0.60363239485 0.65689747652 0.57274064776 0.76536824987 0.68277538591 0.58875688283 0.65770674380 0.64144294813 0.61068344553 0.65985296259 0.58973283925 1.09663034847 -103.2675585887 0.01785139987   -2 
  40 0.00000450159 0.00086416243 -33.306110596 0.12655286943 0.01064646162 0.09652776732 0.63162907571 0.60390044969 0.65752746509 0.57289981821 0.76498625601 0.68326853610 0.58865741342 0.65763456834 0.64106783969 0.61055326423 0.65924882578 0.59044451144 1.09674092643 -103.2649915523 0.04178964418   -2 
  41 0.00000450163 0.00086377597 -32.597532057 0.12737937995 0.01064954107 0.09654511008 0.63134564595 0.60516600932 0.66014286094 0.57364194758 0.76351291697 0.68539517137 0.58821513192 0.65730973020 0.63964216877 0.61003225433 0.65683400685 0.59340899722 1.09703622622 -103.2573777201 0.02443925557   -2 
  42 0.00000450163 0.00086420779 -32.637597969 0.12732519208 0.01064938457 0.09654417080 0.63145202195 0.60507485752 0.65991989577 0.57361828483 0.76365725974 0.68529562377 0.58823807413 0.65732881335 0.63975126555 0.61006763651 0.65697108986 0.59329292132 1.09699891563 -103.2567175997 0.00998134895   -2 
  43 0.00000450162 0.00086419012 -32.707273720 0.12728755768 0.01064916196 0.09654334564 0.63201293628 0.60456578931 0.65874263291 0.57366009825 0.76424929085 0.68529173493 0.58815319676 0.65726204672 0.64009535720 0.61010353731 0.65706101577 0.59366630811 1.09658588561 -103.2555800229 0.00635670702   -2 
  44 0.00000450162 0.00086437944 -32.713411592 0.12728507926 0.01064917419 0.09654346707 0.63199885596 0.60455109799 0.65863330866 0.57368886778 0.76433585514 0.68534232363 0.58812313858 0.65723906049 0.64015460081 0.61010228400 0.65703153739 0.59383999695 1.09648825858 -103.2554571884 0.00903616658   -2 
  45 0.00000450163 0.00086441182 -32.746193800 0.12730581246 0.01064926293 0.09654456596 0.63165020895 0.60450377343 0.65808858073 0.57384917876 0.76476140883 0.68567492373 0.58790050114 0.65706159711 0.64048408930 0.61006633292 0.65677326755 0.59502030840 1.09583133888 -103.2548026499 0.00408054953   -2 
  46 0.00000450163 0.00086444375 -32.756224859 0.12731318687 0.01064931378 0.09654505103 0.63156271400 0.60450954064 0.65798647511 0.57389516498 0.76486354932 0.68578348147 0.58782420012 0.65699997734 0.64058635948 0.61005034269 0.65667298830 0.59544595314 1.09561197222 -103.2547559337 0.00453855340   -2 
  47 0.00000450163 0.00086457252 -32.760079095 0.12732045117 0.01064949218 0.09654621379 0.63173066301 0.60463018102 0.65839812046 0.57387672079 0.76468814597 0.68583804143 0.58775671884 0.65694040025 0.64061821742 0.61001403607 0.65651120594 0.59597509875 1.09544754138 -103.2545129477 0.01092273269   -2 
  48 0.00000450163 0.00086436807 -32.763623620 0.12733373574 0.01064964810 0.09654729524 0.63185389710 0.60472269264 0.65876360527 0.57384973956 0.76451070536 0.68587145368 0.58769877868 0.65688789341 0.64063397837 0.60997896113 0.65636626659 0.59643111020 1.09531209947 -103.2543080944 0.00114031243   -2 
  49 0.00000450163 0.00086435936 -32.754033878 0.12733358839 0.01065004741 0.09654953313 0.63173984249 0.60475069697 0.65889225563 0.57386252653 0.76442298269 0.68581971819 0.58781966373 0.65699538175 0.64055174026 0.60999951853 0.65633560816 0.59664184053 1.09561024663 -103.2542697528 0.00136270053   -2 
  50 0.00000450164 0.00086431861 -32.751792906 0.12733559598 0.01065013803 0.09655005936 0.63174337772 0.60474831896 0.65889406906 0.57386403821 0.76441438735 0.68581009261 0.58784195654 0.65701534750 0.64053544903 0.61000394994 0.65633236156 0.59667466417 1.09566774747 -103.2542647332 0.00181211596   -2 
  51 0.00000450164 0.00086430293 -32.738312963 0.12734480225 0.01065065788 0.09655304788 0.63184172845 0.60473495871 0.65886431547 0.57387754264 0.76440202757 0.68577048963 0.58795824662 0.65712095771 0.64045598918 0.61003176549 0.65632595403 0.59682944176 1.09596815333 -103.2542378680 0.00088235459   -2 
  52 0.00000450164 0.00086428564 -32.733598937 0.12734920952 0.01065083968 0.09655410341 0.63187029581 0.60473187917 0.65885042530 0.57388235657 0.76440439651 0.68576108424 0.58799331137 0.65715320163 0.64043274663 0.61004134075 0.65632588927 0.59687566906 1.09605977870 -103.2542360363 0.00092414173   -2 
  53 0.00000450165 0.00086425247 -32.725815461 0.12737010830 0.01065113012 0.09655591029 0.63180835639 0.60476662491 0.65880782404 0.57389626574 0.76450863739 0.68581990117 0.58796365971 0.65713358510 0.64047116416 0.61005576645 0.65636003089 0.59683277022 1.09599441544 -103.2542160579 0.00295199432   -2 
  54 0.00000450165 0.00086430151 -32.713882632 0.12739902045 0.01065156856 0.09655861168 0.63173598030 0.60481890821 0.65875329555 0.57391877853 0.76466122195 0.68590806051 0.58792110668 0.65710595507 0.64053016010 0.61007825019 0.65641202539 0.59676904478 1.09589994635 -103.2541972549 0.00147115986   -2 
  55 0.00000450165 0.00086431034 -32.717009614 0.12738997585 0.01065145037 0.09655787052 0.63178804032 0.60479308872 0.65878183845 0.57391094662 0.76460025116 0.68587681526 0.58793593323 0.65711579431 0.64051250842 0.61007167221 0.65639636766 0.59678831420 1.09593192482 -103.2541919145 0.00102069673   -2 
  56 0.00000450165 0.00086428282 -32.716705711 0.12739060671 0.01065146088 0.09655793569 0.63181220563 0.60478031048 0.65879344338 0.57390845110 0.76458096428 0.68586987068 0.58793755398 0.65711670098 0.64051177354 0.61007113960 0.65639548345 0.59678801710 1.09593507897 -103.2541889421 0.00121960300   -2 
  57 0.00000450165 0.00086429181 -32.714860925 0.12739225450 0.01065152199 0.09655828919 0.63187347746 0.60475515778 0.65882494770 0.57390552662 0.76454150440 0.68585863682 0.58794098515 0.65711922217 0.64051484820 0.61007224214 0.65639747142 0.59678416997 1.09594071781 -103.2541836047 0.00065130792   -2 
  58 0.00000450165 0.00086424854 -32.707543826 0.12740363694 0.01065177725 0.09655981605 0.63189510827 0.60473590860 0.65887494933 0.57390666093 0.76449262141 0.68585258055 0.58794338908 0.65712236057 0.64053546046 0.61008069597 0.65641377326 0.59676349413 1.09593504335 -103.2541746228 0.00234397049   -2 
  59 0.00000450166 0.00086429152 -32.694480601 0.12742084465 0.01065222771 0.09656248104 0.63192211870 0.60471857439 0.65895452991 0.57391307433 0.76442608607 0.68584886860 0.58794920682 0.65712994233 0.64057288596 0.61009715906 0.65644384077 0.59672975425 1.09592799315 -103.2541590866 0.00171346680   -2 
  60 0.00000450167 0.00086423195 -32.657736666 0.12747386467 0.01065351012 0.09657010898 0.63191185515 0.60470032498 0.65910838245 0.57393094226 0.76429316887 0.68584758851 0.58796342336 0.65714968917 0.64067204000 0.61014208584 0.65652531320 0.59664036116 1.09591131150 -103.2541344470 0.00230166538   -2 
  61 0.00000450169 0.00086427598 -32.626853882 0.12751561575 0.01065458783 0.09657649096 0.63188748387 0.60471299591 0.65918549200 0.57394979420 0.76423550582 0.68585768771 0.58797798755 0.65716920017 0.64074893903 0.61017987242 0.65659070248 0.59657681775 1.09590983534 -103.2541151481 0.00306690124   -2 
  62 0.00000450173 0.00086417354 -32.527532751 0.12765588229 0.01065808402 0.09659724453 0.63176799857 0.60477862016 0.65930844294 0.57400584893 0.76414454080 0.68590140504 0.58802400139 0.65723106294 0.64097559541 0.61029642173 0.65678900643 0.59639360094 1.09592188941 -103.2540538985 0.00340854761   -2 
  63 0.00000450176 0.00086422346 -32.440657506 0.12777438458 0.01066115619 0.09661543504 0.63172510469 0.60485269635 0.65931433301 0.57405600478 0.76417492733 0.68595810377 0.58806991045 0.65729065752 0.64114714335 0.61039425485 0.65694707227 0.59627111476 1.09596870900 -103.2540008498 0.00533126252   -2 
  64 0.00000450184 0.00086401141 -32.236844138 0.12806181881 0.01066843434 0.09665859198 0.63166874280 0.60500461235 0.65922165595 0.57416227928 0.76433890169 0.68609890484 0.58817772704 0.65742978820 0.64151246064 0.61061433145 0.65729515355 0.59602456420 1.09611011900 -103.2538784643 0.00415500943   -2 
  65 0.00000450189 0.00086403084 -32.114583460 0.12823007874 0.01067284722 0.09668470240 0.63176838145 0.60506133396 0.65912143676 0.57422399737 0.76455395076 0.68620501225 0.58825374651 0.65752355832 0.64167552342 0.61073613207 0.65746919054 0.59595942728 1.09626424270 -103.2537945706 0.00617788376   -2 
  66 0.00000450196 0.00086379072 -31.957168382 0.12845422758 0.01067859519 0.09671876215 0.63192431899 0.60509528186 0.65897820978 0.57429518441 0.76487777214 0.68634709662 0.58835515793 0.65764685200 0.64184550267 0.61088356621 0.65766749486 0.59592919241 1.09650126980 -103.2536918909 0.00362624118   -2 
  67 0.00000450197  0.0008638775 -31.941536879 0.12847259661 0.01067920385 0.09672233097 0.63196236734 0.60507496879 0.65902165057 0.57430623222 0.76496104227 0.68637961759 0.58837996608 0.65767289621 0.64180824638 0.61088926699 0.65765158442 0.59602117890 1.09659653723 -103.2536403471 0.00588392496   -2 
  68 0.00000450202 0.00086361331 -31.824003689 0.12863388552 0.01068395988 0.09675043259 0.63217281294 0.60482909977 0.65943736024 0.57437323648 0.76565573851 0.68664218441 0.58858707356 0.65788609757 0.64138419877 0.61090009300 0.65743413989 0.59694196382 1.09746551734 -103.2533027246 0.00271896667   -2 
  69 0.00000450201 0.00086365013 -31.844316401 0.12860743939 0.01068315728 0.09674570422 0.63211040098 0.60490666930 0.65935804565 0.57436636425 0.76551356862 0.68659750520 0.58855414946 0.65785254240 0.64145748417 0.61089940916 0.65746955567 0.59680184646 1.09732134454 -103.2532868685 0.00202799761   -2 
  70 0.00000450203 0.00086353385 -31.811089364 0.12866333241 0.01068468658 0.09675483002 0.63202609950 0.60504977283 0.65945418611 0.57441978345 0.76557852256 0.68668542569 0.58864113118 0.65794399091 0.64130992006 0.61090662226 0.65737353677 0.59725556053 1.09765238992 -103.2532046864 0.00483761997   -2 
  71 0.00000450204 0.00086357512 -31.791011644 0.12869515643 0.01068561687 0.09676036222 0.63199037453 0.60514800216 0.65950923052 0.57445661324 0.76560881170 0.68673998153 0.58869567866 0.65800173413 0.64122789987 0.61091395396 0.65731906344 0.59753431638 1.09785212590 -103.2531647293 0.00138307960   -2 
  72 0.00000450204 0.00086358746 -31.800342937 0.12868371285 0.01068523507 0.09675811971 0.63205591319 0.60510675641 0.65945203140 0.57444604808 0.76555094703 0.68671000929 0.58867138965 0.65797765359 0.64129297956 0.61091915328 0.65735680137 0.59741491615 1.09774219895 -103.2531523456 0.00090810437   -2 
  73 0.00000450203 0.00086361887 -31.803839801 0.12868349744 0.01068516541 0.09675775126 0.63209030591 0.60511461017 0.65940538898 0.57445196154 0.76548079081 0.68669645165 0.58866622228 0.65797456338 0.64134456382 0.61093125220 0.65738242781 0.59739581016 1.09769114431 -103.2531464888 0.00150371344   -2 
  74 0.00000450203 0.00086360059 -31.806049685 0.12868511996 0.01068514055 0.09675764680 0.63210331966 0.60512184836 0.65937361704 0.57445642968 0.76542983420 0.68668731609 0.58866356558 0.65797351117 0.64137999269 0.61094016111 0.65739942938 0.59739064873 1.09765836449 -103.2531426872 0.00071018012   -2 
  75 0.00000450204 0.00086363401 -31.807351428 0.12868892514 0.01068522416 0.09675819141 0.63207768745 0.60514658762 0.65935851503 0.57446866502 0.76537705855 0.68668451509 0.58866855386 0.65798140318 0.64142390490 0.61095617924 0.65741963146 0.59742323526 1.09763957767 -103.2531404273 0.00125884028   -2 
  76 0.00000450204 0.00086362284 -31.808307507 0.12869295455 0.01068530220 0.09675870051 0.63205382500 0.60516243582 0.65934913534 0.57447706595 0.76533906149 0.68668238333 0.58867253476 0.65798761186 0.64145623980 0.61096835197 0.65743426999 0.59745225706 1.09762692424 -103.2531376217 0.00043490325   -2 
  77 0.00000450204 0.00086364685 -31.808412395 0.12870561107 0.01068578957 0.09676168176 0.63204843107 0.60515470815 0.65939806528 0.57449248987 0.76533596554 0.68669426437 0.58869432065 0.65801559152 0.64152104778 0.61100445517 0.65746552214 0.59759613061 1.09765456477 -103.2531320665 0.00130518420   -2 
  78 0.00000450204 0.00086362571 -31.808429765 0.12871059140 0.01068596606 0.09676276529 0.63204800817 0.60515086622 0.65941308829 0.57449666498 0.76533773440 0.68669829244 0.58870144994 0.65802470852 0.64154110947 0.61101622616 0.65747541913 0.59764520758 1.09766449205 -103.2531298206 0.00043568472   -2 
  79 0.00000450205 0.00086361708 -31.807123270 0.12871996072 0.01068648712 0.09676589837 0.63209971599 0.60515597286 0.65943305164 0.57450328872 0.76538860346 0.68671678319 0.58871884695 0.65804513197 0.64156332282 0.61103881252 0.65749237838 0.59774611299  1.0977056021 -103.2531268480 0.00034851878   -2 
  80 0.00000450205 0.00086360420 -31.806597462 0.12872170504 0.01068661554 0.09676666219 0.63210300116 0.60516191284 0.65943312313 0.57450509655 0.76540306385 0.68672222038 0.58872237336 0.65804889129 0.64156272452 0.61104208750 0.65749477006 0.59775954186 1.09771665035 -103.2531263963 0.00055932764   -2 
  81 0.00000450206 0.00086360218 -31.803934986 0.12872719676 0.01068717045 0.09676994366 0.63211207496 0.60519404640 0.65943207778 0.57451494085 0.76546694051 0.68674774500 0.58873772325 0.65806482190 0.64155528334 0.61105459523 0.65750414344 0.59780511515 1.09776501020 -103.2531244950 0.00033127819   -2 
  82 0.00000450206 0.00086359205 -31.802792883 0.12872946408 0.01068739397 0.09677126585 0.63211186194 0.60520393878 0.65943182930 0.57451899482 0.76548701114 0.68675708320 0.58874327981 0.65807048598 0.64155120193 0.61105872298 0.65750741570 0.59781762777 1.09778281038 -103.2531241977 0.00031738339   -2 
  83 0.00000450207 0.00086359439 -31.799834276 0.12873387814 0.01068791362 0.09677433156 0.63210815955 0.60521819646 0.65943522913 0.57452961632 0.76551660438 0.68677640897 0.58875504557 0.65808232559 0.64154090745 0.61106657804 0.65751442567 0.59783155544 1.09781951026 -103.2531234821 0.00053637981   -2 
  84 0.00000450207 0.00086357653 -31.796271691 0.12873966830 0.01068853420 0.09677799820 0.63210298942 0.60522869216 0.65943980876 0.57454133698 0.76554214571 0.68679672938 0.58876780543 0.65809513342 0.64152891478 0.61107493389 0.65752224580 0.59784225611 1.09785967980 -103.2531226470 0.00049231401   -2 
  85 0.00000450209 0.00086357875 -31.787899606 0.12875222430 0.01068993823 0.09678628367 0.63210602267 0.60523666020 0.65945600822 0.57456565137 0.76557174607 0.68683427575 0.58879347924 0.65812118482 0.64150735406 0.61109208559 0.65753964304 0.59785163649 1.09793758511 -103.2531205005 0.00087584085   -2 
  86 0.00000450212 0.00086354898 -31.772755517 0.12877606188 0.01069248479 0.09680131989 0.63211341553 0.60524457247 0.65948429914 0.57460642435 0.76561403446 0.68689672903 0.58883750349 0.65816601806 0.64147120070 0.61112197705 0.65757045296 0.59786416867 1.09807074766 -103.2531179993 0.00068093647   -2 
  87 0.00000450212 0.00086352277 -31.769359342 0.12878283360 0.01069304728 0.09680465630 0.63212652401 0.60523766521 0.65948756929 0.57460482714 0.76559711066 0.68689311766 0.58883968553 0.65816914574 0.64147712684 0.61112609494 0.65757593903 0.59785881295 1.09807433197 -103.2531157065 0.00146284792   -2 
  88 0.00000450214 0.00086355336 -31.758602767 0.12880165047 0.01069476899 0.09681484677 0.63217956467 0.60521840566 0.65950018219 0.57459517581 0.76553224701 0.68687193277 0.58884226826 0.65817538485  0.6415084705 0.61113816496 0.65759312807 0.59783758698 1.09806834328 -103.2531062118 0.00100857245   -2 
  89 0.00000450216 0.00086354856 -31.748552842 0.12881997439 0.01069638586 0.09682442174 0.63221433122 0.60520119888 0.65950901338 0.57458378031 0.76547068187 0.68684846379 0.58884222528 0.65817885828 0.64154102012 0.61114832048 0.65760828237 0.59781611270 1.09805514218 -103.2531031071 0.00102105908   -2 
  90 0.00000450216 0.00086352519 -31.746694568 0.12882327489 0.01069668450 0.09682618859 0.63219029854 0.60520427186 0.65950659691 0.57458076335 0.76546731223 0.68684250024 0.58883960684 0.65817688674 0.64155039670 0.61114873225 0.65760969956 0.59781149515 1.09804432572 -103.2531002082 0.00145276740   -2 
  91 0.00000450217 0.00086356506 -31.742083522 0.12882791928 0.01069737589 0.09683024662 0.63211571976 0.60522360500 0.65950083605 0.57457588375 0.76547439017 0.68683019812 0.58883225083 0.65817109920 0.64157714565 0.61114915893 0.65761250068 0.59780144374 1.09801281081 -103.2530917226 0.00068666464   -2 
  92 0.00000450217 0.00086355957 -31.740255477 0.12883001151 0.01069765437 0.09683188470 0.63208796987 0.60522940938 0.65949567426 0.57457303102 0.76547947075 0.68682457490 0.58882786059 0.65816720205 0.64158769143 0.61114816684 0.65761238729 0.59779713354 1.09799701394 -103.2530907624 0.00040488664   -2 
  93 0.00000450218 0.00086353561 -31.734857011 0.12883311688 0.01069844384 0.09683649967 0.63211512186 0.60522026561 0.65946079480 0.57456087995 0.76551955886 0.68680872574 0.58880398261 0.65814299652 0.64161207066 0.61113436495 0.65760003063 0.59778500212 1.09792696480 -103.2530871549 0.00115028200   -2 
  94 0.00000450218 0.00086354922 -31.731990034 0.12883405935 0.01069885464 0.09683889425 0.63213098311 0.60521656397 0.65944565142 0.57455570681 0.76553997014 0.68680184667 0.58879235655 0.65813115210 0.64162418704 0.61112742806 0.65759378054 0.59777921340 1.09789253257 -103.2530853590 0.00027450301   -2 
  95 0.00000450219 0.00086354937 -31.730689133 0.12883415323 0.01069907192 0.09684015947 0.63209987795 0.60521543796 0.65947595784 0.57456224439 0.76551824042 0.68681075314 0.58879547564 0.65813313056 0.64161431806 0.61112470718 0.65759002301 0.59778085074 1.09790933665 -103.2530840332 0.00020158904   -2 
  96 0.00000450219 0.00086355405 -31.729034061 0.12883481424 0.01069935361 0.09684180282 0.63209994735 0.60521321142 0.65949294008 0.57456665981 0.76549953181 0.68681797307 0.58879811956 0.65813455885 0.64160329567 0.61112133779 0.65758554438 0.59778238564 1.09792576402 -103.2530835507 0.00051751641   -2 
  97 0.00000450219 0.00086354113 -31.727259635 0.12883608505 0.01069966524 0.09684362724 0.63210224392 0.60521018215 0.65950688436 0.57457036788 0.76548076559 0.68682466307 0.58880051106 0.65813566819 0.64159148941 0.61111755222 0.65758056342 0.59778382189 1.09794149773 -103.2530829705 0.00030053339   -2 
  98 0.00000450220 0.00086353855 -31.723168243 0.12883913537 0.01070038484 0.09684784346 0.63212139133 0.60520808573 0.65951810881 0.57457584570 0.76545587193 0.68683586736 0.58880523304 0.65813817754 0.64156966758 0.61111060260 0.65757124531 0.59778697283 1.09797039907 -103.2530821608 0.00038641087   -2 
  99 0.00000450221 0.00086352439 -31.720658783 0.12884176763 0.01070084100 0.09685052262 0.63212924838 0.60520857162 0.65951531832 0.57457730180 0.76545004515 0.68684006530 0.58880746275 0.65813946070 0.64155934668 0.61110725077 0.65756666383 0.59778877761 1.09798335108 -103.2530816215 0.00057538388   -2 
 100 0.00000450223 0.00086351565 -31.706442745 0.12885601361 0.01070341860 0.09686565124 0.63216533345 0.60522022151 0.65948487723 0.57458374718 0.76544438604 0.68685944043 0.58881991298 0.65814793975 0.64151217121 0.61109257678 0.65754592713 0.59779953073 1.09804691750 -103.2530790371 0.00061851119   -2 
 101 0.00000450223 0.00086351185 -31.709844142 0.12885364757 0.01070282721 0.09686219094 0.63213591407 0.60521783570 0.65949139682 0.57458050379 0.76545910489 0.68685092063 0.58881604590 0.65814604510 0.64153189850 0.61109906352 0.65755457357 0.59779693846 1.09802290970 -103.2530775657 0.00071537472   -2 
 102 0.00000450222 0.00086352809 -31.711570018 0.12885234690 0.01070252769 0.09686043790 0.63211785291 0.60521763372 0.65949464990 0.57457858566 0.76547215181 0.68684545399 0.58881395451 0.65814538450 0.64154559176 0.61110377681 0.65756069843 0.59779573138 1.09800731957 -103.2530766986 0.00028372241   -2 
 103 0.00000450222 0.00086352433 -31.712202999 0.12885367799 0.01070245987 0.09686006050 0.63210497694 0.60521689562 0.65948846836 0.57457421512 0.76549461184 0.68683668158 0.58881120329 0.65814465520 0.64156324068 0.61110981951 0.65756845047 0.59779492419 1.09798657987 -103.2530760544 0.00049722314   -2 
 104 0.00000450222 0.00086353595 -31.712536557 0.12885467235 0.01070243375 0.09685992092 0.63209885831 0.60521698851 0.65948336092 0.57457094133 0.76551338463 0.68682982405 0.58880918312 0.65814433638 0.64157808412 0.61111504689 0.65757509708 0.59779446461 1.09797007641 -103.2530755804 0.00023328988   -2 
 105 0.00000450222 0.00086353198 -31.712527646 0.12885751809 0.01070250670 0.09686037952 0.63210583857 0.60521562625 0.65947376040 0.57456582513 0.76553534455 0.68681979558 0.58880589939 0.65814352962 0.64159978989 0.61112277906 0.65758503755 0.59779377181 1.09794422078 -103.2530751548 0.00032625402   -2 
 106 0.00000450222 0.00086353744 -31.712437588 0.12885756310 0.01070252419 0.09686048172 0.63210783220 0.60521600537 0.65947421339 0.57456609283 0.76553494120 0.68682003810 0.58880600287 0.65814368844 0.64160040413 0.61112311926 0.65758545106 0.59779387785 1.09794417293 -103.2530750211 0.00017696253   -2 
 107 0.00000450223 0.00086352883 -31.710660245 0.12886114369 0.01070292260 0.09686283824 0.63213635658 0.60521880806 0.65948219921 0.57457037442 0.76551504219 0.68682528166 0.58880726972 0.65814534586 0.64160779647 0.61112785381 0.65759153559 0.59779526818 1.09794112671 -103.2530742663 0.00023092048   -2 
 108 0.00000450223 0.00086353686 -31.708499664 0.12886462917 0.01070339377 0.09686561924 0.63214048060 0.60522439710 0.65949114987 0.57457634231 0.76550340282 0.68683253893 0.58881025023 0.65814883811 0.64161596767 0.61113379690 0.65759876103 0.59779783978 1.09794271922 -103.2530737043 0.00069349600   -2 
 109 0.00000450223 0.00086353686 -31.708499664 0.12886462917 0.01070339377 0.09686561924 0.63214048060 0.60522439710 0.65949114987 0.57457634231 0.76550340282 0.68683253893 0.58881025023 0.65814883811 0.64161596767 0.61113379690 0.65759876103 0.59779783978 1.09794271922 -103.2530737043 0.00069349600   -5 
 110 0.00000450223 0.00086352622 -31.708473564 0.12886493997 0.01070340540 0.09686569000 0.63213724234 0.60522386922 0.65949047203 0.57457611673 0.76550417212 0.68683237828 0.58881024356 0.65814882774 0.64161586067 0.61113377464 0.65759873467 0.59779787033 1.09794280194 -103.2530732226 0.00023697493   -2 
 111 0.00000450223 0.00086353061 -31.707666646 0.12886584427 0.01070357732 0.09686670443 0.63210827611 0.60522411591 0.65948766654 0.57457686101 0.76552017039 0.68683389912 0.58881258019 0.65815131500 0.64161663582 0.61113542916 0.65760038076 0.59779978906 1.09794970931 -103.2530725004 0.00015720045   -2 
 112 0.00000450224 0.00086353866 -31.706452853 0.12886746345 0.01070383625 0.09686822925 0.63210907998 0.60522146405 0.65948352420 0.57457621116 0.76553273397 0.68683415074 0.58881440358 0.65815337923 0.64161686402 0.61113678381 0.65760168625 0.59780189124 1.09795824678 -103.2530721520 0.00056327997   -2 
 113 0.00000450225 0.00086352466 -31.699656419 0.12887818868 0.01070531992 0.09687697959 0.63211515479 0.60520423275 0.65945895950 0.57457100003 0.76559780037 0.68683396032 0.58882350647 0.65816376204 0.64161722586 0.61114362820 0.65760820950 0.59781313158 1.09800292380 -103.2530700117 0.00031597527   -2 
 114 0.00000450225 0.00086352466 -31.699656419 0.12887818868 0.01070531992 0.09687697959 0.63211515479 0.60520423275 0.65945895950 0.57457100003 0.76559780037 0.68683396032 0.58882350647 0.65816376204 0.64161722586 0.61114362820 0.65760820950 0.59781313158 1.09800292380 -103.2530700117           NAN   -8 
 115 0.00000450225 0.00086353500 -31.699207467 0.12887873586 0.01070541437 0.09687753468 0.63211941915 0.60521641745 0.65947303805 0.57457397602 0.76557649965 0.68683565134 0.58882305215 0.65816339137 0.64161841575 0.61114394398 0.65760876194 0.59781307991 1.09799713330 -103.2530692832 0.00075282531   -2 
 116 0.00000450226 0.00086351821 -31.698631324 0.12888026099 0.01070555306 0.09687835708 0.63212234621 0.60523101269 0.65949082845 0.57457742751 0.76554618689 0.68683738029 0.58882199312 0.65816239981 0.64161973531 0.61114407670 0.65760919772 0.59781276960 1.09798898022 -103.2530680167 0.00025484643   -2 
 117 0.00000450226 0.00086352070 -31.698076568 0.12888115866 0.01070567560 0.09687908197 0.63212500089 0.60523947425 0.65950227044 0.57458053953 0.76552739525 0.68683943296 0.58882175085 0.65816223214 0.64162126614 0.61114461178 0.65760995568 0.59781289433 1.09798318235 -103.2530678105 0.00015504791   -2 
 118 0.00000450226 0.00086351680 -31.697852778 0.12888153454 0.01070572889 0.09687939420 0.63212222819 0.60523081442 0.65949501472  0.5745806229 0.76553694548 0.68684021298 0.58882249992 0.65816305235 0.64162204193 0.61114520695 0.65761061070 0.59781336158 1.09798422335 -103.2530676323 0.00031401767   -2 
 119 0.00000450226 0.00086352306 -31.697434828 0.12888191769 0.01070582015 0.09687992730 0.63211977390 0.60522045827 0.65948647900 0.57458124198 0.76554898253 0.68684173857 0.58882370882 0.65816437683 0.64162344236 0.61114624389 0.65761175777 0.59781414833 1.09798599267 -103.2530674092 0.00013582411   -2 
 120 0.00000450226 0.00086352306 -31.697434828 0.12888191769 0.01070582015 0.09687992730 0.63211977390 0.60522045827 0.65948647900 0.57458124198 0.76554898253 0.68684173857 0.58882370882 0.65816437683 0.64162344236 0.61114624389 0.65761175777 0.59781414833 1.09798599267 -103.2530674092           NAN   -8 
 121 0.00000450226 0.00086351677 -31.697013987 0.12888274829 0.01070591855 0.09688051095 0.63212043231 0.60522396351 0.65948871327 0.57458149853 0.76554488692 0.68684208377 0.58882366919 0.65816437256 0.64162407898 0.61114653718 0.65761214688 0.59781427878 1.09798238447 -103.2530672488 0.00035152923   -2 
 122 0.00000450226 0.00086351677 -31.697013987 0.12888274829 0.01070591855 0.09688051095 0.63212043231 0.60522396351 0.65948871327 0.57458149853 0.76554488692 0.68684208377 0.58882366919 0.65816437256 0.64162407898 0.61114653718 0.65761214688 0.59781427878 1.09798238447 -103.2530672488           NAN   -8 
 123 0.00000450226 0.00086352229 -31.696945235 0.12888270285 0.01070593091 0.09688058244 0.63212098961 0.60522446823 0.65948915552 0.57458170233 0.76554481609 0.68684229109 0.58882378432 0.65816449972 0.64162425523 0.61114666440 0.65761228903 0.59781436802 1.09798278930 -103.2530671224 0.00012532125   -2 
 124 0.00000450226 0.00086352229 -31.696945235 0.12888270285 0.01070593091 0.09688058244 0.63212098961 0.60522446823 0.65948915552 0.57458170233 0.76554481609 0.68684229109 0.58882378432 0.65816449972 0.64162425523 0.61114666440 0.65761228903 0.59781436802 1.09798278930 -103.2530671224           NAN   -8 
 125 0.00000450226 0.00086351698 -31.696600502 0.12888337186 0.01070601232 0.09688106235 0.63212100193 0.60522561181 0.65949022010 0.57458195047 0.76554292465 0.68684261102 0.58882387946 0.65816459778 0.64162478125 0.61114700966 0.65761265921 0.59781462146 1.09798354223 -103.2530670071 0.00030318497   -2 
 126 0.00000450226 0.00086351698 -31.696600502 0.12888337186 0.01070601232 0.09688106235 0.63212100193 0.60522561181 0.65949022010 0.57458195047 0.76554292465 0.68684261102 0.58882387946 0.65816459778 0.64162478125 0.61114700966 0.65761265921 0.59781462146 1.09798354223 -103.2530670071 0.00030318497   -5 
 127 0.00000450226 0.00086352184 -31.696531605 0.12888334675 0.01070602515 0.09688113653 0.63212148653 0.60522599659 0.65949057450 0.57458213593 0.76554294206 0.68684280553 0.58882399353 0.65816472379 0.64162494771 0.61114713179 0.65761280132 0.59781472537 1.09798359850 -103.2530669091 0.00012479467   -2 
 128 0.00000450226 0.00086352184 -31.696531605 0.12888334675 0.01070602515 0.09688113653 0.63212148653 0.60522599659 0.65949057450 0.57458213593 0.76554294206 0.68684280553 0.58882399353 0.65816472379 0.64162494771 0.61114713179 0.65761280132 0.59781472537 1.09798359850 -103.2530669091           NAN   -8 
 129 0.00000450226 0.00086352184 -31.696531605 0.12888334675 0.01070602515 0.09688113653 0.63212148653 0.60522599659 0.65949057450 0.57458213593 0.76554294206 0.68684280553 0.58882399353 0.65816472379 0.64162494771 0.61114713179 0.65761280132 0.59781472537 1.09798359850 -103.2530669091 0.00012479467   -5 
 130 0.00000450226 0.00086352184 -31.696531605 0.12888334675 0.01070602515 0.09688113653 0.63212148653 0.60522599659 0.65949057450 0.57458213593 0.76554294206 0.68684280553 0.58882399353 0.65816472379 0.64162494771 0.61114713179 0.65761280132 0.59781472537 1.09798359850 -103.2530669091 0.00012479467   -3 
-- Local optimization: stuck in the same solution
-- Found new optimum with likelihood -103.253066909112732 and gradient 0.00012

---- Best joint likelihood found -103.253066909112732 with gradient 0.00012

---- Results for /scratch/40841095/tmpqb991l4d 
--  Model: C
--        eps_an     theta_bar             a 
-- 0.00000450226 0.00086352184            -1 
--           S_d             b           p_b           S_b 
-- -31.696531605 0.12888334675 0.01070602515 0.09688113653 
--           r 2           r 3           r 4           r 5           r 6           r 7           r 8           r 9          r 10          r 11          r 12          r 13          r 14 
-- 0.63212148653 0.60522599659 0.65949057450 0.57458213593 0.76554294206 0.68684280553 0.58882399353 0.65816472379 0.64162494771 0.61114713179 0.65761280132 0.59781472537 1.09798359850 

---- Expected P_neut(i), 0 < i < n (neutral SFS per site) 
E[P_neut(1)] = 0.0008635183
E[P_neut(2)] = 0.0002729243
E[P_neut(3)] = 0.0001742081
E[P_neut(4)] = 0.0001423707
E[P_neut(5)] = 0.0000992326
E[P_neut(6)] = 0.0001101770
E[P_neut(7)] = 0.0000847290
E[P_neut(8)] = 0.0000635579
E[P_neut(9)] = 0.0000631491
E[P_neut(10)] = 0.0000554059
E[P_neut(11)] = 0.0000479767
E[P_neut(12)] = 0.0000473225
E[P_neut(13)] = 0.0000397107
E[P_neut(14)] = 0.0000677274

---- Expected P_sel(i), 0 < i < n (selected SFS per site) 
E[P_sel(1)] = 0.0006503137
E[P_sel(2)] = 0.0001856815
E[P_sel(3)] = 0.0001122868
E[P_sel(4)] = 0.0000885544
E[P_sel(5)] = 0.0000601193
E[P_sel(6)] = 0.0000653761
E[P_sel(7)] = 0.0000494204
E[P_sel(8)] = 0.0000365336
E[P_sel(9)] = 0.0000358400
E[P_sel(10)] = 0.0000310933
E[P_sel(11)] = 0.0000266535
E[P_sel(12)] = 0.0000260501
E[P_sel(13)] = 0.0000216774
E[P_sel(14)] = 0.0000366868

---- alpha_dfe = 0.021043

