---- Running command
---- ./polyDFE -d /scratch/40840187/tmp39uupi4f -m C -i /scratch/40840187/tmp9d7d4zxr 1 -v 1 
---- Performing inference using model C

---- Performing inference on /scratch/40840187/tmp39uupi4f
----      with -i /scratch/40840187/tmp9d7d4zxr 1
---- Data /scratch/40840187/tmp39uupi4f does not contain divergence counts. Using option -w.
---- No mutation variability. Using Poisson likelihood.


---- Using provided initial values

-- Starting local optimization
-- Optimizing all parameters
  it        eps_an     theta_bar           S_d             b           p_b           S_b           r 2           r 3           r 4           ln lk          grad status 
   0 0.00000449599     0.0006164 -55.645569999     0.1199374     0.0151532     0.1308463     0.8958562     0.8771536     0.8733385 -34.48184492872 0.56471667365   -2 
   1 0.00000449598 0.00060444427 -55.591120759 0.11970328748 0.01515410408 0.13084632101 0.89310471333 0.85952001717 0.87333713026 -33.64090532267 0.46692436875   -2 
   2 0.00000449598 0.00061231667 -54.708872631 0.11507622928 0.01517288480 0.13085255650 0.89796460864 0.77473629347 0.88224111826 -31.42502859950 0.15291702119   -2 
   3 0.00000449598 0.00060828020 -54.092735823 0.11161817051 0.01518751763 0.13085882958 0.87248869612 0.76382146916 0.87228828428 -31.07042162294 0.27236623476   -2 
   4 0.00000449598 0.00061312978 -53.626216907 0.10900541517 0.01519890835 0.13086389565 0.85985940203 0.75963102937 0.86535621757 -30.87442128389 0.10078201157   -2 
   5 0.00000449598 0.00060759307 -52.929255404 0.10476585855 0.01521802279 0.13087373103 0.86776922008 0.76480914052 0.84359002520 -30.65765732937 0.05824917792   -2 
   6 0.00000449598 0.00060594225 -52.902799674 0.10456212783 0.01521897204 0.13087440330 0.86810255313 0.76506088245 0.84340092274 -30.65023195460 0.03821797436   -2 
   7 0.00000449598 0.00060290747 -52.769886932 0.10324884456 0.01522518747 0.13087989049 0.87287106589 0.76809828499 0.85194394974 -30.62151412314 0.01294482536   -2 
   8 0.00000449598 0.00060293486 -52.785659176 0.10333375974 0.01522478691 0.13087967382 0.87208127148 0.76788221940 0.85165623817 -30.62099848457 0.01142348763   -2 
   9 0.00000449598 0.00060339265 -52.805233742 0.10338225485 0.01522456243 0.13087975184 0.87115667535 0.76776722642 0.85188311578 -30.62040724656 0.00647468487   -2 
  10 0.00000449598 0.00060330688 -52.820560462 0.10339270380 0.01522451879 0.13087997838 0.87078180285 0.76768559151 0.85221226148 -30.62022918272 0.00585198676   -2 
  11 0.00000449598 0.00060343838 -52.848084567 0.10338129737 0.01522458335 0.13088055959 0.87058186527 0.76761493878 0.85290269027 -30.62002424884 0.00504862419   -2 
  12 0.00000449598 0.00060323876 -52.885913357 0.10336217706 0.01522468712 0.13088136631 0.87068709801 0.76753895211 0.85353065210 -30.61985039972 0.00608339457   -2 
  13 0.00000449598 0.00060324456 -52.931374659 0.10332548577 0.01522487493 0.13088240320 0.87108036174 0.76755387015 0.85409914989 -30.61966734060 0.00458462300   -2 
  14 0.00000449598 0.00060308154 -52.996161318 0.10327660645 0.01522512523 0.13088384864 0.87160465866 0.76764927947 0.85455225485 -30.61954799858 0.00493677202   -2 
  15 0.00000449598 0.00060285989 -53.042474367 0.10324624235 0.01522527970  0.1308848305 0.87160139629 0.76789732907 0.85415513864 -30.61933019053 0.01052963510   -2 
  16 0.00000449598 0.00060311373 -53.096811540 0.10319408300 0.01522553792 0.13088606833 0.87164252255 0.76825727123 0.85362401600 -30.61889405255 0.00579805611   -2 
  17 0.00000449598 0.00060302720 -53.190519489 0.10312491673 0.01522588572 0.13088808267 0.87137439713 0.76853305192 0.85275038901 -30.61861580018 0.00508461325   -2 
  18 0.00000449598 0.00060330994 -53.329679208 0.10301267692 0.01522644879 0.13089113227 0.87105095280 0.76845487270 0.85198913823 -30.61834494856 0.00958506589   -2 
  19 0.00000449598 0.00060325031 -53.634403612 0.10279397555 0.01522755834 0.13089765420 0.87027176593 0.76782658053 0.85076845805 -30.61769670630 0.01082788984   -2 
  20 0.00000449597 0.00060381033 -54.205873034 0.10237104453 0.01522970952 0.13090991784 0.86943636602 0.76646225325 0.84944725252 -30.61670312848 0.01271047459   -2 
  21 0.00000449597 0.00060366503 -54.916134400 0.10188960477 0.01523218909 0.13092482402 0.86874651393 0.76481699202 0.84867325211 -30.61556313091 0.01646243195   -2 
  22 0.00000449597 0.00060420206 -56.169555452 0.10105064489 0.01523654591 0.13095078610 0.86844702732 0.76273679648 0.84842806819 -30.61351018306 0.02013872439   -2 
  23 0.00000449596 0.00060364521 -58.762901386 0.09948359876 0.01524484170 0.13100228820 0.86797296024 0.75999553632 0.84863126217 -30.60991832818 0.02694702377   -2 
  24 0.00000449595 0.00060410287 -62.600553410 0.09735995268 0.01525634521 0.13107439877 0.86790653627 0.75868316422 0.84926174749 -30.60379700289 0.03884477204   -2 
  25 0.00000449594 0.00060325287 -71.129761984 0.09334380165 0.01527896740 0.13121939141 0.86721842048 0.75736702180 0.84994230744 -30.59570543813 0.03988361991   -2 
  26 0.00000449594 0.00060249346 -70.264145597 0.09382964384 0.01527622938 0.13120480668 0.86692665136 0.75837769525 0.84905162587 -30.59065413243 0.03834087760   -2 
  27 0.00000449594 0.00060352698 -68.474339950 0.09497741127 0.01526986844 0.13117334623 0.86700134411 0.76290095873 0.84616701390 -30.57923765222 0.01101685789   -2 
  28 0.00000449594 0.00060354153 -68.056644839 0.09539149511 0.01526764781 0.13116504939 0.86733611642 0.76406161414 0.84563815308 -30.57831933946 0.01250904624   -2 
  29 0.00000449594 0.00060407413 -67.847370929 0.09567998386 0.01526612761 0.13116040332 0.86792539247 0.76448192073 0.84588280720 -30.57744823680 0.01737412575   -2 
  30 0.00000449594 0.00060388551 -67.638134054 0.09608208063 0.01526403802 0.13115508459 0.86843702196 0.76451637346 0.84654191833 -30.57591396157 0.01310610868   -2 
  31 0.00000449594 0.00060437547 -67.468858939 0.09643804117 0.01526220096 0.13115060077 0.86895804285 0.76442922260 0.84753490345 -30.57509698291 0.00496730204   -2 
  32 0.00000449594 0.00060436950 -67.457279407 0.09651402906 0.01526181699 0.13114998383 0.86867244784 0.76426871895 0.84798368557 -30.57491779307 0.00579643437   -2 
  33 0.00000449594 0.00060453978 -67.456197777 0.09654935275 0.01526163971 0.13114975199 0.86852205916 0.76418886419 0.84827403453 -30.57482776761 0.00167290030   -2 
  34 0.00000449594 0.00060459219 -67.502166485 0.09658365280 0.01526147627 0.13115012781 0.86829527561 0.76403875469 0.84851119124 -30.57476604810 0.00322886364   -2 
  35 0.00000449594 0.00060472231 -67.536008608 0.09659891720 0.01526140625 0.13115046217 0.86825346600 0.76398130769 0.84861105913 -30.57472706597 0.00318429504   -2 
  36 0.00000449594 0.00060491846 -67.826638418 0.09669711202 0.01526097041 0.13115352197 0.86836141863 0.76371146983 0.84869267581 -30.57444496381 0.00461366303   -2 
  37 0.00000449594 0.00060511538 -67.983186276 0.09673476037 0.01526081272 0.13115525144 0.86847397986 0.76366728952 0.84868274407 -30.57437269425 0.00405075486   -2 
  38 0.00000449594 0.00060509439 -68.432682552 0.09669430602 0.01526111050 0.13116104783 0.86865339171 0.76447122502 0.84798956116 -30.57385032612 0.00777897581   -2 
  39 0.00000449594 0.00060526591 -68.671938828 0.09665101419 0.01526137854 0.13116424143 0.86876896269 0.76487445863 0.84770105603 -30.57367781192 0.00585810581   -2 
  40 0.00000449588 0.00060533274 -79.217711251 0.09250289563 0.01528488969 0.13130929101 0.86458699502 0.76442801273 0.84932120036 -30.56050008532 0.02823562722   -2 
  41 0.00000449586 0.00060417812 -84.637518540 0.09071100147 0.01529544088 0.13137606043 0.86438707819 0.76295456168 0.84844287045 -30.55479561135 0.04777222493   -2 
  42 0.00000449579 0.00060434292 -99.603697367 0.08643268109 0.01532159746 0.13154056737 0.86611021096 0.75904715415 0.84528130960 -30.54011179370 0.01884481770   -2 
  43 0.00000449575 0.00060437065 -112.26961544 0.08385187955 0.01533832744 0.13165859675 0.86482613388 0.75660475639 0.83843860375 -30.53208026197 0.03719156862   -2 
  44 0.00000449573 0.00060544295 -117.75055974 0.08286982871 0.01534486493 0.13170547168 0.86417487428  0.7558787492 0.83592227220 -30.52863351039 0.02007512313   -2 
  45 0.00000449569 0.00060670213 -129.54702044 0.08129780142 0.01535579717 0.13179709665 0.85958774795 0.75492989438 0.83268044470  -30.5211185502 0.01806017322   -2 
  46 0.00000449568 0.00060744706 -135.64637480 0.08058250539 0.01536088356 0.13184107999 0.85778995773 0.75442103879 0.83149232926 -30.52008619563 0.02210393637   -2 
  47 0.00000449560 0.00061003041 -164.71803812 0.07811912495 0.01537933242 0.13202372545 0.85926834756 0.75061036485 0.83234661289 -30.50289159980 0.05043227985   -2 
  48 0.00000449558 0.00060950875 -174.44838549 0.07744155279 0.01538457053 0.13207753054 0.85941971021 0.74962091496 0.83253827113 -30.49741306786 0.01458636289   -2 
  49 0.00000449555 0.00061001027 -192.42254149 0.07624444219 0.01539384765 0.13216951991 0.85956704609 0.75276423265 0.83322080213 -30.49245416867 0.00837047265   -2 
  50 0.00000449555 0.00060989622 -190.54435080 0.07636100506 0.01539293133 0.13216030756 0.85953649392 0.75243459715 0.83311824072 -30.49236421117 0.00426612241   -2 
  51 0.00000449554 0.00060984510 -193.62224435 0.07614483520 0.01539457383 0.13217533316 0.85953285198 0.75293209816 0.83304099964 -30.49222474900 0.00478689207   -2 
  52 0.00000449553 0.00061007266 -198.38454610 0.07569790833 0.01539776978 0.13219819279 0.85971144482 0.75285781826 0.83225056899 -30.49164914261 0.01620196862   -2 
  53 0.00000449551 0.00060959758 -212.19214850 0.07447887058 0.01540658379 0.13226133281 0.85971564101 0.75222707108 0.82992476160 -30.49003307144 0.00879676798   -2 
  54 0.00000449548 0.00060986221 -228.90757389 0.07310663678 0.01541663582 0.13233218619 0.85796427861 0.75060562175 0.82885278001 -30.48843001429 0.00971215883   -2 
  55 0.00000449547 0.00060969104 -231.12108147 0.07294612039 0.01541782675 0.13234105241 0.85766313906 0.75033460664 0.82880623783 -30.48823394375 0.00482220082   -2 
  56 0.00000449547 0.00060989397 -231.68831144 0.07293212217 0.01541791914 0.13234290531 0.85770098215 0.75020852223 0.82922414809 -30.48803348188 0.00790582307   -2 
  57 0.00000449547 0.00060988654 -232.95644066 0.07292745417 0.01541792772 0.13234672461 0.85769322207 0.74987310505 0.83020729661 -30.48768140886 0.00356412566   -2 
  58 0.00000449547 0.00060978633 -232.97185530 0.07294392596 0.01541779394 0.13234648496 0.85774551174 0.75002150137 0.83002295136 -30.48760052390 0.00546987698   -2 
  59 0.00000449547 0.00060990736 -233.00996679 0.07298118167 0.01541747875 0.13234584521 0.85797821431 0.75044892495 0.82961022211 -30.48744327671 0.00163677141   -2 
  60 0.00000449547 0.00060990009 -233.01195969 0.07298102089 0.01541747510 0.13234581257 0.85788775760 0.75032925229 0.82975107934 -30.48742879569 0.00167627802   -2 
  61 0.00000449547 0.00060995866 -233.01904791 0.07298546177 0.01541743020 0.13234568236 0.85786556943 0.75029393188 0.82981623864 -30.48741796974 0.00177016359   -2 
  62 0.00000449547 0.00061001043 -233.06995394 0.07302186203 0.01541708968 0.13234482030 0.85775158454 0.75016936818 0.83001369760 -30.48738038427 0.00178099739   -2 
  63 0.00000449547 0.00061007714 -233.08457222 0.07303106456 0.01541699405 0.13234452912 0.85781119442 0.75020896530 0.82998670573 -30.48736365191 0.00242012770   -2 
  64 0.00000449547 0.00061008159 -233.13964475 0.07306683301 0.01541662991 0.13234345712 0.85798437636 0.75035790630 0.82981392403 -30.48731808318 0.00057161879   -2 
  65 0.00000449547 0.00061008630 -233.15595143 0.07307547173 0.01541652697 0.13234308178 0.85798006927 0.75039615733 0.82979435611 -30.48731612453 0.00077195992   -2 
  66 0.00000449547 0.00061011768 -233.17001549 0.07308144124 0.01541644211 0.13234271320 0.85796027454 0.75042381380 0.82979899500 -30.48731390347 0.00057407034   -2 
  67 0.00000449547 0.00061012200 -233.18540519 0.07308654108 0.01541635284 0.13234226522 0.85791558771 0.75042740742 0.82982370239 -30.48731201298 0.00045598632   -2 
  68 0.00000449547 0.00061013996 -233.19537586 0.07308836118 0.01541629885 0.13234193184 0.85789868259 0.75041754475 0.82984876017 -30.48731112434 0.00038769791   -2 
  69 0.00000449547 0.00061013727 -233.20838852 0.07308968191 0.01541623122 0.13234146440 0.85788955620 0.75038980389 0.82987622781 -30.48731016916 0.00033740363   -2 
  70 0.00000449547 0.00061014227 -233.22183452 0.07309028696 0.01541616285 0.13234095822 0.85789080441 0.75036277615 0.82990060020 -30.48730975378 0.00031185175   -2 
  71 0.00000449547 0.00061014761 -233.22388235 0.07308942039 0.01541615505 0.13234085331 0.85790272948 0.75036703610 0.82989315605 -30.48730930058 0.00037303989   -2 
  72 0.00000449547 0.00061014252 -233.23254664 0.07308662384 0.01541611966 0.13234043451 0.85793666843 0.75037908878 0.82986364043 -30.48730849574 0.00056790406   -2 
  73 0.00000449547 0.00061012919 -233.23646698 0.07308576616 0.01541610262 0.13234025719 0.85794008537 0.75038133387 0.82985444016 -30.48730787280 0.00024504887   -2 
  74 0.00000449547 0.00061011723 -233.28543336 0.07307376067 0.01541589191 0.13233800564 0.85786403845 0.75039909690 0.82985894652 -30.48730508746 0.00053127997   -2 
  75 0.00000449547 0.00061012688 -233.28314938 0.07307445382 0.01541590135 0.13233811386 0.85788119711 0.75039415761 0.82985920798 -30.48730448644 0.00033316508   -2 
  76 0.00000449547 0.00061012031 -233.28564946 0.07307544437 0.01541588639 0.13233804399 0.85791486804 0.75037486181 0.82985686526 -30.48730374178 0.00016573370   -2 
  77 0.00000449547 0.00061012573 -233.29174744 0.07307544888 0.01541585589 0.13233780282 0.85792670546 0.75036722046 0.82985858277 -30.48730352015 0.00029787216   -2 
  78 0.00000449547 0.00061012013 -233.32241897 0.07307570488 0.01541570207 0.13233660222 0.85795053683 0.75033793208 0.82986463663 -30.48730262667 0.00039088882   -2 
  79 0.00000449546 0.00061015103 -233.43769026 0.07307440074 0.01541512892 0.13233202806 0.85796585644 0.75029283571 0.82989224433 -30.48729947207 0.00100087891   -2 
  80 0.00000449546 0.00061017791 -233.74934336 0.07307124937 0.01541358059 0.13231968658 0.85795917144 0.75019586255 0.82995041306 -30.48729339714 0.00102614148   -2 
  81 0.00000449546 0.00061014682 -233.71332444 0.07306892622 0.01541376619 0.13232103459 0.85789515015 0.75030585196 0.82989225894 -30.48728373870 0.00122236477   -2 
  82 0.00000449546 0.00061016389 -233.70231604 0.07306701127 0.01541382610 0.13232141142 0.85788301519 0.75035199541 0.82987180746 -30.48728056650 0.00028341824   -2 
  83 0.00000449546 0.00061013783 -233.70915634 0.07306039060 0.01541380779 0.13232094541 0.85792040431 0.75038316602 0.82982714693 -30.48727859856 0.00039986211   -2 
  84 0.00000449546 0.00061014256 -233.71198114 0.07305825487 0.01541379884 0.13232077005 0.85792724096 0.75038798494 0.82982244082 -30.48727814788 0.00032355719   -2 
  85 0.00000449546 0.00061010776 -233.75824209 0.07303581731 0.01541362451 0.13231828109 0.85789662336 0.75036847999 0.82983021491 -30.48727441255 0.00021334156   -2 
  86 0.00000449546 0.00061010814 -233.79980583 0.07303832589 0.01541340717 0.13231671753 0.85789513308 0.75031375101 0.82984142010 -30.48727236557 0.00078776139   -2 
  87 0.00000449545 0.00061013767 -233.84344852 0.07304041997 0.01541318044 0.13231506037 0.85789926528 0.75026966904 0.82985414647 -30.48727038910 0.00042517290   -2 
  88 0.00000449545 0.00061012502 -233.85484084 0.07304067018 0.01541312252 0.13231462636 0.85787900144 0.75031828546 0.82983591441 -30.48726833257 0.00063706073   -2 
  89 0.00000449545 0.00061013277 -233.86559409 0.07304042899 0.01541306915 0.13231420228 0.85786947051 0.75036457976 0.82982195885 -30.48726718875 0.00025816181   -2 
  90 0.00000449545 0.00061013790 -233.86711203 0.07304017697 0.01541306230 0.13231413415 0.85788374678 0.75035230751 0.82982641757 -30.48726685757 0.00028389605   -2 
  91 0.00000449545 0.00061013102 -233.87147528 0.07304005091 0.01541304063 0.13231395718 0.85789768458 0.75033777948 0.82982988118 -30.48726651019 0.00017458616   -2 
  92 0.00000449545 0.00061012832 -233.88243634 0.07303948589 0.01541298730 0.13231350562 0.85791632154 0.75032227684 0.82983690382 -30.48726626496 0.00027296836   -2 
  93 0.00000449545 0.00061013892 -233.90224061 0.07303818397 0.01541289187 0.13231268228 0.85792245125 0.75032167928 0.82984583402 -30.48726554187 0.00060370154   -2 
  94 0.00000449545 0.00061017198 -234.40536377 0.07301038542 0.01541045419 0.13229193982 0.85790940980 0.75034740382 0.83001180627 -30.48725114203 0.00272289726   -2 
  95 0.00000449543 0.00061012064 -235.16349834 0.07297077721 0.01540678490 0.13226083138 0.85786406854 0.75037459709 0.83021695253 -30.48722614341 0.00141878294   -2 
  96 0.00000449537 0.00061003938 -238.86160009 0.07277341236 0.01538902296 0.13211001935 0.85812628581 0.75045016606 0.82979688641 -30.48709009330 0.00622166258   -2 
  97 0.00000449533 0.00061018597 -241.52090337 0.07262848777 0.01537644119 0.13200292388 0.85829703738 0.75050530000 0.82951615670 -30.48697980682 0.00332416705   -2 
  98 0.00000449502 0.00061084496 -260.35028620 0.07163534423 0.01529136489 0.13127783022 0.85685763523 0.74997884246 0.82809225792 -30.48636416670 0.00815632645   -2 
  99 0.00000449495 0.00061078750 -264.87536373 0.07141066548 0.01527189387 0.13111195364 0.85655168055 0.74974445434 0.82780913736 -30.48620741370 0.00518178469   -2 
 100 0.00000449463 0.00061099166 -287.13506283 0.07032734374 0.01518110872 0.13033640400 0.85625755654 0.74800429618 0.82718865945 -30.48563074395 0.00813495445   -2 
 101 0.00000449460 0.00061115288 -289.43935699 0.07021541620 0.01517215547 0.13025963025 0.85629149712 0.74791002711 0.82716895891 -30.48551264001 0.00318648864   -2 
 102 0.00000449452 0.00061093495 -295.40233250 0.06990113392 0.01514936845 0.13006268101 0.85641904495 0.74867954961 0.82737458113 -30.48521255047 0.00152450948   -2 
 103 0.00000449451 0.00061089242 -295.54190855 0.06989331471 0.01514883270 0.13005802716 0.85642387285 0.74866025580 0.82737504614 -30.48520685093 0.00130360108   -2 
 104 0.00000449451 0.00061092320 -295.58502561 0.06988757897 0.01514865724 0.13005633827 0.85645552452 0.74860326827 0.82737912568 -30.48519877904 0.00123139473   -2 
 105 0.00000449451 0.00061091268 -295.65830964 0.06987714587 0.01514834390 0.13005331028 0.85649059524 0.74846371575 0.82737504250 -30.48519050563 0.00093530226   -2 
 106 0.00000449451 0.00061089748 -295.67920054 0.06987398633 0.01514825033 0.13005240263 0.85648823756 0.74842498663 0.82737028472 -30.48518907868 0.00054361034   -2 
 107 0.00000449451 0.00061089297 -295.69078033 0.06986726973 0.01514815482 0.13005129471 0.85638554897 0.74844963685 0.82734239954 -30.48518453424 0.00055931786   -2 
 108 0.00000449451 0.00061090261 -295.69090938 0.06986642678 0.01514814767 0.13005119292 0.85638881438 0.74845204858 0.82733982444 -30.48518394337 0.00025780310   -2 
 109 0.00000449451 0.00061088434 -295.69154593 0.06986111294 0.01514806978 0.13005028578 0.85642840438 0.74845029299 0.82730445255 -30.48518253540 0.00017714717   -2 
 110 0.00000449451 0.00061087941 -295.69190101 0.06985876097 0.01514803201 0.13004985825 0.85643762432 0.74845051193 0.82729387349 -30.48518242446 0.00022091629   -2 
 111 0.00000449451 0.00061087668 -295.69392802 0.06985334249 0.01514791202 0.13004861029 0.85639944811 0.74845503492 0.82730251751 -30.48518152404 0.00014983670   -2 
 112 0.00000449451 0.00061087322 -295.69452829 0.06985279871 0.01514789154 0.13004841695 0.85639571778 0.74845379854 0.82730372849 -30.48518148098 0.00008411482    0 
-- Found new optimum with likelihood -30.485181480980998 and gradient 0.00008

---- Best joint likelihood found -30.485181480980998 with gradient 0.00008

---- Results for /scratch/40840187/tmp39uupi4f 
--  Model: C
--        eps_an     theta_bar             a 
-- 0.00000449451 0.00061087322            -1 
--           S_d             b           p_b           S_b 
-- -295.69452829 0.06985279871 0.01514789154 0.13004841695 
--           r 2           r 3           r 4 
-- 0.85639571778 0.74845379854 0.82730372849 

---- Expected P_neut(i), 0 < i < n (neutral SFS per site) 
E[P_neut(1)] = 0.0006108711
E[P_neut(2)] = 0.0002615741
E[P_neut(3)] = 0.0001524040
E[P_neut(4)] = 0.0001263466

---- Expected P_sel(i), 0 < i < n (selected SFS per site) 
E[P_sel(1)] = 0.0004101583
E[P_sel(2)] = 0.0001652423
E[P_sel(3)] = 0.0000935574
E[P_sel(4)] = 0.0000761413

---- alpha_dfe = 0.027505

