---- Running command
---- ./polyDFE -d /scratch/40841747/tmpg98j4ak9 -m C -i /scratch/40841747/tmp4orhjqgy 1 -v 1 
---- Performing inference using model C

---- Performing inference on /scratch/40841747/tmpg98j4ak9
----      with -i /scratch/40841747/tmp4orhjqgy 1
---- Data /scratch/40841747/tmpg98j4ak9 does not contain divergence counts. Using option -w.
---- No mutation variability. Using Poisson likelihood.


---- Using provided initial values

-- Starting local optimization
-- Optimizing all parameters
  it        eps_an     theta_bar           S_d             b           p_b           S_b           r 2           r 3           r 4           r 5           r 6           r 7           r 8           r 9          r 10          r 11          r 12          r 13          r 14          r 15          r 16          r 17          r 18          r 19          r 20          r 21          r 22          r 23          r 24          r 25          r 26          r 27          r 28          r 29           ln lk          grad status 
   0 0.00000450268  0.0009259123 -45.463749999     0.1287808   0.009184894     0.1083917     0.5642878      0.496756     0.4953868     0.4840476     0.4906511     0.4906073     0.5437098     0.5553355     0.5124802     0.5092361     0.6175192     0.5977393     0.4504409      0.522028     0.3860458     0.4756257     0.5506624     0.3834732      0.531485     0.4975372     0.5880576     0.5381713     0.7063446     0.5665509     0.6574706     0.6611074     0.9643355       1.73894 -215.9895705931 0.90697530032   -2 
   1 0.00000450268 0.00094005690 -45.407354221 0.12805157920 0.00918592605 0.10839270203 0.56428794939 0.49586321147 0.49806791255 0.48132647775 0.49475471432 0.48994496802 0.54552849775 0.55694106369 0.51455164226 0.50969316231 0.61670762124 0.59708185023 0.44982767654 0.52319691947 0.38657925709 0.47508892191 0.55164267903 0.38276752527 0.53207857073 0.49865706608 0.58715039106 0.53817138161 0.70756084708 0.56604907725 0.65689939922 0.66240069530 0.96669037595 1.73775854592 -214.9622074188 0.83239323909   -2 
   2 0.00000450270 0.00092164475 -45.398519625 0.12024452384 0.00919729986 0.10840887186 0.54679368885 0.47035855870 0.54568733458 0.42622906259 0.57774649996 0.47346180501 0.57876753111 0.58609224348 0.55466263373 0.51645274563 0.59761386519 0.58138384833 0.43623014831 0.54527052962 0.39647876739 0.46309648929 0.56996166339 0.36803899923 0.54272203470 0.52049353950 0.56767710370 0.53693119858 0.73039802968 0.55479353618 0.64393114259 0.68735081366 1.01201824760 1.70657462122 -205.4555967788 0.34339697437   -2 
   3 0.00000450270 0.00090886437 -45.625849437 0.12045715104 0.00919700899 0.10841087663 0.55845335148 0.47610056977 0.53979376355 0.42567590643 0.57906334966 0.47189219983 0.58112597086 0.58873634785 0.55974548548 0.51717289645 0.59453185733 0.57857820919 0.43343948222 0.54913365806 0.39846901066 0.46044889509 0.57336471726 0.36463303260 0.54473187534 0.52511990001 0.56333968282 0.53643132901 0.73477888016 0.55207359119 0.64083562123 0.69258168470 1.02052260475 1.70000916601 -204.7199930683 0.79697024145   -2 
   4 0.00000450271 0.00091338581 -45.967563361 0.12037346798 0.00919720260 0.10841502723 0.58103469701 0.48793365577 0.52960561430 0.42570136365 0.58124286533 0.46953092239 0.58574387414 0.59391390314 0.56944242239 0.51877647639 0.58926274157 0.57373675567 0.42844073979 0.55660131348 0.40234034890 0.45567709214 0.57996532956 0.35838636778 0.54867771738 0.53404705203 0.55545119804 0.53563152545 0.74326799079 0.54712769787 0.63523111996 0.70268145156 1.03690611662 1.68875847118 -203.5115370580 0.24800218585   -2 
   5 0.00000450273 0.00091827121 -46.937105054 0.12058643589 0.00919717881 0.10842620975 0.55980160006 0.50154667230 0.52293465279 0.43463365284 0.57894777828 0.46969238624 0.59339411917 0.60327169303 0.58674210911 0.52329884968 0.58264645447 0.56703021648 0.41947490298 0.57272752103 0.41141252970 0.44668664087 0.59481921539 0.34532389504 0.55808677562 0.55455740417 0.53986644621 0.53472874356 0.76260441404 0.53719451180 0.62425568958 0.72601728597 1.07287460345 1.67347053211 -202.2057442643 0.28412577099   -2 
   6 0.00000450273 0.00091454078 -47.038620007 0.12070588835 0.00919702947 0.10842713690 0.55915566424 0.50124656083 0.52296755090 0.43519399403 0.57860976841 0.46976441612 0.59370516486 0.60372817354 0.58771065557 0.52359107537 0.58226042218 0.56660764490 0.41882483809 0.57387269840 0.41211875134 0.44600882826 0.59592319903 0.34428610434 0.55881082863 0.55617397870 0.53867123936 0.53465761777 0.76407367891 0.53640873010 0.62340002126 0.72786080395 1.07554089460 1.67248942580 -202.1180178799 0.20000218287   -2 
   7 0.00000450275 0.00090959870 -47.791355361 0.12128986327 0.00919643862 0.10843515965 0.56404769150 0.49219127069 0.52788062630 0.43906283755 0.57613628068 0.47121878100 0.59492420266 0.60602911218 0.59296974746 0.52580102416 0.58065750210 0.56448249257 0.41445022523 0.58203415258 0.41758446761 0.44124224862 0.60414024655 0.33642351967 0.56443136883 0.56862144668 0.52998787192 0.53431924944 0.77519179112 0.53059436898 0.61718465952 0.74212910233 1.09512327117 1.66767466313 -201.7385741707 0.54588539841   -2 
   8 0.00000450277 0.00091605328 -48.252830160 0.12147234940 0.00919635841 0.10844057773 0.56813118796 0.48667799918 0.53151786070 0.44152620081 0.57482988151 0.47232327372 0.59570297957 0.60747212792 0.59616850093 0.52727752115 0.57987770715 0.56333385077 0.41178009757 0.58727476364 0.42115687340 0.43829432035 0.60946606358 0.33147407211 0.56810946932 0.57676737329 0.52456963957 0.53416283147 0.78242234973 0.52694271566 0.61330322640 0.75146588841 1.10777525894 1.66514260740 -201.4381557472 0.06450549963   -2 
   9 0.00000450279 0.00091797838 -49.020464659 0.12141158178 0.00919692795 0.10845157446 0.56853171772 0.49175612034 0.53677391311 0.43731446242 0.57831288335 0.47497449613 0.59231551697 0.60377733803 0.58934302869 0.52779962565 0.58432326479 0.56672287021 0.41177117970 0.58806394173 0.42443358001 0.43714073283 0.61238067581 0.32612255911 0.57152562684 0.58381650534 0.52087301009 0.53483201067 0.78756920960 0.52387175845 0.61068443054 0.76015192899 1.11334366685 1.67377928946 -201.3160634224 0.18466258196   -2 
  10 0.00000450280 0.00091582998 -49.209129719 0.12143808050 0.00919700186 0.10845412818 0.56846446036 0.49271460179 0.53771002960 0.43639062547 0.57903501752 0.47552494451 0.59155964807 0.60293766130 0.58778440171 0.52788722300 0.58532995625 0.56750220220 0.41180159732 0.58816267432 0.42514525924 0.43690877445 0.61297247432 0.32493689841 0.57226497475 0.58534774929 0.52008113856 0.53498647451 0.78865523486 0.52319858445 0.61012053267 0.76205077306 1.11443802918 1.67575521521 -201.2877512483 0.03775414101   -2 
  11 0.00000450281 0.00091471808 -49.461918186 0.12134673407 0.00919732197 0.10845805814 0.56864441285 0.49270792399 0.53725650013 0.43593197576 0.57968534186 0.47599606297 0.59114120185 0.60228249119 0.58615399172 0.52795574508 0.58664737226 0.56864077763 0.41215513845 0.58787736083 0.42584046830 0.43691604525 0.61332198364 0.32364155266 0.57300062275 0.58675498101 0.51950998779 0.53527921944 0.78952402351 0.52260076720 0.60973369032 0.76389830156 1.11479807798 1.67865251463 -201.2785861056 0.10429140413   -2 
  12 0.00000450283 0.00091630295 -50.006253409 0.12104229763 0.00919818899 0.10846684987 0.56928890717 0.49248687957 0.53599317912 0.43521392786 0.58104650005 0.47697471791 0.59045683543 0.60105496023 0.58283325147 0.52812157806 0.58951569630 0.57115547686 0.41301720516 0.58718216839 0.42730034070 0.43702628854 0.61398987745 0.32091500077 0.57455312532 0.58967258494 0.51840846690 0.53595235687 0.79128780042 0.52139105239 0.60900260525 0.76776744876 1.11533890899 1.68505886553 -201.2555392665 0.03979255500   -2 
  13 0.00000450284 0.00091548543 -50.223090028 0.12091876718 0.00919854473 0.10847038900 0.56920754919 0.49194517695 0.53520369229 0.43540278462 0.58110377783 0.47706813329 0.59053319546 0.60094047654 0.58216065535 0.52813201340 0.59028002387 0.57190563754 0.41341235579 0.58678724567 0.42766514090 0.43718309145 0.61400311328 0.32007660253 0.57494238273 0.59035318993 0.51822520463 0.53620437151 0.79159335735 0.52108924300 0.60889192625 0.76874387300 1.11502338503 1.68695985241 -201.2497972967 0.06601856728   -2 
  14 0.00000450286 0.00091667180 -50.779564085 0.12051308519 0.00919960655 0.10847975285 0.56907575652 0.49050896487 0.53321862587 0.43620572438 0.58103536037 0.47717355125 0.59098426009 0.60091711627 0.58086523717 0.52815691592 0.59205463191 0.57371895457 0.41448150269 0.58572795480 0.42849882018 0.43766895980 0.61391337731 0.31804731513 0.57583661318 0.59185668209 0.51791090067 0.53686406117 0.79218007322 0.52042053024 0.60872422470 0.77097261986 1.11394135115 1.69155369927 -201.2366196931 0.03315688124   -2 
  15 0.00000450287 0.00091606847 -51.163141945 0.12025777449 0.00920030688 0.10848615923 0.56877846612 0.48987647247 0.53244972238 0.43696723071 0.58046993498 0.47689351192 0.59148936984 0.60123230510 0.58081014200 0.52808308494 0.59259084954 0.57443690036 0.41515142287 0.58497808243 0.42877506752 0.43805737464 0.61358294388 0.31698221981 0.57612658085 0.59227036701 0.51794275256 0.53723683449 0.79210142869 0.52015537406 0.60877024396 0.77174282566 1.11272516082 1.69332829066 -201.2301274777 0.06399031519   -2 
  16 0.00000450290 0.00091708843 -51.948661582 0.11969273948 0.00920181205 0.10849934026 0.56835374450 0.48886409334 0.53121174470 0.43856031150 0.57924954934 0.47625531774 0.59258069600 0.60198604052 0.58097131787 0.52792351454 0.59348159480 0.57574118158 0.41650003310 0.58347287761 0.42925383137 0.43887008451 0.61284548241 0.31491972714 0.57662674878 0.59293333341 0.51808829730 0.53797814039 0.79181039388 0.51967938145 0.60891932645 0.77309020461 1.11014512133 1.69652945372 -201.2207655311 0.03927884047   -2 
  17 0.00000450288 0.00091674834 -51.476756546 0.12004791537 0.00920089889 0.10849153587 0.56906507974 0.49047716430 0.53310889722 0.43723691716 0.57990963582 0.47645408682 0.59176611443 0.60160147458 0.58152505959 0.52792939084 0.59216410601 0.57427226080 0.41548658761 0.58450104153 0.42865080373 0.43834525773 0.61309355157 0.31651342085 0.57597255445 0.59191430411 0.51817937822 0.53738962434 0.79154538297 0.52013487995 0.60892868948 0.77147400288 1.11146961934 1.69279335976 -201.2112775460 0.02719620889   -2 
  18 0.00000450291 0.00091577113 -52.425661802 0.11938539413 0.00920278495 0.10850813846 0.56780367933 0.49105328472 0.53491658672 0.43907871032 0.57719952832 0.47443723577 0.59336859262 0.60372768539 0.58592039651 0.52733427091 0.58918873904 0.57240248950 0.41629244625 0.58313792643 0.42740699023 0.43938264984 0.61094456921 0.31619749511 0.57457321881 0.58901430802 0.51968454917 0.53761066776 0.78854888464 0.52072297731 0.60993723471 0.76837758749 1.10656396112 1.68759077851 -201.1757606088 0.11903805934   -2 
  19 0.00000450293 0.00091735507 -52.930701026 0.11899273045 0.00920385657 0.10851704728 0.56743448349 0.49139880432 0.53585592352 0.44000331617 0.57589391938 0.47342985717 0.59419255617 0.60483087264 0.58822381244 0.52703504597 0.58763663949 0.57141412136 0.41670783974 0.58244722459 0.42674374550 0.43992965912 0.60982428555 0.31605536420 0.57382817139 0.58747168990 0.52049184658 0.53772277386 0.78697161516 0.52104689597 0.61047861987 0.76672001321 1.10401573572 1.68483610474 -201.1606742834 0.03464241103   -2 
  20 0.00000450295 0.00091784310 -53.465532878 0.11863928539 0.00920495278 0.10852672984 0.57106752800 0.49076593900 0.53424293576 0.43859490566 0.57712934252 0.47360396219 0.59331367387 0.60417741839 0.58808691793 0.52676266163 0.58667496288 0.57043709771 0.41656678343 0.58221595454 0.42598307330 0.44007216644 0.60903591945 0.31632042323 0.57295064537 0.58590312028 0.52104330974 0.53751157380 0.78560697914 0.52134204743 0.61077473731 0.76479748258 1.10250311020 1.68191953077 -201.1387350540 0.05555046148   -2 
  21 0.00000450295 0.00091707667 -53.567631311 0.11858650097 0.00920513825 0.10852852662 0.57128166199 0.49065551175 0.53395415905 0.43830973695 0.57737311661 0.47366382834 0.59311202270 0.60400476671 0.58796743408 0.52671279702 0.58653488797 0.57027226690 0.41651899873 0.58218751759 0.42584701470 0.44007794471 0.60890990680 0.31637954253 0.57279213843 0.58563113906 0.52112433996 0.53745935056 0.78537713442 0.52138821467 0.61081177402 0.76445424645 1.10227547035 1.68141543224 -201.1353080938 0.04188254976   -2 
  22 0.00000450300 0.00091885493 -54.801813925 0.11762469610 0.00920795906 0.10855147352 0.56789225752 0.49022192601 0.53141092716 0.43491146383 0.58088877499 0.47504617486 0.59045763050 0.60146327954 0.58537128507 0.52630167792 0.58561035368 0.56868477716 0.41569772019 0.58221587547 0.42432466944 0.43992163777 0.60780481956 0.31730405761 0.57101297718 0.58266852392 0.52189457924 0.53670326932 0.78305975835 0.52190724417 0.61109880083 0.76055334135 1.10052680467 1.67631652953 -201.0977860698 0.02640899401   -2 
  23 0.00000450301 0.00091938656 -55.131833886 0.11737017167 0.00920870809 0.10855754385 0.56714788895 0.49010511452 0.53089695676 0.43414481497 0.58159177803 0.47534889451 0.58980086575 0.60081421963 0.58467370223 0.52617967551 0.58538806637 0.56828899122 0.41546690150 0.58220934574 0.42393604352 0.43985652229 0.60752416889 0.31754118128 0.57055494880 0.58192462553 0.52206115052 0.53649013921 0.78247353585 0.52202108289 0.61114356827 0.75956402561 1.10008780153 1.67502700799 -201.0961567279 0.03280744300   -2 
  24 0.00000450308 0.00091879407 -57.058701589 0.11599402567 0.00921289747 0.10859226716 0.56672497858 0.48918563677 0.53133736909 0.43269818257 0.58013480006 0.47546528142 0.58705429618 0.59763413974 0.58051520494 0.52511340377 0.58450296285 0.56649847533 0.41383461949 0.58176394270 0.42199665513 0.43893316994 0.60610819653 0.31868316708 0.56817564994 0.57849965705 0.52213895259 0.53495341674 0.77964080057 0.52210468407 0.61066088439 0.75479039024 1.09794528457 1.66878888414 -201.0706092206 0.15122097558   -2 
  25 0.00000450319 0.00092248555 -60.272681462 0.11373434437 0.00921976710 0.10864810626 0.56655803574 0.48788598084 0.53224554707 0.43068607241 0.57759042836 0.47555074184 0.58289317061 0.59275797901 0.57406965936 0.52342052026 0.58313818684 0.56371943933 0.41124232481 0.58103208575 0.41895415173 0.43743524305 0.60388189314 0.32049455878 0.56443363390 0.57315353717 0.52220294480 0.53249604570 0.77519798241 0.52219727970 0.60984217666 0.74731978112 1.09457135664 1.65904718616 -201.0297010228 0.04383942725   -2 
  26 0.00000450337 0.00092309496 -65.719112940 0.11048043660 0.00923026133 0.10873586327 0.56759441409 0.48734385989 0.53098833120 0.43275259109 0.56969767409 0.47161487445 0.58136685780 0.59005488672 0.56956101489 0.52026202753 0.58069598333 0.56057641122 0.40754972054 0.57824008645 0.41532107029 0.43437824157 0.60048274432 0.32196742148 0.55969363728 0.56738832328 0.52023978692 0.52841138056 0.76954081928 0.52071220829 0.60688710315 0.73890710888 1.08865379524 1.64725147798 -200.9678023069 0.12892571576   -2 
  27 0.00000450344 0.00092546049 -68.104194162 0.10913263717 0.00923466028 0.10877222282 0.56795799869 0.48719111683 0.53044610732 0.43364920021 0.56664603054 0.46997757178 0.58088073742 0.58910992274 0.56792846657 0.51898315046 0.57969756633 0.55934081785 0.40607136166 0.57706053931 0.41388176909 0.43311774134 0.59910259055 0.32252258502 0.55780424701 0.56512790397 0.51937476355 0.52674306637 0.76727949008 0.52005080416 0.60562893177 0.73559519525 1.08621832323 1.64257430900 -200.9502108640 0.05299821878   -2 
  28 0.00000450360 0.00092895178 -73.732908167 0.10649604039 0.00924398065 0.10885281115 0.56156637238 0.48663166231 0.52711051156 0.43466632672 0.56583221906 0.46583225388 0.58259308421 0.59085956963 0.57009222136 0.51643725433 0.57716109045 0.55783690012 0.40384873985 0.57327548414 0.41213077649 0.43015826337 0.59627952177 0.32191513495 0.55515715577 0.56305438246 0.51567915162 0.52328377919 0.76383479276 0.51697621061 0.60148619887 0.73218411181 1.08022335842 1.63615383872 -200.8809199300 0.07586510791   -2 
  29 0.00000450363 0.00092784011 -74.515765773 0.10621237440 0.00924511325 0.10886337423 0.56141997692 0.48641057320 0.52668220523 0.43454944889 0.56597989159 0.46535866608 0.58275327215 0.59110828662 0.57053096337 0.51611621497 0.57678962142 0.55766972580 0.40362211587 0.57272123016 0.41197910608 0.42976790698 0.59590816289 0.32170394563 0.55489229273 0.56294024795 0.51509221478 0.52284789946 0.76345283592 0.51646972910 0.60086331572 0.73195852324 1.07937786762 1.63543390805 -200.8714526220 0.08822335713   -2 
  30 0.00000450381 0.00093028992 -81.557188746 0.10376361382 0.00925497912 0.10895457759 0.56569450393 0.48434509667 0.52377457051 0.43232592686 0.56904648314 0.46203436504 0.58392758215 0.59350711244 0.57532270687 0.51363011973 0.57358702119 0.55656745180 0.40215194233 0.56781550457 0.41121412126 0.42649803730 0.59285613365 0.31914576421 0.55321244639 0.56299232861 0.50955886997 0.51930501865 0.76074296354 0.51159693316 0.59516062874 0.73146168150 1.07204618757 1.63043368745 -200.7850089760 0.03922323734   -2 
  31 0.00000450386 0.00093080863 -83.472793728 0.10315598604 0.00925750533 0.10897809119 0.56656762184 0.48394193665 0.52327873977 0.43168603332 0.56979111048 0.46135331237 0.58408516657 0.59399463339 0.57645625058 0.51304679982 0.57280039895 0.55630336585 0.40183054399 0.56660396570 0.41106857815 0.42569385403 0.59210379212 0.31841778283 0.55284216209 0.56309084741 0.50813111486 0.51843757426 0.76010584968 0.51031995778 0.59369927778 0.73146280172 1.07020926946 1.62923623954 -200.7812826348 0.04791785264   -2 
  32 0.00000450398 0.00093040588 -88.221067260 0.10184882408 0.00926341295 0.10903480787 0.56504401711 0.48460115566 0.52505658038 0.42956821400 0.57065689595 0.46176714799 0.58270282169 0.59347050312 0.57764113435 0.51231674409 0.57139175169 0.55586942107 0.40169988057 0.56433297456 0.41128123555 0.42419923221 0.59068977515 0.31589422628 0.55263997637 0.56423167299 0.50467267015 0.51686144545 0.75924461422 0.50700194694 0.59027211205 0.73285934140 1.06642209034 1.62730906784 -200.7495957562 0.14404255511   -2 
  33 0.00000450408 0.00093322478 -92.178309128 0.10076912107 0.00926822825 0.10908018253 0.56395892411 0.48526924730 0.52664447999 0.42796367171 0.57125012865 0.46227051682 0.58152295285 0.59293932411 0.57842854668 0.51181625331 0.57035210511 0.55555460761 0.40165426168 0.56262795469 0.41149736221 0.42306750133 0.58962200404 0.31385014221 0.55254070625 0.56520568084 0.50196531207 0.51566752644 0.75862761995 0.50437969309 0.58759413993 0.73407532346 1.06352319579 1.62589044058 -200.7238492407 0.03688845120   -2 
  34 0.00000450424 0.00093386372 -99.100326508 0.09906839485 0.00927643195 0.10915810913 0.56456597116 0.48547932559 0.52781844849 0.42753588612 0.56724656130 0.46543220065 0.57719820395 0.58838104154 0.57421766568 0.51214133266 0.56997345128 0.55491614242 0.40243116390 0.56195740413 0.41238504140 0.42235851347 0.58875110987 0.30962522802 0.55315614380 0.56728935578 0.49849484967 0.51484661811 0.75838385339 0.50040949589 0.58421724891 0.73717095370 1.06081487927 1.62371597180 -200.6856272525 0.06911831987   -2 
  35 0.00000450426 0.00093490845 -99.838253962 0.09887268490 0.00927733264 0.10916630431 0.56467990498 0.48547292380 0.52783766450 0.42756753503 0.56682894011 0.46574018781 0.57679132129 0.58790564214 0.57370459176 0.51219432881 0.56996940361 0.55484729098 0.40252303658 0.56194959157 0.41247901971 0.42231981124 0.58868742529 0.30918794326 0.55322852505 0.56749136487 0.49818627252 0.51479475031 0.75837063024 0.50003142382 0.58391641149 0.73748382130 1.06060469580 1.62348578590 -200.6816167353 0.02834619138   -2 
  36 0.00000450434 0.00093537421 -102.76975406 0.09805475071 0.00928123855 0.10920094259 0.56442009975 0.48400578714 0.52481641582 0.42903299672 0.56488927769 0.46595676113 0.57592589574 0.58579338357 0.56979991889 0.51257108272 0.57047935697 0.55428622561 0.40299437388 0.56311871376 0.41275417006 0.42286049494 0.58885955691 0.30741648878 0.55352953147 0.56774626770 0.49805416596 0.51523868463 0.75835095313 0.49922687226 0.58375413351 0.73824019908 1.06106389073 1.62177196929 -200.6660159069 0.02146335991   -2 
  37 0.00000450434 0.00093576774 -102.89129727 0.09801046250 0.00928144031 0.10920258106 0.56438723621 0.48398336363 0.52471199192 0.42908755296 0.56487825931 0.46586941468 0.57595665308 0.58575050679 0.56962157253 0.51257216686 0.57050484806 0.55424062182 0.40300513094 0.56321080412 0.41274676995 0.42291582540 0.58887877773 0.30735129039 0.55352659934 0.56770305057 0.49811728416 0.51528784948 0.75833421634 0.49924186335 0.58381037424 0.73821109476 1.06113451687 1.62162736502 -200.6653723588 0.02193129644   -2 
  38 0.00000450439 0.00093577961 -104.33503118 0.09753880810 0.00928390682 0.10922340389 0.56332471552 0.48390096260 0.52360573032 0.42948893316 0.56532261885 0.46378515645 0.57686894764 0.58562783953 0.56736219612 0.51235116332 0.57074743650 0.55341625371 0.40299396029 0.56464141717 0.41242750080 0.42385747081 0.58916182947 0.30667941808 0.55327985913 0.56659392136 0.49952701155 0.51613506078 0.75790192833 0.49989379609 0.58507679726 0.73717665831 1.06236312776 1.61899597052 -200.6580287137 0.01559875677   -2 
  39 0.00000450440 0.00093620808 -104.71889745 0.09743009185 0.00928462175 0.10922971543 0.56383329466 0.48397023655 0.52383457334 0.42931487138 0.56550471301 0.46316848036 0.57709103264 0.58574646487 0.56706132659 0.51217430764 0.57069901806 0.55313211755 0.40290388974 0.56497349460 0.41223717823 0.42414949136 0.58919645942 0.30657020895 0.55310235532 0.56607325880 0.50009741089 0.51640484369 0.75766524709 0.50023278516 0.58558787108 0.73661091344 1.06266741873 1.61805381828 -200.6561778874 0.03866706891   -2 
  40 0.00000450442 0.00093564952 -105.25763296 0.09730500656 0.00928558023 0.10923855542 0.56452108955 0.48404526406 0.52420838747 0.42901357990 0.56573428882 0.46232662140 0.57736354025 0.58592023077 0.56670950037 0.51190238801 0.57059915054 0.55272659490 0.40275858747 0.56540270904 0.41195220171 0.42455057390 0.58922670813 0.30643351902 0.55283159735 0.56531324396 0.50091056135 0.51677651996 0.75730925327 0.50072551694 0.58631512324 0.73577381137 1.06305879662 1.61670524619 -200.6536653370 0.01041086855   -2 
  41 0.00000450445 0.00093612130 -105.77943232 0.09724090004 0.00928667510 0.10924947516 0.56401345173 0.48427927386 0.52530811880 0.42841588517 0.56577560735 0.46239224116 0.57721666691 0.58634090263 0.56761839947 0.51152019764 0.57025082266 0.55244442140 0.40243627176 0.56538404254 0.41149587902 0.42487755512 0.58910985425 0.30653824731 0.55236204165 0.56425874450 0.50194256697 0.51711459267 0.75677375829 0.50150940816 0.58724203755 0.73446990728 1.06310788120 1.61562079313 -200.6513721160 0.02274059866   -2 
  42 0.00000450445 0.00093583630 -105.78661402 0.09724620410 0.00928668451 0.10924966473 0.56400555875 0.48426302904 0.52528228169 0.42841362192 0.56576212768 0.46241504059 0.57720037718 0.58633906589 0.56764576832 0.51151521532 0.57024111715 0.55244572313 0.40242867345 0.56536756973 0.41148781301 0.42487490691 0.58910266207 0.30654553849 0.55235262841 0.56424450119 0.50195205168 0.51711346811 0.75676410555 0.50152098057 0.58725051579 0.73444867976 1.06309250699 1.61562166745 -200.6509872105 0.00768654694   -2 
  43 0.00000450446 0.00093592057 -105.83801117 0.09726579201 0.00928701012 0.10925310936 0.56447871028 0.48399523920 0.52449277894 0.42860030549 0.56553717754 0.46309711130 0.57690682841 0.58629687719 0.56827384237 0.51152226788 0.57012091460 0.55259937170 0.40231510738 0.56497865009 0.41138323893 0.42476816666 0.58897861281 0.30673892153 0.55222493768 0.56409620469 0.50204522510 0.51704853685 0.75666231681 0.50171632366 0.58734044897 0.73416628988 1.06275629895 1.61604254012 -200.6498127380 0.00525855421   -2 
  44 0.00000450447 0.00093607723 -105.87452915 0.09726508452 0.00928734324 0.10925627562 0.56403970070 0.48403819432 0.52441173365 0.42868874559 0.56546590846 0.46345875611 0.57676959298 0.58627232915 0.56864047168 0.51153752367 0.57005201413 0.55271468647 0.40223452118 0.56470091029 0.41130931702 0.42467973094 0.58888996394 0.30690346758 0.55213443977 0.56399777530 0.50210771865 0.51699236212 0.75659627891 0.50186953620 0.58740270024 0.73396455421 1.06251075206 1.61636723273 -200.6494309994 0.00559322527   -2 
  45 0.00000450447 0.00093600407 -105.87905547 0.09726602177 0.00928738033 0.10925664518 0.56401269616 0.48404203015 0.52441857651 0.42869118669 0.56546043851 0.46348203942 0.57675839983 0.58626809495 0.56866739934 0.51153773615 0.57004466535 0.55272406186 0.40222592814 0.56467336021 0.41130134866 0.42466987449 0.58888022259 0.30692096043 0.55212460041 0.56398734516 0.50211317340 0.51698567366 0.75658865999 0.50188496422 0.58740813613 0.73394332476 1.06248466722 1.61639381873 -200.6494021639 0.00321939390   -2 
  46 0.00000450449 0.00093596989 -105.93474889 0.09725496434 0.00928798826 0.10926224824 0.56416039882 0.48414193828 0.52480035976 0.42864400089 0.56546521835 0.46357353866 0.57669791920 0.58621669744 0.56885837192 0.51153695492 0.56996753952 0.55282154093 0.40211933579 0.56435271383 0.41120075506 0.42453843546 0.58875918951 0.30716147003 0.55200038107 0.56385895103 0.50217673484 0.51689301673 0.75649403164 0.50208734367 0.58747262276 0.73367560921 1.06216414198 1.61667610481 -200.6491719098 0.00158085509   -2 
  47 0.00000450449 0.00093596273 -105.94638286 0.09725237531 0.00928811717 0.10926343185 0.56418679709 0.48415803493 0.52486534936 0.42863487758 0.56546871122 0.46358549881 0.57668987395 0.58620812875 0.56889027297 0.51153709492 0.56995388382 0.55283984628 0.40209879867 0.56429227832 0.41118118074 0.42451259379 0.58873605484 0.30721016883 0.55197626869 0.56383404922 0.50218932849 0.51687464013 0.75647592545 0.50212791899 0.58748546394 0.73362323609 1.06210273813 1.61672919442 -200.6491658797 0.00181391783   -2 
  48 0.00000450452 0.00093591925 -106.04202773 0.09721798108 0.00928926485 0.10927377688 0.56415177703 0.48406123200 0.52466664068 0.42860308409 0.56560924197 0.46335747951 0.57683736133 0.58624246936 0.56877813580 0.51155321953 0.56995954458 0.55289170795 0.40201406040 0.56411140240 0.41109034957 0.42437934954 0.58865033648 0.30753311864 0.55186743386 0.56372244394 0.50226004721 0.51677191282 0.75640838154 0.50237757965 0.58756065354 0.73336575843 1.06187417444 1.61688190259 -200.6490230280 0.00580561974   -2 
  49 0.00000450453 0.00093599678 -106.06076882 0.09720983722 0.00928949846 0.10927586278 0.56414907302 0.48404705718 0.52463136913 0.42859839923 0.56563366581 0.46331486134 0.57686497583 0.58624952854 0.56875485034 0.51155633939 0.56996160397 0.55290049563 0.40199865437 0.56408018245 0.41107354625 0.42435445947 0.58863496424 0.30759544463 0.55184735864 0.56370183164 0.50227337324 0.51675246500 0.75639614217 0.50242524513 0.58757486731 0.73331777346 1.06183313452 1.61690751646 -200.6489894053 0.00124139597   -2 
  50 0.00000450455 0.00093597104 -106.13898384 0.09719565731 0.00929038293 0.10928403715 0.56408295353 0.48413434390 0.52466964025 0.42860050560 0.56543797961 0.46328987192 0.57678303634 0.58621486890 0.56860582430 0.51152248304 0.56996432672 0.55282049500 0.40199818267 0.56416649772 0.41106177845 0.42433372536 0.58863381949 0.30769471279 0.55183283474 0.56368631131 0.50226287350 0.51671841736 0.75637670905 0.50246678860 0.58756484147 0.73328607082 1.06184860194 1.61665806898 -200.6489333300 0.00488403994   -2 
  51 0.00000450456 0.00093604883 -106.17618005 0.09718724879 0.00929081354 0.10928799131 0.56406390774 0.48417234463 0.52468869225 0.42860230909 0.56535039736 0.46328050549 0.57674502060 0.58619914014 0.56853769090 0.51150675161 0.56996590402 0.55278260670 0.40199870303 0.56420904573 0.41105689825 0.42432482959 0.58863409201 0.30774059597 0.55182680084 0.56367980849 0.50225742601 0.51670284918 0.75636811434 0.50248518991 0.58755959451 0.73327285046 1.06185799907 1.61653971492 -200.6489075479 0.00158440115   -2 
  52 0.00000450458 0.00093601012 -106.25410697 0.09717056566 0.00929171269 0.10929625538 0.56420416606 0.48404174608 0.52465788248 0.42858922905 0.56534191051 0.46329480579 0.57668952799 0.58616533154 0.56848250676 0.51147387153 0.56995168194 0.55271498389 0.40200460760 0.56428162430 0.41105492210 0.42432163674 0.58863526217 0.30778330438 0.55182271476 0.56367517272 0.50223052159 0.51668156701 0.75634971536 0.50247887912 0.58753124694 0.73327389005 1.06188210732 1.61632600415 -200.6488595781 0.00371773229   -2 
  53 0.00000450459 0.00093606173 -106.26175544 0.09716774417 0.00929180792 0.10929711291 0.56421021264 0.48403299995 0.52465569973 0.42858854912 0.56534728022 0.46329737378 0.57668673261 0.58616326233 0.56848101002 0.51147142431 0.56995035224 0.55270976311 0.40200544706 0.56428788760 0.41105511169 0.42432191349 0.58863562258 0.30778600106 0.55182276204 0.56367517516 0.50222766706 0.51668000049 0.75634826843 0.50247711449 0.58752820257 0.73327501530 1.06188480804 1.61630914850 -200.6488479001 0.00168572751   -2 
  54 0.00000450460 0.00093609798 -106.31824558 0.09715068477 0.00929248793 0.10930328959 0.56403066885 0.48402883724 0.52463053009 0.42857890244 0.56544860238 0.46331653868 0.57669509821 0.58615540719 0.56851885377 0.51145933069 0.56993278117 0.55269103214 0.40200961803 0.56430358921 0.41105763539 0.42432806268 0.58863382515 0.30777830612 0.55182365999 0.56367598782 0.50220241295 0.51667353889 0.75633582073 0.50244511319 0.58750043793 0.73328959152 1.06189006124 1.61624514552 -200.6488016736 0.00179251046   -2 
  55 0.00000450461 0.00093607104 -106.33036172 0.09714789313 0.00929262977 0.10930458993 0.56401169347 0.48402924792 0.52462482761 0.42857599634 0.56546545611 0.46331877359 0.57669661303 0.58615316980 0.56852696280 0.51145660439 0.56992823983 0.55268775158 0.40200990461 0.56430423952 0.41105780196 0.42432909353 0.58863256579 0.30777514486 0.55182331303 0.56367563976 0.50219676800 0.51667209163 0.75633248089 0.50243736653 0.58749416253 0.73329205960 1.06188905799 1.61623370722 -200.6487970276 0.00189313335   -2 
  56 0.00000450471 0.00093610498 -106.65355151 0.09706509189 0.00929648398 0.10933980274 0.56403815156 0.48410564640 0.52450543401 0.42850014429 0.56583270165 0.46335395783 0.57674980452 0.58609904542 0.56875811353 0.51139110767 0.56980202668 0.55262475849 0.40201023392 0.56427479263 0.41105920497 0.42435574516 0.58858849021 0.30765990981 0.55180907283 0.56366164794 0.50204329919 0.51663628925 0.75623728344 0.50221233524 0.58732209796 0.73335348385 1.06183371199 1.61599936910 -200.6486840162 0.00283394284   -2 
  57 0.00000450471 0.00093604287 -106.67460162 0.09706237814 0.00929672559 0.10934205064 0.56406486628 0.48409720468 0.52451491684 0.42850078116 0.56580707183 0.46334936255 0.57674617065 0.58609646914 0.56875602297 0.51138847988 0.56979753830 0.55262287010 0.40200845758 0.56426865948 0.41105781007 0.42435536129 0.58858429913 0.30765208730 0.55180641101 0.56365899154 0.50203579306 0.51663360407 0.75623100536 0.50220048858 0.58731332316 0.73335283143 1.06182549179 1.61599086544 -200.6486646088 0.00431113788   -2 
  58 0.00000450475 0.00093609116 -106.80656542 0.09704040909 0.00929828624 0.10935648814 0.56430080815 0.48403568610 0.52462334300 0.42852429703 0.56555569767 0.46331253625 0.57671680112 0.58608981289 0.56871317279 0.51137995980 0.56978222603 0.55262000853 0.40199567669 0.56422504392 0.41104786909 0.42435053705 0.58855847286 0.30760233179 0.55178865281 0.56364120434 0.50199514485 0.51661785271 0.75619511629 0.50213241929 0.58726472827 0.73334236852 1.06177019740 1.61596365949 -200.6485490500 0.00237624304   -2 
  59 0.00000450480 0.00093620284 -106.95035736 0.09701516136 0.00930001239 0.10937243245 0.56428814150 0.48399926945 0.52473547700 0.42856506397 0.56524876312 0.46326697215 0.57667745534 0.58609335130 0.56862392323 0.51138116541 0.56978518353 0.55262751704 0.40197864853 0.56417339535 0.41103418979 0.42433958142 0.58853145722 0.30755102495 0.55176683361 0.56361916407 0.50196423614 0.51660180811 0.75616229393 0.50207430358 0.58722554806 0.73331741842 1.06170423358 1.61596665903 -200.6484863434 0.00524069227   -2 
  60 0.00000450482 0.00093615424 -107.00581209 0.09700663640 0.00930067183 0.10937854170 0.56425192389 0.48398755390 0.52476630535 0.42857824330 0.56514038987 0.46324890916 0.57666086689 0.58609353504 0.56858640722 0.51138127512 0.56978664129 0.55262992966 0.40197140693 0.56415300312 0.41102823510 0.42433434303 0.58852056826 0.30753184052 0.55175766066 0.56360988850 0.50195341416 0.51659527548 0.75614951111 0.50205365613 0.58721158164 0.73330573054 1.06167760843 1.61596654120 -200.6484539337 0.00288591102   -2 
  61 0.00000450485 0.00093627575 -107.11136261 0.09698304037 0.00930198518 0.10939059381 0.56405805326 0.48400373854 0.52475017009 0.42859247929 0.56503206081 0.46321997897 0.57663082355 0.58609372032 0.56850484858 0.51138372906 0.56979632408 0.55263568829 0.40195547369 0.56411536207 0.41101444315 0.42431979384 0.58850022977 0.30749901097 0.55173789161 0.56358974728 0.50194133580 0.51658242952 0.75612811285 0.50202628929 0.58719390554 0.73327334907 1.06162482565 1.61597017067 -200.6483934467 0.00376713294   -2 
  62 0.00000450486 0.00093623509 -107.13882720 0.09697761768 0.00930232480 0.10939372043 0.56401135888 0.48400681491 0.52473045254 0.42859090977 0.56502201600 0.46321229304 0.57662157506 0.58609090194 0.56848267548 0.51138284068 0.56979759373 0.55263542469 0.40195043991 0.56410514590 0.41100991942 0.42431474432 0.58849401808 0.30749115441 0.55173163001 0.56358336537 0.50193887519 0.51657835552 0.75612172268 0.50202073512 0.58719001813 0.73326248340 1.06160933526 1.61596608392 -200.6483765782 0.00256999721   -2 
  63 0.00000450494 0.00093632869 -107.36349231 0.09691843522 0.00930523063 0.10942024523 0.56383847853 0.48404218490 0.52441879052 0.42852666655 0.56518213649 0.46315889209 0.57654345005 0.58604480560 0.56830213175 0.51136401338 0.56980043159 0.55261851796 0.40190137063 0.56402203593 0.41096403857 0.42426045065 0.58843679803 0.30743505861 0.55167021700 0.56352057005 0.50192970933 0.51653860636 0.75606487116 0.50199597894 0.58716965034 0.73314758939 1.06146965726 1.61589067868 -200.6482765113 0.00306966671   -2 
  64 0.00000450500 0.00093642405 -107.53686324 0.09687140455 0.00930749610 0.10944090136 0.56387651200 0.48403369014 0.52422300291 0.42846358530 0.56532595645 0.46311975023 0.57648278854 0.58599585318 0.56817890248 0.51133898798 0.56978941666 0.55259343211 0.40186022002 0.56395811202 0.41092469883 0.42421371693 0.58838780751 0.30739502903 0.55161779876 0.56346694005 0.50192200550 0.51650337984 0.75601454081 0.50198076965 0.58715337108 0.73305029069 1.06135448526 1.61579723120 -200.6482186876 0.00549329322   -2 
  65 0.00000450503 0.00093635735 -107.63149177  0.0968478594 0.00930872199 0.10945210939 0.56391938636 0.48401656862 0.52413822166 0.42842694580 0.56539648102 0.46309824127 0.57644923821 0.58596513246 0.56811747294 0.51132175634 0.56977849365 0.55257574464 0.40183691352 0.56392319515 0.41090218791 0.42418707932 0.58835946532 0.30737408474 0.55158778962 0.56343624087 0.50191679638 0.51648270352 0.75598466212 0.50197274055 0.58714348446 0.73299538602 1.06128942850 1.61573438406 -200.6481787863 0.00346972300   -2 
  66 0.00000450509 0.00093642036 -107.81239595 0.09679928925 0.00931110724 0.10947386359 0.56410138952 0.48395333830 0.52411508740 0.42836157037 0.56549020589 0.46306471725 0.57639488234 0.58589875686 0.56803693694 0.51127804173 0.56974083126 0.55252887656 0.40179094480 0.56386091768 0.41085646851 0.42413305500 0.58830168558 0.30733850645 0.55152682008 0.56337372435 0.50190388586 0.51643837732 0.75592055337 0.50195976725 0.58712181799 0.73288563025 1.06116211820 1.61557462788 -200.6481134667 0.00429049717   -2 
  67 0.00000450512 0.00093635292 -107.89258323 0.09677962459 0.00931215666 0.10948346079 0.56415773765 0.48392142979 0.52414022156 0.42833623523 0.56550969592 0.46305157419 0.57637363442 0.58586806199 0.56801251795 0.51125569562 0.56971904953 0.55250447231 0.40177049863 0.56383484899 0.41083573877 0.42410869852 0.58827520233 0.30732413171 0.55149910555 0.56334526527 0.50189665407 0.51641740726 0.75589002625 0.50195401252 0.58711076707 0.73283669764 1.06110526578 1.61549256299 -200.6480824078 0.00406787623   -2 
  68 0.00000450525 0.00093642285 -108.26539966 0.09668201633 0.00931709423 0.10952851600 0.56430656852 0.48379523413 0.52441623930 0.42824953853 0.56551278738 0.46300712330 0.57630000728 0.58573286813 0.56795724568 0.51114613425 0.56960348436 0.55238203517 0.40167819368 0.56372591258 0.41073994539 0.42399627102 0.58815302295 0.30726414090 0.55137081852 0.56321314403 0.50185866476 0.51631651685 0.75574401843 0.50192900852 0.58705553889 0.73261228939 1.06084957869 1.61508152834 -200.6479601042 0.00444004174   -2 
  69 0.00000450528 0.00093634497 -108.37058778 0.09665817716 0.00931848319 0.10954124531 0.56412147876 0.48381636074 0.52450058881 0.42825876867 0.56542917989 0.46300518104 0.57629840739 0.58571009230 0.56798294852 0.51111544518 0.56956390789 0.55234510496 0.40165689905 0.56370681191 0.41071575161 0.42396844718 0.58812171419 0.30725313714 0.55133794687 0.56317890370 0.50184186103 0.51628642669 0.75570105750 0.50192007739 0.58703434409 0.73255808850 1.06078986165 1.61495576971 -200.6478457137 0.00890276024   -2 
  70 0.00000450532 0.00093649779 -108.47926278 0.09662996096 0.00931994803 0.10955461655 0.56392041419 0.48385532030 0.52458627076 0.42827834865 0.56532900722 0.46300746325 0.57630361242 0.58569289011 0.56802059989 0.51108542072 0.56952319824 0.55230790702 0.40163667519 0.56369103154 0.41069195760 0.42394114734 0.58809111672 0.30724337709 0.55130549132 0.56314493242 0.50182344392 0.51625535976 0.75565730073 0.50191074617 0.58701152722 0.73250511583 1.06073279545 1.61482756341 -200.6477265630 0.00195292232   -2 
  71 0.00000450537 0.00093658799 -108.60368857 0.09660475209 0.00932163020 0.10957007184 0.56381197720 0.48391518653 0.52455264883 0.42832692153 0.56513218813 0.46301181635 0.57631866015 0.58569080861 0.56809748853 0.51105152791 0.56946777634 0.55226268101 0.40162006133 0.56368577688 0.41066869436 0.42391616775 0.58805896889 0.30724025025 0.55127259651 0.56310992216 0.50178891380 0.51621601198 0.75560187177 0.50189227739 0.58697228777 0.73245971047 1.06068223908 1.61466871220 -200.6476818195 0.00434603249   -2 
  72 0.00000450538 0.00093653479 -108.64536353 0.09659829929 0.00932218650 0.10957521254 0.56380157364 0.48392724854 0.52452535132 0.42834173491 0.56506516162 0.46301167426 0.57632193467 0.58569024614 0.56812280765 0.51103992726 0.56944833548 0.55224714078 0.40161493615 0.56368447687 0.41066117917 0.42390836432 0.58804813904 0.30723989716 0.55126181928 0.56309841896 0.50177564716 0.51620232962 0.75558244821 0.50188485047 0.58695743745 0.73244596648 1.06066575870 1.61461423237 -200.6476586092 0.00329720149   -2 
  73 0.00000450544 0.00093659951 -108.80454613 0.09657105323 0.00932436689 0.10959532042 0.56395633818 0.48394060252 0.52435796287 0.42839512153 0.56482963645 0.46300866259 0.57633249303 0.58569637092 0.56822127906 0.51099939075 0.56937528264 0.55219048544 0.40159990501 0.56368598643 0.41063576079 0.42388337072 0.58800977658 0.30724328732 0.55122440061 0.56305802586 0.50171706432 0.51614870301 0.75550715707 0.50185099908 0.58689288838 0.73240436176 1.06061290332 1.61441260882 -200.6475706582 0.00154633389   -2 
  74 0.00000450545 0.00093656054 -108.83278109 0.09656628269 0.00932477447 0.10959908017 0.56398772386 0.48391053742 0.52433306791 0.42838783544 0.56484429055 0.46300338927 0.57632644759 0.58569695039 0.56822328179 0.51099567315 0.56936721054 0.55218432184 0.40159943686 0.56368721570 0.41063330376 0.42388184071 0.58800491775 0.30724592552 0.55122020629 0.56305330703 0.50170320214 0.51613940811 0.75549481299 0.50184169680 0.58687796120 0.73240328135 1.06060751008 1.61438936731 -200.6475581134 0.00330109591   -2 
  75 0.00000450548 0.00093661407 -108.91497927 0.09654881644 0.00932599864 0.10961031859 0.56408114034 0.48381624803 0.52427123808 0.42836035399 0.56492019310 0.46298758162 0.57630729226 0.58570060106 0.56822243612 0.51098822044 0.56934808807 0.55216992254 0.40159996188 0.56369252440 0.41062785968 0.42387957446 0.58799287773 0.30725508974 0.55121013054 0.56304167546 0.50166129393 0.51611292064 0.75546054121 0.50181313008 0.58683298416 0.73240458019 1.06059572482 1.61433236341 -200.6475254959 0.00185094636   -2 
  76 0.00000450554 0.00093660836 -109.05597152 0.09651648755 0.00932817046 0.10963022648 0.56400065405 0.48371037685 0.52425215035 0.42828732681 0.56513585527 0.46295424770 0.57626092764 0.58569915511 0.56817610982 0.51098455716 0.56933236406 0.55215739102 0.40160478260 0.56369932137 0.41062340645 0.42388206727 0.58797747026 0.30727405417 0.55119897526 0.56302805144 0.50158591999 0.51607071378 0.75540855427 0.50175810369 0.58675221008 0.73241959921 1.06058227552 1.61427382760 -200.6474766967 0.00366408828   -2 
  77 0.00000450555 0.00093666492 -109.08890230 0.09650776823 0.00932869103 0.10963498087 0.56397944681 0.48369736356 0.52425440429 0.42827142010 0.56518313283 0.46294694067 0.57625050225 0.58569827523 0.56816340541 0.51098422433 0.56932988366 0.55215527708 0.40160603486 0.56370054580 0.41062262989 0.42388294717 0.58797421365 0.30727856815 0.55119671762 0.56302524305 0.50156848462 0.51606121471 0.75539711163 0.50174507433 0.58673348257 0.73242357495 1.06057938224 1.61426283871 -200.6474632872 0.00166963266   -2 
  78 0.00000450560 0.00093668189 -109.20258585 0.09647992732 0.00933053137 0.10965182670 0.56386117243 0.48378424670 0.52431771543 0.42822805550 0.56525356917 0.46292025535 0.57621036995 0.58567488181 0.56809066583  0.5109807348 0.56932706603 0.55215010920 0.40160702255 0.56369187296 0.41061937629 0.42388528440 0.58796117043 0.30729199521 0.55118823369 0.56301538353 0.50151134988 0.51603129673 0.75536152482 0.50169781578 0.58667120573 0.73243472524 1.06055981429 1.61423585946 -200.6474316260 0.00169532532   -2 
  79 0.00000450562 0.00093662687 -109.25590411 0.09646861001 0.00933141555 0.10965994413 0.56388129102 0.48384001618 0.52434489888 0.42822115737 0.56522228579 0.46290954172 0.57619403085 0.58565542323 0.56805155845 0.51097618370 0.56932606853 0.55214687451 0.40160467017 0.56368058617 0.41061665251 0.42388472492 0.58795323282 0.30729614383 0.55118281275 0.56300963192 0.50148795279 0.51601893307 0.75534666268 0.50167581472 0.58664498757 0.73243563581 1.06054380696 1.61422186494 -200.6474143476 0.00404955340   -2 
  80 0.00000450567 0.00093666237 -109.36130061 0.09644384412 0.00933319395 0.10967623564 0.56395112705 0.48395231932 0.52439916585 0.42821460091 0.56514478498 0.46289119009 0.57616560962 0.58561703866 0.56797562191 0.51096760885 0.56932562959 0.55214148526 0.40159972174 0.56365713631 0.41061142873 0.42388361719 0.58793795095 0.30730391858 0.55117238605 0.56299863604 0.50144336593 0.51599558748 0.75531905063 0.50163279734 0.58659474360 0.73243690908 1.06051183382 1.61419733753 -200.6473767931 0.00133816627   -2 
  81 0.00000450569 0.00093667459 -109.42285414 0.09642979161 0.00933424438 0.10968586585 0.56399450308 0.48398976802 0.52441744486 0.42821843093 0.56508734782 0.46288397762 0.57615429954 0.58559596727 0.56793735302 0.51096212980 0.56932549045 0.55213832981 0.40159586334 0.56364189975 0.41060803373 0.42388222769 0.58792894904 0.30730727809 0.55116600862 0.56299205204 0.50142034843 0.51598337496 0.75530474936 0.50160907369 0.58656834762 0.73243546245 1.06049127825 1.61418300555 -200.6473705205 0.00193099369   -2 
  82 0.00000450571 0.00093663838 -109.46769005 0.09642057252 0.00933501562 0.10969295213 0.56401430145 0.48398470662 0.52441542103 0.42822731302 0.56503939546 0.46288194441 0.57615104852 0.58558262462 0.56791670588 0.51095754836 0.56932500386 0.55213571590 0.40159205975 0.56362957574 0.41060512473 0.42388035178 0.58792223297 0.30730846624 0.55116096528 0.56298697071 0.50140668119 0.51597582528 0.75529594436 0.50159337509 0.58655216715 0.73243200552 1.06047473025 1.61417177069 -200.6473626606 0.00279762363   -2 
  83 0.00000450581 0.00093671519 -109.68076379 0.09637267897 0.00933874494 0.10972715199 0.56408862098 0.48390260555 0.52438119830 0.42828497286 0.56481334838 0.46288255235 0.57615074841 0.58552866541 0.56783903822 0.51093702584 0.56932432982 0.55212485400 0.40157299184 0.56357075254 0.41059134168 0.42387053105 0.58789177481 0.30731186061 0.55113747638 0.56296351803 0.50134938960 0.51594378433 0.75525956950 0.50152295317 0.58648289360 0.73241201217 1.06039579446 1.61412223251 -200.6473168156 0.00229872149   -2 
  84 0.00000450585 0.00093669066 -109.76611600 0.09635459150 0.00934025213 0.10974098985 0.56405066233 0.48384665994 0.52435021854 0.42830360223 0.56475344890 0.46288449374 0.57615381620 0.58551303372 0.56782352107 0.51092719250 0.56932046225 0.55211816680 0.40156359597 0.56354710496 0.41058452235 0.42386445701 0.58787872459 0.30731065554 0.55112667189 0.56295283582 0.50133162629 0.51593252775 0.75524607477 0.50149814672 0.58646036627 0.73239882747 1.06036180831 1.61409467183 -200.6472976824 0.00380527821   -2 
  85 0.00000450594 0.00093679601 -109.96730892 0.09630916344 0.00934384227 0.10977390570 0.56393901925 0.48371408566 0.52427333643 0.42834421099 0.56463902816 0.46289087045 0.57616391693 0.58548183146 0.56779829729 0.51090391552 0.56930980168 0.55210163562 0.40154075233 0.56349236540 0.41056792905 0.42384906684 0.58784802896 0.30730629142 0.55110073233 0.56292722593 0.50129337952 0.51590726702 0.75521551411 0.50144213745 0.58641094811 0.73236488490 1.06028111369 1.61402630502 -200.6472689117 0.00179086668   -2 
  86 0.00000450595 0.00093684534 -109.96992800 0.09630808570 0.00934392732 0.10977468008 0.56393362941 0.48373805089 0.52427041949 0.42832333484 0.56469204781 0.46288567741 0.57615743604 0.58548559114 0.56781219652 0.51089941406 0.56930099104 0.55209531987 0.40153745300 0.56349173995 0.41056478633 0.42384487406 0.58784451823 0.30730233070 0.55109682890 0.56292336391 0.50129770837 0.51590704426 0.75521274251 0.50144510119 0.58641519343 0.73235585329 1.06027412099 1.61400519016 -200.6472557517 0.00368208707   -2 
  87 0.00000450596 0.00093680351 -109.98330184 0.09630772586 0.00934430686 0.10977821119 0.56389498804 0.48383860966 0.52425082090 0.42822274336 0.56493332831 0.46285847053 0.57612331746 0.58549991251 0.56787475697 0.51087612896 0.56925705774 0.55206345057 0.40152084251 0.56348717554 0.41054896673 0.42382405310 0.58782633498 0.30728300118 0.55107707068 0.56290381020 0.50131750628 0.51590509576 0.75519776959 0.50145863428 0.58643451253 0.73231141518 1.06023875750 1.61389981893 -200.6472059352 0.00076601438   -2 
  88 0.00000450596 0.00093681200 -109.98360761 0.09630740549 0.00934433734 0.10977848755 0.56392507194 0.48380375659 0.52425705830 0.42823522390 0.56490193701 0.46286043139 0.57612615399 0.58549995892 0.56787396610 0.51087646618 0.56925727409 0.55206326579 0.40152022938 0.56348764314 0.41054819607 0.42382289974 0.58782590377 0.30728134332 0.55107620151 0.56290290919 0.50131938569 0.51590526287 0.75519738183 0.50146024309 0.58643647568 0.73230887652 1.06023812598 1.61389939878 -200.6472027385 0.00084913559   -2 
  89 0.00000450596 0.00093680002 -109.98417856 0.09630749160 0.00934435849 0.10977868535 0.56393029276 0.48379571202 0.52425818922 0.42823662866 0.56489752929 0.46286026438 0.57612605945 0.58550018588 0.56787518285 0.51087587477 0.56925608581 0.55206226347 0.40151951889 0.56348760136 0.41054745232 0.42382188330 0.58782518882 0.30728019708 0.55107530028 0.56290199984 0.50132054872 0.51590522383 0.75519675419 0.50146115169 0.58643765440 0.73230670336 1.06023695897 1.61389616171 -200.6472019759 0.00053515018   -2 
  90 0.00000450597 0.00093681136 -109.99090830 0.09630585963 0.00934463182 0.10978119679 0.56395498848 0.48375418651 0.52426763117 0.42823562590 0.56489791822 0.46285610264 0.57612198865 0.58550621468 0.56789749106 0.51086790564 0.56923948330 0.55204899977 0.40151069476 0.56348751888 0.41053834122 0.42380934870 0.58781644895 0.30726623239 0.55106426807 0.56289089595 0.50133546676 0.51590509257 0.75518943653 0.50147257007 0.58645270333 0.73227981237 1.06022179449 1.61385211580 -200.6471985062 0.00074988301   -2 
  91 0.00000450597 0.00093679990 -109.99506438 0.09630512754 0.00934479352 0.10978268734 0.56395778914 0.48373925987 0.52427081205 0.42823350172 0.56490087101 0.46285338989 0.57611916131 0.58550912710 0.56790952001 0.51086320369 0.56922994859 0.55204134073 0.40150556856 0.56348723041 0.41053304521 0.42380210085 0.58781130678 0.30725814049 0.55105783634 0.56288442033 0.50134386219 0.51590488814 0.75518506944 0.50147899622 0.58646116866 0.73226429321 1.06021296522 1.61382667128 -200.6471972758 0.00096150270   -2 
  92 0.00000450599 0.00093682718 -110.01256205 0.09630051298 0.00934549527 0.10978913124 0.56394868712 0.48370436292 0.52428073085 0.42822277710 0.56492053529 0.46284261054 0.57610787656 0.58552106424 0.56795833908 0.51084421156 0.56919131269 0.55201016956 0.40148436543 0.56348614445 0.41051104517 0.42377193375 0.58779013382 0.30722405309 0.55103114522 0.56285751888 0.50137907704 0.51590409770 0.75516707698 0.50150602556 0.58649671108 0.73219959048 1.06017617886 1.61372258106 -200.6471922043 0.00104725902   -2 
  93 0.00000450600 0.00093681396 -110.02188599 0.09629844443 0.00934585966 0.10979248375 0.56393413480 0.48370050528 0.52428086129 0.42821639887 0.56492957067 0.46283706004 0.57610179348 0.58552498727 0.56797871434 0.51083490309 0.56917306873 0.55199518434 0.40147390251 0.56348496350 0.41050012893 0.42375705304 0.58777952614 0.30720703125 0.55101786112 0.56284410645 0.50139582392 0.51590334252 0.75515778314 0.50151894129 0.58651360681 0.73216777478 1.06015750743 1.61367252359 -200.6471897652 0.00122130180   -2 
  94 0.00000450602 0.00093684350 -110.04112072 0.09629297048 0.00934662783 0.10979953218 0.56390112234 0.48371435236 0.52427593431 0.42820361103 0.56494678724 0.46282668243 0.57609022397 0.58553055782 0.56801374930 0.51081721901 0.56913899836 0.55196671743 0.40145335073 0.56348212143 0.41047851667 0.42372761857 0.58775862286 0.30717272327 0.55099155093 0.56281748108 0.50142857856 0.51590152623 0.75513914592 0.50154436363 0.58654666931 0.73210488587 1.06012072610 1.61357741756 -200.6471851117 0.00091117434   -2 
  95 0.00000450602 0.00093682566 -110.04478292 0.09629225035 0.00934676594 0.10980080351 0.56389818327 0.48372575510 0.52427002020 0.42820151470 0.56494530028 0.46282522051 0.57608826585 0.58552817243 0.56801205857 0.51081516879 0.56913615006 0.55196382252 0.40145071070 0.56348072275 0.41047561399 0.42372379874 0.58775568977 0.30716782721 0.55098795961 0.56281379558 0.50143180920 0.51590066876 0.75513603674 0.50154700583 0.58654991733 0.73209689194 1.06011548300 1.61356787894 -200.6471834019 0.00112684689   -2 
  96 0.00000450604 0.00093683684 -110.06259110 0.09628674361 0.00934746454 0.10980720591 0.56390039954 0.48379812864 0.52423627394 0.42819366577 0.56493185365 0.46282031922 0.57608088890 0.58551188809 0.56799013076 0.51080829757 0.56912955133 0.55195480711 0.40144014430 0.56347306341 0.41046353614 0.42370808717 0.58774354705 0.30714603947 0.55097293898 0.56279822796 0.50144333089 0.51589589091 0.75512209154 0.50155693442 0.58656151410 0.73206433178 1.06009368921 1.61353781613 -200.6471747871 0.00050400187   -2 
  97 0.00000450606 0.00093681317 -110.08362051 0.09628053511 0.00934825918 0.10981449423 0.56393135313 0.48380150670 0.52421773607 0.42819439514 0.56490074491 0.46282089318 0.57607882506 0.58548290267 0.56792748763 0.51081065310 0.56914556054 0.55196214419 0.40143779561 0.56346125845 0.41045903977 0.42370338700 0.58773844100 0.30713294325 0.55096681121 0.56279125731 0.50143659441 0.51588783473 0.75511122458 0.50155364247 0.58655459474 0.73205602929 1.06008074759 1.61356200280 -200.6471696693 0.00178240103   -2 
  98 0.00000450608 0.00093683502 -110.10091316 0.09627468973 0.00934892331 0.10982057344 0.56395518114 0.48380203156 0.52420551628 0.42819583206 0.56487661420 0.46282196467 0.57607792276 0.58545986381 0.56787622248 0.51081321309 0.56915968054 0.55196901905 0.40143637969 0.56345176346 0.41045583045 0.42370016116 0.58773480614 0.30712265811 0.55096237348 0.56278611509 0.50143039405 0.51588122211 0.75510275251 0.50155045689 0.58654824248 0.73205052181 1.06007105329 1.61358442049 -200.6471655417 0.00077159760   -2 
  99 0.00000450613 0.00093684744 -110.15855479 0.09625748143 0.00935108217 0.10984037492 0.56389882872 0.48374918557 0.52421033733 0.42820158088 0.56483124808 0.46282513562 0.57607641998 0.58540449383 0.56774063742 0.51082267706 0.56920365399 0.55199346203 0.40143681282 0.56342322842 0.41045103729 0.42369752990 0.58772783120 0.30709856600 0.55095458564 0.56277617158 0.50139964023 0.51585925709 0.75507974975 0.50153130272 0.58651640214 0.73204930596 1.06004820713 1.61366310392 -200.6471537334 0.00070839861   -2 
 100 0.00000450614 0.00093686252 -110.16602216 0.09625534808 0.00935136092 0.10984293391 0.56389305836 0.48374408191 0.52421234777 0.42820132454 0.56482974157 0.46282472817 0.57607552553 0.58540042458 0.56773002376 0.51082311450 0.56920710021 0.55199547139 0.40143691841 0.56341993900 0.41045062468 0.42369750247 0.58772693766 0.30709624410 0.55095379400 0.56277514521 0.50139513274 0.51585642593 0.75507695880 0.50152822317 0.58651166885 0.73204979674 1.06004548191 1.61366949289 -200.6471529218 0.00080083185   -2 
 101 0.00000450621 0.00093687360 -110.24333662 0.09623859195 0.00935416930 0.10986879563 0.56383883265 0.48370183467 0.52423454116 0.42818755945 0.56484239387 0.46281144772 0.57605731779 0.58537991140 0.56767433168 0.51081907834 0.56922155912 0.55200433240 0.40143712475 0.56338814794 0.41044695374 0.42369848018 0.58771617307 0.30707840213 0.55094597159 0.56276530025 0.50134488382 0.51582698664 0.75504818654 0.50149184016 0.58645839691 0.73205762023 1.06001702070 1.61369554307 -200.6471437109 0.00117415759   -2 
 102 0.00000450626 0.00093690429 -110.29910070 0.09622649138 0.00935619771 0.10988747363 0.56381438234 0.48367840834 0.52424752635 0.42817689129 0.56485333379 0.46280107169 0.57604356275 0.58536826174 0.56764281620 0.51081486353 0.56922838757 0.55200855357 0.40143694342 0.56336598842 0.41044424089 0.42369911113 0.58770809143 0.30706637551 0.55094021347 0.56275816507 0.50130873251 0.51580592858 0.75502757425 0.50146529515 0.58641993466 0.73206302562 1.05999617271 1.61370707557 -200.6471403387 0.00136627997   -2 
 103 0.00000450643 0.00093692783 -110.47570824 0.09619077925 0.00936259193 0.10994638232 0.56378947813 0.48363039002 0.52426819719 0.42813981096 0.56488605041 0.46276454788 0.57599661295 0.58533983881 0.56757267585 0.51079541844 0.56923470313 0.55201196324 0.40143408046 0.56329848166 0.41043451777 0.42369967432 0.58768022071 0.30703116305 0.55092045447 0.56273441794 0.50119587966 0.51574003440 0.75496212182 0.50138086998 0.58629926179 0.73207693164 1.05992745057 1.61371071810 -200.6471345022 0.00198472080   -2 
 104 0.00000450656 0.00093698711 -110.61228305 0.09616277158 0.00936754867 0.10999203598 0.56379817726 0.48361095999 0.52427272560 0.42811256641 0.56490628935 0.46273659723 0.57596123027 0.58532169628 0.56753240076 0.51077815110 0.56923258731 0.55200985749 0.40143063000 0.56324880095 0.41042636414 0.42369910599 0.58765782311 0.30700528301 0.55090441909 0.56271550860 0.50111094658 0.51569011773 0.75491211535 0.50131639955 0.58620805147 0.73208521768 1.05987392769 1.61369775893 -200.6471241033 0.00233929052   -2 
 105 0.00000450681 0.00093701678 -110.87762775 0.09611011807 0.00937715500 0.11008052578 0.56383279572 0.48359124508 0.52426339391 0.42806141847 0.56493361165 0.46268252360 0.57589332049 0.58528899660 0.56746964950 0.51074115125 0.56921859228 0.55199862438 0.40142165741 0.56315561860 0.41040915138 0.42369593815 0.58761261230 0.30695668963 0.55087163704 0.56267747040 0.50095022388 0.51559479634 0.75481550979 0.50119299366 0.58603482881 0.73209649234 1.05976820035 1.61364913979 -200.6471111113 0.00181115279   -2 
 106 0.00000450680 0.00093701839 -110.86361486 0.09611056641 0.00937680755 0.11007729461 0.56390280843 0.48375621748 0.52413118334 0.42810753173 0.56481191849 0.46270766906 0.57592940570 0.58531556031 0.56760746166 0.51072155873 0.56913977222 0.55193997937 0.40140229137 0.56320144580 0.41039826567 0.42367657904 0.58760384042 0.30697439140 0.55086014385 0.56266933000 0.50100792425 0.51561981565 0.75483261140 0.50122284109 0.58609037818 0.73204833254 1.05976681986 1.61345300509 -200.6470505144 0.00241745051   -2 
 107 0.00000450680 0.00093698563 -110.86300818 0.09611101739 0.00937679387 0.11007717449 0.56390237963 0.48376443613 0.52412229508 0.42811112544 0.56480192949 0.46270973923 0.57593236310 0.58531783124 0.56762046194 0.51071942680 0.56913177781 0.55193390893 0.40140016602 0.56320588125 0.41039701094 0.42367444416 0.58760273127 0.30697620800 0.55085877061 0.56266830065 0.50101373932 0.51562224968 0.75483410197 0.50122575408 0.58609593678 0.73204309820 1.05976620201 1.61343256653 -200.6470457241 0.00102145779   -2 
 108 0.00000450681 0.00093699999 -110.86373280 0.09610755197 0.00937704553 0.11007944968 0.56382430559 0.48372194597 0.52413692565 0.42814173852 0.56475856190 0.46273333241 0.57596446377 0.58534662149 0.56775107932 0.51070197278 0.56905539928 0.55187449892 0.40137822622 0.56325652902 0.41038426287 0.42365177588 0.58759302613 0.30699805995 0.55084509445 0.56265838012 0.50107989764 0.51565058818 0.75485304673 0.50125864914 0.58615915762 0.73198618902 1.05976340202 1.61322961624 -200.6470259712 0.00066760402   -2 
 109 0.00000450681 0.00093700249 -110.86445796 0.09610660148 0.00937714748 0.11008037864 0.56381359600 0.48370722658 0.52414289127 0.42814852195 0.56474880885 0.46273930843 0.57597244810 0.58535412753 0.56778826405 0.51069634979 0.56903205034 0.55185593511 0.40137097981 0.56327195656 0.41037992852 0.42364420635 0.58758959162 0.30700526785 0.55084038270 0.56265487114 0.50110133033 0.51565964288 0.75485868250 0.50126928096 0.58617963148 0.73196732407 1.05976147096 1.61316592949 -200.6470247163 0.00075267820   -2 
 110 0.00000450681 0.00093697938 -110.86791837 0.09610670174 0.00937737713 0.11008251162 0.56387588450 0.48369242603 0.52415210047 0.42813963535 0.56475906150 0.46273712419 0.57596853705 0.58535278502 0.56780372104 0.51068978165 0.56901203566 0.55183761955 0.40136149654 0.56328484090 0.41037355940 0.42363382043 0.58758383549 0.30701471813 0.55083314978 0.56264898948 0.50112720529 0.51566987648 0.75486260847 0.50128203805 0.58620433949 0.73194219553 1.05975510782 1.61310224285 -200.6470193214 0.00117277258   -2 
 111 0.00000450682 0.00093699421 -110.86808859 0.09610644265 0.00937739430 0.11008266643 0.56387747351 0.48369347732 0.52415288613 0.42813903656 0.56476075269 0.46273692472 0.57596819670 0.58535261756 0.56780314927 0.51068978146 0.56901195913 0.55183735179 0.40136118315 0.56328525826 0.41037333709 0.42363342146 0.58758370078 0.30701522513 0.55083291172 0.56264880081 0.50112842315 0.51567039037 0.75486283500 0.50128268486 0.58620552880 0.73194119329 1.05975496162 1.61310118251 -200.6470182960 0.00037951569   -2 
 112 0.00000450683 0.00093699839 -110.87510819 0.09610593675 0.00937780970 0.11008650678 0.56384704787 0.48372257892 0.52415997537 0.42811995551 0.56479865352 0.46272717228 0.57595354690 0.58534236238 0.56777141434 0.51068990425 0.56901686111 0.55183570005 0.40135468851 0.56328814226 0.41036816030 0.42362481828 0.58757978202 0.30702549681 0.55082708337 0.56264379236 0.50115132196 0.51567944765 0.75486461017 0.50129487543 0.58622788926 0.73192014921 1.05975026177 1.61309401151 -200.6470148733 0.00035040203   -2 
 113 0.00000450684 0.00093699716 -110.88566549 0.09610500333 0.00937843985 0.11009233441 0.56385307938 0.48373339301 0.52416252592 0.42810123671 0.56483175529 0.46271578472 0.57593696246 0.58532997926 0.56773274006 0.51068968782 0.56902299758 0.55183368550 0.40134595795 0.56329088296 0.41036100936 0.42361306634 0.58757425232 0.30703973954 0.55081899638 0.56263674087 0.50118206904 0.51569143278 0.75486623067 0.50131140045 0.58625800881 0.73189155847 1.05974138602 1.61308379433 -200.6470130971 0.00049787619   -2 
 114 0.00000450685 0.00093700671 -110.88750704 0.09610455981 0.00937855678 0.11009341209 0.56385785613 0.48373131379 0.52416227390 0.42810020332 0.56483334186 0.46271472791 0.57593551292 0.58532875273 0.56772831357 0.51068969784 0.56902386706 0.55183349773 0.40134468677 0.56329122877 0.41035993228 0.42361127925 0.58757346499 0.30704207840 0.55081778736 0.56263567850 0.50118688173 0.51569331724 0.75486647835 0.50131404737 0.58626275071 0.73188721408 1.05974012155 1.61308249023 -200.6470126448 0.00060783463   -2 
 115 0.00000450687 0.00093699990 -110.90037454 0.09610237208 0.00937934876 0.11010072699 0.56389076029 0.48370329605 0.52415607520 0.42809948809 0.56482812971 0.46270986584 0.57592944713 0.58532259046 0.56770617423 0.51068909902 0.56902792434 0.55183201907 0.40133680677 0.56329233849 0.41035308405 0.42360009357 0.58756826333 0.30705676295 0.55081003319 0.56262876839 0.50121617378 0.51570458687 0.75486717845 0.50133027185 0.58629168113 0.73186016425 1.05973120110 1.61307368484 -200.6470102637 0.00044827897   -2 
 116 0.00000450686 0.00093700571 -110.89783268 0.09610256817 0.00937919821 0.11009933158 0.56387693146 0.48371015430 0.52415743756 0.42810164849 0.56482577471 0.46271193894 0.57593230380 0.58532496912 0.56771384706 0.51068922638 0.56902667232 0.55183245571 0.40133879401 0.56329189767 0.41035474256 0.42360279927 0.58756956093 0.30705345700 0.55081191214 0.56263041873 0.50120916961 0.51570187891 0.75486689607 0.50132648838 0.58628480969 0.73186669106 1.05973365027 1.61307622527 -200.6470098106 0.00041677083   -2 
 117 0.00000450686 0.00093699976 -110.89739383 0.09610260777 0.00937917192 0.11009908643 0.56386958199 0.48371174179 0.52415742489 0.42810347430 0.56482240314 0.46271307392 0.57593397269 0.58532617657 0.56771780967 0.51068915163 0.56902594953 0.55183255353 0.40133948229 0.56329153802 0.41035527199 0.42360369015 0.58756995262 0.30705244182 0.55081249889 0.56263091247 0.50120673618 0.51570089607 0.75486662832 0.50132521845 0.58628244685 0.73186888215 1.05973447971 1.61307688400 -200.6470095420 0.00035877149   -2 
 118 0.00000450686 0.00093700583 -110.89730371 0.09610208174 0.00937917969 0.11009914764 0.56385572661 0.48371337220 0.52415707848 0.42810934455 0.56481164507 0.46271628952 0.57593879385 0.58532951505 0.56772799564 0.51068899991 0.56902429535 0.55183284897 0.40134085171 0.56329064943 0.41035624493 0.42360532021 0.58757072011 0.30705091383 0.55081357902 0.56263178845 0.50120239040 0.51569911988 0.75486599288 0.50132307832 0.58627827980 0.73187290034 1.05973586423 1.61307815690 -200.6470090804 0.00029106488   -2 
 119 0.00000450686 0.00093699958 -110.89805232 0.09610175473 0.00937923178 0.11009962314 0.56385205021 0.48371182187 0.52415586032 0.42811353629 0.56480264811 0.46271835916 0.57594197435 0.58533156709 0.56773490923 0.51068863885 0.56902290681 0.55183282529 0.40134150311 0.56328976900 0.41035662159 0.42360603164 0.58757093180 0.30705033834 0.55081396088 0.56263203851 0.50120011135 0.51569809157 0.75486527276 0.50132201281 0.58627612765 0.73187473981 1.05973615594 1.61307851755 -200.6470088148 0.00044979264   -2 
 120 0.00000450687 0.00093700492 -110.90037852 0.09610048877 0.00937940113 0.11010116658 0.56384976979 0.48370700287 0.52415286511 0.42812433900 0.56477981543 0.46272370563 0.57595016997 0.58533686015 0.56775253036 0.51068773931 0.56901943298 0.55183279481 0.40134305899 0.56328750684 0.41035746488 0.42360765074 0.58757140172 0.30704923576 0.55081480013 0.56263254953 0.50119485492 0.51569568113 0.75486342980 0.50131964210 0.58627121398 0.73187893418 1.05973630785 1.61307943307 -200.6470081703 0.00026955075   -2 
 121 0.00000450687 0.00093700058 -110.90290491 0.09609963484 0.00937957272 0.11010273917 0.56385448709 0.48370262223 0.52415037243 0.42813101850 0.56476455817 0.46272704913 0.57595532007 0.58534011514 0.56776456222 0.51068680423 0.56901664073 0.55183249852 0.40134396326 0.56328554410 0.41035784033 0.42360853408 0.58757142856 0.30704869701 0.55081509842 0.56263261301 0.50119127396 0.51569390283 0.75486172303 0.50131805043 0.58626786377 0.73188133210 1.05973548144 1.61307905723 -200.6470078983 0.00029751732   -2 
 122 0.00000450688 0.00093700544 -110.90450074 0.09609912256 0.00937968141 0.11010373618 0.56386004869 0.48370120975 0.52414970276 0.42813284352 0.56476020928 0.46272811083 0.57595691916 0.58534113497 0.56776893191 0.51068633567 0.56901544569 0.55183229004 0.40134424111 0.56328460288 0.41035788524 0.42360875665 0.58757130903 0.30704865273 0.55081507372 0.56263249075 0.50118994033 0.51569316780 0.75486085426 0.50131748505 0.58626662356 0.73188199507 1.05973452586 1.61307847268 -200.6470077004 0.00037716258   -2 
 123 0.00000450689 0.00093699646 -110.91054783 0.09609792455 0.00938007482 0.11010735557 0.56387848907 0.48369749213 0.52414788379 0.42813546020 0.56475180583 0.46273003064 0.57595977451 0.58534287036 0.56777954209 0.51068457046 0.56901168732 0.55183125003 0.40134469966 0.56328142415 0.41035766045 0.42360897273 0.58757047456 0.30704883509 0.55081452690 0.56263166353 0.50118629285 0.51569092895 0.75485773627 0.50131594248 0.58626321596 0.73188302092 1.05973013398 1.61307550985 -200.6470071534 0.00038172132   -2 
 124 0.00000450689 0.00093700560 -110.91156963 0.09609764723 0.00938014415 0.11010799244 0.56387636998 0.48369929515 0.52414899460 0.42813397694 0.56475572260 0.46272954944 0.57595893674 0.58534241621 0.56777830365 0.51068457108 0.56901180683 0.55183120764 0.40134459647 0.56328133480 0.41035753276 0.42360880276 0.58757033658 0.30704909414 0.55081435286 0.56263148490 0.50118647864 0.51569092803 0.75485754315 0.50131606823 0.58626339148 0.73188265823 1.05972951973 1.61307512535 -200.6470067983 0.00055901413   -2 
 125 0.00000450690 0.00093700536 -110.92140841 0.09609661481 0.00938076690 0.11011374491 0.56384623243 0.48371475396 0.52415785777 0.42811750985 0.56479438225 0.46272331732 0.57594864247 0.58533628832 0.56776260533 0.51068416846 0.56901293204 0.55183024686 0.40134307674 0.56328042376 0.41035594217 0.42360669454 0.58756849905 0.30705150609 0.55081221895 0.56262937804 0.50118874414 0.51569100466 0.75485552739 0.50131731544 0.58626549472 0.73187804803 1.05972424606 1.61306935411 -200.6470043743 0.00031530489   -2 
 126 0.00000450693 0.00093701908 -110.93559089 0.09609479782 0.00938168418 0.11012220736 0.56386125395 0.48371653108 0.52416070601 0.42810061969 0.56482853639 0.46271479060 0.57593532195 0.58532749577 0.56773907892 0.51068342296 0.56901471698 0.55182848709 0.40134032817 0.56327949459 0.41035330750 0.42360313888 0.58756550552 0.30705494020 0.55080874208 0.56262601739 0.50119286625 0.51569138565 0.75485296826 0.50131931354 0.58626930579 0.73187001513 1.05971795338 1.61306048282 -200.6470026349 0.00094291136   -2 
 127 0.00000450694 0.00093700837 -110.94403204 0.09609397994 0.00938222306 0.11012718333 0.56386945172 0.48371595681 0.52416126851 0.42809158568 0.56484552624 0.46270990939 0.57592780665 0.58532238558 0.56772570623 0.51068283757 0.56901555184 0.55182731955 0.40133865114 0.56327884391 0.41035170755 0.42360100107 0.58756365265 0.30705688975 0.55080662875 0.56262397434 0.50119519996 0.51569154045 0.75485135533 0.50132040545 0.58627144731 0.73186520992 1.05971411911 1.61305503030 -200.6470016316 0.00036382010   -2 
 128 0.00000450707 0.00093703515 -111.01429002 0.09608077370 0.00938688696 0.11017016219 0.56391156506 0.48367015771 0.52413916365 0.42808506615 0.56483519386 0.46269154775 0.57590294334 0.58530061562 0.56765833629 0.51067943691 0.56902062485 0.55181978052 0.40132624851 0.56327564695 0.41033990505 0.42358498713 0.58755058942 0.30707146472 0.55079121409 0.56260898218 0.50121359018 0.51569311447 0.75484076924 0.50132873853 0.58628834301 0.73182834862 1.05969555380 1.61302479988 -200.6469910266 0.00115603108   -2 
 129 0.00000450712 0.00093702569 -111.04769897 0.09607466208 0.00938910030 0.11019055886 0.56392005849 0.48365176190 0.52412900063 0.42808332848 0.56482642943 0.46268363172 0.57589246127 0.58529098726 0.56762938302 0.51067746397 0.56902225026 0.55181596750 0.40132039541 0.56327379505 0.41033431437 0.42357746967 0.58754430334 0.30707804548 0.55078389052 0.56260183906 0.50122172950 0.51569356758 0.75483547773 0.50133231315 0.58629575576 0.73181113720 1.05968640064 1.61300968795 -200.6469888764 0.00117046297   -2 
 130 0.00000450744 0.00093709903 -111.22773273 0.09603765630 0.00940114588 0.11030148384 0.56388851819 0.48359472112 0.52408673328 0.42808672776 0.56475794594 0.46265039709 0.57585035725 0.58524832469 0.56750203232 0.51066578827 0.56902651122 0.55179535741 0.40129007463 0.56326260204 0.41030508424 0.42353844683 0.58751116042 0.30711118858 0.55074544908 0.56256418751 0.50126146718 0.51569435569 0.75480628168 0.50134913613 0.58633161345 0.73172204229 1.05963787589 1.61292770662 -200.6469650900 0.00173084779   -2 
 131 0.00000450761 0.00093710578 -111.32667243 0.09601768781 0.00940775975 0.11036238311 0.56386235446 0.48357111199 0.52406542381 0.42808808074 0.56471926458 0.46263305593 0.57582861654 0.58522565197 0.56743821097 0.51065825248 0.56902666263 0.55178322958 0.40127345127 0.56325533046 0.41028899092 0.42351718647 0.58749257034 0.30712841989 0.55072420204 0.56254332327 0.50128149908 0.51569385421 0.75478929872 0.50135722396 0.58634946981 0.73167380494 1.05961001581 1.61288027998 -200.6469604463 0.00126806852   -2 
 132 0.00000450792 0.00093717371 -111.50026898 0.09597962745 0.00941950724 0.11047048556 0.56378630102 0.48360579098 0.52405400991 0.42808638144 0.56465527307 0.46261325994 0.57580574632 0.58519574472 0.56738425553 0.51063672517 0.56900910944 0.55175640503 0.40124536940 0.56323380691 0.41026105748 0.42348207771 0.58745768921 0.30715029270 0.55068662305 0.56250588914 0.50130105417 0.51568512341 0.75475218979 0.50136153107 0.58636490854 0.73159640257 1.05955126515 1.61277941718 -200.6469344592 0.00242513246   -2 
 133 0.00000450802 0.00093714778 -111.55442741 0.09596845568 0.00942316512 0.11050415195 0.56376624693 0.48362011655 0.52405182333 0.42808382757 0.56463682842 0.46260776829 0.57579953700 0.58518694341 0.56737494326 0.51062834183 0.56900048607 0.55174678225 0.40123662377 0.56322534126 0.41025225027 0.42347136285 0.58744615503 0.30715553734 0.55067464261 0.56249387201 0.50130427132 0.51568087559 0.75473907208 0.50136100099 0.58636676058 0.73157327179 1.05953088178 1.61274427926 -200.6469279780 0.00144927381   -2 
 134 0.00000450854 0.00093719849 -111.84828020 0.09590286833 0.00944335564 0.11068986699 0.56380007060 0.48374454886 0.52407517438 0.42805104329 0.56457959554 0.46259497510 0.57578799563 0.58515580332 0.56743486369 0.51056572563 0.56891675837 0.55168274661 0.40119195642 0.56315971317 0.41020534174 0.42341868183 0.58737849819 0.30716297388 0.55060901050 0.56242677909 0.50128343979 0.51563853993 0.75465069132 0.50133363066 0.58633758590 0.73146537786 1.05939944345 1.61251694165 -200.6468940334 0.00252927636   -2 
 135 0.00000450864 0.00093716614 -111.90367225 0.09589135533 0.00944715679 0.11072483466 0.56380851727 0.48375866478 0.52407831955 0.42804387948 0.56457240353 0.46259290798 0.57578600286 0.58515042083 0.56745021435 0.51055321072 0.56889931958 0.55167016488 0.40118382328 0.56314626189 0.41019665410 0.42340925126 0.58736553748 0.30716266871 0.55059671597 0.56241411976 0.50127665037 0.51562916534 0.75463298916 0.50132660424 0.58632913842 0.73144651778 1.05937326067 1.61247241799 -200.6468874233 0.00145782494   -2 
 136 0.00000450917 0.00093718718 -112.19306046 0.09582920471 0.00946734221 0.11091045203 0.56390655612 0.48371841043 0.52409199579 0.42800578583 0.56459489682 0.46259322792 0.57578636893 0.58513705791 0.56758278636 0.51048555916 0.56879552007 0.55160404013 0.40114755555 0.56306759833 0.41015545396 0.42336847430 0.58729940437 0.30714036598 0.55053650546 0.56235079882 0.50120709267 0.51556463027 0.75453195270 0.50126795673 0.58624994572 0.73137026276 1.05922673101 1.61223592507 -200.6468599722 0.00141843788   -2 
 137 0.00000450931 0.00093723410 -112.27132760 0.09581226663 0.00947288546 0.11096141164 0.56390345878 0.48369018100 0.52409005890 0.42799864918 0.56460883540 0.46259389906 0.57578606687 0.58513528715 0.56761739655 0.51046927299 0.56876916177 0.55158792578 0.40113958992 0.56304648952 0.41014573070 0.42335977018 0.58728289260 0.30712949856 0.55052181252 0.56233500415 0.50118128600 0.51554424142 0.75450421277 0.50124743108 0.58622127043 0.73135523747 1.05918747591 1.61217656576 -200.6468548912 0.00244772571   -2 
 138 0.00000450964 0.00093724416 -112.44985493 0.09577597052 0.00948553483 0.11107771214 0.56386362048 0.48361193832 0.52407671467 0.42798344661 0.56464222379 0.46259375371 0.57578219899 0.58513035302 0.56769040133 0.51043321348 0.56871029132 0.55155196106 0.40112251966 0.56299806195 0.41012439174 0.42334149301 0.58724579317 0.30710042758 0.55048916406 0.56229965881 0.50111639397 0.51549502817 0.75444008689 0.50119645831 0.58614955714 0.73132500972 1.05909709218 1.61204344707 -200.6468359774 0.00103277699   -2 
 139 0.00000450980 0.00093728364 -112.53266685 0.09575929473 0.00949150182 0.11113256659 0.56382775180 0.48357958047 0.52406201184 0.42797901407 0.56465372498 0.46259083683 0.57577570579 0.58512608379 0.56771025471 0.51041905706 0.56868701626 0.55153715133 0.40111595347 0.56297654292 0.41011560250 0.42333486121 0.58722970081 0.30708207888 0.55047525191 0.56228430528 0.50108014572 0.51546952931 0.75441023840 0.50116836425 0.58610976612 0.73131544066 1.05905592622 1.61198681423 -200.6468322056 0.00119039100   -2 
 140 0.00000450989 0.00093727770 -112.58016021 0.09575074144 0.00949496882 0.11116445314 0.56380052303 0.48356598802 0.52404693618 0.42797702612 0.56465420498 0.46258601272 0.57576733892 0.58512078952 0.56770946613 0.51041219830 0.56867619302 0.55152940624 0.40111272028 0.56296459701 0.41011101302 0.42333194254 0.58722078460 0.30706830654 0.55046772112 0.56227584930 0.50105542071 0.51545307150 0.75439276217 0.50114927383 0.58608271875 0.73131222679 1.05903216522 1.61195635997 -200.6468304422 0.00144990651   -2 
 141 0.00000451001 0.00093733200 -112.64401231 0.09573883424 0.00949976459 0.11120855274 0.56376863665 0.48356004217 0.52402006306 0.42797594171 0.56464587674 0.46257530826 0.57574995648 0.58510995262 0.56768970991 0.51040544617 0.56866629211 0.55152062864 0.40110934717 0.56294966971 0.41010568337 0.42332949650 0.58720960643 0.30704481648 0.55045849576 0.56226522172 0.50101641285 0.51542832440 0.75436915606 0.50111917203 0.58604010644 0.73131153991 1.05900083065 1.61191978809 -200.6468237048 0.00159045416   -2 
 142 0.00000451001 0.00093733200 -112.64401231 0.09573883424 0.00949976459 0.11120855274 0.56376863665 0.48356004217 0.52402006306 0.42797594171 0.56464587674 0.46257530826 0.57574995648 0.58510995262 0.56768970991 0.51040544617 0.56866629211 0.55152062864 0.40110934717 0.56294966971 0.41010568337 0.42332949650 0.58720960643 0.30704481648 0.55045849576 0.56226522172 0.50101641285 0.51542832440 0.75436915606 0.50111917203 0.58604010644 0.73131153991 1.05900083065 1.61191978809 -200.6468237048           NAN   -8 
 143 0.00000451001 0.00093730869 -112.64394319 0.09573938659 0.00949977881 0.11120869227 0.56377125512 0.48356233547 0.52401827352 0.42797550508 0.56464226168 0.46257364275 0.57574773057 0.58510823006 0.56768393845 0.51040571183 0.56866720471 0.55152068887 0.40110937143 0.56294975733 0.41010572284 0.42332967169 0.58720953590 0.30704350300 0.55045849818 0.56226520093 0.50101498761 0.51542759854 0.75436892181 0.50111799945 0.58603853302 0.73131208529 1.05900061351 1.61192004684 -200.6468212159 0.00109230622   -2 
 144 0.00000451002 0.00093731071 -112.63930305 0.09574253860 0.00950007195 0.11121143095 0.56384473722 0.48361814551 0.52399596879 0.42797330197 0.56458192362 0.46254664776 0.57571157631 0.58508109133 0.56757772740 0.51041459295 0.56868905479 0.55152550671 0.40111168860 0.56295471541 0.41010816410 0.42333475488 0.58721109459 0.30701866271 0.55046085982 0.56226709425 0.50098899246 0.51541523985 0.75436784696 0.50109668404 0.58600983923 0.73132558481 1.05900234981 1.61193459348 -200.6468053207 0.00073138892   -2 
 145 0.00000451003 0.00093734005 -112.63458725 0.09574352816 0.00950035255 0.11121401916 0.56383033132 0.48363533255 0.52399051219 0.42797379323 0.56455082862 0.46253009845 0.57568997777 0.58506440085 0.56750327542 0.51042249467 0.56870689067 0.55153041429 0.40111419755 0.56295971549 0.41011075913 0.42333959291 0.58721332784 0.30699717928 0.55046360408 0.56226944186 0.50096740171 0.51540526752 0.75436812265 0.50107879276 0.58598596241 0.73133783786 1.05900581437 1.61195034625 -200.6468006182 0.00174185972   -2 
 146 0.00000451003 0.00093732577 -112.63083261 0.09574482802 0.00950059082 0.11121622521 0.56381073766 0.48364380482 0.52398619575 0.42797366756 0.56452714628 0.46251679032 0.57567272379 0.58505082635 0.56744377055 0.51042853982 0.56872089358 0.55153408229 0.40111610587 0.56296352007 0.41011276221 0.42334345584 0.58721491496 0.30697914219 0.55046567609 0.56227118826 0.50094931686 0.51539682809 0.75436805242 0.50106374898 0.58596594108 0.73134774280 1.05900811040 1.61196229788 -200.6467966949 0.00063294700   -2 
 147 0.00000451004 0.00093734926 -112.62498440 0.09574455604 0.00950093998 0.11121942326 0.56377244608 0.48361809011 0.52398891442 0.42797272953 0.56452238725 0.46250798731 0.57566233320 0.58504106392 0.56739682002 0.51043357315 0.56873309781 0.55153720853 0.40111803352 0.56296708086 0.41011490050 0.42334780191 0.58721634715 0.30695618387 0.55046782378 0.56227298660 0.50092737133 0.51538644913 0.75436759979 0.50104501081 0.58594147990 0.73135908240 1.05900948683 1.61197350022 -200.6467932508 0.00095128304   -2 
 148 0.00000451004 0.00093733905 -112.62318594 0.09574467505 0.00950105500 0.11122048059 0.56376238071 0.48360763884 0.52398928860 0.42797184382 0.56452256872 0.46250573705 0.57565981309 0.58503837796 0.56738521416 0.51043448982 0.56873583710 0.55153767430 0.40111841017 0.56296774423 0.41011536875 0.42334893606 0.58721646482 0.30694895431 0.55046822884 0.56227329326 0.50092052611 0.51538311029 0.75436711786 0.50103909352 0.58593382311 0.73136219139 1.05900928673 1.61197550234 -200.6467922728 0.00052708629   -2 
 149 0.00000451006 0.00093734878 -112.61549571 0.09574374197 0.00950153172 0.11122484764 0.56376256915 0.48356147870 0.52398988946 0.42796589012 0.56453924073 0.46250366890 0.57565916874 0.58503395769 0.56737182490 0.51043341239 0.56873781619 0.55153619573 0.40111844389 0.56296736265 0.41011589398 0.42335164483 0.58721504366 0.30692262718 0.55046817607 0.56227297887 0.50089658332 0.51537087160 0.75436363063 0.50101774759 0.58590679841 0.73137065338 1.05900529571 1.61197219597 -200.6467894582 0.00056454654   -2 
 150 0.00000451006 0.00093733967 -112.61330227 0.09574367756 0.00950167583 0.11122617184 0.56376477489 0.48355159606 0.52398911280 0.42796378233 0.56454418208 0.46250348496 0.57565948733 0.58503303059 0.56737127611 0.51043237449 0.56873714043 0.55153519277 0.40111817190 0.56296671609 0.41011578574 0.42335210811 0.58721424513 0.30691521735 0.55046782477 0.56227256607 0.50088996892 0.51536736133 0.75436224558 0.50101173625 0.58589929141 0.73137243255 1.05900354647 1.61196950685 -200.6467889784 0.00052821455   -2 
 151 0.00000451008 0.00093734378 -112.60398003 0.09574287329 0.00950228686 0.11123177973 0.56378550315 0.48353328394 0.52398427869 0.42795523433 0.56456478446 0.46250539349 0.57566396601 0.58503197348 0.56738407400 0.51042588299 0.56872994253 0.55152945155 0.40111621782 0.56296245968 0.41011454473 0.42335287425 0.58720994279 0.30688664826 0.55046539828 0.56226996473 0.50086529076 0.51535382852 0.75435574877 0.50098873853 0.58587106932 0.73137719252 1.05899440998 1.61195364606 -200.6467872460 0.00069244279   -2 
 152 0.00000451008 0.00093733021 -112.60269718 0.09574309601 0.00950238431 0.11123268055 0.56378509091 0.48353712423 0.52398304268 0.42795418757 0.56456608478 0.46250591203 0.57566476498 0.58503214769 0.56738860407 0.51042440064 0.56872785847 0.55152817709 0.40111566808 0.56296137918 0.41011410429 0.42335262954 0.58720898904 0.30688296824 0.55046472307 0.56226928232 0.50086235269 0.51535205941 0.75435452063 0.50098581945 0.58586764266 0.73137709666 1.05899256339 1.61194986265 -200.6467864850 0.00072570255   -2 
 153 0.00000451010 0.00093732801 -112.59158453 0.09574365666 0.00950320788 0.11124026842 0.56377600634 0.48359755949 0.52397588129 0.42794940961 0.56457148075 0.46251265615 0.57567380787 0.58503697784 0.56743642828 0.51041201922 0.56870888735 0.55151774919 0.40111090879 0.56295218480 0.41011015926 0.42334981822 0.58720118103 0.30685607044 0.55045890825 0.56226345449 0.50084252672 0.51533955886 0.75434493469 0.50096507007 0.58584413273 0.73137408746 1.05897783203 1.61191854583 -200.6467816766 0.00025145861   -2 
 154 0.00000451010 0.00093733572 -112.59072085 0.09574390512 0.00950328723 0.11124100419 0.56377717774 0.48359443589 0.52397771823 0.42795094001 0.56456893661 0.46251319919 0.57567417839 0.58503792028 0.56743960704 0.51041176016 0.56870799132 0.55151751583 0.40111059936 0.56295177130 0.41010983125 0.42334937012 0.58720086677 0.30685563395 0.55045851228 0.56226306994 0.50084303433 0.51533960989 0.75434466583 0.50096505580 0.58584453621 0.73137309804 1.05897685720 1.61191774263 -200.6467814561 0.00054202795   -2 
 155 0.00000451011 0.00093732724 -112.58620505 0.09574629789 0.00950374332 0.11124524971 0.56378055329 0.48357264383 0.52398731488 0.42795947488 0.56455264022 0.46251561508 0.57567528164 0.58504269943 0.56745639323 0.51041020764 0.56870277942 0.55151605795 0.40110867534 0.56294922272 0.41010778315 0.42334654692 0.58719890654 0.30685386645 0.55045604573 0.56226067508 0.50084665873 0.51534017638 0.75434295934 0.50096555569 0.58584764657 0.73136684798 1.05897157557 1.61191249112 -200.6467800767 0.00048197690   -2 
 156 0.00000451012 0.00093733501 -112.58380616 0.09574727625 0.00950397773 0.11124742651 0.56378206694 0.48356379081 0.52399168936 0.42796357078 0.56454539650 0.46251684235 0.57567591015 0.58504511383 0.56746431149 0.51040964056 0.56870047628 0.55151551759 0.40110779371 0.56294811512 0.41010682467 0.42334518495 0.58719806637 0.30685317736 0.55045491106 0.56225957719 0.50084870277 0.51534060920 0.75434226819 0.50096600839 0.58584947022 0.73136380747 1.05896954335 1.61191048060 -200.6467797454 0.00023736090   -2 
 157 0.00000451012 0.00093733501 -112.58380616 0.09574727625 0.00950397773 0.11124742651 0.56378206694 0.48356379081 0.52399168936 0.42796357078 0.56454539650 0.46251684235 0.57567591015 0.58504511383 0.56746431149 0.51040964056 0.56870047628 0.55151551759 0.40110779371 0.56294811512 0.41010682467 0.42334518495 0.58719806637 0.30685317736 0.55045491106 0.56225957719 0.50084870277 0.51534060920 0.75434226819 0.50096600839 0.58584947022 0.73136380747 1.05896954335 1.61191048060 -200.6467797454           NAN   -8 
 158 0.00000451012 0.00093732827 -112.58309595 0.09574748672 0.00950405185 0.11124811242 0.56377781695 0.48357015090 0.52398888288 0.42796256308 0.56454721296 0.46251651979 0.57567555365 0.58504483350 0.56746322003 0.51040987113 0.56870073099 0.55151569307 0.40110771994 0.56294816219 0.41010670058 0.42334493768 0.58719809979 0.30685358425 0.55045480748 0.56225947397 0.50084966186 0.51534100458 0.75434238435 0.50096660434 0.58585047348 0.73136326169 1.05896981568 1.61191102014 -200.6467794755 0.00051084325   -2 
 159 0.00000451013 0.00093733356 -112.58079761 0.09574770893 0.00950427397 0.11125016295 0.56376810069 0.48358855298 0.52398156564 0.42795998808 0.56455288978 0.46251584964 0.57567487051 0.58504434384 0.56746030693 0.51041074372 0.56870170164 0.55151640322 0.40110760228 0.56294847653 0.41010642445 0.42334429704 0.58719835859 0.30685483267 0.55045462295 0.56225929842 0.50085259462 0.51534227285 0.75434290008 0.50096844995 0.58585354275 0.73136178733 1.05897125460 1.61191340973 -200.6467787955 0.00018381969   -2 
 160 0.00000451014 0.00093733753 -112.57649799 0.09574839456 0.00950469738 0.11125407700 0.56377035695 0.48360164449 0.52397433160 0.42795659758 0.56455992564 0.46251481714 0.57567384497 0.58504358308 0.56745582275 0.51041208505 0.56870319665 0.55151751849 0.40110738520 0.56294896957 0.41010593032 0.42334316392 0.58719876146 0.30685706257 0.55045429967 0.56225898560 0.50085773638 0.51534448559 0.75434374848 0.50097170870 0.58585892033 0.73135913373 1.05897342503 1.61191806836 -200.6467783886 0.00055992045   -2 
 161 0.00000451015 0.00093732712 -112.57162012 0.09574946065 0.00950518886 0.11125862466 0.56377349084 0.48361307664 0.52396695319 0.42795286985 0.56456710881 0.46251358175 0.57567258931 0.58504261735 0.56745077700 0.51041349268 0.56870476514 0.55151868575 0.40110710040 0.56294945380 0.41010533403 0.42334184230 0.58719915308 0.30685959785 0.55045388286 0.56225858316 0.50086355764 0.51534697124 0.75434463453 0.50097539772 0.58586500975 0.73135604643 1.05897567391 1.61192305015 -200.6467778897 0.00036315181   -2 
 162 0.00000451015 0.00093732712 -112.57162012 0.09574946065 0.00950518886 0.11125862466 0.56377349084 0.48361307664 0.52396695319 0.42795286985 0.56456710881 0.46251358175 0.57567258931 0.58504261735 0.56745077700 0.51041349268 0.56870476514 0.55151868575 0.40110710040 0.56294945380 0.41010533403 0.42334184230 0.58719915308 0.30685959785 0.55045388286 0.56225858316 0.50086355764 0.51534697124 0.75434463453 0.50097539772 0.58586500975 0.73135604643 1.05897567391 1.61192305015 -200.6467778897           NAN   -8 
 163 0.00000451015 0.00093733589 -112.57110976 0.09574945728 0.00950523647 0.11125906314 0.56377591207 0.48360579563 0.52397064002 0.42795396993 0.56456587556 0.46251401119 0.57567313453 0.58504307081 0.56745149949 0.51041364419 0.56870493246 0.55151886756 0.40110721231 0.56294964863 0.41010542847 0.42334192360 0.58719934013 0.30685976689 0.55045402796 0.56225872657 0.50086383987 0.51534716466 0.75434485379 0.50097563677 0.58586534254 0.73135616458 1.05897612473 1.61192356404 -200.6467774834 0.00062170154   -2 
 164 0.00000451016 0.00093732956 -112.56927171 0.09575014465 0.00950543530 0.11126090520 0.56378239472 0.48357587582 0.52398430400 0.42795787362 0.56456007493 0.46251530996 0.57567475788 0.58504437985 0.56745400842 0.51041392433 0.56870523897 0.55151928216 0.40110750823 0.56295015374 0.41010566835 0.42334210645 0.58719984954 0.30686039987 0.55045441415 0.56225911440 0.50086485725 0.51534781134 0.75434544753 0.50097649590 0.58586653752 0.73135639357 1.05897738344 1.61192481407 -200.6467762043 0.00015768288   -2 
 165 0.00000451017 0.00093733624 -112.56534472 0.09575110054 0.00950584332 0.11126467399 0.56377484987 0.48356451311 0.52399401659 0.42796245650 0.56455355939 0.46251716376 0.57567701442 0.58504633436 0.56745783986 0.51041443910 0.56870581947 0.55152003734 0.40110807986 0.56295108736 0.41010614948 0.42334247574 0.58720080487 0.30686162048 0.55045515648 0.56225988488 0.50086676015 0.51534904286 0.75434661506 0.50097812003 0.58586881634 0.73135685980 1.05898084157 1.61192820205 -200.6467757274 0.00045498726   -2 
 166 0.00000451017 0.00093733624 -112.56534472 0.09575110054 0.00950584332 0.11126467399 0.56377484987 0.48356451311 0.52399401659 0.42796245650 0.56455355939 0.46251716376 0.57567701442 0.58504633436 0.56745783986 0.51041443910 0.56870581947 0.55152003734 0.40110807986 0.56295108736 0.41010614948 0.42334247574 0.58720080487 0.30686162048 0.55045515648 0.56225988488 0.50086676015 0.51534904286 0.75434661506 0.50097812003 0.58586881634 0.73135685980 1.05898084157 1.61192820205 -200.6467757274           NAN   -8 
 167 0.00000451017 0.00093733006 -112.56526689 0.09575123495 0.00950585585 0.11126479126 0.56377467748 0.48356544000 0.52399334162 0.42796228768 0.56455353190 0.46251708079 0.57567690083 0.58504623937 0.56745777785 0.51041438558 0.56870576066 0.55151999069 0.40110806211 0.56295105205 0.41010613375 0.42334245811 0.58720077728 0.30686163755 0.55045513680 0.56225986515 0.50086677454 0.51534904415 0.75434658253 0.50097813463 0.58586883601 0.73135682383 1.05898078587 1.61192810776 -200.6467755596 0.00022253026   -2 
 168 0.00000451018 0.00093732751 -112.56196495 0.09575217885 0.00950620225 0.11126798819 0.56378011585 0.48359397751 0.52397979197 0.42796002339 0.56455587652 0.46251664262 0.57567626369 0.58504585477 0.56745795874 0.51041432264 0.56870571482 0.55152004407 0.40110824906 0.56295126380 0.41010631326 0.42334258213 0.58720109112 0.30686238867 0.55045544155 0.56226016954 0.50086781325 0.51534968331 0.75434709196 0.50097910050 0.58587004881 0.73135693258 1.05898313367 1.61192940335 -200.6467746695 0.00017082231   -2 
 169 0.00000451018 0.00093732751 -112.56196495 0.09575217885 0.00950620225 0.11126798819 0.56378011585 0.48359397751 0.52397979197 0.42796002339 0.56455587652 0.46251664262 0.57567626369 0.58504585477 0.56745795874 0.51041432264 0.56870571482 0.55152004407 0.40110824906 0.56295126380 0.41010631326 0.42334258213 0.58720109112 0.30686238867 0.55045544155 0.56226016954 0.50086781325 0.51534968331 0.75434709196 0.50097910050 0.58587004881 0.73135693258 1.05898313367 1.61192940335 -200.6467746695           NAN   -8 
 170 0.00000451018 0.00093733443 -112.56066266 0.09575231603 0.00950633290 0.11126919837 0.56377841655 0.48358682559 0.52398319349 0.42796065458 0.56455686771 0.46251716812 0.57567695803 0.58504650732 0.56745858183 0.51041475006 0.56870620606 0.55152049983 0.40110852011 0.56295171170 0.41010656768 0.42334282553 0.58720153163 0.30686272173 0.55045580694 0.56226053930 0.50086833484 0.51535009217 0.75434764412 0.50097958949 0.58587067942 0.73135732762 1.05898380121 1.61193002267 -200.6467744226 0.00050834916   -2 
 171 0.00000451018 0.00093733443 -112.56066266 0.09575231603 0.00950633290 0.11126919837 0.56377841655 0.48358682559 0.52398319349 0.42796065458 0.56455686771 0.46251716812 0.57567695803 0.58504650732 0.56745858183 0.51041475006 0.56870620606 0.55152049983 0.40110852011 0.56295171170 0.41010656768 0.42334282553 0.58720153163 0.30686272173 0.55045580694 0.56226053930 0.50086833484 0.51535009217 0.75434764412 0.50097958949 0.58587067942 0.73135732762 1.05898380121 1.61193002267 -200.6467744226           NAN   -8 
 172 0.00000451018 0.00093732827 -112.56060460 0.09575243988 0.00950634336 0.11126929680 0.56377801316 0.48358642501 0.52398314636 0.42796059284 0.56455678605 0.46251712253 0.57567689845 0.58504645600 0.56745854331 0.51041472199 0.56870617400 0.55152047558 0.40110851183 0.56295169329 0.41010656097 0.42334281813 0.58720151830 0.30686273518 0.55045579847 0.56226053214 0.50086834758 0.51535009684 0.75434762929 0.50097960291 0.58587069542 0.73135731617 1.05898377784 1.61192994613 -200.6467742426 0.00013404572   -2 
 173 0.00000451018 0.00093732827 -112.56060460 0.09575243988 0.00950634336 0.11126929680 0.56377801316 0.48358642501 0.52398314636 0.42796059284 0.56455678605 0.46251712253 0.57567689845 0.58504645600 0.56745854331 0.51041472199 0.56870617400 0.55152047558 0.40110851183 0.56295169329 0.41010656097 0.42334281813 0.58720151830 0.30686273518 0.55045579847 0.56226053214 0.50086834758 0.51535009684 0.75434762929 0.50097960291 0.58587069542 0.73135731617 1.05898377784 1.61192994613 -200.6467742426 0.00013404572   -5 
 174 0.00000451018 0.00093732827 -112.56060460 0.09575243988 0.00950634336 0.11126929680 0.56377801316 0.48358642501 0.52398314636 0.42796059284 0.56455678605 0.46251712253 0.57567689845 0.58504645600 0.56745854331 0.51041472199 0.56870617400 0.55152047558 0.40110851183 0.56295169329 0.41010656097 0.42334281813 0.58720151830 0.30686273518 0.55045579847 0.56226053214 0.50086834758 0.51535009684 0.75434762929 0.50097960291 0.58587069542 0.73135731617 1.05898377784 1.61192994613 -200.6467742426           NAN   -8 
 175 0.00000451018 0.00093732827 -112.56060460 0.09575243988 0.00950634336 0.11126929680 0.56377801316 0.48358642501 0.52398314636 0.42796059284 0.56455678605 0.46251712253 0.57567689845 0.58504645600 0.56745854331 0.51041472199 0.56870617400 0.55152047558 0.40110851183 0.56295169329 0.41010656097 0.42334281813 0.58720151830 0.30686273518 0.55045579847 0.56226053214 0.50086834758 0.51535009684 0.75434762929 0.50097960291 0.58587069542 0.73135731617 1.05898377784 1.61192994613 -200.6467742426 0.00013404572   -8 
-- Local optimization: reached maximum number of likelihood evaluations allowed.
-- Found new optimum with likelihood -200.646774242615891 and gradient 0.00013

---- Best joint likelihood found -200.646774242615891 with gradient 0.00013

---- Results for /scratch/40841747/tmpg98j4ak9 
--  Model: C
--        eps_an     theta_bar             a 
-- 0.00000451018 0.00093732827            -1 
--           S_d             b           p_b           S_b 
-- -112.56060460 0.09575243988 0.00950634336 0.11126929680 
--           r 2           r 3           r 4           r 5           r 6           r 7           r 8           r 9          r 10          r 11          r 12          r 13          r 14          r 15          r 16          r 17          r 18          r 19          r 20          r 21          r 22          r 23          r 24          r 25          r 26          r 27          r 28          r 29 
-- 0.56377801316 0.48358642501 0.52398314636 0.42796059284 0.56455678605 0.46251712253 0.57567689845 0.58504645600 0.56745854331 0.51041472199 0.56870617400 0.55152047558 0.40110851183 0.56295169329 0.41010656097 0.42334281813 0.58720151830 0.30686273518 0.55045579847 0.56226053214 0.50086834758 0.51535009684 0.75434762929 0.50097960291 0.58587069542 0.73135731617 1.05898377784 1.61192994613 

---- Expected P_neut(i), 0 < i < n (neutral SFS per site) 
E[P_neut(1)] = 0.0009373243
E[P_neut(2)] = 0.0002642215
E[P_neut(3)] = 0.0001510925
E[P_neut(4)] = 0.0001227856
E[P_neut(5)] = 0.0000802276
E[P_neut(6)] = 0.0000881956
E[P_neut(7)] = 0.0000619327
E[P_neut(8)] = 0.0000674496
E[P_neut(9)] = 0.0000609310
E[P_neut(10)] = 0.0000531894
E[P_neut(11)] = 0.0000434932
E[P_neut(12)] = 0.0000444220
E[P_neut(13)] = 0.0000397658
E[P_neut(14)] = 0.0000268550
E[P_neut(15)] = 0.0000351780
E[P_neut(16)] = 0.0000240253
E[P_neut(17)] = 0.0000233419
E[P_neut(18)] = 0.0000305779
E[P_neut(19)] = 0.0000151386
E[P_neut(20)] = 0.0000257980
E[P_neut(21)] = 0.0000250965
E[P_neut(22)] = 0.0000213401
E[P_neut(23)] = 0.0000210025
E[P_neut(24)] = 0.0000294616
E[P_neut(25)] = 0.0000187836
E[P_neut(26)] = 0.0000211217
E[P_neut(27)] = 0.0000253903
E[P_neut(28)] = 0.0000354516
E[P_neut(29)] = 0.0000521043

---- Expected P_sel(i), 0 < i < n (selected SFS per site) 
E[P_sel(1)] = 0.0007019258
E[P_sel(2)] = 0.0001818547
E[P_sel(3)] = 0.0000996170
E[P_sel(4)] = 0.0000787137
E[P_sel(5)] = 0.0000503802
E[P_sel(6)] = 0.0000544907
E[P_sel(7)] = 0.0000377562
E[P_sel(8)] = 0.0000406557
E[P_sel(9)] = 0.0000363671
E[P_sel(10)] = 0.0000314721
E[P_sel(11)] = 0.0000255358
E[P_sel(12)] = 0.0000258987
E[P_sel(13)] = 0.0000230360
E[P_sel(14)] = 0.0000154655
E[P_sel(15)] = 0.0000201483
E[P_sel(16)] = 0.0000136909
E[P_sel(17)] = 0.0000132384
E[P_sel(18)] = 0.0000172651
E[P_sel(19)] = 0.0000085118
E[P_sel(20)] = 0.0000144476
E[P_sel(21)] = 0.0000140017
E[P_sel(22)] = 0.0000118633
E[P_sel(23)] = 0.0000116357
E[P_sel(24)] = 0.0000162688
E[P_sel(25)] = 0.0000103399
E[P_sel(26)] = 0.0000115921
E[P_sel(27)] = 0.0000138945
E[P_sel(28)] = 0.0000193466
E[P_sel(29)] = 0.0000283586

---- alpha_dfe = 0.018569

