---- Running command
---- ./polyDFE -d /scratch/40841685/tmp8fv8zjst -m C -i /scratch/40841685/tmpdsmv6e2_ 1 -v 1 
---- Performing inference using model C

---- Performing inference on /scratch/40841685/tmp8fv8zjst
----      with -i /scratch/40841685/tmpdsmv6e2_ 1
---- Data /scratch/40841685/tmp8fv8zjst does not contain divergence counts. Using option -w.
---- No mutation variability. Using Poisson likelihood.


---- Using provided initial values

-- Starting local optimization
-- Optimizing all parameters
  it        eps_an     theta_bar           S_d             b           p_b           S_b           r 2           r 3           r 4           r 5           r 6           r 7           r 8           r 9          r 10          r 11          r 12          r 13          r 14          r 15          r 16          r 17          r 18          r 19          r 20          r 21          r 22          r 23          r 24          r 25          r 26          r 27          r 28          r 29           ln lk          grad status 
   0 0.00000450268  0.0009259123 -45.463749999     0.1287808   0.009184894     0.1083917     0.5642878      0.496756     0.4953868     0.4840476     0.4906511     0.4906073     0.5437098     0.5553355     0.5124802     0.5092361     0.6175192     0.5977393     0.4504409      0.522028     0.3860458     0.4756257     0.5506624     0.3834732      0.531485     0.4975372     0.5880576     0.5381713     0.7063446     0.5665509     0.6574706     0.6611074     0.9643355       1.73894 -205.5289952123 1.19620189694   -2 
   1 0.00000450267 0.00090907025 -45.516113167 0.12914773891 0.00918433482 0.10839113633 0.56428778382 0.49758177342 0.49516237117 0.48426752675 0.49065104995 0.49112681642 0.54427909565 0.55492147355 0.51194059608 0.50954299188 0.61779193552 0.59977460529 0.45016628888 0.52202803732 0.38574765564 0.47569789656 0.55016941287 0.38430419736 0.53029130191 0.49693668734 0.58727426619 0.53865488908 0.70573286858 0.56671957320 0.65708699203 0.66091469259 0.96196878598 1.73616426508 -204.4007120253 0.53309598252   -2 
   2 0.00000450265 0.00092306792 -45.304781570 0.12892538827 0.00918408052 0.10838591136 0.58165649279 0.51901544876 0.49813102204 0.49249092447 0.49471720202 0.50271746703 0.55684113762 0.55184572573 0.50614653600 0.51665368381 0.62506867244 0.63504596375 0.44728428634 0.52375660251 0.38199947440 0.47810165443 0.54406232151 0.39834902675 0.51318584734 0.48869288319 0.57653840468 0.54747532463 0.69804256124 0.57055322738 0.65257554720 0.65933911574 0.92826946740 1.70046893132 -201.2437196303 1.54225557446   -2 
   3 0.00000450262 0.00089171043 -45.116567330 0.12975183742 0.00918182570 0.10837522624 0.60901509164 0.55798404928 0.50275961562 0.50743672081 0.50187267581 0.52476416550 0.58077468122 0.54564222428 0.49496927675 0.53017036611 0.63874495705 0.70735626295 0.44161779921 0.52686406370 0.37475414633 0.48259631040 0.53229406018 0.42678190157 0.48151257054 0.47300928657 0.55617943797 0.56472923004 0.68321392212 0.57787139419 0.64376215957 0.65612181416 0.86605378783 1.63295064716 -196.2496203907 0.42661958933   -2 
   4 0.00000450260 0.00089298198 -44.891004686 0.12979609357 0.00918130906 0.10837000621 0.57104224038 0.53628275029 0.51125201055 0.51483508315 0.50951353737 0.53671281040 0.59448454751 0.54831458695 0.49325882991 0.54144695490 0.65072981745 0.75364150315 0.43990691368 0.53173374180 0.37065347728 0.48797657068 0.52635956001 0.45211656456 0.46032509148 0.46266836686 0.54321483601 0.58051147074 0.67518706588 0.58565808360 0.63929478696 0.65589699503 0.82679611747 1.60449570315 -193.4815033215 0.42478595295   -2 
   5 0.00000450260 0.00089904017 -44.848410775 0.12972665884 0.00918138244 0.10836962195 0.57062200694 0.53431928396 0.51166851790 0.51500413315 0.50997427848 0.53721641979 0.59512378004 0.54871094322 0.49334231619 0.54225980321 0.65159058985 0.75644860367 0.43984943117 0.53217704839 0.37036175760 0.48845841212 0.52597879665 0.45430387947 0.45869438071 0.46186964140 0.54224064810 0.58187073638 0.67463965935 0.58635917262 0.63899543919 0.65594191458 0.82390825720 1.60308037634 -193.3110409306 0.24742454357   -2 
   6 0.00000450260 0.00089841944 -44.683135847 0.13080904258 0.00917979020 0.10836577124 0.58680779721 0.51589417150 0.50922415662 0.50991800061 0.50996390133 0.53459375602 0.59329917608 0.55207742869 0.49521911132 0.54608054640 0.65537660721 0.76477517863 0.43971780653 0.53519706873 0.36829349454 0.49191623925 0.52361353788 0.47098172641 0.44698010046 0.45597856285 0.53530787789 0.59202944749 0.67097774821 0.59170327705 0.63687535218 0.65635560525 0.80440551212 1.59898368966 -192.5678923556 0.13820773950   -2 
   7 0.00000450261 0.00089400173 -44.562245319 0.13134184307 0.00917903714 0.10836386142 0.58430570538 0.51908530636 0.50730377781 0.50694845099 0.50881261056 0.53147013080 0.59026638132 0.55366438845 0.49673549351 0.54670555003 0.65584419776 0.76216093159 0.43995465510 0.53654525794 0.36747638233 0.49356097782 0.52294909672 0.47907797532 0.44179130622 0.45332967847 0.53237936437 0.59693623911 0.66971213395 0.59444441914 0.63611087212 0.65676941905 0.79668365093 1.60115714440 -192.3845469165 0.42771855099   -2 
   8 0.00000450262 0.00090096619 -44.185664437 0.13223045267 0.00917778420 0.10835935881 0.57876845028 0.52849065068 0.50311922157 0.50019123685 0.50618355541 0.52403158289 0.58300445018 0.55773162268 0.50067379941 0.54824767950 0.65702835121 0.75529742343 0.44065596956 0.53996756768 0.36553989585 0.49771280454 0.52146134643 0.49966144468 0.42932657110 0.44692894739 0.52533882163 0.60928105837 0.66676588631 0.60135880596 0.63434618471 0.65790681350 0.77824013535 1.60738510500 -191.9460972385 0.06586987297   -2 
   9 0.00000450263 0.00090169704 -43.777117531 0.13220768389 0.00917776231 0.10835619712 0.58265126534 0.52566292951 0.50478602824 0.50193741178 0.50517831889 0.52252019517 0.58089717223 0.55778748730 0.50195236320 0.54726856371 0.65574161943 0.74768223475 0.44114750677 0.54114392150 0.36458557125 0.49962284272 0.52107363626 0.51061869033 0.42266648377 0.44339684818 0.52179084200 0.61581017793 0.66560818494 0.60531292808 0.63353662185 0.65867022170 0.76998810084 1.61312289921 -191.8617159586 0.14509357907   -2 
  10 0.00000450263 0.00089971415 -43.690917591 0.13223748303 0.00917770747 0.10835545767 0.58314091575 0.52493379886 0.50515432718 0.50239518331 0.50497959557 0.52229167676 0.58052929630 0.55770775052 0.50216459161 0.54699807113 0.65540328161 0.74603123149 0.44124468119 0.54135207534 0.36438396523 0.50000030122 0.52099837174 0.51290752182 0.42127114366 0.44264821313 0.52105033584 0.61716515935 0.66537129135 0.60614360457 0.63336346436 0.65882690876 0.76831425420 1.61432921461 -191.8434896471 0.04117868703   -2 
  11 0.00000450264 0.00089964869 -43.400110376 0.13202789052 0.00917794217 0.10835347694 0.58010292977 0.52365858573 0.50663186327 0.50501828811 0.50552557255 0.52397073323 0.58182610994 0.55657370203 0.50186415866 0.54592569373 0.65428889371 0.74337036228 0.44146937936 0.54126676327 0.36416048769 0.50035273120 0.52117463770 0.51588613636 0.41909222831 0.44144815605 0.52010063036 0.61902748440 0.66533189424 0.60754975254 0.63323132086 0.65919839340 0.76681550621 1.61689193037 -191.8192174814 0.02546990454   -2 
  12 0.00000450264 0.00089881331 -43.338123713 0.13204873302 0.00917789910 0.10835292987 0.58022239277 0.52372558032 0.50662417186 0.50528619121 0.50565697564 0.52439886716 0.58221593835 0.55625574822 0.50166889677 0.54567901508 0.65404921659 0.74315995385 0.44148521939 0.54113947946 0.36414661534 0.50031002822 0.52123597642 0.51601072725 0.41885186430 0.44130255264 0.52003404802 0.61912597115 0.66537757865 0.60769511600 0.63322796369 0.65924251066 0.76689226480 1.61712790333 -191.8167734078 0.05073368335   -2 
  13 0.00000450266 0.00089825010 -42.908908319 0.13211808947 0.00917770824 0.10834926762 0.58184263085 0.52458100143 0.50649090848 0.50690957185 0.50660622277 0.52730930773 0.58491512014 0.55420860550 0.50035562259 0.54411139710 0.65255539643 0.74211815535 0.44159589194 0.54026710134 0.36409586524 0.49997648245 0.52168718949 0.51650355257 0.41743973784 0.44043685985 0.51971360575 0.61959967589 0.66575207619 0.60857625366 0.63325277895 0.65954016380 0.76771416809 1.61859742277 -191.8023985017 0.01773582510   -2 
  14 0.00000450268 0.00089722322 -42.372668454 0.13273084832 0.00917675026 0.10834378788 0.58088235408 0.52548349903 0.50609243566 0.50602789741 0.50714843615 0.52860531059 0.58649800517 0.55335955674 0.49933736171 0.54330713289 0.65200653735 0.74315283619 0.44172933347 0.53934208063 0.36424420896 0.49940473805 0.52235670305 0.51538422704 0.41676910861 0.43997341483 0.51996529027 0.61922088373 0.66649403035 0.60911689302 0.63351624449 0.65989166546 0.77010994946 1.61938070016 -191.7927169267 0.08005388986   -2 
  15 0.00000450270 0.00089814629 -41.881979844 0.13326131804 0.00917591938 0.10833878966 0.58020652035 0.52626225739 0.50579747516 0.50523989504 0.50763150493 0.52970303400 0.58786626258 0.55268544406 0.49847421925 0.54264721214 0.65158405883 0.74416081378 0.44186055930 0.53853738284 0.36439054929 0.49890094737 0.52297399496 0.51434803772 0.41620088264 0.43957988171 0.52021963873 0.61886992961 0.66718456350 0.60960266275 0.63377306312 0.66022191314 0.77232418254 1.62011479625 -191.7840510177 0.02840083724   -2 
  16 0.00000450277 0.00089741486 -40.261426281 0.13533487903 0.00917273952 0.10832139999 0.58209291233 0.52405994020 0.50585133499 0.50327384586 0.50776574473 0.52966360972 0.58870663467 0.55285351288 0.49732962097 0.54223140717 0.65186955201 0.74785234975 0.44231353141 0.53687432621 0.36500703143 0.49764351995 0.52481711490 0.51068542079 0.41534418464 0.43893999543 0.52146520801 0.61752264916 0.66943045289 0.61078931211 0.63481628123 0.66132714817 0.77948503302 1.62205145789 -191.7572637966 0.03967132920   -2 
  17 0.00000450279 0.00089796530 -39.859664379 0.13582293693 0.00917198912 0.10831705145 0.58229501445 0.52363763818 0.50594812011 0.50301199639 0.50776184159 0.52952420307 0.58874451305 0.55304379429 0.49720003461 0.54226309300 0.65205920359 0.74870694282 0.44243898841 0.53657886004 0.36517121919 0.49739891998 0.52525701986 0.50985373759 0.41520635299 0.43883716010 0.52179797146 0.61723088689 0.66998229233 0.61107386396 0.63509784031 0.66161611219 0.78118587079 1.62258984059 -191.7542342650 0.04774014568   -2 
  18 0.00000450287 0.00089659330 -38.252235095 0.13784317804 0.00916889641 0.10829915889 0.58157180136 0.52232799849 0.50647668713 0.50272473437 0.50753302374 0.52844230394 0.58820198985 0.55428279075 0.49721241914 0.54284316457 0.65319640969 0.75180289957 0.44297077135 0.53580161861 0.36586236541 0.49664705573 0.52693931364 0.50677951006 0.41491472142 0.43861764653 0.52321089567 0.61619794321 0.67216032076 0.61216785585 0.63629944447 0.66281802684 0.78771856983 1.62488127631 -191.7405623789 0.05723190006   -2 
  19 0.00000450288 0.00089742175 -37.909591028 0.13822004272 0.00916830753 0.10829535193 0.58122113074 0.52240283131 0.50663004209 0.50295321679 0.50749049995 0.52818193614 0.58798144964 0.55466768141 0.49740075177 0.54311190834 0.65355123224 0.75230078530 0.44310146866 0.53580594453 0.36601920097 0.49659584438 0.52726023926 0.50629261495 0.41494772266 0.43864672276 0.52352784475 0.61607079054 0.67259914556 0.61239351377 0.63658074673 0.66309266779 0.78892027841 1.62547270876 -191.7352337191 0.05731217012   -2 
  20 0.00000450296 0.00089553288 -36.363067759 0.13998551480 0.00916554070 0.10827761220 0.57846887852 0.52382130097 0.50720331239 0.50495125399 0.50719881118 0.52681083839 0.58647067347 0.55676794336 0.49893378942 0.54483558815 0.65550253968 0.75374267642 0.44372929885 0.53647393995 0.36675226388 0.49677505995 0.52852698174 0.50473265337 0.41546689755 0.43906875584 0.52501002006 0.61583882813 0.67445201679 0.61336166605 0.63793530530 0.66438882503 0.79355539059 1.62841679928 -191.7108804694 0.04280831063   -2 
  21 0.00000450300 0.00089544963 -35.681191180 0.14075888217 0.00916432352 0.10826958937 0.57786410375 0.52459781584 0.50742436594 0.50599369211 0.50712948563 0.52630994679 0.58582744014 0.55774846287 0.49979260868 0.54572613415 0.65644694981 0.75415671207 0.44403112272 0.53698214481 0.36708886834 0.49700378974 0.52903769142 0.50429611023 0.41581788821 0.43935631788 0.52568264037 0.61588099782 0.67523765148 0.61379259366 0.63857172277 0.66499400611 0.79532718917 1.62987276186 -191.7061655350 0.05130801444   -2 
  22 0.00000450306 0.00089307560 -34.599279787 0.14208037801 0.00916225398 0.10825638970 0.57803493008 0.52579216440 0.50762243575 0.50774812807 0.50711073964 0.52573528794 0.58489563225 0.55930979989 0.50142393446 0.54731300633 0.65802660448 0.75437865694 0.44454273022 0.53815365906 0.36763829277 0.49763088723 0.52974446590 0.50407041739 0.41658970895 0.43999169339 0.52676866198 0.61621120769 0.67640649446 0.61447563598 0.63963965444 0.66600372376 0.79759215059 1.63241283550 -191.6960171336 0.06920098173   -2 
  23 0.00000450312 0.00089267253 -33.616043554 0.14329705335 0.00916035082 0.10824406901 0.57902583141 0.52681746485 0.50781171363 0.50934872294 0.50723309952 0.52545384835 0.58424266377 0.56073578357 0.50305785424 0.54886079255 0.65952964544 0.75442358563 0.44505015770 0.53944555475 0.36816086939 0.49837542481 0.53035474367 0.50416491832 0.41742778344 0.44068799201 0.52778574016 0.61669645105 0.67745521276 0.61512592686 0.64067049594 0.66697914360 0.79936618251 1.63496757402 -191.6862224896 0.05647686983   -2 
  24 0.00000450317 0.00089022163 -32.805144497 0.14445348569 0.00915856755 0.10823338206 0.58059189388 0.52718965801 0.50791078443 0.51039867595 0.50754900878 0.52566375232 0.58411066419 0.56179078944 0.50453761369 0.55020428381 0.66077350116 0.75421282832 0.44552248303 0.54083528750 0.36861599230 0.49926152536 0.53078596489 0.50475887550 0.41832803561 0.44144721271 0.52864547470 0.61740610036 0.67826756965 0.61570112253 0.64159731024 0.66785947267 0.80028683178 1.63740189076 -191.6757873973 0.07093441295   -2 
  25 0.00000450322 0.00088972452 -31.920126961 0.14574954201 0.00915657528 0.10822141609 0.58264020837 0.52740503472 0.50811191762 0.51137723118 0.50811343465 0.52626808736 0.58435083412 0.56288815380 0.50623782792 0.55172537670 0.66216598618 0.75394026661 0.44609882734 0.54257731723 0.36914329452 0.50042759772 0.53124069449 0.50577394125 0.41945897695 0.44241193192 0.52961606095 0.61841640580 0.67915295374 0.61638534675 0.64268535165 0.66889905503 0.80097198036 1.64039249096 -191.6646042580 0.05090897986   -2 
  26 0.00000450330 0.00088695899 -30.748464589 0.14774786657 0.00915355944 0.10820464254 0.58451322175 0.52711352268 0.50852479364 0.51208538686 0.50928417469 0.52786240105 0.58554800158 0.56412023607 0.50855115149 0.55375864772 0.66399937752 0.75356987882 0.44699257321 0.54532615040 0.36990773937 0.50239913800 0.53181377208 0.50794350996 0.42128056559 0.44399157047 0.53096704103 0.62028845464 0.68032526384 0.61742893081 0.64429776767 0.67045634108 0.80117031935 1.64506144692 -191.6508799808 0.07429860869   -2 
  27 0.00000450338 0.00088633578 -29.697010499 0.14964277170 0.00915073351 0.10818901372 0.58569573285 0.52685175861 0.50905220122 0.51256521745 0.51054030168 0.52962981330 0.58702171065 0.56519292341 0.51066972394 0.55562298783 0.66569514808 0.75336237043 0.44787968445 0.54799679430 0.37064444895 0.50436959667 0.53236054858 0.51024804522 0.42307253865 0.44555839515 0.53224333906 0.62222232681 0.68143137404 0.61846441790 0.64585934806 0.67197403194 0.80114325253 1.64968653069 -191.6390295322 0.06409979504   -2 
  28 0.00000450352 0.00088345482 -27.960616354 0.15320375096 0.00914554556 0.10816154575 0.58574654374 0.52644270505 0.51015060597 0.51295813851 0.51293363648 0.53313358103 0.59022753272 0.56684638860 0.51416442451 0.55871750760 0.66855152224 0.75337346147 0.44953006384 0.55279806584 0.37197753518 0.50804791452 0.53335345929 0.51482693330 0.42637807986 0.44847819166 0.53450102937 0.62597644571 0.68339842763 0.62041174151 0.64870467125 0.67476206834 0.80070711342 1.65825732370 -191.6214158727 0.05551026618   -2 
  29 0.00000450354 0.00088509032 -27.711388781 0.15402394172 0.00914438107 0.10815694729 0.58296559433 0.52719063587 0.51067591301 0.51255039438 0.51346166933 0.53404253356 0.59161327993 0.56680681663 0.51413713084 0.55880602404 0.66881195419 0.75450099523 0.44999684980 0.55354707208 0.37229334845 0.50892847577 0.53369975268 0.51635128531 0.42712408712 0.44921258017 0.53493455732 0.62718370553 0.68388524351 0.62104522166 0.64939565267 0.67549289349 0.80028717097 1.66053191781 -191.6011557109 0.10691331549   -2 
  30 0.00000450356 0.00088412806 -27.552973006 0.15468705927 0.00914345574 0.10815375442 0.58082619469 0.52768881279 0.51100325357 0.51215961662 0.51378890433 0.53466057234 0.59264205097 0.56669713172  0.5139867107 0.55876592651 0.66892039941 0.75543074931 0.45033721273 0.55402627375 0.37251906611 0.50956232993 0.53395801525 0.51751525129 0.42766057400 0.44975106608 0.53523148030 0.62809912895 0.68423391876 0.62152390538 0.64989561955 0.67602897092 0.79992943214 1.66217262232 -191.5867586260 0.03192149821   -2 
  31 0.00000450360 0.00088378259 -27.355886254 0.15600640040 0.00914162558 0.10814887553 0.57976511134 0.52846475716 0.51144899524 0.51118902348 0.51416465439 0.53561432705 0.59480876017 0.56613079018 0.51288949066 0.55808136177 0.66874199655 0.75822946240 0.45108113324 0.55453467902 0.37297989919 0.51079892708 0.53461010592 0.52022244027 0.42869529508 0.45087674633 0.53574577714 0.63023280710 0.68499071806 0.62268446738 0.65093942959 0.67720214043 0.79901853455 1.66560098492 -191.5754074481 0.07805362638   -2 
  32 0.00000450361 0.00088498963 -27.252241570 0.15668623144 0.00914067875 0.10814633373 0.57971648623 0.52885878471 0.51169363701 0.51072554427 0.51436773702 0.53611730546 0.59598457255 0.56583441216 0.51226051394 0.55768985830 0.66864669784 0.75984123957 0.45150413158 0.55478823765 0.37324119528 0.51148314002 0.53499286882 0.52174800089 0.42926755757 0.45150737965 0.53603294616 0.63144155680 0.68542830188 0.62335291235 0.65153037984 0.67786975994 0.79852951486 1.66753597180 -191.5680509571 0.04160948037   -2 
  33 0.00000450365 0.00088435780 -27.113709264 0.15778599276 0.00913912333 0.10814255846 0.58189243546 0.52887272022 0.51184684762 0.51029418264 0.51455546407 0.53668755002 0.59761970955 0.56538274244 0.51106687157 0.55693358204 0.66845376223 0.76272703156 0.45225817585 0.55504191208 0.37371100219 0.51262452155 0.53574042129 0.52446569350 0.43023940907 0.45262184535 0.53652618093 0.63363279548 0.68625643956 0.62462308268 0.65260017289 0.67909786910 0.79775026442 1.67089406886 -191.5566304341 0.03399804606   -2 
  34 0.00000450365 0.00088477173 -27.097360632 0.15787192326 0.00913898627 0.10814218133 0.58229224126 0.52884063207 0.51186875523 0.51035983558 0.51458652642 0.53673361558 0.59775884023 0.56537883941 0.51094610596 0.55686616154 0.66846448841 0.76309355437 0.45236554494 0.55506398740 0.37378036291 0.51277029912 0.53585952192 0.52482043854 0.43036635693 0.45277334838 0.53659985056 0.63393166982 0.68638776815 0.62481229131 0.65275556951 0.67927732773 0.79768910408 1.67135835091 -191.5553190534 0.02271265413   -2 
  35 0.00000450367 0.00088397743 -27.056229642 0.15798313504 0.00913869146 0.10814133057 0.58386088480 0.52837526948 0.51185766946 0.51127282701 0.51467910793 0.53667409740 0.59776073906 0.56565680663 0.51066643167 0.55676555117 0.66868146763 0.76436956191 0.45281882243 0.55505696726 0.37409011465 0.51329852404 0.53643681077 0.52618256110 0.43085266336 0.45339191941 0.53693026429 0.63515582724 0.68702178915 0.62567885133 0.65344232627 0.68007851085 0.79767659579 1.67322334206 -191.5511655899 0.02272364257   -2 
  36 0.00000450368 0.00088419122 -27.040436545 0.15795487404 0.00913864566 0.10814110700 0.58420023717 0.52827013162 0.51189636749 0.51179835443 0.51474918373 0.53663329614 0.59767060250 0.56587181743 0.51062786712 0.55679286708 0.66884631774 0.76487784656 0.45303192898 0.55505071530 0.37424130868 0.51352665289 0.53672447966 0.52677082349 0.43106919402 0.45367508085 0.53709517765 0.63570886765 0.68734015026 0.62609719525 0.65377226986 0.68046335910 0.79774770590 1.67407226981 -191.5498597728 0.03119407906   -2 
  37 0.00000450370 0.00088316821 -27.005382903 0.15784267852 0.00913853986 0.10814062727 0.58441369117 0.52808145038 0.51201978556 0.51335667573 0.51495480649 0.53647756065 0.59727231502 0.56657478946 0.51062231326 0.55695202942 0.66938037206 0.76619320916 0.45364234696 0.55501742789 0.37468449400 0.51415518887 0.53757363954 0.52840927361 0.43168071220 0.45448690259 0.53758146527 0.63728239460 0.68828342996 0.62732387459 0.65473546461 0.68158804785 0.79804311859 1.67644861916 -191.5461805009 0.02157353253   -2 
  38 0.00000450371 0.00088340425 -26.997284406 0.15778116269 0.00913852947 0.10814055095 0.58414368136 0.52822137460 0.51211579977 0.51377780831 0.51504796798 0.53645295127 0.59712688000 0.56684447317 0.51070664424 0.55706906403 0.66959499998 0.76650336744 0.45383547220 0.55501534173 0.37483314283 0.51434081848 0.53785615664 0.52888666751 0.43187099480 0.45474481530 0.53774867349 0.63776560547 0.68860233900 0.62772732304 0.65505295837 0.68195794355 0.79820447149 1.67715369372 -191.5450614316 0.02483495741   -2 
  39 0.00000450372 0.00088295838 -26.993028279 0.15772361554 0.00913848572 0.10814048794 0.58354926623 0.52850263865 0.51224779129 0.51418989819 0.51516510023 0.53642911906 0.59692173536 0.56719557109 0.51087008760 0.55725597059 0.66988004575 0.76677790061 0.45406843050 0.55501248754 0.37502137555 0.51455403184 0.53821124383 0.52943920251 0.43210170814 0.45506295961 0.53796263293 0.63834653842 0.68900753982 0.62823546293 0.65545208266 0.68242304134 0.79845239235 1.67795370190 -191.5437413899 0.01147669659   -2 
  40 0.00000450372 0.00088317598 -26.997505336 0.15771149100 0.00913843679 0.10814051212 0.58329645463 0.52879890507 0.51234850049 0.51414717635 0.51523422152 0.53646109856 0.59684093109 0.56736909016 0.51104908219 0.55741515145 0.67003878878 0.76671175155 0.45415851195 0.55502343936 0.37511085424 0.51461934032 0.53837164828 0.52960253359 0.43219369780 0.45519759348 0.53806967807 0.63856066422 0.68919988939 0.62846646470 0.65563462336 0.68263479945 0.79864889890 1.67817127478 -191.5432314372 0.01811028309   -2 
  41 0.00000450373 0.00088290755 -27.009168746 0.15772302165 0.00913832316 0.10814055703 0.58296423512 0.52924016968 0.51248792397 0.51396905089 0.51532789995 0.53651646052 0.59672239876 0.56761453462 0.51134848510 0.55767178093 0.67027158869 0.76651906644 0.45427866291 0.55504043543 0.37524131501 0.51469626251 0.53860112307 0.52979661523 0.43232016843 0.45538769227 0.53822769494 0.63884602538 0.68947994119 0.62880054930 0.65589831496 0.68294070063 0.79896975434 1.67840172916 -191.5425235048 0.01152504499   -2 
  42 0.00000450375 0.00088314091 -27.033217812 0.15777155710 0.00913811164 0.10814066263 0.58309848523 0.52973033922 0.51267239339 0.51350919879 0.51545703981 0.53664526571 0.59662692492 0.56791902175 0.51184640564 0.55808112626 0.67059226202 0.76605730973 0.45441387996 0.55508403998 0.37541844352 0.51475773006 0.53889708651 0.52993564906 0.43247175783 0.45562645876 0.53844960540 0.63915358606 0.68985626964 0.62923904411 0.65624714259 0.68334371602 0.79949910961 1.67851275480 -191.5416761785 0.02004322134   -2 
  43 0.00000450376 0.00088286224 -27.053141693 0.15782485889 0.00913793516 0.10814073917 0.58326832771 0.52998856275 0.51278118305 0.51316540486 0.51553873812 0.53673853401 0.59657395749 0.56811516963 0.51220125826 0.55836985953 0.67080809034 0.76570191831 0.45450060871 0.55511703986 0.37554111791 0.51479060370 0.53909791455 0.53000584126 0.43257278104 0.45578840965 0.53860479382 0.63934986800 0.69011560966 0.62954026702 0.65648716886 0.68362081420 0.79988486070 1.67854379760 -191.5410875221 0.01021728315   -2 
  44 0.00000450377 0.00088304399 -27.075734833 0.15788139803 0.00913774798 0.10814084840 0.58372937935 0.52993319277 0.51284835870 0.51290737027 0.51561361632 0.53685957432 0.59662241718 0.56824769437 0.51253485986 0.55863894895 0.67098850745 0.76535062230 0.45456251260 0.55517261340 0.37565196680 0.51480005346 0.53926437840 0.52999054367 0.43265321695 0.45592217745 0.53875158725 0.63947280423 0.69034381002 0.62979751036 0.65669713343 0.68386075734 0.80028889360 1.67848495378 -191.5405754925 0.01234521399   -2 
  45 0.00000450377 0.00088289302 -27.086615535 0.15791116241 0.00913765919 0.10814090020 0.58390012250 0.52984311934 0.51286099270 0.51282838765 0.51563961529 0.53691167279 0.59666245329 0.56828574556 0.51266430237 0.55874291148 0.67105276676 0.76520979328 0.45458250021 0.55520011711 0.37569565410 0.51479868261 0.53932589292 0.52996540760 0.43268239217 0.45597209277 0.53881107483 0.63950797293 0.69043201627 0.62989548586 0.65677836542 0.68395301359 0.80046143069 1.67844070814 -191.5403805105 0.00679674568   -2 
  46 0.00000450378 0.00088308981 -27.109477252 0.15794886117 0.00913749728 0.10814105675 0.58408532493 0.52946380611 0.51285349713 0.51288092579 0.51568918911 0.53703674400 0.59685861308 0.56829257796 0.51286270412 0.55890528356 0.67113725026 0.76502187047 0.45460071824 0.55528510920 0.37576966548 0.51478117141 0.53941029822 0.52983819019 0.43272133182 0.45604217312 0.53892079941 0.63950550429 0.69057215272 0.63004026874 0.65690745781 0.68409551056 0.80081129564 1.67831705498 -191.5400740727 0.00892916455   -2 
  47 0.00000450379 0.00088299920 -27.119376591 0.15796395685 0.00913742960 0.10814112781 0.58408563057 0.52931313285 0.51284150481 0.51293066961 0.51570397128 0.53708336089 0.59694711956 0.56828190703 0.51292660977 0.55895806908 0.67116018462 0.76496450994 0.45460355728 0.55532212725 0.37579631886 0.51477119195 0.53943634675 0.52977482992 0.43273317814 0.45606465795 0.53896213011 0.63949181513 0.69062058055 0.63008847969 0.65695238152 0.68414431293 0.80094919936 1.67826072785 -191.5399629834 0.00647679136   -2 
  48 0.00000450380 0.00088320107 -27.143702707 0.15797084244 0.00913728657 0.10814135107 0.58388265489 0.52904749132 0.51280852340 0.51316910168 0.51573657627 0.53719470704 0.59720693344 0.56822100145 0.51303180515 0.55904976377 0.67118838732 0.76491010064 0.45459966861 0.55543045330 0.37585407399 0.51474173533 0.53947731563 0.52957965770 0.43275201202 0.45610307281 0.53905873723 0.63941790489 0.69071769121 0.63017639609 0.65704350410 0.68423965949 0.80128664139 1.67812703918 -191.5397250937 0.00606550156   -2 
  49 0.00000450380 0.00088313089 -27.151290949 0.15796974921 0.00913724459 0.10814142681 0.58379892314 0.52902003954 0.51279434979 0.51324599757 0.51573910458 0.53721718043 0.59727738844 0.56819362623 0.51304414344 0.55906192501 0.67118548954 0.76491356830 0.45459456845 0.55546253529 0.37586760742 0.51473096370 0.53948157773 0.52951407110 0.43275396699 0.45610890622 0.53908358637 0.63938573067 0.69073777996 0.63019226057 0.65706303429 0.68425903071 0.80137906552 1.67808577897 -191.5396655479 0.00565401040   -2 
  50 0.00000450382 0.00088326076 -27.173601460 0.15793914502 0.00913713951 0.10814169296 0.58357911495 0.52911184770 0.51275874784 0.51349408972 0.51573697589 0.53726274093 0.59747437264 0.56809538453 0.51303442947 0.55906264124 0.67115372029 0.76498723283 0.45457155425 0.55556291464 0.37590050683 0.51469619799 0.53947599534 0.52929805728 0.43275183739 0.45611327842 0.53915091941 0.63926382900 0.69077823931 0.63021515473 0.65710464857 0.68429641057 0.80164118619 1.67797380925 -191.5395025380 0.00531728397   -2 
  51 0.00000450382 0.00088316402 -27.186014988 0.15791869968 0.00913708316 0.10814184822 0.58353414671 0.52920857208 0.51273994946 0.51359869792 0.51572600892 0.53726807574 0.59755161984 0.56803765359 0.51300523183 0.55904313966 0.67112336591 0.76504520009 0.45455458043 0.55561189231 0.37591258284 0.51467551033 0.53946273500 0.52917805525 0.43274585718 0.45610824214 0.53918023044 0.63918820035 0.69078720252 0.63021359134 0.65711602312 0.68430382831 0.80176458609 1.67791402237 -191.5394292154 0.00701977848   -2 
  52 0.00000450384 0.00088324127 -27.216679045 0.15784845201 0.00913695603 0.10814226469 0.58357272285 0.52950611035 0.51271022294 0.51382246606 0.51569595724 0.53726487518 0.59771183302 0.56789656480 0.51290791820 0.55897507510 0.67103828556 0.76521831910 0.45450899834 0.55573108957 0.37593737333 0.51462385898 0.53941935501 0.52887512477 0.43272631047 0.45608793961 0.53924725103 0.63898879247 0.69079665224 0.63019470826 0.65713330278 0.68430913457 0.80205535281 1.67777738999 -191.5392533188 0.00533451689   -2 
  53 0.00000450385 0.00088311456 -27.232645592 0.15780972139 0.00913689064 0.10814248954 0.58368621668 0.52961725120 0.51270868042 0.51386655719 0.51567763708 0.53724563776 0.59774427563 0.56783627404 0.51284310989 0.55892648467 0.67098976706 0.76530930163 0.45448372839 0.55577936482 0.37594330314 0.51459806470 0.53938890738 0.52873073774 0.43271206442 0.45607073293 0.53927152010 0.63888554089 0.69078770566 0.63017148149 0.65712992964 0.68429840262 0.80217253053 1.67771606339 -191.5391664432 0.00714758119   -2 
  54 0.00000450387 0.00088316092 -27.257910049 0.15773547865 0.00913679497 0.10814286880 0.58393206181 0.52976330930 0.51272720325 0.51389153768 0.51565416632 0.53720934475 0.59776554053 0.56775541198 0.51273379385 0.55884374323 0.67091458797 0.76545977311 0.45444390330 0.55584975946 0.37594912600 0.51455917273 0.53933623041 0.52850874380 0.43268725414 0.45603936515 0.53930486438 0.63872111538 0.69076570587 0.63012623704 0.65711759157 0.68427343497 0.80234028373 1.67763303359 -191.5390512374 0.00440280448   -2 
  55 0.00000450388 0.00088303013 -27.267456639 0.15770185909 0.00913676133 0.10814302793 0.58395082713 0.52964572873 0.51276948549 0.51376817710 0.51565827439 0.53718263151 0.59768158660 0.56777392955 0.51269253472 0.55880833868 0.67089808851 0.76548949314 0.45443216832 0.55584360013 0.37593905781 0.51455153996 0.53930886326 0.52847102031 0.43267294555 0.45601852204 0.53929617701 0.63867598713 0.69073531679 0.63008957801 0.65709226172 0.68424232579 0.80232739834 1.67763194516 -191.5389445182 0.01085947997   -2 
  56 0.00000450390 0.00088324158 -27.295815822 0.15757816744 0.00913667558 0.10814354252 0.58401045321 0.52926468388 0.51292072208 0.51336123243 0.51568394261 0.53710450508 0.59740072611 0.56785475061 0.51257042219 0.55870279260 0.67085783288 0.76557745269 0.45439938156 0.55581577009 0.37590466661 0.51453280044 0.53922362053 0.52837278494 0.43262797548 0.45595177359 0.53926329724 0.63854436013 0.69063557469 0.62997053803 0.65700816260 0.68413995160 0.80226261683 1.67764972026 -191.5385632365 0.00497126396   -2 
  57 0.00000450391 0.00088319044 -27.307255652 0.15753538192 0.00913663537 0.10814373816 0.58397550700 0.52915312010 0.51295327031 0.51321830226 0.51568653084 0.53707141749 0.59728901079 0.56788364121 0.51252532652 0.55866161079 0.67083984767 0.76559148106 0.45438544548 0.55579514749 0.37588786805 0.51452421936 0.53918842755 0.52834384578 0.43260855354 0.45592350399 0.53924419933 0.63849680350 0.69059116813 0.62992015181 0.65696996577 0.68409479325 0.80221905352 1.67764447117 -191.5385123003 0.00460135102   -2 
  58 0.00000450393 0.00088334934 -27.332448761 0.15743895670 0.00913654445 0.10814417176 0.58381870844 0.52903956869 0.51296627637 0.51296831026 0.51567933928 0.53699972885 0.59705321363 0.56794136388 0.51243570318 0.55857468770 0.67079821322 0.76557922288 0.45435316333 0.55572978313 0.37584383957 0.51450322882 0.53910761713 0.52830124114 0.43256186623 0.45585651118 0.53918879198 0.63840098363 0.69048204974 0.62980086961 0.65687437522 0.68398421808 0.80208374068 1.67760743466 -191.5384070542 0.00612813148   -2 
  59 0.00000450394 0.00088330830 -27.352398058 0.15737323332 0.00913646419 0.10814449652 0.58368510092 0.52900292718 0.51294065284 0.51281432014 0.51566078312 0.53694197567 0.59688333455 0.56797261911 0.51236935086 0.55850758301 0.67075985391 0.76554546931 0.45432563655 0.55567027605 0.37580664455 0.51448356543 0.53904330673 0.52827420981 0.43252361324 0.45580274587 0.53913989217 0.63832949298 0.69039296720 0.62970589546 0.65679566937 0.68389437178 0.80196435863 1.67755420908 -191.5383318053 0.00576310666   -2 
  60 0.00000450398 0.00088354460 -27.401793697 0.15721395087 0.00913625759 0.10814529157 0.58344319915 0.52906394027 0.51280159537 0.51256606583 0.51558808800 0.53680309218 0.59651747045 0.56801434946 0.51221812286 0.55834717294 0.67065301020 0.76540472840 0.45425207857 0.55550326295 0.37570730390 0.51442672019 0.53888113791 0.52822224970 0.43242380681 0.45566514672 0.53900425607 0.63815996910 0.69016223410 0.62946504569 0.65658961491 0.68366193260 0.80163403032 1.67736142052 -191.5381521560 0.00788346269   -2 
  61 0.00000450401 0.00088349677 -27.441186739 0.15710257218 0.00913608118 0.10814589756 0.58332260012 0.52913442471 0.51266223265 0.51243574887 0.51551315188 0.53669401744 0.59626680754 0.56801819455 0.51210442854 0.55822295539 0.67055823523 0.76526510951 0.45418984282 0.55536425201 0.37562630832 0.51437536014 0.53875275752 0.52818392088 0.43234286973 0.45555567513 0.53889137475 0.63802918111 0.68997780031 0.62927544070 0.65642378459 0.68347643116 0.80136369731 1.67716726169 -191.5380147981 0.00846591755   -2 
  62 0.00000450408 0.00088382989 -27.542927059 0.15681682690 0.00913561983 0.10814745286 0.58326146508 0.52935008784 0.51228394830 0.51225850313 0.51529785111 0.53642831447 0.59572517757 0.56797009448 0.51182974485 0.55791465380 0.67029869418 0.76485667017 0.45402203063 0.55499496108 0.37541238953 0.51423011561 0.53842222719 0.52809012224 0.43212935276 0.45527111471 0.53858833773 0.63769806264 0.68949823771 0.62878732695 0.65598933379 0.68299348406 0.80064797979 1.67658366114 -191.5376748220 0.00903869593   -2 
  63 0.00000450412 0.00088377494 -27.601498977 0.15666736408 0.00913534412 0.10814831877 0.58330770171 0.52941472462 0.51208634466 0.51222820776 0.51516590106 0.53628751772 0.59548645224 0.56790296050 0.51168450046 0.55774767827 0.67014111308 0.76460463959 0.45392188013 0.55478430175 0.37528979070 0.51413854235 0.53823705950 0.52803439827 0.43200623623 0.45511025952 0.53841196240 0.63751329792 0.68922807239 0.62851527918 0.65574240965 0.68272091286 0.80024177865 1.67619919575 -191.5374953042 0.00979138222   -2 
  64 0.00000450421 0.00088410339 -27.722235674 0.15635486529 0.00913477725 0.10815009927 0.58354785544 0.52945236442 0.51175515373 0.51228930281 0.51489838383 0.53603124497 0.59513134130 0.56770725935 0.51141243180 0.55742738989 0.66981075866 0.76407033039 0.45371096964 0.55435674732 0.37503771190 0.51393747588 0.53786437677 0.52791646760 0.43175122815 0.45478224029 0.53804452895 0.63714132666 0.68868046763 0.62796754591 0.65523716247 0.68216623194 0.79941316355 1.67533459388 -191.5371643870 0.00897214044   -2 
  65 0.00000450422 0.00088394063 -27.739864576 0.15631868340 0.00913468793 0.10815033750 0.58354980591 0.52935083020 0.51178439056 0.51235558997 0.51486988572 0.53602169219 0.59518478184 0.56763573259 0.51139541151 0.55740224612 0.66976087107 0.76399409672 0.45367788601 0.55430726072 0.37500460184 0.51389872455 0.53782144252 0.52789318083 0.43171544081 0.45474094870 0.53799247615 0.63709622575 0.68861520004 0.62790522884 0.65517274445 0.68209807749 0.79931365011 1.67515781967 -191.5369722381 0.01251327855   -2 
  66 0.00000450429 0.00088421856 -27.845522244 0.15606780736 0.00913417050 0.10815180462 0.58357814016 0.52858712058 0.51217161498 0.51290316117 0.51474794900 0.53604854488 0.59576613241 0.56712360649 0.51135538064 0.55731091413 0.66947050762 0.76355513075 0.45347587571 0.55404183739 0.37481230417 0.51364550952 0.53758949550 0.52774165019 0.43150121184 0.45450440869 0.53767984437 0.63684535197 0.68825321119 0.62756596058 0.65480205946 0.68171228381 0.79875646668 1.67399065628 -191.5359158657 0.00419032891   -2 
  67 0.00000450432 0.00088438466 -27.878538558 0.15599246701 0.00913400221 0.10815225284 0.58338188084 0.52873019179 0.51228362951 0.51293464030 0.51478133443 0.53612110578 0.59608338483 0.56693557392 0.51141316005 0.55735819781 0.66941329913 0.76350220492 0.45341706357 0.55402961432 0.37477464325 0.51354506992 0.53757002046 0.52766899111 0.43144577716 0.45446241992 0.53760152926 0.63680540944 0.68821082404 0.62753821539 0.65473505318 0.68165366628 0.79869424603 1.67356051512 -191.5357090372 0.01089168290   -2 
  68 0.00000450433 0.00088427590 -27.902588875 0.15594567257 0.00913387460 0.10815256617 0.58324470130 0.52884003801 0.51234839353 0.51293878829 0.51480501986 0.53617089109 0.59630332872 0.56680222526 0.51145573258 0.55739386577 0.66937319480 0.76346851451 0.45337505233 0.55402479868 0.37474923371 0.51347184630 0.53755910629 0.52761473217 0.43140693644 0.45443459810 0.53754702228 0.63677884772 0.68818501455 0.62752358668 0.65469050859 0.68161598089 0.79865773025 1.67325049009 -191.5355646604 0.00363567541   -2 
  69 0.00000450437 0.00088426483 -27.950954853 0.15586200564 0.00913359689 0.10815317958 0.58355475692 0.52913785672 0.51228710196 0.51274967262 0.51488407235 0.53626170432 0.59660318822 0.56662438052 0.51157276520 0.55750829202 0.66934506474 0.76350299227 0.45330743050 0.55408642865 0.37472703351 0.51332263159 0.53759186685 0.52748794831 0.43134736742 0.45441667729 0.53746895033 0.63676679706 0.68821005322 0.62757724359 0.65465966015 0.68161107084 0.79871058646 1.67269204016 -191.5353346445 0.00257278311   -2 
  70 0.00000450437 0.00088419864 -27.959838075 0.15584908635 0.00913354211 0.10815329230 0.58357011837 0.52911161240 0.51226147267 0.51271982643 0.51489631354 0.53626637605 0.59658783289 0.56663536797 0.51159093365 0.55752883931 0.66935582176 0.76352927693 0.45330340004 0.55410931779 0.37473037669 0.51330365764 0.53760802974 0.52746768823 0.43134292300 0.45442230300 0.53746490781 0.63677403086 0.68822977372 0.62760234045 0.65466781157 0.68162531728 0.79874435244 1.67264766145 -191.5353041128 0.00586197796   -2 
  71 0.00000450443 0.00088434272 -28.026246659 0.15573405862 0.00913313867 0.10815416896 0.58368164869 0.52886826364 0.51207694448 0.51251741586 0.51499612715 0.53629911867 0.59641244420 0.56677002333 0.51173082672 0.55768998042 0.66946102156 0.76375697680 0.45328437556 0.55429922420 0.37476525710 0.51317088876 0.53774467824 0.52731931672 0.43131744095 0.45447625076 0.53744703471 0.63684213215 0.68839912185 0.62781228813 0.65474706934 0.68175257454 0.79903015981 1.67238403052 -191.5350712010 0.00274572351   -2 
  72 0.00000450446 0.00088439888 -28.071452452 0.15565727379 0.00913285392 0.10815476862 0.58360869852 0.52877989967 0.51202105277 0.51245481394 0.51502912257 0.53629605430 0.59625563866 0.56687477096 0.51179564395 0.55776879548 0.66952419385 0.76388441248 0.45327841738 0.55441533242 0.37479208083 0.51309634240 0.53783259834 0.52722856477 0.43130550207 0.45451619133 0.53744267765 0.63688807913 0.68851159680 0.62795272328 0.65480505482 0.68184145285 0.79922209711 1.67227338957 -191.5350125914 0.00288014065   -2 
  73 0.00000450448 0.00088449615 -28.086580407 0.15563109100 0.00913273506 0.10815497564 0.58349074125 0.52894096150 0.51213666937 0.51257050080 0.51497123939 0.53625297218 0.59618922380 0.56689662043 0.51175394250 0.55772798407 0.66951168508 0.76384856172 0.45328408220 0.55441430184 0.37480136763 0.51309857220 0.53784139611 0.52721760011 0.43130771214 0.45452897462 0.53744942540 0.63689382176 0.68852941775 0.62798087636 0.65482130956 0.68186286101 0.79925990266 1.67233231195 -191.5349186752 0.00687518291   -2 
  74 0.00000450448 0.00088442049 -28.095984940 0.15561899672 0.00913265770 0.10815509790 0.58342363755 0.52903313956 0.51220579716 0.51264210675 0.51493141988 0.53622344764 0.59614860269 0.56690621692 0.51172363092 0.55769775954 0.66950000706 0.76381961940 0.45328724711 0.55440947733 0.37480638642 0.51310126335 0.53784407282 0.52721198812 0.43130902523 0.45453593881 0.53745337373 0.63689553424 0.68853729577 0.62799511144 0.65482977932 0.68187390851 0.79927884698 1.67237018524 -191.5348650377 0.00207771827   -2 
  75 0.00000450450 0.00088440213 -28.110749945 0.15559897748 0.00913250849 0.10815529429 0.58361917030 0.52908695901 0.51230387031 0.51277545824 0.51485196004 0.53616832170 0.59611632142 0.56689642079 0.51163261177 0.55760194976 0.66945364167 0.76371342603 0.45329742038 0.55436192479 0.37481225189 0.51313051191 0.53782471433 0.52722332664 0.43131598517 0.45454332500 0.53746515735 0.63688582216 0.68852448000 0.62799217079 0.65483524012 0.68187735491 0.79927272891 1.67249318383 -191.5348021361 0.00114618293   -2 
  76 0.00000450453 0.00088448187 -28.126450181 0.15556015122 0.00913231885 0.10815555433 0.58360037174 0.52893178652 0.51226317818 0.51280129159 0.51485211006 0.53616981282 0.59618223180 0.56687109437 0.51153489755 0.55749309616 0.66940509387 0.76359179605 0.45331872980 0.55427595535 0.37481731912 0.51319722638 0.53777914200 0.52726896031 0.43133287051 0.45454743327 0.53748793280 0.63686452845 0.68848132885 0.62795511831 0.65483255623 0.68186324433 0.79921814693 1.67268830850 -191.5347629448 0.00366798742   -2 
  77 0.00000450453 0.00088445139 -28.132366124 0.15554731692 0.00913224660 0.10815564880 0.58358603524 0.52888006465 0.51224544781 0.51280546633 0.51485191121 0.53616972533 0.59620439301 0.56686071100 0.51149998812 0.55745407860 0.66938680844 0.76354791340 0.45332580908 0.55424415116 0.37481871103 0.51322086303 0.53776179967 0.52728516264 0.43133866854 0.45454839186 0.53749567176 0.63685596602 0.68846456273 0.62794056461 0.65483071986 0.68185713131 0.79919681444 1.67275433377 -191.5347497531 0.00121031428   -2 
  78 0.00000450457 0.00088449242 -28.154387628 0.15549305160 0.00913194668 0.10815599693 0.58347696566 0.52898716421 0.51216000787 0.51269469986 0.51486398604 0.53616943952 0.59623338418 0.56681216584 0.51142184491 0.55736176804 0.66932783034 0.76344201986 0.45333545586 0.55413433492 0.37481395754 0.51328617211 0.53768878968 0.52733261530 0.43135177679 0.45453994963 0.53751059058 0.63681027225 0.68838522910 0.62786669016 0.65480544545 0.68181431327 0.79909155463 1.67284502299 -191.5347105716 0.00126627828   -2 
  79 0.00000450459 0.00088453945 -28.164111151 0.15546961025 0.00913180497 0.10815614509 0.58352034650 0.52901738062 0.51214734419 0.51265019129 0.51486073964 0.53616179474 0.59621951753 0.56679135094 0.51140551251 0.55734080019 0.66930581063 0.76341622356 0.45333182178 0.55409538487 0.37480799098 0.51330049678 0.53765752838 0.52734329721 0.43135256559 0.45453176134 0.53750987766 0.63678650617 0.68834829751 0.62783129562 0.65478808331 0.68178992264 0.79904234097 1.67282092781 -191.5346984453 0.00339467963   -2 
  80 0.00000450462 0.00088450299 -28.182392098 0.15542963458 0.00913153749 0.10815641535 0.58360164413 0.52905925273 0.51212840129 0.51257089614 0.51485065399 0.53614426433 0.59618608453 0.56675239128 0.51137912185 0.55730633334 0.66926522713 0.76337261712 0.45332247402 0.55402597592 0.37479566154 0.51332213048 0.53760000788 0.52735940881 0.43135224427 0.45451515621 0.53750604602 0.63674135179 0.68827947608 0.62776519106 0.65475397118 0.68174313141 0.79895076777 1.67275761286 -191.5346715525 0.00150005913   -2 
  81 0.00000450464 0.00088457123 -28.191938247 0.15540521857 0.00913139017 0.10815656018 0.58359964566 0.52902435820 0.51215436520 0.51257537059 0.51484018795 0.53613275790 0.59615401288 0.56674164770 0.51138545428 0.55731122983 0.66925414431 0.76337499798 0.45331035229 0.55400708693 0.37478599473 0.51331587291 0.53757611269 0.52735492072 0.43134642059 0.45450266571 0.53749612907 0.63671715541 0.68824692471 0.62773257389 0.65473160471 0.68171586621 0.79890722208 1.67266822813 -191.5346548078 0.00412278041   -2 
  82 0.00000450473 0.00088460475 -28.244618261 0.15528122639 0.00913057793 0.10815734249 0.58353842372 0.52880454537 0.51229532861 0.51261424339 0.51477534444 0.53606421688 0.59597053857 0.56668394812 0.51142499326 0.55734429879 0.66919443159 0.76339327677 0.45323918532 0.55391193687 0.37473089566 0.51327038572 0.53744875957 0.52732146549 0.43131049714 0.45443187578 0.53743645726 0.63658420934 0.68807108153 0.62755603972 0.65460647028 0.68156527233 0.79867253462 1.67214974792 -191.5345754306 0.00152888503   -2 
  83 0.00000450472 0.00088459487 -28.235535101 0.15530394468 0.00913070889 0.10815720622 0.58354776794 0.52891473225 0.51221725407 0.51261066785 0.51478604689 0.53607635152 0.59601816311 0.56669770806 0.51141470612 0.55733707217 0.66920563255 0.76338496187 0.45324676583 0.55394122890 0.37473789208 0.51326283619 0.53747836172 0.52731389784 0.43131040130 0.45444099169 0.53743888487 0.63660828667 0.68810795777 0.62759224587 0.65462531132 0.68159107388 0.79872267794 1.67222710470 -191.5345611742 0.00086040536   -2 
  84 0.00000450472 0.00088457854 -28.236284166 0.15530285306 0.00913069510 0.10815721472 0.58354491645 0.52891555896 0.51221309422 0.51261285931 0.51478486494 0.53607535351 0.59601819019 0.56669788780 0.51141502988 0.55733778427 0.66920524624 0.76338478638 0.45324456080 0.55394322878 0.37473648496 0.51325827580 0.53747853405 0.52731005911 0.43130830085 0.45443921733 0.53743605696 0.63660674717 0.68810718072 0.62759125698 0.65462287864 0.68158894790 0.79872178491 1.67221578969 -191.5345596337 0.00122815015   -2 
  85 0.00000450476 0.00088461816 -28.254656389 0.15526364147 0.00913033330 0.10815746018 0.58350331061 0.52899941680 0.51207197590 0.51268751204 0.51476109696 0.53605695830 0.59604477579 0.56671481487 0.51142561739 0.55736170221 0.66920378782 0.76338354134 0.45318184461 0.55401942476 0.37469709016 0.51311706801 0.53749774170 0.52719087304 0.43124473783 0.45438934123 0.53735153430 0.63657101442 0.68810017148 0.62757687433 0.65455733264 0.68153547303 0.79871737595 1.67190961172 -191.5345269336 0.00096493247   -2 
  86 0.00000450478 0.00088465036 -28.266059505 0.15523782090 0.00913009144 0.10815761696 0.58359209751 0.52892728192 0.51211329093 0.51265597732 0.51475407860 0.53604785301 0.59604585066 0.56671009472 0.51141711666 0.55735715263 0.66919312147 0.76336516657 0.45314863205 0.55405232700 0.37467356675 0.51303856512 0.53750846603 0.52712052161 0.43120419327 0.45435873682 0.53729955458 0.63655062831 0.68809755051 0.62757142530 0.65451848789 0.68150475608 0.79871764015 1.67177686236 -191.5345068477 0.00232765024   -2 
  87 0.00000450479 0.00088462345 -28.269327346 0.15523134642 0.00913002266 0.10815766121 0.58360649452 0.52890789264 0.51212560646 0.51264538891 0.51475194438 0.53604502819 0.59604491131 0.56670782511 0.51141400348 0.55735487944 0.66918943100 0.76335913364 0.45313972118 0.55406018329 0.37466709814 0.51301762667 0.53751098272 0.52710152022 0.43119302877 0.45435028763 0.53728532305 0.63654487714 0.68809652183 0.62756975688 0.65450776775 0.68149622010 0.79871738421 1.67174250352 -191.5345016181 0.00102525968   -2 
  88 0.00000450483 0.00088465427 -28.284631051 0.15519179011 0.00912968718 0.10815789092 0.58349891348 0.52888567581 0.51220577341 0.51258390430 0.51475151545 0.53603827139 0.59602874924  0.5666888044 0.51139257308 0.55733257885 0.66916810011 0.76332520988 0.45310846818 0.55407621897 0.37464044558 0.51294147323 0.53751735440 0.52702745975 0.43114506241 0.45431416141 0.53722611468 0.63652032067 0.68809007566 0.62756229485 0.65446279560 0.68146011059 0.79871456890 1.67164980919 -191.5344856970 0.00096893547   -2 
  89 0.00000450483 0.00088467438 -28.286059944 0.15518769368 0.00912965407 0.10815791289 0.58349921578 0.52889025919 0.51220463837 0.51258070850 0.51475079865 0.53603712471 0.59602559286 0.56668590709 0.51138981519 0.55732926037 0.66916514727 0.76332119610 0.45310651100 0.55407471512 0.37463831197 0.51293709950 0.53751664785 0.52702254319 0.43114123287 0.45431115359 0.53722158194 0.63651787534 0.68808855451 0.62756101622 0.65445900053 0.68145684464 0.79871317301 1.67164585920 -191.5344839270 0.00124485220   -2 
  90 0.00000450491 0.00088470624 -28.315931505 0.15511579842 0.00912896380 0.10815835536 0.58355873042 0.52901235513 0.51209633776 0.51253100415 0.51472231955 0.53600234755 0.59594173570 0.56661296773 0.51132428853 0.55724830888 0.66909213140 0.76322717466 0.45307324717 0.55401547308 0.37459743657 0.51287124537 0.53748840580 0.52693979632 0.43106925378 0.45425286853 0.53713801790 0.63646489105 0.68804693802 0.62752768354 0.65438437004 0.68139003926 0.79867189305 1.67159435594 -191.5344555725 0.00175862794   -2 
  91 0.00000450492 0.00088468445 -28.318193266 0.15511107041 0.00912891183 0.10815838786 0.58355681833 0.52901180340 0.51208980921 0.51252956425 0.51471981866 0.53599955337 0.59593628787 0.56660801319 0.51131976273 0.55724266187 0.66908677808 0.76322062417 0.45307113007 0.55400999570 0.37459466629 0.51286783363 0.53748548200 0.52693497627 0.43106454580 0.45424888200 0.53713263448 0.63646080445 0.68804314949 0.62752465650 0.65437913201 0.68138513470 0.79866787395 1.67159009459 -191.5344528378 0.00123059401   -2 
  92 0.00000450499 0.00088475233 -28.347765562 0.15503697966 0.00912820910 0.10815883671 0.58345169280 0.52881990385 0.51206235744 0.51257644005 0.51469120032 0.53596954938 0.59589430935 0.56656239037 0.51127407100 0.55718291463 0.66902644890 0.76315401030 0.45305412365 0.55391736824 0.37456525343 0.51285848738 0.53743133993 0.52690284481 0.43101711844 0.45420475956 0.53708111610 0.63640601742 0.68798065758 0.62747471668 0.65431863193 0.68132370272 0.79859695308 1.67154213389 -191.5344164774 0.00124078515   -2 
  93 0.00000450499 0.00088476801 -28.347274680 0.15503803646 0.00912821881 0.10815882952 0.58346265542 0.52883033953 0.51206480173 0.51257384955 0.51469112837 0.53596956602 0.59589573740 0.56656364057 0.51127522823 0.55718452175 0.66902750051 0.76315541607 0.45305431517 0.55391839315 0.37456585754 0.51285947549 0.53743130895 0.52690432897 0.43101845486 0.45420568873 0.53708260126 0.63640647282 0.68798069420 0.62747465664 0.65431965865 0.68132445036 0.79859678386 1.67153940539 -191.5344145959 0.00105036485   -2 
  94 0.00000450499 0.00088474373 -28.346701095 0.15504275637 0.00912822300 0.10815881715 0.58351931455 0.52888320313 0.51207662920 0.51255670534 0.51468608283 0.53596519784 0.59590042131 0.56656713072 0.51127846994 0.55718973634 0.66902827111 0.76315792435 0.45305354605 0.55391684343 0.37456728303 0.51286519968 0.53742559498 0.52691171918 0.43102364694 0.45420816466 0.53708835939 0.63640420984 0.68797460795 0.62746910618 0.65432111357 0.68132378731 0.79858823240 1.67151235621 -191.5344087631 0.00041442756   -2 
  95 0.00000450499 0.00088475536 -28.347155321 0.15504152905 0.00912820853 0.10815882470 0.58351382721 0.52888519417 0.51208012512 0.51255644411 0.51468590872 0.53596494577 0.59590219243 0.56656827707 0.51127925651 0.55719082522 0.66902837427 0.76315859274 0.45305344295 0.55391487361 0.37456737005 0.51286737158 0.53742304315 0.52691386696 0.43102456508 0.45420828143 0.53708948330 0.63640278416 0.68797181359 0.62746664617 0.65432070385 0.68132271271 0.79858452093 1.67150558663 -191.5344081515 0.00079385351   -2 
  96 0.00000450501 0.00088475448 -28.351265945 0.15503385710 0.00912808278 0.10815888948 0.58346749930 0.52889987755 0.51210672740 0.51255152862 0.51468260603 0.53596114039 0.59591560725 0.56657676742 0.51128509498 0.55719923283 0.66902798354 0.76316283570 0.45305200904 0.55389746431 0.37456786460 0.51288549468 0.53740060873 0.52693191780 0.43103229168 0.45420905557 0.53709885195 0.63638999774 0.68794718494 0.62744497885 0.65431677227 0.68131299148 0.79855192478 1.67144517712 -191.5344040700 0.00059698166   -2 
  97 0.00000450505 0.00088478360 -28.364438681 0.15501014965 0.00912767012 0.10815909032 0.58350057717 0.52891605478 0.51214746797 0.51253524961 0.51467099713 0.53594797678 0.59594452492 0.56659546293 0.51129866479 0.55721983908 0.66902331907 0.76316986999 0.45304610976 0.55384518536 0.37456856450 0.51293788434 0.53733173856 0.52698497500 0.43105548357 0.45421060401 0.53712643299 0.63634929523 0.68787064749 0.62737682889 0.65430321199 0.68128124134 0.79845039693 1.67126338386 -191.5343934722 0.00187832814   -2 
  98 0.00000450507 0.00088476415 -28.370255688 0.15500052003 0.00912748902 0.10815917725 0.58351459393 0.52892010628 0.51216087410 0.51252837681 0.51466587763 0.53594218880 0.59595525656 0.56660241428 0.51130379174 0.55722782116 0.66902080215 0.76317198552 0.45304337101 0.55382300866 0.37456870512 0.51295967409 0.53730241126 0.52700714133 0.43106519588 0.45421108495 0.53713790822 0.63633173858 0.68783790691 0.62734758607 0.65429714366 0.68126743494 0.79840698451 1.67118645985 -191.5343898075 0.00057463146   -2 
  99 0.00000450512 0.00088478401 -28.385336847 0.15496824671 0.00912699499 0.10815940690 0.58356090425 0.52888138403 0.51208978882 0.51254092196 0.51466945500 0.53594257839 0.59594109782 0.56659626430 0.51130218420 0.55722743310 0.66901264393 0.76316346368 0.45303641440 0.55379179874 0.37456711107 0.51298927286 0.53725297653 0.52704014838 0.43108156266 0.45420962425 0.53715536942 0.63629724763 0.68777791260 0.62729030616 0.65428163958 0.68123749552 0.79832542050 1.67108587106 -191.5343809820 0.00073750799   -2 
 100 0.00000450514 0.00088477525 -28.390464916 0.15495697610 0.00912682435 0.10815948827 0.58355267491 0.52887291899 0.51206731925 0.51254512211 0.51467071334 0.53594300646 0.59593141964 0.56659055349 0.51129892374 0.55722364970 0.66900870556 0.76315765513 0.45303369353 0.55378497609 0.37456593790 0.51299403678 0.53724064852 0.52704635579 0.43108503404 0.45420831018 0.53715850313 0.63628722378 0.68776178879 0.62727419315 0.65427602763 0.68122808660 0.79830328000 1.67106538844 -191.5343788090 0.00132511758   -2 
 101 0.00000450514 0.00088477525 -28.390464916 0.15495697610 0.00912682435 0.10815948827 0.58355267491 0.52887291899 0.51206731925 0.51254512211 0.51467071334 0.53594300646 0.59593141964 0.56659055349 0.51129892374 0.55722364970 0.66900870556 0.76315765513 0.45303369353 0.55378497609 0.37456593790 0.51299403678 0.53724064852 0.52704635579 0.43108503404 0.45420831018 0.53715850313 0.63628722378 0.68776178879 0.62727419315 0.65427602763 0.68122808660 0.79830328000 1.67106538844 -191.5343788090           NAN   -8 
 102 0.00000450514 0.00088479338 -28.390489533 0.15495621153 0.00912682152 0.10815949054 0.58354937391 0.52887497449 0.51206877870 0.51254525643 0.51467088833 0.53594322444 0.59593057159 0.56658988351 0.51129839458 0.55722290749 0.66900854728 0.76315711935 0.45303363328 0.55378584951 0.37456580414 0.51299289995 0.53724160912 0.52704529282 0.43108460889 0.45420812912 0.53715791595 0.63628755635 0.68776266180 0.62727483370 0.65427591993 0.68122820127 0.79830441861 1.67106847358 -191.5343772509 0.00070617728   -2 
 103 0.00000450515 0.00088479673 -28.391580335 0.15495162735 0.00912677081 0.10815952044 0.58348755715 0.52889417115 0.51208295571 0.51254202174 0.51466914057 0.53594245824 0.59591410579 0.56657680551 0.51128821956 0.55720944957 0.66900290024 0.76314541274 0.45303138600 0.55379680963 0.37456301177 0.51297479372 0.53725429394 0.52702835102 0.43107749594 0.45420456838 0.53714810591 0.63629092466 0.68777383352 0.62728290706 0.65427292203 0.68122842046 0.79831908297 1.67110686771 -191.5343720921 0.00047498581   -2 
 104 0.00000450516 0.00088481835 -28.393833592 0.15494371706 0.00912666455 0.10815957373 0.58347070096 0.52890560722 0.51209623163 0.51253381021 0.51466335756 0.53593833016 0.59588423219 0.56655208563 0.51126836707 0.55718355630 0.66899033078 0.76312179575 0.45302604997 0.55381559764 0.37455694893 0.51293933747 0.53727712896 0.52699490408 0.43106296843 0.45419689019 0.53712818048 0.63629604051 0.68779363156 0.62729730267 0.65426589681 0.68122757400 0.79834510085 1.67117204246 -191.5343689175 0.00146131787   -2 
 105 0.00000450517 0.00088480380 -28.396175823 0.15493696140 0.00912655773 0.10815962605 0.58346043262 0.52891238305 0.51210621087 0.51252516070 0.51465700240 0.53593353143 0.59585536011 0.56652796667 0.51124885515 0.55715822393 0.66897752982 0.76309836497 0.45302053543 0.55383324054 0.37455082692 0.51290458046 0.53729891016 0.52696204488 0.43104855726 0.45418915432 0.53710844274 0.63630060543 0.68781243304 0.62731096920 0.65425866731 0.68122634603 0.79836995574 1.67123288081 -191.5343656801 0.00074563276   -2 
 106 0.00000450519 0.00088481166 -28.399964298 0.15492608395 0.00912638242 0.10815970708 0.58348600624 0.52890710959 0.51210968088 0.51251373960 0.51464746266 0.53592551421 0.59581825841 0.56649525672 0.51122114572 0.55712237267 0.66895824625 0.76306471035 0.45301158958 0.55385723053 0.37454104742 0.51285244743 0.53732998859 0.52691224025 0.43102605661 0.45417674763 0.53707783755 0.63630626370 0.68783913696 0.62733053410 0.65424671035 0.68122336534 0.79840568623 1.67131298411 -191.5343619285 0.00052638709   -2 
 107 0.00000450519 0.00088481166 -28.399964298 0.15492608395 0.00912638242 0.10815970708 0.58348600624 0.52890710959 0.51210968088 0.51251373960 0.51464746266 0.53592551421 0.59581825841 0.56649525672 0.51122114572 0.55712237267 0.66895824625 0.76306471035 0.45301158958 0.55385723053 0.37454104742 0.51285244743 0.53732998859 0.52691224025 0.43102605661 0.45417674763 0.53707783755 0.63630626370 0.68783913696 0.62733053410 0.65424671035 0.68122336534 0.79840568623 1.67131298411 -191.5343619285           NAN   -8 
 108 0.00000450519 0.00088479799 -28.400468846 0.15492587106 0.00912636175 0.10815971522 0.58349836064 0.52889510810 0.51209838253 0.51251560775 0.51464755417 0.53592461558 0.59582573024 0.56649954840 0.51122314208 0.55712512055 0.66895819772 0.76306662761 0.45301072376 0.55385399312 0.37454027229 0.51285253434 0.53732783827 0.52691165320 0.43102492059 0.45417570086 0.53707656606 0.63630467209 0.68783711206 0.62732921681 0.65424522241 0.68122182146 0.79840348218 1.67129876296 -191.5343605480 0.00107964228   -2 
 109 0.00000450520 0.00088481049 -28.401492781 0.15492423333 0.00912631603 0.10815973415 0.58352566077 0.52887153476 0.51207520399 0.51252050794 0.51464845091 0.53592327668 0.59584285780 0.56650958431 0.51122797489 0.55713165150 0.66895862611 0.76307151702 0.45300899961 0.55384703853 0.37453865844 0.51285295300 0.53732323876 0.52691053918 0.43102249658 0.45417348181 0.53707388544 0.63630133957 0.68783282773 0.62732647628 0.65424208677 0.68121858063 0.79839878650 1.67126783674 -191.5343580485 0.00034783048   -2 
 110 0.00000450520 0.00088481049 -28.401492781 0.15492423333 0.00912631603 0.10815973415 0.58352566077 0.52887153476 0.51207520399 0.51252050794 0.51464845091 0.53592327668 0.59584285780 0.56650958431 0.51122797489 0.55713165150 0.66895862611 0.76307151702 0.45300899961 0.55384703853 0.37453865844 0.51285295300 0.53732323876 0.52691053918 0.43102249658 0.45417348181 0.53707388544 0.63630133957 0.68783282773 0.62732647628 0.65424208677 0.68121858063 0.79839878650 1.67126783674 -191.5343580485           NAN   -8 
 111 0.00000450520 0.00088481049 -28.401492781 0.15492423333 0.00912631603 0.10815973415 0.58352566077 0.52887153476 0.51207520399 0.51252050794 0.51464845091 0.53592327668 0.59584285780 0.56650958431 0.51122797489 0.55713165150 0.66895862611 0.76307151702 0.45300899961 0.55384703853 0.37453865844 0.51285295300 0.53732323876 0.52691053918 0.43102249658 0.45417348181 0.53707388544 0.63630133957 0.68783282773 0.62732647628 0.65424208677 0.68121858063 0.79839878650 1.67126783674 -191.5343580485           NAN   -8 
 112 0.00000450520 0.00088481049 -28.401492781 0.15492423333 0.00912631603 0.10815973415 0.58352566077 0.52887153476 0.51207520399 0.51252050794 0.51464845091 0.53592327668 0.59584285780 0.56650958431 0.51122797489 0.55713165150 0.66895862611 0.76307151702 0.45300899961 0.55384703853 0.37453865844 0.51285295300 0.53732323876 0.52691053918 0.43102249658 0.45417348181 0.53707388544 0.63630133957 0.68783282773 0.62732647628 0.65424208677 0.68121858063 0.79839878650 1.67126783674 -191.5343580485 0.00034783048   -8 
-- Local optimization: reached maximum number of likelihood evaluations allowed.
-- Found new optimum with likelihood -191.534358048577104 and gradient 0.00035

---- Best joint likelihood found -191.534358048577104 with gradient 0.00035

---- Results for /scratch/40841685/tmp8fv8zjst 
--  Model: C
--        eps_an     theta_bar             a 
-- 0.00000450520 0.00088481049            -1 
--           S_d             b           p_b           S_b 
-- -28.401492781 0.15492423333 0.00912631603 0.10815973415 
--           r 2           r 3           r 4           r 5           r 6           r 7           r 8           r 9          r 10          r 11          r 12          r 13          r 14          r 15          r 16          r 17          r 18          r 19          r 20          r 21          r 22          r 23          r 24          r 25          r 26          r 27          r 28          r 29 
-- 0.58352566077 0.52887153476 0.51207520399 0.51252050794 0.51464845091 0.53592327668 0.59584285780 0.56650958431 0.51122797489 0.55713165150 0.66895862611 0.76307151702 0.45300899961 0.55384703853 0.37453865844 0.51285295300 0.53732323876 0.52691053918 0.43102249658 0.45417348181 0.53707388544 0.63630133957 0.68783282773 0.62732647628 0.65424208677 0.68121858063 0.79839878650 1.67126783674 

---- Expected P_neut(i), 0 < i < n (neutral SFS per site) 
E[P_neut(1)] = 0.0008848067
E[P_neut(2)] = 0.0002581538
E[P_neut(3)] = 0.0001559831
E[P_neut(4)] = 0.0001132720
E[P_neut(5)] = 0.0000906964
E[P_neut(6)] = 0.0000758942
E[P_neut(7)] = 0.0000677413
E[P_neut(8)] = 0.0000659008
E[P_neut(9)] = 0.0000556947
E[P_neut(10)] = 0.0000452339
E[P_neut(11)] = 0.0000448141
E[P_neut(12)] = 0.0000493250
E[P_neut(13)] = 0.0000519363
E[P_neut(14)] = 0.0000286305
E[P_neut(15)] = 0.0000326700
E[P_neut(16)] = 0.0000207123
E[P_neut(17)] = 0.0000266929
E[P_neut(18)] = 0.0000264128
E[P_neut(19)] = 0.0000245378
E[P_neut(20)] = 0.0000190688
E[P_neut(21)] = 0.0000191362
E[P_neut(22)] = 0.0000216006
E[P_neut(23)] = 0.0000244787
E[P_neut(24)] = 0.0000253586
E[P_neut(25)] = 0.0000222029
E[P_neut(26)] = 0.0000222650
E[P_neut(27)] = 0.0000223247
E[P_neut(28)] = 0.0000252308
E[P_neut(29)] = 0.0000509953

---- Expected P_sel(i), 0 < i < n (selected SFS per site) 
E[P_sel(1)] = 0.0007017764
E[P_sel(2)] = 0.0001840786
E[P_sel(3)] = 0.0001044961
E[P_sel(4)] = 0.0000727119
E[P_sel(5)] = 0.0000563850
E[P_sel(6)] = 0.0000459959
E[P_sel(7)] = 0.0000401986
E[P_sel(8)] = 0.0000384110
E[P_sel(9)] = 0.0000319597
E[P_sel(10)] = 0.0000256014
E[P_sel(11)] = 0.0000250525
E[P_sel(12)] = 0.0000272676
E[P_sel(13)] = 0.0000284195
E[P_sel(14)] = 0.0000155200
E[P_sel(15)] = 0.0000175562
E[P_sel(16)] = 0.0000110405
E[P_sel(17)] = 0.0000141209
E[P_sel(18)] = 0.0000138736
E[P_sel(19)] = 0.0000128023
E[P_sel(20)] = 0.0000098859
E[P_sel(21)] = 0.0000098612
E[P_sel(22)] = 0.0000110673
E[P_sel(23)] = 0.0000124734
E[P_sel(24)] = 0.0000128543
E[P_sel(25)] = 0.0000111984
E[P_sel(26)] = 0.0000111758
E[P_sel(27)] = 0.0000111540
E[P_sel(28)] = 0.0000125500
E[P_sel(29)] = 0.0000252573

---- alpha_dfe = 0.019619

