---- Running command
---- ./polyDFE -d /scratch/40840292/tmp77k_jflv -m C -i /scratch/40840292/tmpxjzmra1r 1 -v 1 
---- Performing inference using model C

---- Performing inference on /scratch/40840292/tmp77k_jflv
----      with -i /scratch/40840292/tmpxjzmra1r 1
---- Data /scratch/40840292/tmp77k_jflv does not contain divergence counts. Using option -w.
---- No mutation variability. Using Poisson likelihood.


---- Using provided initial values

-- Starting local optimization
-- Optimizing all parameters
  it        eps_an     theta_bar           S_d             b           p_b           S_b           r 2           r 3           r 4           r 5           r 6           r 7           r 8           r 9           ln lk          grad status 
   0 0.00000449946   0.000731729 -15.495060000     0.1773756  0.0009289272   0.007920217      0.756295     0.8118638     0.8203224     0.7703739     0.7596918     0.7652355     0.8437457      1.011566 -75.90011652236 1.15150475020   -2 
   1 0.00000449946 0.00071264249 -15.516110931 0.17733674790 0.00092892699 0.00792021725 0.75269407205 0.81169727610 0.81914810571 0.77276794394 0.76126856708 0.76128296924 0.84460527515 1.01295674829 -74.29870424999 0.40795239162   -2 
   2 0.00000449948 0.00069495606 -15.128971219 0.16176854773 0.00092909661 0.00792022771 0.73651683277 0.85060495493 0.82437336654 0.85105456110 0.81559678009 0.69027759557 0.87994193227 1.06406741989 -70.13776662814 0.20200152195   -2 
   3 0.00000449949 0.00068596470 -15.114639364 0.16002831350 0.00092911578 0.00792022953 0.74959095201 0.84575601349 0.82569673379 0.85402059006 0.82078620085 0.68130612293 0.88489240263 1.07088748322 -69.86207262078 0.31617044023   -2 
   4 0.00000449949 0.00068723786 -15.091788199 0.15829271130 0.00092913531 0.00792023128 0.76307327802 0.84189730007 0.82784668034 0.85568313674 0.82517137931 0.67437301602 0.88951751039 1.07710836844 -69.65197489641 0.04610632004   -2 
   5 0.00000449950 0.00068612891 -15.171783100 0.15669724214 0.00092915108 0.00792023474 0.76200255884 0.83924172102 0.83418765162 0.84270392708 0.82407508854 0.67247230810 0.89479328344 1.08283219402 -69.59793397362 0.04672377221   -2 
   6 0.00000449950 0.00068690497 -15.180649215 0.15654244163 0.00092915260 0.00792023512 0.76192143230 0.83932072606 0.83433778542 0.84206812129 0.82392855900 0.67241885048 0.89508186748 1.08311510896 -69.59465136413 0.02642619760   -2 
   7 0.00000449952 0.00068749479 -15.424834501 0.15447026390 0.00092917042 0.00792024260 0.75705640247 0.84227819153 0.82801114053 0.83771004221 0.81925499473 0.67241934698 0.89590181597 1.08282425836 -69.56803946073 0.03674518612   -2 
   8 0.00000449954 0.00068614667 -15.841676955 0.15178738946 0.00092919193 0.00792025442 0.75888494028 0.83836031091 0.82187610571 0.83575520100 0.81375380562 0.67151929894 0.89341791342 1.07860434281 -69.53370722745 0.12567030513   -2 
   9 0.00000449957 0.00068844057 -16.392181992 0.14831271582 0.00092922076 0.00792026966 0.76176886325 0.83360640780 0.81517768074 0.83383074772 0.80730412485 0.67034520593 0.89009819991 1.07316374070 -69.49233507040 0.05680907395   -2 
  10 0.00000449961 0.00069170427 -17.184695565 0.14406322356 0.00092925559 0.00792029044 0.76036020924 0.82914197383 0.81291421372 0.83249957129 0.80205465352 0.66784355887 0.88435773238 1.06531638680 -69.45173521842 0.15920934639   -2 
  11 0.00000449973 0.00069394013 -20.047909291 0.13156039853 0.00092936280 0.00792035735 0.75286932770 0.81526223479 0.80710033909 0.82775382676 0.78628187359 0.65921380288 0.86543499951 1.03998236623 -69.34308335962 0.11485998644   -2 
  12 0.00000449971 0.00069166922 -19.495660088 0.13395218121 0.00092934063 0.00792034490 0.75368688271 0.81881027030 0.80857405501 0.82815523493 0.78987963605 0.66056273670 0.86895329418 1.04492703568 -69.32062953800 0.07430496861   -2 
  13 0.00000449968 0.00069172000 -18.799240274 0.13759598571 0.00092930608 0.00792032801 0.75419418442 0.82805987763 0.81314011571 0.82780485373 0.79790695370 0.66176685049 0.87420560935 1.05315064733 -69.28250081615 0.04336313821   -2 
  14 0.00000449967 0.00069074236 -18.682021873 0.13851213640 0.00092929671 0.00792032470 0.75417368513 0.83023891154 0.81491163291 0.82770369951 0.80047102883 0.66178415313 0.87530265457 1.05515781201 -69.27618397976 0.04754437692   -2 
  15 0.00000449967 0.00069144284 -18.573797346 0.13960701853 0.00092928511 0.00792032126 0.75463788099 0.83290259639 0.81789862160 0.82790160421 0.80432624789 0.66168691415 0.87665643977 1.05783388430 -69.26765008755 0.03472316297   -2 
  16 0.00000449966 0.00069068670 -18.542133016 0.14035502884 0.00092927656 0.00792031964 0.75515917106 0.83380410833 0.82003769073 0.82837064537 0.80706220228 0.66154852246 0.87745521081 1.05957056938 -69.26269314098 0.03647200424   -2 
  17 0.00000449966 0.00069135041 -18.530601016 0.14111838382 0.00092926757 0.00792031833 0.75627450223 0.83435760210 0.82248637178 0.82938864726 0.81016322660 0.66149364225 0.87840852279 1.06158152680 -69.25791496044 0.02627278418   -2 
  18 0.00000449966 0.00069077242 -18.551178875 0.14131989751 0.00092926483 0.00792031837 0.75661944563 0.83397520256 0.82282129525 0.83002014516 0.81078252816 0.66159457827 0.87869642869 1.06210188592 -69.25546582083 0.03216768393   -2 
  19 0.00000449967 0.00069160952 -18.671220705 0.14203693597 0.00092925439 0.00792031920 0.75868135778 0.83225962546 0.82401630437 0.83357781796 0.81323287300 0.66240507276 0.88021686252 1.06455771414 -69.24711837384 0.02014411086   -2 
  20 0.00000449967 0.00069112440 -18.682645316 0.14189011932 0.00092925599 0.00792031965 0.75766997573 0.83323101345 0.82350332846 0.83305747090 0.81250345882 0.66253049403 0.88013553370 1.06423142108 -69.24475740438 0.03215406698   -2 
  21 0.00000449967 0.00069168218 -18.707708390 0.14165122999 0.00092925854 0.00792032054 0.75653083149 0.83468076722 0.82285671930 0.83251797919 0.81153274755 0.66281491238 0.88013892149 1.06390506317 -69.24172723095 0.01654652639   -2 
  22 0.00000449968 0.00069108923 -18.935074073 0.14083499556 0.00092926534 0.00792032624 0.75570953562 0.83598894104 0.82040226178 0.83149603932 0.80799836948 0.66420055519 0.88036054148 1.06293326565 -69.23273043442 0.05857535838   -2 
  23 0.00000449970 0.00069221147 -19.267537194 0.13962639966 0.00092927567 0.00792033454 0.75521163117 0.83745026348 0.81736385345 0.83028058884 0.80336967499 0.66612077312 0.88069555279 1.06166640657 -69.22274296987 0.03787753668   -2 
  24 0.00000449973 0.00069442448 -19.942213476 0.13762679001 0.00092929157 0.00792035014 0.75848357870 0.83039113085 0.81799592202 0.82967498442 0.80124203187 0.66670711757 0.87970692941 1.05951111435 -69.18717592468 0.11263569191   -2 
  25 0.00000449975 0.00069301872 -20.414622046 0.13640912319 0.00092930079 0.00792036050 0.75976550771 0.82571161832 0.81846824957 0.82916687025 0.80020769316 0.66671830643 0.87878400674 1.05795337739 -69.16250044254 0.05178991014   -2 
  26 0.00000449981 0.00069661259 -21.784195116 0.13313011117 0.00092932604 0.00792038918 0.75180476537 0.82775576398 0.82238247327 0.82891836734 0.80551236123 0.66203168300 0.87431829280 1.05456524040 -69.08431290533 0.12007191245   -2 
  27 0.00000449983 0.00069522484 -22.356790624 0.13195847989 0.00092933464 0.00792040043 0.74903779067 0.82855531650 0.82324204655 0.82853108484 0.80741114722 0.65996525131 0.87240292813 1.05309901307 -69.05894976425 0.05823295099   -2 
  28 0.00000449990 0.00069629377 -24.112739214 0.12871065887 0.00092935874 0.00792043318 0.75877864760 0.83292033238 0.81743493059 0.82562260513 0.80983200194 0.65286363525 0.86695938061 1.04924856324 -68.97528921401 0.05774237780   -2 
  29 0.00000449991 0.00069526770 -24.336729605 0.12835782125 0.00092936123 0.00792043714 0.75914120707 0.83283452204 0.81666124553 0.82528659745 0.80960389583 0.65222201520 0.86650921542 1.04888975009 -68.96911514632 0.04879650249   -2 
  30 0.00000449993 0.00069818867 -24.784196764 0.12749606372 0.00092936874 0.00792044543 0.75650705633 0.83050676207 0.81590593866 0.82543724259 0.80686217642 0.65249513564 0.86721281774 1.04929286424 -68.94596832088 0.10099167106   -2 
  31 0.00000449996 0.00069817101 -25.571440016 0.12618436415 0.00092937963 0.00792045946 0.75090600980 0.82561985539 0.81433222739 0.82533117126 0.80144062392 0.65314606094 0.86842040388 1.04976636818 -68.90943676293 0.03574001566   -2 
  32 0.00000449998 0.00069988726 -26.027664301 0.12536305606 0.00092938711 0.00792046771 0.75006565528 0.82376585568 0.81350225901 0.82467710755 0.79823129764 0.65366963839 0.86884543918 1.04950402604 -68.90175799643 0.05617512793   -2 
  33 0.00000450002 0.00069980746 -27.186027656 0.12346462487 0.00092940423 0.00792048798 0.74968427745 0.82007390837 0.81110687415 0.82208945534 0.79056500863 0.65471359696 0.86911538744 1.04785453674 -68.88388420982 0.05880169862   -2 
  34 0.00000450003 0.00070126252 -27.531634604 0.12284563313 0.00092941030 0.00792049405 0.75070697947 0.82031865990 0.81061227335 0.82114519664 0.78917240171 0.65478530951 0.86872414706 1.04692362667 -68.87372364819 0.06003476866   -2 
  35 0.00000450009 0.00070040105 -29.142753135 0.12024719752 0.00092943567 0.00792052130 0.75588882633 0.82402523239 0.80835051299 0.81601007668 0.78554139051 0.65392485612 0.86503197108 1.04094900593 -68.83377060193 0.04132905232   -2 
  36 0.00000450012 0.00070010921 -29.983711350 0.11895326609 0.00092944865 0.00792053497 0.75762089422 0.82589339803 0.80754357124 0.81379162016 0.78450567657 0.65330842999 0.86302279887 1.03796038673 -68.82853574071 0.05528334009   -2 
  37 0.00000450018 0.00070266992 -31.715834932 0.11629355444 0.00092947686 0.00792056258 0.75421086942 0.82827640168 0.80837440716 0.81243670530 0.78757825801 0.65101306991 0.85845898786 1.03268716890 -68.78917582651 0.12941272217   -2 
  38 0.00000450024 0.00070148424 -33.662060292 0.11366851675 0.00092950494 0.00792059166 0.74955179968 0.82942456009 0.80905858916 0.81126563029 0.79113576380 0.64832909256 0.85354701308 1.02721996793 -68.74723351647 0.04515505054   -2 
  39 0.00000450028 0.00070114352 -35.090636701 0.11191345435 0.00092952407 0.00792061204 0.74730784363 0.82782070970 0.80916919472 0.81115146908 0.79361151270 0.64628592315 0.85047851707 1.02414204823 -68.73726263967 0.07592206909   -2 
  40 0.00000450033 0.00070325210 -36.834477968 0.10988560869 0.00092954679 0.00792063602 0.74624457243 0.82449624184 0.80896239976 0.81151665163 0.79619395638 0.64387828065 0.84734648422 1.02127277363 -68.71964076999 0.06716873268   -2 
  41 0.00000450036 0.00070210315 -38.021390913 0.10875172749 0.00092955912 0.00792065162 0.74720692709 0.82037167543 0.80759129740 0.81173317269 0.79641390283 0.64223622490 0.84587916870 1.02021871095 -68.69958674535 0.07282225822   -2 
  42 0.00000450041 0.00070350998 -39.750614808 0.10717204691 0.00092957673 0.00792067368 0.74986337909 0.81464403626 0.80524917652 0.81212009727 0.79575393639 0.64006698379 0.84441979546 1.01947978079 -68.68037146216 0.03750519659   -2 
  43 0.00000450042 0.00070520146 -39.953267886 0.10717469245 0.00092957621 0.00792067613 0.74951318019 0.81728793526 0.80384723569 0.81120393917 0.79199227739 0.64032492077 0.84583171106 1.02099940664 -68.66533238104 0.08418924928   -2 
  44 0.00000450043 0.00070449294 -40.217059492 0.10727547348 0.00092957404 0.00792067924 0.74862555808 0.82033344202 0.80186776761 0.80980846944 0.78687264740 0.64063451241 0.84765011412 1.02291975186 -68.64750899064 0.01488153667   -2 
  45 0.00000450043 0.00070478744 -40.351418867 0.10743728672 0.00092957171 0.00792068110 0.74935060112 0.81764976130 0.80259484815 0.80949989583 0.78502113193 0.64111471397 0.84892514440 1.02410549877 -68.64319772727 0.01297679064   -2 
  46 0.00000450043 0.00070504480 -40.363426256 0.10744555469 0.00092957163 0.00792068134 0.74935695631 0.81755282588 0.80267817892 0.80951172554 0.78496368542 0.64116127840 0.84902132839 1.02419223365 -68.64294792083 0.00722413672   -2 
  47 0.00000450044 0.00070537173 -40.493933185 0.10756155172 0.00092957054 0.00792068423 0.74819829945 0.81777115827 0.80322813011 0.80974933026 0.78534827464 0.64149732347 0.84952555853 1.02455627556 -68.64177454493 0.00710536498   -2 
  48 0.00000450044 0.00070522941 -40.610383641 0.10764214777 0.00092956999 0.00792068689 0.74820793265 0.81804835095 0.80334042886 0.80988679252 0.78577588745 0.64168986005 0.84974323704 1.02467838576 -68.64122722064 0.01837264064   -2 
  49 0.00000450046 0.00070579783 -40.905985913 0.10780760254 0.00092956930 0.00792069382 0.74872116931 0.81884661061 0.80360052321 0.81028131288 0.78690850399 0.64217451943 0.85026971088 1.02499298101 -68.63980177520 0.00745031942   -2 
  50 0.00000450047 0.00070560464 -41.053077030 0.10780449856 0.00092957053 0.00792069780 0.74952938363 0.81885168827 0.80354233373 0.81042814683 0.78719482551 0.64229524148 0.85034272660 1.02510375748 -68.63923663847 0.01210570754   -2 
  51 0.00000450047 0.00070579624 -41.135316844 0.10777334896 0.00092957175 0.00792070017 0.74999579182 0.81884904086 0.80352990554 0.81052832391 0.78731428003 0.64235260249 0.85036992889 1.02518210489 -68.63891771717 0.00790423400   -2 
  52 0.00000450053 0.00070511836 -42.025744159 0.10698107968 0.00092959356 0.00792072888 0.75168354298 0.81805361460 0.80342494954 0.81136657949 0.78708578215 0.64245507259 0.85002971238 1.02593214505 -68.63576919946 0.02856315472   -2 
  53 0.00000450056 0.00070557802 -42.575062459 0.10646174673 0.00092960757 0.00792074646 0.75227129309 0.81782119702 0.80345353607 0.81182056408 0.78692947463 0.64250354244 0.84983916642 1.02635273585 -68.63363742322 0.02651710109   -2 
  54 0.00000450081 0.00070488284 -46.686891841 0.10287208824 0.00092970701 0.00792087177 0.75044831022 0.81738376127 0.80346826910 0.81343117648 0.78521060120 0.64234715036 0.84818723827 1.02810886391 -68.61991177285 0.02436340865   -2 
  55 0.00000450079 0.00070577800 -46.359703289 0.10317410224 0.00092969897 0.00792086232 0.75028641442 0.81767235321 0.80319541359 0.81239108761 0.78524093275 0.64210952327 0.84819661672 1.02713900479 -68.61730040782 0.03711557160   -2 
  56 0.00000450074 0.00070607334 -45.619318853 0.10396530614 0.00092967895 0.00792084033 0.74927071998 0.81819571041 0.80213268111 0.80906345849 0.78507891869 0.64125227177 0.84799445141 1.02401575006 -68.61089282148 0.00850295237   -2 
  57 0.00000450074 0.00070634846 -45.467629965 0.10413019217 0.00092967490 0.00792083592 0.74897798757 0.81808882317 0.80185083274 0.80825623936 0.78493532567 0.64094804136 0.84785034200 1.02308188957 -68.61059555842 0.00703592253   -2 
  58 0.00000450075 0.00070663936 -45.594896262 0.10397307864 0.00092967941 0.00792083987 0.74856473993 0.81575200946 0.80158822636 0.80857682932 0.78391617083 0.64006303252 0.84691972709 1.02163472257 -68.60883830929 0.00833388910   -2 
  59 0.00000450075 0.00070694086 -45.626337059 0.10392722058 0.00092968069 0.00792084090 0.74842642101 0.81557752603 0.80144309913 0.80849024521 0.78366100306 0.63981465746 0.84666040727 1.02121336307 -68.60856464027 0.01260743762   -2 
  60 0.00000450076 0.00070725562 -45.831581740 0.10367445261 0.00092968820 0.00792084757 0.74724699457 0.81518580806 0.80022648784 0.80745201173 0.78201601518 0.63818572015 0.84493473513 1.01842246798 -68.60695494093 0.00595362048   -2 
  61 0.00000450077 0.00070740189 -45.894037728 0.10359281247 0.00092969057 0.00792084977 0.74754443159 0.81570983475 0.79997546680 0.80682921359 0.78196150861 0.63800045236 0.84469692143 1.01816663198 -68.60650635359 0.01275227405   -2 
  62 0.00000450077 0.00070715279 -45.948846697 0.10353269595 0.00092969243 0.00792085161 0.74774733642 0.81609632601 0.79977593459 0.80630397964 0.78194712353 0.63787462586 0.84452274652 1.01800667637 -68.60616133313 0.00469357217   -2 
  63 0.00000450080 0.00070690511 -46.348828348 0.10310283178 0.00092970600 0.00792086424 0.74790497718 0.81622133232 0.80054534893 0.80508850312 0.78346591617 0.63853054237 0.84498183583 1.01960760633 -68.60456872350 0.00938010570   -2 
  64 0.00000450081 0.00070668366 -46.405765151 0.10305864914 0.00092970761 0.00792086599 0.74787939948 0.81616270146 0.80058812311 0.80508483285 0.78357160845 0.63860557338 0.84503666663 1.01975864462 -68.60437022177 0.00921135397   -2 
  65 0.00000450087 0.00070672295 -47.214834694 0.10250425952 0.00092972923 0.00792089110 0.74780988750 0.81511308495 0.80073537909 0.80738993352 0.78390337602 0.63955632613 0.84586137622 1.02114320866 -68.60176407081 0.00993989759   -2 
  66 0.00000450089 0.00070638658 -47.538629803 0.10235525748 0.00092973653 0.00792090073 0.74792825013 0.81528333330 0.80050977255 0.80790766359 0.78353811111 0.63962747736 0.84590115254 1.02101548444 -68.60090372047 0.02362685150   -2 
  67 0.00000450099 0.00070699435 -48.925957915 0.10171788690 0.00092976761 0.00792094149 0.74878855327 0.81656980344 0.79960616042 0.80981055783 0.78183092242 0.63976202616 0.84594404920 1.02012583747 -68.59726823386 0.01280833551   -2 
  68 0.00000450110 0.00070715217 -50.576800504 0.10106534101 0.00092980247 0.00792098891 0.74819384805 0.81703229072 0.79945627472 0.80813365858 0.78030816754 0.63887560020 0.84500489048 1.01781558667 -68.59309931501 0.04615856060   -2 
  69 0.00000450126 0.00070918386 -53.101141903 0.10006095330 0.00092985483 0.00792105891 0.74748281208 0.81757907962 0.79940072135 0.80548543048 0.77828881214 0.63752844272 0.84359555541 1.01447093390 -68.58691716597 0.01805112430   -2 
  70 0.00000450150 0.00071055496 -56.892503241 0.09841235491 0.00092993458 0.00792115983 0.74618413953 0.81337040939 0.79841339523 0.80104316110 0.77721952479 0.63510918515 0.84086113423 1.01051685979 -68.57962092555 0.03274956378   -2 
  71 0.00000450156 0.00071148890 -57.819429782 0.09798295299 0.00092995429 0.00792118376 0.74596155712 0.81241203689 0.79808308614 0.80016086688 0.77706494960 0.63454612175 0.84020127031 1.00971373673 -68.57786373668 0.01690417229   -2 
  72 0.00000450185 0.00071231143 -62.642170710 0.09536593211 0.00093006358 0.00792130639 0.74414334451 0.80797031555 0.79335797806 0.79836739429 0.77700631002 0.63154983049 0.83608069578 1.00736306185 -68.56931257582 0.01720507268   -2 
  73 0.00000450193 0.00071260256 -63.986021815 0.09451881474 0.00093009636 0.00792134012 0.74406368818 0.80930847948 0.79251709663 0.79856897869 0.77612302456 0.63089495885 0.83496221539 1.00684816798 -68.56542526488 0.03802656128   -2 
  74 0.00000450202 0.00071175587 -65.577688911 0.09356245828 0.00093013406 0.00792137916 0.74388551046 0.81089094962 0.79159641574 0.79878547427 0.77493588044 0.63014699723 0.83365736017 1.00619850054 -68.56201268385 0.01214466716   -2 
  75 0.00000450201 0.00071156619 -65.344158172 0.09370689652 0.00093012854 0.00792137358 0.74399429004 0.81045785074 0.79195368349 0.79872231321 0.77501114209 0.63031390987 0.83391843315 1.00626212343 -68.56161854501 0.01027794610   -2 
  76 0.00000450200 0.00071173019 -65.121620234 0.09383106605 0.00093012367 0.00792136841 0.74428448111 0.80998391586 0.79260481832 0.79868835151 0.77498118290 0.63056620427 0.83428034964 1.00632578620 -68.56121290759 0.00589644955   -2 
  77 0.00000450199 0.00071158853 -65.030936979 0.09387923347 0.00093012185 0.00792136647 0.74441564328 0.80983003559 0.79301208846 0.79869140730 0.77487324175 0.63072844217 0.83449180946 1.00634264662 -68.56109414807 0.00529451907   -2 
  78 0.00000450199 0.00071163271 -64.956427213 0.09390477553 0.00093012078 0.00792136516 0.74455461614 0.80987011956 0.79346857498 0.79875264693 0.77471082179 0.63093393965 0.83474312550 1.00637373106 -68.56098426424 0.00549674520   -2 
  79 0.00000450199 0.00071147878 -64.940827177 0.09390764415 0.00093012070 0.00792136503 0.74455048663 0.80996882511 0.79357823089 0.79879229596 0.77463661054 0.63101192831 0.83482931187 1.00638675278 -68.56090861721 0.00461718712   -2 
  80 0.00000450199 0.00071138367 -64.898266287 0.09389237653 0.00093012119 0.00792136517 0.74456611668 0.81051968016 0.79390034271 0.79901138394 0.77440140947 0.63131629039 0.83515778629 1.00647970184 -68.56074653040 0.00165260915   -2 
  81 0.00000450199 0.00071126284 -64.895551679 0.09387710300 0.00093012199 0.00792136585 0.74465136768 0.81058354947 0.79380394777 0.79912857565 0.77442918381 0.63142862944 0.83526336683 1.00660710886 -68.56071550817 0.00360575889   -2 
  82 0.00000450199 0.00071127267 -64.893819513 0.09386208862 0.00093012274 0.00792136648 0.74473171799 0.81063261448 0.79373115241 0.79922699003 0.77446638430 0.63151990634 0.83534956075 1.00671355217 -68.56068849806 0.00087685958   -2 
  83 0.00000450199 0.00071122416 -64.896557439 0.09385005150 0.00093012358 0.00792136727 0.74474248836 0.81061329805 0.79369318235 0.79928331414 0.77453066654 0.63158414223 0.83540564145 1.00678984433 -68.56068216047 0.00107071629   -2 
  84 0.00000450199 0.00071123844 -64.898384369 0.09384503375 0.00093012396 0.00792136768 0.74474097953 0.81060295632 0.79369235727 0.79929748200 0.77456010935 0.63160459015 0.83542283393 1.00681415176 -68.56067780153 0.00084733329   -2 
  85 0.00000450200 0.00071120880 -64.903878187 0.09383927976 0.00093012467 0.00792136850 0.74471187130 0.81057299767 0.79371366862 0.79929244074 0.77460600260 0.63162149687 0.83543251189 1.00683739746 -68.56067372388 0.00115789661   -2 
  86 0.00000450200 0.00071122873 -64.910153239 0.09383298082 0.00093012544 0.00792136937 0.74469155469 0.81055124268 0.79374425360 0.79928135432 0.77465009271 0.63163336245 0.83543760282 1.00685471863 -68.56066952827 0.00073569974   -2 
  87 0.00000450200 0.00071121836 -64.926851270 0.09382127468 0.00093012728 0.00792137145 0.74465775381 0.81051308726 0.79380665960 0.79923884096 0.77472824151 0.63164448200 0.83543270865 1.00686911668 -68.56066536280 0.00082864497   -2 
  88 0.00000450201 0.00071117739 -64.947434370 0.09381563349 0.00093012914 0.00792137367 0.74471614627 0.81054798313 0.79379761294 0.79919237888 0.77471314905 0.63161764239 0.83539588532 1.00682432354 -68.56065438037 0.00242566544   -2 
  89 0.00000450202 0.00071120238 -64.984950807 0.09380382419 0.00093013260 0.00792137779 0.74483191329 0.81062534746 0.79378099635 0.79911978117 0.77467945036 0.63156841449 0.83533170363 1.00674566283 -68.56063711481 0.00112557375   -2 
  90 0.00000450203 0.00071122987 -65.006943607 0.09379701158 0.00093013463 0.00792138019 0.74486273336 0.81065917473 0.79376969337 0.79909469817 0.77465503382 0.63154170833 0.83529991272 1.00671298985 -68.56063550961 0.00178751000   -2 
  91 0.00000450207 0.00071127762 -65.144352920 0.09375796552 0.00093014713 0.00792139519 0.74491810191 0.81080547484 0.79368789387 0.79898120012 0.77448980759 0.63138162070 0.83511715253 1.00651907387 -68.56060879697 0.00279649927   -2 
  92 0.00000450208 0.00071122872 -65.182093687 0.09374771999 0.00093015054 0.00792139932 0.74484454457 0.81077114811 0.79366948946 0.79898078322 0.77445369039 0.63135134079 0.83508659292 1.00648387729 -68.56058320618 0.00390262949   -2 
  93 0.00000450212 0.00071141874 -65.321803969 0.09369857512 0.00093016352 0.00792141496 0.74448408099 0.81053267319 0.79364410760 0.79906933525 0.77436483097 0.63128332750 0.83503581182 1.00641554396 -68.56046364886 0.00254089570   -2 
  94 0.00000450214 0.00071143718 -65.386569415 0.09367645497 0.00093016951 0.00792142217 0.74433910932 0.81040247516 0.79362165042 0.79910344110 0.77432567027 0.63125687805 0.83501653433 1.00638597413 -68.56044776326 0.00200225270   -2 
  95 0.00000450215 0.00071135716 -65.417516487 0.09366272900 0.00093017246 0.00792142570 0.74449806445 0.81032306401 0.79356545391 0.79907079168 0.77432256099 0.63127027138 0.83502732677 1.00638114727 -68.56041258462 0.00384400497   -2 
  96 0.00000450215 0.00071139396 -65.442638335 0.09364818050 0.00093017499 0.00792142860 0.74465870833 0.81028063298 0.79352598491 0.79904451467 0.77432933722 0.63128937962 0.83504467801 1.00638604749 -68.56038192465 0.00102145336   -2 
  97 0.00000450217 0.00071135423 -65.494825543 0.09360768546 0.00093018061 0.00792143492 0.74464172406 0.81055077376 0.79353676789 0.79896068301 0.77441797737 0.63140025750 0.83513893007 1.00644838988 -68.56034531430 0.00179196902   -2 
  98 0.00000450217 0.00071131727 -65.502762186 0.09360272673 0.00093018143 0.00792143586 0.74463299278 0.81057105936 0.79354024103 0.79895265881 0.77442820612 0.63141424530 0.83515008569 1.00645666281 -68.56034059660 0.00093068075   -2 
  99 0.00000450219 0.00071130375 -65.570859835 0.09356456215 0.00093018841 0.00792144433 0.74459855879 0.81033622866 0.79368475179 0.79906120811 0.77448253679 0.63149189429 0.83520856738 1.00652564777 -68.56030977708 0.00099917145   -2 
 100 0.00000450219 0.00071131807 -65.561457510 0.09357068011 0.00093018743 0.00792144320 0.74461225074 0.81038605638 0.79365183859 0.79904239289 0.77446823671 0.63147441727 0.83519410146 1.00650986043 -68.56030757467 0.00075200787   -2 
 101 0.00000450219 0.00071130444 -65.561386719 0.09357325235 0.00093018735 0.00792144319 0.74462094088 0.81040857240 0.79362733714 0.79903443363 0.77445400799 0.63146053010 0.83518064732 1.00649636444 -68.56030516870 0.00093509905   -2 
 102 0.00000450219 0.00071131502 -65.562455761 0.09357832685 0.00093018731 0.00792144331 0.74464722891 0.81046432025 0.79357090173 0.79901904913 0.77441964505 0.63142618364 0.83514780509 1.00646470865 -68.56030181970 0.00079652366   -2 
 103 0.00000450219 0.00071133030 -65.563050593 0.09357795974 0.00093018737 0.00792144337 0.74464573057 0.81046067070 0.79357393728 0.79902087162 0.77441978566 0.63142547121 0.83514745303 1.00646491594 -68.56030083522 0.00050878056   -2 
 104 0.00000450220 0.00071136617 -65.584069134 0.09357820582 0.00093018920 0.00792144587 0.74455622055 0.81033709473 0.79360288242 0.79904056339 0.77438779872 0.63137683812 0.83510406134 1.00643748686 -68.56029210450 0.00066002195   -2 
 105 0.00000450221 0.00071143086 -65.613955972 0.09357501209 0.00093019199 0.00792144993 0.74456730857 0.81030901659 0.79357333405 0.79902286874 0.77434056775 0.63131646046 0.83504523544 1.00638785855 -68.56028294949 0.00232057572   -2 
 106 0.00000450224 0.00071149898 -65.711554894 0.09356626471 0.00093020102 0.00792146310 0.74459298870 0.81023001131 0.79345994148 0.79895063653 0.77418569345 0.63112364361 0.83485456783 1.00622237549 -68.56025713548 0.00136944637   -2 
 107 0.00000450225 0.00071149807 -65.740797567 0.09356223329 0.00093020377 0.00792146710 0.74458710738 0.81021969096 0.79342818033 0.79892675783 0.77414727928 0.63107527237 0.83480598979 1.00617444934 -68.56025378764 0.00143947904   -2 
 108 0.00000450227 0.00071158016 -65.807909932 0.09353733708 0.00093021064 0.00792147662 0.74451276986 0.81030271380 0.79339226248 0.79887240324 0.77412668539 0.63103728034 0.83476417565 1.00611029600 -68.56022593269 0.00336025270   -2 
 109 0.00000450232 0.00071157166 -65.960337871 0.09348067605 0.00093022621 0.00792149816 0.74432297955 0.81046784942 0.79331031433 0.79874245299 0.77409147667 0.63097148158 0.83468571576 1.00597325199 -68.56017216635 0.00205075829   -2 
 110 0.00000450232 0.00071157166 -65.960337871 0.09348067605 0.00093022621 0.00792149816 0.74432297955 0.81046784942 0.79331031433 0.79874245299 0.77409147667 0.63097148158 0.83468571576 1.00597325199 -68.56017216635 0.00205075829   -5 
 111 0.00000450232 0.00071155832 -65.962956718 0.09346542781 0.00093022697 0.00792149895 0.74454529128 0.81025158526 0.79336429684 0.79878787779 0.77413632855 0.63104802775 0.83475361341 1.00603431329 -68.56011920127 0.00236377850   -2 
 112 0.00000450232 0.00071151031 -65.963984156 0.09346267458 0.00093022715 0.00792149914 0.74456743780 0.81021649749 0.79337318269 0.79879608989 0.77414518403 0.63106520444 0.83476822401 1.00604758578 -68.56011107836 0.00103796095   -2 
 113 0.00000450232 0.00071144798 -65.973490361 0.09342975427 0.00093022918 0.00792150125 0.74450483072 0.81023288809 0.79346821712 0.79888903049 0.77424170339 0.63122713650 0.83491328392 1.00618515737 -68.56007894580 0.00056794791   -2 
 114 0.00000450232 0.00071143405 -65.975759992 0.09342333232 0.00093022962 0.00792150172 0.74449766318 0.81024167473 0.79348350789 0.79890510115 0.77425918637 0.63125791835 0.83494043541 1.00621065507 -68.56007816883 0.00063868421   -2 
 115 0.00000450233 0.00071139629 -65.985698800 0.09341656373 0.00093023083 0.00792150317 0.74458665313 0.81034054418 0.79344394042 0.79888587087 0.77425364090 0.63127505349 0.83494886677 1.00621501441 -68.56007069988 0.00083020643   -2 
 116 0.00000450233 0.00071141079 -65.986438036 0.09341609942 0.00093023092 0.00792150330 0.74458734270 0.81034276886 0.79344494209 0.79888628525 0.77425383789 0.63127489706 0.83494874397 1.00621548093 -68.56006972511 0.00043858694   -2 
 117 0.00000450234 0.00071145376 -66.015869634 0.09341369230 0.00093023383 0.00792150654 0.74445116446 0.81028579904 0.79347542564 0.79888448716 0.77423853152 0.63123820950 0.83491386832 1.00616175895 -68.56006066232 0.00078844607   -2 
 118 0.00000450234 0.00071143330 -66.011350929 0.09341361977 0.00093023341 0.00792150601 0.74452377536 0.81029952193 0.79345392270 0.79887763245 0.77423738163 0.63124413163 0.83491826752 1.00617281381 -68.56005760097 0.00046745604   -2 
 119 0.00000450234 0.00071144271 -66.012226057 0.09341302268 0.00093023352 0.00792150617 0.74453408264 0.81030215917 0.79345112885 0.79887655605 0.77423678870 0.63124383612 0.83491789053 1.00617449910 -68.56005700568 0.00054459244   -2 
 120 0.00000450234 0.00071142622 -66.022849971 0.09340917435 0.00093023470 0.00792150792 0.74460735061 0.81031497013 0.79341786389 0.79886016003 0.77422585928 0.63123707935 0.83490918088 1.00618550400 -68.56005332424 0.00053170325   -2 
 121 0.00000450238 0.00071148897 -66.127505630 0.09336673262 0.00093024670 0.00792152490 0.74460846931 0.81041831964 0.79334071618 0.79881749525 0.77419083699 0.63120346736 0.83487156773 1.00626771903 -68.56002709009 0.00397494528   -2 
 122 0.00000450248 0.00071145571 -66.447750112 0.09324292178 0.00093028307 0.00792157643 0.74455760465 0.81067034525 0.79311264128 0.79868278327 0.77407838704 0.63109785837 0.83475115299 1.00649041950 -68.55996282210 0.00252727012   -2 
 123 0.00000450254 0.00071138562 -66.621602844 0.09318004362 0.00093030266 0.00792160429 0.74450633887 0.81040454148 0.79317407048 0.79866809748 0.77404451563 0.63105899278 0.83469984120 1.00644699257 -68.55988603875 0.00698532841   -2 
 124 0.00000450267 0.00071157221 -67.000023375 0.09303684394 0.00093034548 0.00792166495 0.74444262707 0.80981016368 0.79336086446 0.79866482605 0.77398989904 0.63098694731 0.83460262803 1.00631571027 -68.55971207540 0.00200743500   -2 
 125 0.00000450277  0.0007117518 -67.293454666 0.09293114866 0.00093037866 0.00792171205 0.74440112669 0.80993202148 0.79327913942 0.79858043399 0.77389758013 0.63092434518 0.83448800834 1.00580098954 -68.55961097888 0.00818684874   -2 
 126 0.00000450298 0.00071173392 -67.911455524 0.09271978313 0.00093044768 0.00792181024 0.74426552111 0.81018220127 0.79304845060 0.79836958153 0.77368023613 0.63078099544 0.83422861872 1.00468289393 -68.55938927661 0.00209006216   -2 
 127 0.00000450310 0.00071188112 -68.265184564 0.09259316118 0.00093048732 0.00792186652 0.74428946051 0.81011983026 0.79287802454 0.79823720149 0.77355249866 0.63068921539 0.83407878367 1.00424784709 -68.55934395021 0.00454510698   -2 
 128 0.00000450337 0.00071200390 -69.092166856 0.09230374909 0.00093057911 0.00792199690 0.74430976478 0.80987165228 0.79246687775 0.79791469230 0.77324477181 0.63046516190 0.83372189820 1.00332564237 -68.55925137245 0.00310366416   -2 
 129 0.00000450338 0.00071192149 -69.127063396 0.09228844279 0.00093058322 0.00792200263 0.74417760512 0.80972887651 0.79250561612 0.79790538870  0.7732296533 0.63043916479 0.83370296606 1.00354736121 -68.55918422519 0.00599552321   -2 
 130 0.00000450341 0.00071205816 -69.191642243 0.09225075617 0.00093059129 0.00792201361 0.74394268011 0.80945069182 0.79262047349 0.79790570792 0.77321250879 0.63038911366 0.83367574092 1.00410472605 -68.55906411981 0.00211560065   -2 
 131 0.00000450340 0.00071202394 -69.183339952 0.09225561577 0.00093059027 0.00792201221 0.74398629563 0.80949255405 0.79259996106 0.79790210645 0.77321181252 0.63039274170 0.83367662149 1.00404673147 -68.55905776941 0.00131867629   -2 
 132 0.00000450341 0.00071204927 -69.188269956 0.09224942893 0.00093059120 0.00792201344 0.74406884803 0.80952033022 0.79258374955 0.79788649045 0.77319673327 0.63037168672 0.83366143586 1.00420692935 -68.55904342943 0.00281150734   -2 
 133 0.00000450341 0.00071197037 -69.196977084 0.09224127035 0.00093059275 0.00792201559 0.74419343265 0.80956467757 0.79254617160 0.79785327438 0.77316561897 0.63033153537 0.83363066585 1.00448419215 -68.55901934509 0.00070262511   -2 
 134 0.00000450341 0.00071198388 -69.195814072 0.09224223456 0.00093059257 0.00792201533 0.74416413363 0.80956205618 0.79255510638 0.79786104597 0.77317208290 0.63033787078 0.83363632480 1.00444723442 -68.55901842188 0.00057326602   -2 
 135 0.00000450341 0.00071197266 -69.196068604 0.09224209714 0.00093059267 0.00792201549 0.74413671519 0.80956926828 0.79256198012 0.79786722343 0.77317613688 0.63033877748 0.83363871554 1.00445148780 -68.55901721794 0.00064501281   -2 
 136 0.00000450341 0.00071198184 -69.196609424 0.09224098435 0.00093059290 0.00792201571 0.74410657967 0.80958407608 0.79257321713 0.79787740158 0.77318279197 0.63033966254 0.83364257504 1.00446870908 -68.55901594099 0.00026802838   -2 
 137 0.00000450341 0.00071198031 -69.197881200 0.09223936299 0.00093059334 0.00792201614 0.74408808457 0.80959890701 0.79258349593 0.79788773663 0.77318951554 0.63033879770 0.83364585513 1.00450071133 -68.55901546557 0.00036682078   -2 
 138 0.00000450341 0.00071196210 -69.199935849 0.09223759663 0.00093059398 0.00792201676 0.74409400313 0.80960658205 0.79258907790 0.79789521664 0.77319467751 0.63033623157 0.83364782433 1.00454269228 -68.55901464641 0.00070337364   -2 
 139 0.00000450342 0.00071195401 -69.205083491 0.09223247578 0.00093059564 0.00792201845 0.74412692160 0.80962466941 0.79260277926 0.79791359568 0.77320801501 0.63033085100 0.83365378914 1.00464786414 -68.55901254513 0.00018623248   -2 
 140 0.00000450342 0.00071195219 -69.206201764 0.09223152847 0.00093059598 0.00792201881 0.74413402507 0.80962701297 0.79260489811 0.79791657658 0.77321041054 0.63033010305 0.83365504339 1.00466660446 -68.55901249451 0.00019285122   -2 
 141 0.00000450342 0.00071194447 -69.208939930 0.09223076360 0.00093059669 0.00792201967 0.74414775295 0.80961904475 0.79260267013 0.79791487350 0.77321179807 0.63033198128 0.83365790804 1.00467420126 -68.55901216988 0.00038450404   -2 
 142 0.00000450343 0.00071194901 -69.213565226 0.09222931502 0.00093059788 0.00792202115 0.74416902578 0.80960732916 0.79259961015 0.79791198191 0.77321426484 0.63033628017 0.83366339235 1.00468116941 -68.55901168738 0.00026000973   -2 
 143 0.00000450349 0.00071196839 -69.283978029 0.09221425160 0.00093061569 0.00792204352 0.74417994481 0.80952491883 0.79256306540 0.79785886757 0.77322931472 0.63040752733 0.83373188723 1.00460614284 -68.55900839592 0.00073958181   -2 
 144 0.00000450350 0.00071199491 -69.301820891 0.09220949512 0.00093062030 0.00792204932 0.74416616984 0.80953137538 0.79256077201 0.79785291002 0.77322888228 0.63041791304 0.83373995696 1.00458745527 -68.55900621194 0.00109876913   -2 
 145 0.00000450357 0.00071200860 -69.377722315 0.09219041078 0.00093063982 0.00792207400 0.74406907653 0.80958902097 0.79255318264 0.79783415602 0.77321197234 0.63044120556 0.83374823727 1.00450386439 -68.55900019291 0.00062755980   -2 
 146 0.00000450360 0.00071201453 -69.422417427 0.09217840688 0.00093065139 0.00792208863 0.74403240611 0.80961995319 0.79255005293 0.79782742790 0.77319685076 0.63044386504 0.83374079345 1.00445873232 -68.55899860601 0.00096552588   -2 
 147 0.00000450369 0.00071206577 -69.520975065 0.09214831288 0.00093067726 0.00792212140 0.74404129660 0.80966087439 0.79254724677 0.79782589196 0.77315173366 0.63041702449 0.83369010771 1.00437933092 -68.55899035086 0.00219076546   -2 
 148 0.00000450398 0.00071207041 -69.858112882 0.09204714094 0.00093076545 0.00792223316 0.74409857773 0.80973795093 0.79252275315 0.79781436498 0.77298740305 0.63029997077 0.83349142118 1.00412500549 -68.55896671437 0.00154941597   -2 
 149 0.00000450395 0.00071209984 -69.826660288 0.09205377907 0.00093075752 0.00792222307 0.74410051176 0.80968651280 0.79252215768 0.79781299109 0.77301258071 0.63030523760 0.83351041036 1.00417309367 -68.55895979514 0.00169655799   -2 
 150 0.00000450390 0.00071207058 -69.763139183 0.09206615630 0.00093074163 0.00792220285 0.74409303380 0.80951605006 0.79250660251 0.79779845893 0.77307013507 0.63030383217 0.83354364625 1.00429947135 -68.55894733270 0.00041961562   -2 
 151 0.00000450391 0.00071207468 -69.772828065 0.09206386278 0.00093074410 0.00792220599 0.74409381808 0.80954144631 0.79250784495 0.79779972028 0.77306143543 0.63030222125 0.83353737172 1.00428276024 -68.55894699653 0.00044214919   -2 
 152 0.00000450394 0.00071204213 -69.803238026 0.09204488781 0.00093075323 0.00792221796 0.74408231039 0.80957741377 0.79247466044 0.79777244175 0.77303874898 0.63024137698 0.83348224560 1.00431761033 -68.55894208933 0.00161124374   -2 
 153 0.00000450397 0.00071206239 -69.834388664 0.09202325412 0.00093076280 0.00792223048 0.74407838915 0.80960679116 0.79244381927 0.79774593760 0.77301911165 0.63017755935 0.83342657016 1.00436055038 -68.55893568467 0.00069304348   -2 
 154 0.00000450401 0.00071203704 -69.877890285 0.09199286208 0.00093077630 0.00792224820 0.74406624404 0.80954787126 0.79240716453 0.79770605575 0.77299684443 0.63009351112 0.83335689429 1.00440967372 -68.55893033957 0.00100004496   -2 
 155 0.00000450403 0.00071205105 -69.894215594 0.09198116279 0.00093078142 0.00792225491 0.74406375975 0.80951760675 0.79239757078 0.79769310812 0.77299001541 0.63006620867 0.83333477586 1.00442299718 -68.55892831181 0.00048217534   -2 
 156 0.00000450405 0.00071205723 -69.911406397 0.09196983182 0.00093078676 0.00792226201 0.74405675597 0.80947421055 0.79239048110 0.79768035708 0.77298260440 0.63004473471 0.83331705823 1.00442413672 -68.55892732373 0.00067429387   -2 
 157 0.00000450406 0.00071204958 -69.927369488 0.09196031213 0.00093079167 0.00792226855 0.74404616727 0.80943095316 0.79238465182 0.79766855140 0.77297475338 0.63002977957 0.83330402723 1.00441498364 -68.55892633684 0.00047242485   -2 
 158 0.00000450410 0.00071208294 -69.968329670 0.09194288553 0.00093080393 0.00792228508 0.74400663560 0.80935213997 0.79238462498 0.79764813091 0.77294928420 0.63004945883 0.83331108007 1.00428724674 -68.55892309345 0.00107903906   -2 
 159 0.00000450412 0.00071207342 -69.989720655 0.09193519369 0.00093081022 0.00792229356 0.74398532393 0.80931941871 0.79238063629 0.79763586831 0.77293398505 0.63006166565 0.83331479221 1.00421586285 -68.55892073352 0.00061181847   -2 
 160 0.00000450419 0.00071210476 -70.062162159 0.09191481396 0.00093083125 0.00792232230 0.74397218809 0.80934488543 0.79234381897 0.79759572353 0.77287776438 0.63011824634 0.83332965019 1.00396882694 -68.55891362213 0.00057701796   -2 
 161 0.00000450419 0.00071208962 -70.063221112 0.09191564123 0.00093083151 0.00792232272 0.74397858905 0.80935434050 0.79234068638 0.79759645312 0.77287887601 0.63011468373 0.83332564256 1.00398298133 -68.55891258977 0.00070264182   -2 
 162 0.00000450419 0.00071210596 -70.065466967 0.09191707298 0.00093083211 0.00792232362 0.74400560832 0.80938791967 0.79233751546 0.79760349690 0.77288638552 0.63010490982 0.83331574348 1.00402348098 -68.55890998625 0.00078147419   -2 
 163 0.00000450420 0.00071209620 -70.069788148 0.09192063437 0.00093083319 0.00792232521 0.74404405538 0.80944083798 0.79233156423 0.79761544979 0.77289958380 0.63008646388 0.83329720290 1.00410173329 -68.55890775249 0.00053604809   -2 
 164 0.00000450420 0.00071208700 -70.070742878 0.09192150901 0.00093083343 0.00792232557 0.74404499289 0.80944541167 0.79233268284 0.79761845564 0.77290276582 0.63008368913 0.83329493356 1.00411822144 -68.55890733072 0.00037591847   -2 
 165 0.00000450420 0.00071210466 -70.074039733 0.09192346155 0.00093083440 0.00792232728 0.74401834229 0.80942975693 0.79235899863 0.79763796685 0.77292142570 0.63008378938 0.83330093102 1.00417619234 -68.55890575701 0.00060202845   -2 
 166 0.00000450420 0.00071209571 -70.074460883 0.09192385174 0.00093083451 0.00792232746 0.74401549216 0.80942619257 0.79236045970 0.79763878216 0.77292249902 0.63008409065 0.83330181748 1.00417981715 -68.55890530645 0.00012917383   -2 
 167 0.00000450421 0.00071209573 -70.078189559 0.09192522621 0.00093083583 0.00792232938 0.74402891874 0.80940089005 0.79236994422 0.79764253716 0.77293001759 0.63009559998 0.83331964811 1.00419594557 -68.55890490119 0.00021951348   -2 
 168 0.00000450421 0.00071209953 -70.078255686 0.09192512234 0.00093083587 0.00792232946 0.74402837142 0.80940397272 0.79236977023 0.79764269367 0.77293006084 0.63009575560 0.83331985896 1.00419588866 -68.55890482452 0.00014237452   -2 
 169 0.00000450421 0.00071209773 -70.079754669 0.09192507212 0.00093083650 0.00792233022 0.74401862339 0.80942762679 0.79236612031 0.79764243309 0.77292962690 0.63009789616 0.83332222225 1.00419663454 -68.55890459697 0.00010369964   -2 
 170 0.00000450421 0.00071209862 -70.079594033 0.09192506794 0.00093083644 0.00792233017 0.74402154716 0.80942233734 0.79236698784 0.79764258615 0.77292981686 0.63009765835 0.83332199524 1.00419588342 -68.55890457927 0.00008074935    0 
-- Found new optimum with likelihood -68.558904579273644 and gradient 0.00008

---- Best joint likelihood found -68.558904579273644 with gradient 0.00008

---- Results for /scratch/40840292/tmp77k_jflv 
--  Model: C
--        eps_an     theta_bar             a 
-- 0.00000450421 0.00071209862            -1 
--           S_d             b           p_b           S_b 
-- -70.079594033 0.09192506794 0.00093083644 0.00792233017 
--           r 2           r 3           r 4           r 5           r 6           r 7           r 8           r 9 
-- 0.74402154716 0.80942233734 0.79236698784 0.79764258615 0.77292981686 0.63009765835 0.83332199524 1.00419588342 

---- Expected P_neut(i), 0 < i < n (neutral SFS per site) 
E[P_neut(1)] = 0.0007120958
E[P_neut(2)] = 0.0002649075
E[P_neut(3)] = 0.0001921289
E[P_neut(4)] = 0.0001410606
E[P_neut(5)] = 0.0001136000
E[P_neut(6)] = 0.0000917339
E[P_neut(7)] = 0.0000640994
E[P_neut(8)] = 0.0000741768
E[P_neut(9)] = 0.0000794569

---- Expected P_sel(i), 0 < i < n (selected SFS per site) 
E[P_sel(1)] = 0.0005130474
E[P_sel(2)] = 0.0001759447
E[P_sel(3)] = 0.0001226166
E[P_sel(4)] = 0.0000877271
E[P_sel(5)] = 0.0000693147
E[P_sel(6)] = 0.0000551354
E[P_sel(7)] = 0.0000380483
E[P_sel(8)] = 0.0000435633
E[P_sel(9)] = 0.0000462322

---- alpha_dfe = 0.001632

