---- Running command
---- ./polyDFE -d /scratch/40840730/tmpwldrvzcd -m C -i /scratch/40840730/tmph_m8ou18 1 -v 1 
---- Performing inference using model C

---- Performing inference on /scratch/40840730/tmpwldrvzcd
----      with -i /scratch/40840730/tmph_m8ou18 1
---- Data /scratch/40840730/tmpwldrvzcd does not contain divergence counts. Using option -w.
---- No mutation variability. Using Poisson likelihood.


---- Using provided initial values

-- Starting local optimization
-- Optimizing all parameters
  it        eps_an     theta_bar           S_d             b           p_b           S_b           r 2           r 3           r 4           r 5           r 6           r 7           r 8           r 9          r 10          r 11          r 12          r 13          r 14           ln lk          grad status 
   0 0.00000450123  0.0008663822 -44.346810000     0.1221405    0.01060767    0.09636954     0.6268517     0.6514728     0.6820074     0.5848618     0.7565646     0.6523473     0.6349214     0.7005902     0.6139579     0.6324166     0.6421517     0.7478784       1.22486 -108.0338345623 0.67512903184   -2 
   1 0.00000450122 0.00087928739 -44.233856997 0.12175173866 0.01060840065 0.09636918940 0.63225953048 0.65029163640 0.68376265095 0.58225539491 0.75445991958 0.65200791970 0.63277821053 0.69987025762 0.61347885850 0.63389874435 0.64181893245 0.74806885668 1.22094908044 -107.4053450326 0.52345192414   -2 
   2 0.00000450121 0.00086272864 -43.905765741 0.12157520832 0.01060857107 0.09636576585 0.65407670271 0.63874518542 0.68968417334 0.56499707071 0.73921060525 0.64795228375 0.61860131290 0.69382808192 0.60937523740 0.64153747492 0.63870079486 0.74780541997 1.19501001660 -105.7614853752 0.68625505675   -2 
   3 0.00000450121 0.00087203955 -43.497456711 0.12078956068 0.01060995017 0.09636288519 0.67265086246 0.63064259146 0.69592445259 0.55041556186 0.72652841688 0.64477418806 0.60607545033 0.68869595709 0.60585105970 0.64918328987 0.63604551605 0.74792096074 1.17193160007 -104.8142011023 0.26167902374   -2 
   4 0.00000450118 0.00087726791 -42.114665388 0.11807242562 0.01061479534 0.09635282269 0.65314757725 0.62234450183 0.70544198830 0.51456702761 0.69518890198 0.63494792157 0.56856333394 0.67229915415 0.59383105811 0.67447829746 0.62655381992 0.74758398743 1.10096788461 -103.4278608301 0.16520582501   -2 
   5 0.00000450118 0.00088157908 -41.680988542 0.11707135877 0.01061652801 0.09634922137 0.63406139307 0.62652901184 0.68702834040 0.52074743295 0.69951039404 0.63163509368 0.56567198922 0.66842441919 0.58985987010 0.67376587550 0.62250997917 0.74413935020 1.09335367579 -103.0146965226 0.11785423008   -2 
   6 0.00000450118 0.00087898635 -41.619442420 0.11699896165 0.01061661106 0.09634843187 0.63390043208 0.62604534422 0.68482084385 0.52150801143 0.69982658868 0.63090375442 0.56525322242 0.66765526638 0.58908352032 0.67322192867 0.62169572398 0.74331739891 1.09220528444 -102.9855864647 0.12894549203   -2 
   7 0.00000450117 0.00087983783 -41.121225626 0.11614028366 0.01061788052 0.09634280760 0.63994067027 0.62195984609 0.67270029577 0.52670415440 0.70192098511 0.62602362110 0.56277995071 0.66250376258 0.58375562326 0.66900844101 0.61601606193 0.73747105479 1.08503409323 -102.8450154311 0.05124316627   -2 
   8 0.00000450117 0.00087839548 -40.611520655 0.11554751329 0.01061844210 0.09633544277 0.63626420497 0.61964628593 0.68209653557 0.52503045025 0.69884541280 0.62282052284 0.56104558330 0.65856303970 0.57918974010 0.66382528803 0.61067291601 0.73161056354 1.08013170147 -102.7705905165 0.08594329889   -2 
   9 0.00000450116 0.00087975665 -40.536553707 0.11544766827 0.01061855303 0.09633439265 0.63613986856 0.61951096599 0.68297483839 0.52479456436 0.69848400117 0.62247280352 0.56084043216 0.65810470780 0.57863300513 0.66318013130 0.61000239754 0.73087833951 1.07955196380 -102.7622951302 0.03506447382   -2 
  10 0.00000450116  0.0008794094 -39.967523204 0.11515633676 0.01061829110 0.09632453682 0.63917467778 0.61988402544 0.67835998427 0.52198156839 0.69567740817 0.62072545826 0.55923867521 0.65542693482 0.57513420361 0.65884031245 0.60549201626 0.72594627765 1.07570136619 -102.7292559715 0.03102808861   -2 
  11 0.00000450116 0.00087865493 -39.820845725 0.11513090055 0.01061809500 0.09632172402 0.63828251048 0.61973472568 0.67714779465 0.52150105222 0.69526515014 0.62046623665 0.55889620798 0.65497554325 0.57449109638 0.65802306643 0.60459845289 0.72498472359 1.07495595123 -102.7247655588 0.05596515985   -2 
  12 0.00000450116 0.00088009954 -39.408940281 0.11501849202 0.01061762724 0.09631387643 0.63538452688 0.61931663775 0.67416277522 0.52043910617 0.69444231195 0.61994088950 0.55805788816 0.65395696887 0.57295377009 0.65605134104 0.60238728950 0.72262638579 1.07317503512 -102.7131199865 0.01703147980   -2 
  13 0.00000450116 0.00087944779 -39.225596310 0.11516797262 0.01061688822 0.09630925239 0.63463277464 0.61759424768 0.67527028086 0.52077124852 0.69463713521 0.61988115198 0.55780255169 0.65406247328 0.57311986886 0.65624611452 0.60242878368 0.72271931186 1.07296399774 -102.7084000525 0.04820254995   -2 
  14 0.00000450116 0.00088026690 -39.042994499 0.11529511059 0.01061620011 0.09630470361 0.63418500020 0.61614352578 0.67639922146 0.52113686657 0.69487697408 0.61986055191 0.55758946520 0.65420999626 0.57333272039 0.65649925856 0.60253192482 0.72288076775 1.07283154145 -102.7041613280 0.01872333503   -2 
  15 0.00000450116 0.00087769433 -37.063632045 0.11756520547 0.01060640902 0.09624984264 0.64046527306 0.61674236612 0.68089534133 0.52407084959 0.69643868788 0.61972225370 0.55615759706 0.65621365864 0.57680108960 0.66078430466 0.60568468315 0.72671850220 1.07297134892 -102.6704981746 0.04958452785   -2 
  16 0.00000450117 0.00087581344 -32.053892650 0.12412222274 0.01057922594 0.09609712616 0.64040603006 0.62681722604 0.68650313601 0.53062656618 0.70231825354 0.62247898001 0.55589723543 0.66275206873 0.58621030893 0.67230436404 0.61489439986 0.73780819748 1.07821017369 -102.5782371419 0.17091884049   -2 
  17 0.00000450118 0.00087118216 -29.999660845 0.12734922089 0.01056662253 0.09602717298 0.63982453429 0.63084721099 0.68853648413 0.53335247456 0.70493574906 0.62388447406 0.55603323061 0.66571142765 0.59039249674 0.67741728248 0.61904783474 0.74279767070 1.08088619829 -102.5346559411 0.06598720879   -2 
  18 0.00000450119 0.00086536593 -26.358335958 0.13390428817 0.01054210612 0.09589094345 0.63916838497 0.63538775784 0.69080263103 0.53743485719 0.71020184782 0.62790376120 0.55813963362 0.67156933780 0.59780565886 0.68639867487 0.62676484032 0.75202865457 1.08833155135 -102.5003019437 0.17287204018   -2 
  19 0.00000450120 0.00086316893 -22.433024124 0.14247556701 0.01051185684 0.09572194296 0.63930061824 0.64001423654 0.69343906246 0.54219397266 0.71689108441 0.63339010952 0.56143812054 0.67896253514 0.60684825138 0.69732434374 0.63631280054 0.76343914239 1.09848122106 -102.4387681295 0.11153225369   -2 
  20 0.00000450123 0.00085012324 -16.098701316 0.16301036047 0.01044825533 0.09537268842 0.64605000190 0.63638631918 0.69637874071 0.54747259217 0.72927225583 0.64739565578 0.57363851443 0.69348637661 0.62185420180 0.71513945005 0.65368250908 0.78407217938 1.12580541802 -102.2483676754 0.09907813394   -2 
  21 0.00000450123 0.00085102588 -15.636902442 0.16507167983 0.01044249705 0.09534177996 0.64675133357 0.63591028619 0.69695253112 0.54761599770 0.73016759062 0.64878811754 0.57525296016 0.69465230964 0.62269167321 0.71609198525 0.65486264594 0.78547571244 1.12889519805 -102.2310901659 0.09414719908   -2 
  22 0.00000450125 0.00084708595 -13.260848662 0.17882225458 0.01040743047 0.09516212573 0.64894308612 0.63173558018 0.70114346620 0.54621306685 0.73345659008 0.65711925659 0.58731008208 0.70024382256 0.62433251590 0.71756917907 0.65925151649 0.79069985810 1.14998426231 -102.1407389010 0.12101960581   -2 
  23 0.00000450125 0.00084567620 -13.435739868 0.17789323591 0.01040985747 0.09517565224 0.64825289764 0.63232195110 0.70081220983 0.54623109795 0.73303683211 0.65638335134 0.58649253259 0.69969059652 0.62392586944 0.71711227162 0.65867621150 0.79002795422 1.14851392159 -102.1240054419 0.06817934406   -2 
  24 0.00000450124 0.00085007957 -14.084560114 0.17595754514 0.01041619505 0.09521946042 0.64288787369 0.63891771588 0.70101203104 0.54587223442 0.73057745534 0.65345226641 0.58564255861 0.69688551495 0.61949738197 0.71180734482 0.65416145230 0.78489336083 1.14638783952 -102.0602229733 0.05582904890   -2 
  25 0.00000450124 0.00084865897 -14.012506732 0.17635211017 0.01041517376 0.09521400212 0.64416567457 0.63746167498 0.70093969429 0.54574175112 0.73072470675 0.65379366827 0.58602168130 0.69708708442 0.61959961541 0.71191596209 0.65433599817 0.78510104493 1.14702586547 -102.0524033799 0.06219217078   -2 
  26 0.00000450125 0.00084937634 -13.921917064 0.17695790255 0.01041368303 0.09520668449 0.64652761657 0.63527099552 0.70098712166 0.54547992447 0.73087581939 0.65430333704 0.58688207033 0.69727084856 0.61930194992 0.71152497274 0.65419579364 0.78497202723 1.14839810424 -102.0408602784 0.03676828423   -2 
  27 0.00000450125 0.00084857422 -13.874703357 0.17768159710 0.01041216010 0.09520125948 0.64735932563 0.63391645660 0.70106178282 0.54509422805 0.73074533709 0.65460162423 0.58797762488 0.69716147565 0.61829110756 0.71026817245 0.65339596442 0.78411163652 1.15008325388 -102.0332844304 0.06193670918   -2 
  28 0.00000450125 0.00085023653 -13.800274762 0.17888792003 0.01040962475 0.09519237458 0.64824398932 0.63233590452 0.70137467855 0.54450395548 0.73056590264 0.65512528166 0.59000641360 0.69695677488 0.61636253079 0.70787587274 0.65183667463 0.78244282605 1.15322603939 -102.0212180003 0.04380147116   -2 
  29 0.00000450125 0.00085008289 -13.740191675 0.18017461903 0.01040696189 0.09518374147 0.64692917835 0.63222031224 0.70160794274 0.54400081709 0.73032416524 0.65549518112 0.59203282725 0.69666290502 0.61417807920 0.70518629769 0.64999608508 0.78049080330 1.15644650963 -102.0102806215 0.05611869391   -2 
  30 0.00000450125 0.00085143684 -13.708221722 0.18079301255 0.01040563643 0.09517928189 0.64599122579 0.63266586373 0.70176651146 0.54383658740 0.73026395532 0.65567842789 0.59305909714 0.69654156677 0.61305807069 0.70381275233 0.64902897411 0.77948175231 1.15813061065 -102.0047582014 0.02446609206   -2 
  31 0.00000450125 0.00085121124 -13.693848490 0.18108411372 0.01040492801 0.09517685883 0.64488605198 0.63371750340 0.70168212035 0.54390599422 0.73026152043 0.65564137281 0.59338176862 0.69649020917 0.61251722104 0.70316853306 0.64849408236 0.77895981643 1.15880889528 -102.0021461172 0.02199136497   -2 
  32 0.00000450125 0.00085160617 -13.688536481 0.18114003545 0.01040473087 0.09517605215 0.64458138308 0.63424540450 0.70163768198 0.54399439529 0.73029560771 0.65560322949 0.59341357884 0.69649560514 0.61238476771 0.70301810478 0.64833499397 0.77882088130 1.15896175155 -102.0013583084 0.01177790158   -2 
  33 0.00000450125 0.00085130009 -13.682919054 0.18115057651 0.01040449033 0.09517490242 0.64435844297 0.63517569371 0.70143262223 0.54424889691 0.73037066081 0.65542691966 0.59318302241 0.69653025694 0.61233383345 0.70299073549 0.64816163269 0.77871628100 1.15886409041 -102.0005630884 0.01191693386   -2 
  34 0.00000450125 0.00085144131 -13.679847440 0.18112579389 0.01040439693 0.09517432651 0.64440488066 0.63558096756 0.70134659015 0.54440459143 0.73042898555 0.65533158960 0.59301823443 0.69656451432 0.61235265689 0.70303427095 0.64810038067 0.77870000501 1.15875862629 -102.0002726159 0.00929996282   -2 
  35 0.00000450125 0.00085104390 -13.674807411 0.18104265064 0.01040419449 0.09517303648 0.64475175368 0.63608947805 0.70117156258 0.54475386692 0.73055463731 0.65509463271 0.59254149995 0.69665220213 0.61248106253 0.70324225768 0.64801692509 0.77873221203 1.15837057201 -101.9997630053 0.00964582749   -2 
  36 0.00000450126 0.00085112885 -13.672287239 0.18098482810 0.01040410733 0.09517239348 0.64496364144 0.63618693459 0.70114402604 0.54491524295 0.73062636153 0.65499987321 0.59230873771 0.69670639231 0.61257190404 0.70337737579 0.64800038905 0.77877547205 1.15817127653 -101.9995576614 0.00824144054   -2 
  37 0.00000450126 0.00085080362 -13.668588962 0.18086078875 0.01040388953 0.09517094913 0.64530701852 0.63601960977 0.70116621434 0.54519596279 0.73075829616 0.65482933684 0.59181692767 0.69682146584 0.61280262543 0.70370802726 0.64800140155 0.77890396661 1.15771293984 -101.9992033329 0.00712603809   -2 
  38 0.00000450126 0.00085091454 -13.667362957 0.18080365802 0.01040379332 0.09517031864 0.64535041434 0.63585864269 0.70123050992 0.54527010516 0.73080621097 0.65479550375 0.59165253111 0.69686999584 0.61290781490 0.70385250685 0.64802173413 0.77897260107 1.15754691147 -101.9990712072 0.00736289675   -2 
  39 0.00000450126 0.00085076878 -13.666507957 0.18070925655 0.01040356878 0.09516905223 0.64524317701 0.63545338391 0.70137110389 0.54533641232 0.73085949454 0.65476060957 0.59138485607 0.69694531687 0.61310351224 0.70411652146 0.64807323748 0.77910574192 1.15724496288 -101.9988622427 0.00385504412   -2 
  40 0.00000450126 0.00085086964 -13.666875202 0.18068239069 0.01040346712 0.09516856318 0.64513701370 0.63535373618 0.70141461480 0.54530185240 0.73084879974 0.65477572175 0.59134654912 0.69695530308 0.61315717705 0.70418477595 0.64809834259 0.77914704053 1.15717364666 -101.9988145617 0.00450612788   -2 
  41 0.00000450126 0.00085083369 -13.668251047 0.18065495509 0.01040329057 0.09516780661 0.64494653175 0.63523211801 0.70145132213 0.54521257595 0.73080500380 0.65480392272 0.59131784607 0.69695258203 0.61322007227 0.70426223521 0.64813360977 0.77919694384 1.15708067213 -101.9987577503 0.00244041245   -2 
  42 0.00000450126 0.00085094042 -13.670534375 0.18063692202 0.01040306873 0.09516693235 0.64483981706 0.63521090399 0.70143531309 0.54507318216 0.73072313655 0.65484136056 0.59134128630 0.69692107379 0.61325261430 0.70429639756 0.64816549941 0.77922657053 1.15701675182 -101.9987213722 0.00410365943   -2 
  43 0.00000450126 0.00085091834 -13.674162085 0.18062079846 0.01040274908 0.09516571812 0.64472787786 0.63519829300 0.70138765181 0.54487839130 0.73060088419 0.65488439261 0.59138071811 0.69686669238 0.61328220022 0.70432376314 0.64820223696 0.77925448352 1.15693349157 -101.9986775766 0.00261769495   -2 
  44 0.00000450127 0.00085101731 -13.679278661 0.18060280762 0.01040230786 0.09516405965 0.64475859812 0.63523474187 0.70129723275 0.54466150137 0.73045343103 0.65492005861 0.59144593924 0.69678193023 0.61328833578 0.70431794507 0.64823461620 0.77926401955 1.15684628119 -101.9986322895 0.00336237744   -2 
  45 0.00000450127 0.00085098930 -13.682900864 0.18059379069 0.01040200698 0.09516294435 0.64479726513 0.63525691779 0.70123377347 0.54453724113 0.73036384025 0.65493352552 0.59148653866 0.69672338774 0.61328285742 0.70430263591 0.64824957787 0.77926149767 1.15679191706 -101.9986109129 0.00181073981   -2 
  46 0.00000450127 0.00085104603 -13.688704128 0.18057444530 0.01040152496 0.09516114101 0.64495840907 0.63529192993 0.70118094873 0.54451629898 0.73032559777 0.65490410875 0.59153229403 0.69664429919 0.61322829635 0.70422524654 0.64823936504 0.77921542491 1.15675391457 -101.9985752135 0.00339351030   -2 
  47 0.00000450127 0.00085099104 -13.692597090 0.18056304605 0.01040120949 0.09515996852 0.64503192082 0.63530603396 0.70115431394 0.54452115140 0.73031214779 0.65487957073 0.59155661901 0.69659652816 0.61318892911 0.70417098188 0.64822839171 0.77918131121 1.15673352502 -101.9985541717 0.00231175962   -2 
  48 0.00000450128 0.00085112630 -13.722790997 0.18042830675 0.01039870351 0.09515047488 0.64516677846 0.63538731026 0.70117032311 0.54483624464 0.73042488146 0.65467329975 0.59169872961 0.69632207486 0.61286494507 0.70373730369 0.64811094238 0.77889539408 1.15668657493 -101.9984192345 0.00447773109   -2 
  49 0.00000450129 0.00085105435 -13.727012503 0.18040826194 0.01039835614 0.09514915464 0.64512748821 0.63538180385 0.70117856855 0.54487216875 0.73044045893 0.65465134152 0.59170690982 0.69629802737 0.61282778797 0.70368880682 0.64809386460 0.77886047504 1.15668185411 -101.9983842571 0.00357799721   -2 
  50 0.00000450129 0.00085117620 -13.743105359 0.18029494610 0.01039696736 0.09514373485 0.64479392645 0.63532223119 0.70127308263 0.54498310452 0.73052099004 0.65461767238 0.59169290390 0.69628819495 0.61273086398 0.70356841645 0.64803143167 0.77875828243 1.15669406485 -101.9982677783 0.00210697418   -2 
  51 0.00000450130 0.00085112682 -13.763019794 0.18012996790 0.01039519262 0.09513671975 0.64463238823 0.63515341799 0.70129246255 0.54493215917 0.73051243948 0.65463011846 0.59155380318 0.69637841186 0.61269628068 0.70354464161 0.64794510008 0.77868091586 1.15666456252 -101.9981813636 0.00706606369   -2 
  52 0.00000450131 0.00085130654 -13.783437906 0.17995038253 0.01039334412 0.09512937428 0.64455254891 0.63500141766 0.70130174259 0.54486177305 0.73049173017 0.65464851219 0.59140148104 0.69647883453 0.61267126859 0.70353488761 0.64785635814 0.77860787552 1.15662671984 -101.9980729602 0.00461084103   -2 
  53 0.00000450135 0.00085133585 -13.850734354 0.17938967686 0.01038728879 0.09510540951 0.64462509508 0.63462721021 0.70116983118 0.54453248391 0.73029793250 0.65466313138 0.59087245184 0.69674750777 0.61260205775 0.70352089212 0.64755239669 0.77836803059 1.15638506056 -101.9978617812 0.00456030173   -2 
  54 0.00000450136 0.00085150050 -13.879895073 0.17916840368 0.01038464036 0.09509499918 0.64485360923 0.63475713820 0.70101630428 0.54438592564 0.73013173459 0.65459205467 0.59068764769 0.69672628063 0.61255958142 0.70349012418 0.64741747583 0.77825276033 1.15615067859 -101.9977001146 0.00932705105   -2 
  55 0.00000450138 0.00085138290 -13.914745434 0.17892455756 0.01038151009 0.09508276390 0.64508863066 0.63494626065 0.70081131945 0.54421448558 0.72991341368 0.65448123904 0.59048354096 0.69665521783 0.61250037415 0.70343936760 0.64725565416 0.77810903691 1.15583441301 -101.9975122722 0.00357197458   -2 
  56 0.00000450140 0.00085159969 -13.967732960 0.17860585407 0.01037669166 0.09506411050 0.64491910381 0.63542910806 0.70063377947 0.54412835369 0.72960106604 0.65417201901 0.59039685277 0.69619976163 0.61236172531 0.70326406559 0.64703773248 0.77787239179 1.15514067301 -101.9972709088 0.00465962586   -2 
  57 0.00000450141 0.00085153687 -13.976469162 0.17856115253 0.01037589955 0.09506107065 0.64486138799 0.63543528989 0.70062299551 0.54412889517 0.72956242222 0.65411539808 0.59040099634 0.69610239313 0.61233165860 0.70322287724 0.64700478061 0.77783032501 1.15501861705 -101.9972266794 0.00488469886   -2 
  58 0.00000450144 0.00085192315 -14.038423993 0.17823667197 0.01037014560 0.09503893798 0.64445512926 0.63509546943 0.70071253298 0.54424371930 0.72940674114 0.65370925650 0.59055448390 0.69530203060 0.61208668740 0.70287049472 0.64679728728 0.77752477223 1.15413478288 -101.9969101047 0.00325456060   -2 
  59 0.00000450144 0.00085182095 -14.039397575 0.17823053457 0.01037000243 0.09503837540 0.64460859400 0.63499013410 0.70067420534 0.54422559640 0.72942413063 0.65372330414 0.59055334659 0.69530945232 0.61206492455 0.70284116160 0.64679459983 0.77750830847 1.15414885599 -101.9968526688 0.00504123680   -2 
  60 0.00000450144 0.00085187593 -14.040032197 0.17821992924 0.01036986853 0.09503782438 0.64476292909 0.63490039737 0.70064437489 0.54421061029 0.72944834696 0.65374338899 0.59055441966 0.69532340815 0.61204500013 0.70281394972 0.64679452274 0.77749454858 1.15417207186 -101.9968084944 0.00081553935   -2 
  61 0.00000450144 0.00085187767 -14.041921592 0.17817655281 0.01036932406 0.09503554861 0.64469537547 0.63483575366 0.70059519104 0.54416023260 0.72955185118 0.65384919277 0.59055553655 0.69542434596 0.61196774671 0.70270900790 0.64680449588 0.77744609149 1.15432273109 -101.9967901400 0.00067766290   -2 
  62 0.00000450144 0.00085186434 -14.042390517 0.17816879693 0.01036920197 0.09503504745 0.64468840056 0.63483016525 0.70058770175 0.54415134263 0.72956442877 0.65386466888 0.59055441506 0.69544046181 0.61195253120 0.70268859541 0.64680530057 0.77743565816 1.15434691128 -101.9967891810 0.00071443925   -2 
  63 0.00000450145 0.00085187404 -14.044317621 0.17814160891 0.01036870574 0.09503303230 0.64470204588 0.63484541851 0.70057647281 0.54412754370 0.72957879305 0.65389820163 0.59054654792 0.69548264816 0.61190059570 0.70261973065 0.64680440278 0.77739697746 1.15441027667 -101.9967849257 0.00111709958   -2 
  64 0.00000450145 0.00085184850 -14.045710240 0.17812579290 0.01036836841 0.09503167432 0.64471233023 0.63485772806 0.70057138628 0.54411428762 0.72957893480 0.65391214948 0.59054002890 0.69550358405 0.61186849675 0.70257749586 0.64680220991 0.77737178186 1.15444152639 -101.9967823769 0.00076658005   -2 
  65 0.00000450145 0.00085185954 -14.049249760 0.17809215865 0.01036753001 0.09502832513 0.64475008390 0.63489823165 0.70057949076 0.54410039028 0.72954828081 0.65391347857 0.59052303594 0.69552502012 0.61180757684 0.70249844405 0.64679257575 0.77731916426 1.15447313711 -101.9967784737 0.00115734643   -2 
  66 0.00000450145 0.00085183497 -14.051368055 0.17807591118 0.01036705141 0.09502642703 0.64476134333 0.63491427204 0.70058530845 0.54409665768 0.72952491297 0.65390534696 0.59051306703 0.69552786287 0.61177887681 0.70246165412 0.64678560452 0.77729236903 1.15447645383 -101.9967754565 0.00107945821   -2 
  67 0.00000450147 0.00085187833 -14.062880059 0.17799325406 0.01036446033 0.09501617192 0.64478590988 0.63496921827 0.70063225348 0.54410457300 0.72938999915 0.65382730875 0.59046446188 0.69550193558 0.61166193564 0.70231425620 0.64674469656 0.77717166472 1.15442968918 -101.9967609780 0.00157291071   -2 
  68 0.00000450148 0.00085186542 -14.070142538 0.17794501126 0.01036285222 0.09500982070 0.64477928438 0.63497994440 0.70065054223 0.54411073780 0.72931381928 0.65377466811 0.59043550904 0.69547557715 0.61160043402 0.70223760651 0.64671783689 0.77710383331 1.15438405266 -101.9967539329 0.00174241130   -2 
  69 0.00000450150 0.00085196451 -14.094016009 0.17778631699 0.01035755842 0.09498890846 0.64472745464 0.63496281462 0.70068339760 0.54413442161 0.72910189045 0.65360242538 0.59034782059 0.69536878333 0.61143154997 0.70202963088 0.64662843450 0.77690448069 1.15419935262 -101.9967335324 0.00184978799   -2 
  70 0.00000450154 0.00085206188 -14.130608718 0.17754947483 0.01034950035 0.09495708751 0.64461662673 0.63483979318 0.70063781929 0.54414348154 0.72886881444 0.65336162523 0.59022280016 0.69517771745 0.61122934284 0.70178553144 0.64648625612 0.77664039237 1.15386448680 -101.9967123417 0.00301061004   -2 
  71 0.00000450156 0.00085219174 -14.148091466 0.17743329959 0.01034562982 0.09494178571 0.64457944779 0.63476858275 0.70058709675 0.54413402866 0.72879272515 0.65326134392 0.59016632911 0.69508180693 0.61115071731 0.70169240332 0.64641647543 0.77652795185 1.15369273236 -101.9966932047 0.00314044058   -2 
  72 0.00000450162 0.00085231189 -14.204118893 0.17707072905 0.01033332369 0.09489314155 0.64447902758 0.63449290227 0.70030288756 0.54403393764 0.72865729796 0.65299118451 0.58998908523 0.69475627247 0.61095730925 0.70147078507 0.64618162981 0.77621275923 1.15309948999 -101.9966166802 0.00388929794   -2 
  73 0.00000450165 0.00085246115 -14.228088331 0.17691075540 0.01032802870 0.09487218075 0.64445931690 0.63439528434 0.70017387608 0.54397494067 0.72862403230 0.65289408176 0.58991502332 0.69461819108 0.61088850563 0.70139387585 0.64607872168 0.77608968504 1.15284244238 -101.9965908142 0.00246043504   -2 
  74 0.00000450170 0.00085252491 -14.275289421 0.17659535344 0.01031759725 0.09483085945 0.64445866542 0.63429807539 0.69989560224 0.54377404147 0.72862997490 0.65277733466 0.58976736654 0.69435145041 0.61080433627 0.70130824636 0.64585991372 0.77589189140 1.15232380039 -101.9965390574 0.00321413611   -2 
  75 0.00000450171 0.00085259812 -14.282670235 0.17654178904 0.01031592528 0.09482421744 0.64446766450 0.63431044270 0.69986854157 0.54373405881 0.72863827832 0.65277409872 0.58974518584 0.69431522665 0.61079968195 0.70130536446 0.64582369011 0.77586937676 1.15224695843 -101.9965226657 0.00223936366   -2 
  76 0.00000450175 0.00085257400 -14.314827209 0.17630875804 0.01030857873 0.09479501973 0.64448576179 0.63450272756 0.69985415834 0.54350203527 0.72868397446 0.65284451320 0.58964706998 0.69419252693 0.61082549807 0.70134927022 0.64564993431 0.77582003501 1.15193842311 -101.9964645496 0.00130324838   -2 
  77 0.00000450174 0.00085258951 -14.310786362 0.17633738855 0.01030948116 0.09479860388 0.64448545367 0.63447759143 0.69986784161 0.54353493793 0.72867588245 0.65284060423 0.58966081637 0.69421335444 0.61082515879 0.70134695662 0.64567197613 0.77583034128 1.15198420320 -101.9964620913 0.00102773602   -2 
  78 0.00000450174 0.00085254801 -14.305420235 0.17637681818 0.01031060667 0.09480307528 0.64448452298 0.63443808279 0.69994577331 0.54359522316 0.72864953702 0.65286215634 0.58968558918 0.69427016250 0.61084061233 0.70136141252 0.64570161995 0.77586693778 1.15208215635 -101.9964540204 0.00155760192   -2 
  79 0.00000450174 0.00085255413 -14.301715053 0.17640255405 0.01031135407 0.09480603839 0.64448928083 0.63441874482 0.70000750937 0.54363780303 0.72863290362 0.65288354941 0.58970430809 0.69431453530 0.61085539205 0.70137616950 0.64572221467 0.77589728964 1.15215630895 -101.9964504599 0.00076675900   -2 
  80 0.00000450173 0.00085254967 -14.298268148 0.17642666515 0.01031200352 0.09480861280 0.64449961893 0.63442230666 0.70007024394 0.54367457763 0.72862259553 0.65291702358 0.58972446474 0.69436557579 0.61087843577 0.70140081273 0.64574127523 0.77593683924 1.15223725051 -101.9964479116 0.00119244673   -2 
  81 0.00000450173 0.00085254967 -14.298268148 0.17642666515 0.01031200352 0.09480861280 0.64449961893 0.63442230666 0.70007024394 0.54367457763 0.72862259553 0.65291702358 0.58972446474 0.69436557579 0.61087843577 0.70140081273 0.64574127523 0.77593683924 1.15223725051 -101.9964479116           NAN   -8 
  82 0.00000450173 0.00085252463 -14.298337606 0.17642719676 0.01031197600 0.09480850717 0.64450032020 0.63443126790 0.70006698767 0.54367133867 0.72862598682 0.65292142150 0.58972505859 0.69436784844 0.61088184786 0.70140489511 0.64574087345 0.77594062577 1.15223960616 -101.9964456840 0.00101122708   -2 
  83 0.00000450173 0.00085250271 -14.298809839 0.17642586058 0.01031159348 0.09480698922 0.64454042265 0.63457079777 0.70003980765 0.54363462018 0.72868485902 0.65299114744 0.58973921858 0.69440682473 0.61093499716 0.70146846044 0.64573958996 0.77600050671 1.15228440678 -101.9964315506 0.00049652796   -2 
  84 0.00000450173 0.00085249943 -14.298976418 0.17642574751 0.01031145778 0.09480645201 0.64455086243 0.63460095420 0.70003747960 0.54362647653 0.72870300446 0.65301280315 0.58974469099 0.69441996937 0.61095251860 0.70148933581 0.64574011662 0.77602055103 1.15230062166 -101.9964309139 0.00061115376   -2 
  85 0.00000450174 0.00085248033 -14.299155038 0.17642760006 0.01031134525 0.09480601377 0.64454538042 0.63456806701 0.70005492797 0.54363381420 0.72870796747 0.65301987677 0.58974988053 0.69442765096 0.61096199991 0.70150040244 0.64574320731 0.77603202184 1.15231226531 -101.9964286198 0.00126966620   -2 
  86 0.00000450174 0.00085250524 -14.299356355 0.17642914127 0.01031116230 0.09480529373 0.64454284130 0.63452357708 0.70008352094 0.54364641008 0.72871753714 0.65303230979 0.58975901735 0.69444093855 0.61097792090 0.70151897845 0.64574885015 0.77605136895 1.15233169084 -101.9964248493 0.00042104948   -2 
  87 0.00000450174 0.00085249665 -14.299550155 0.17643126256 0.01031101244 0.09480470849 0.64454174189 0.63450646470 0.70009612237 0.54365350556 0.72872273184 0.65303999511 0.58976494660 0.69444963918 0.61098893123 0.70153180027 0.64575270486 0.77606503038 1.15234391224 -101.9964242026 0.00042917172   -2 
  88 0.00000450174 0.00085250507 -14.299931388 0.17643548193 0.01031066686 0.09480335510 0.64454606602 0.63449245482 0.70011575754 0.54366747847 0.72873372706 0.65305609488 0.58977779356 0.69446823523 0.61101263023 0.70155934109 0.64576152103 0.77609490837 1.15237073654 -101.9964232344 0.00054745514   -2 
  89 0.00000450174 0.00085249090 -14.300431117 0.17644156368 0.01031022284 0.09480161855 0.64455208184 0.63449125076 0.70013120406 0.54368201435 0.72874548086 0.65307393005 0.58979259667 0.69448953072 0.61104033966 0.70159152325 0.64577222046 0.77613018760 1.15240234572 -101.9964220723 0.00062530192   -2 
  90 0.00000450174 0.00085249090 -14.300431117 0.17644156368 0.01031022284 0.09480161855 0.64455208184 0.63449125076 0.70013120406 0.54368201435 0.72874548086 0.65307393005 0.58979259667 0.69448953072 0.61104033966 0.70159152325 0.64577222046 0.77613018760 1.15240234572 -101.9964220723           NAN   -8 
  91 0.00000450174 0.00085250280 -14.300423842 0.17644159330 0.01031019260 0.09480149843 0.64455486592 0.63450060970 0.70012858167 0.54368164286 0.72874595546 0.65307402773 0.58979301456 0.69448990122 0.61104079401 0.70159202148 0.64577296302 0.77613097154 1.15240337251 -101.9964213722 0.00059105993   -2 
  92 0.00000450174 0.00085249037 -14.300533502 0.17644472516 0.01030994306 0.09480052050 0.64456627446 0.63456572998 0.70010392470 0.54367648389 0.72874647359 0.65307264761 0.58979478121 0.69449096975 0.61104308054 0.70159443378 0.64577767767 0.77613562096 1.15240678243 -101.9964187089 0.00014644349   -2 
  93 0.00000450174 0.00085249599 -14.300555730 0.17644554156 0.01030982446 0.09480005484 0.64456740915 0.63456630841 0.70010562073 0.54367702204 0.72874892171 0.65307396598 0.58979655480 0.69449272713 0.61104491040 0.70159648656 0.64578036962 0.77613845063 1.15241255143 -101.9964185744 0.00035062847   -2 
  94 0.00000450174 0.00085249599 -14.300555730 0.17644554156 0.01030982446 0.09480005484 0.64456740915 0.63456630841 0.70010562073 0.54367702204 0.72874892171 0.65307396598 0.58979655480 0.69449272713 0.61104491040 0.70159648656 0.64578036962 0.77613845063 1.15241255143 -101.9964185744 0.00035062847   -5 
  95 0.00000450174 0.00085249077 -14.300567330 0.17644580476 0.01030980767 0.09479998899 0.64456693685 0.63456574245 0.70010567961 0.54367699978 0.72874904831 0.65307402987 0.58979669742 0.69449286254 0.61104507774 0.70159666585 0.64578064599 0.77613874267 1.15241291518 -101.9964184512 0.00012874729   -2 
  96 0.00000450174 0.00085249077 -14.300567330 0.17644580476 0.01030980767 0.09479998899 0.64456693685 0.63456574245 0.70010567961 0.54367699978 0.72874904831 0.65307402987 0.58979669742 0.69449286254 0.61104507774 0.70159666585 0.64578064599 0.77613874267 1.15241291518 -101.9964184512 0.00012874729   -5 
  97 0.00000450174 0.00085249077 -14.300567330 0.17644580476 0.01030980767 0.09479998899 0.64456693685 0.63456574245 0.70010567961 0.54367699978 0.72874904831 0.65307402987 0.58979669742 0.69449286254 0.61104507774 0.70159666585 0.64578064599 0.77613874267 1.15241291518 -101.9964184512 0.00012874729   -5 
  98 0.00000450174 0.00085249077 -14.300567330 0.17644580476 0.01030980767 0.09479998899 0.64456693685 0.63456574245 0.70010567961 0.54367699978 0.72874904831 0.65307402987 0.58979669742 0.69449286254 0.61104507774 0.70159666585 0.64578064599 0.77613874267 1.15241291518 -101.9964184512 0.00012874729   -3 
-- Local optimization: stuck in the same solution
-- Found new optimum with likelihood -101.996418451289969 and gradient 0.00013

---- Best joint likelihood found -101.996418451289969 with gradient 0.00013

---- Results for /scratch/40840730/tmpwldrvzcd 
--  Model: C
--        eps_an     theta_bar             a 
-- 0.00000450174 0.00085249077            -1 
--           S_d             b           p_b           S_b 
-- -14.300567330 0.17644580476 0.01030980767 0.09479998899 
--           r 2           r 3           r 4           r 5           r 6           r 7           r 8           r 9          r 10          r 11          r 12          r 13          r 14 
-- 0.64456693685 0.63456574245 0.70010567961 0.54367699978 0.72874904831 0.65307402987 0.58979669742 0.69449286254 0.61104507774 0.70159666585 0.64578064599 0.77613874267 1.15241291518 

---- Expected P_neut(i), 0 < i < n (neutral SFS per site) 
E[P_neut(1)] = 0.0008524873
E[P_neut(2)] = 0.0002747427
E[P_neut(3)] = 0.0001803199
E[P_neut(4)] = 0.0001492080
E[P_neut(5)] = 0.0000926957
E[P_neut(6)] = 0.0001035418
E[P_neut(7)] = 0.0000795342
E[P_neut(8)] = 0.0000628496
E[P_neut(9)] = 0.0000657834
E[P_neut(10)] = 0.0000520912
E[P_neut(11)] = 0.0000543736
E[P_neut(12)] = 0.0000458774
E[P_neut(13)] = 0.0000508972
E[P_neut(14)] = 0.0000701765

---- Expected P_sel(i), 0 < i < n (selected SFS per site) 
E[P_sel(1)] = 0.0006708426
E[P_sel(2)] = 0.0001930311
E[P_sel(3)] = 0.0001184793
E[P_sel(4)] = 0.0000936335
E[P_sel(5)] = 0.0000561946
E[P_sel(6)] = 0.0000610643
E[P_sel(7)] = 0.0000458455
E[P_sel(8)] = 0.0000355273
E[P_sel(9)] = 0.0000365576
E[P_sel(10)] = 0.0000285144
E[P_sel(11)] = 0.0000293623
E[P_sel(12)] = 0.0000244707
E[P_sel(13)] = 0.0000268433
E[P_sel(14)] = 0.0000366279

---- alpha_dfe = 0.021111

