---- Running command
---- ./polyDFE -d /scratch/40841275/tmphwx3s2uu -m C -i /scratch/40841275/tmp1efgu7li 1 -v 1 
---- Performing inference using model C

---- Performing inference on /scratch/40841275/tmphwx3s2uu
----      with -i /scratch/40841275/tmp1efgu7li 1
---- Data /scratch/40841275/tmphwx3s2uu does not contain divergence counts. Using option -w.
---- No mutation variability. Using Poisson likelihood.


---- Using provided initial values

-- Starting local optimization
-- Optimizing all parameters
  it        eps_an     theta_bar           S_d             b           p_b           S_b           r 2           r 3           r 4           r 5           r 6           r 7           r 8           r 9          r 10          r 11          r 12          r 13          r 14          r 15          r 16          r 17          r 18          r 19           ln lk          grad status 
   0 0.00000449744  0.0008503307 -68.014330000     0.1127644   0.003905648    0.03800569     0.5669393     0.5649833     0.5475162     0.4995644     0.5648594     0.6039999     0.4662727     0.5802472     0.5323765     0.5838853     0.5587549     0.5490204     0.5681745     0.5012596     0.6027202     0.6738647     0.7739941      1.427315 -140.9552014563 0.37138839807   -2 
   1 0.00000449743 0.00086148049 -67.040690941 0.11028456202 0.00390636194 0.03800563882 0.56131925043 0.57538123639 0.54569619064 0.50633120472 0.57621171156 0.59023643188 0.46155616101 0.56789832585 0.52093274190 0.57907998801 0.54772042580 0.54265823866 0.56535554855 0.49789643693 0.60670010367 0.67168412684 0.78015627316 1.42341060631 -139.6665651304 1.03558511351   -2 
   2 0.00000449743 0.00084226253 -64.996983324 0.10557814474 0.00390776913 0.03800547123 0.54627809198 0.59686640503 0.53995561547 0.52136472054 0.60248755825 0.55791118967 0.44991502627 0.53873206771 0.49391440590 0.56708952537 0.52153887687 0.52716320374 0.55814411905 0.48951340321 0.61591106924 0.66591226647 0.79448706632 1.41228146014 -136.8905799722 0.26785446424   -2 
   3 0.00000449742 0.00083992309 -63.433088144 0.10320496697 0.00390852291 0.03800517958 0.56601675914 0.57395849845 0.53694641993 0.52071401236 0.60521805652 0.54319267209 0.44126443934 0.52020778347 0.47455727736 0.55705847678 0.50112619780 0.51382010248 0.55088752834 0.48126751956 0.62186295182 0.65937259271 0.80346785972 1.39893715606 -135.6872576878 0.16027912465   -2 
   4 0.00000449742 0.00084879030 -62.807961596 0.10266271391 0.00390870675 0.03800499733 0.55900780569 0.56748173422 0.53645119027 0.51557702400 0.59828837512 0.54305347674 0.43861832911 0.51605947521 0.46874465905 0.55332372008 0.49396803190 0.50847696634 0.54743134808 0.47734849266 0.62298128173 0.65589549202 0.80493354492 1.39211696421 -135.4236537448 0.44275470009   -2 
   5 0.00000449741 0.00084843900 -61.844414703 0.10210415799 0.00390890726 0.03800466815 0.54568644326 0.55684529866 0.53494177103 0.50630856940 0.58575993566 0.54301289566 0.43411388801 0.50933107184 0.45923209708 0.54693098784 0.48216999376 0.49948831061 0.54143643689 0.47063916923 0.62444291942 0.64978491290 0.80676146077 1.37989118411 -135.0084826210 0.09945007486   -2 
   6 0.00000449741 0.00084797777 -61.408792419 0.10228295265 0.00390885056 0.03800439350 0.55191898849 0.56580126015 0.52923756282 0.50157981464 0.57858725197 0.54397615387 0.43232733831 0.50931039413 0.45763141314 0.54385823358 0.47881785068 0.49561054178 0.53752449660 0.46661191789 0.62113101423 0.64512372421 0.80160017968 1.37026761211 -134.8320474287 0.04972305760   -2 
   7 0.00000449741 0.00084951252 -61.320652955 0.10226738607 0.00390885435 0.03800434411 0.55137193125 0.56601128312 0.52900994907 0.50143782185 0.57822506496 0.54415919295 0.43218160924 0.50958412273 0.45768171162 0.54351388305 0.47856457613 0.49513091754 0.53692719536 0.46596959410 0.62038354936 0.64436169121 0.80047836826 1.36903048821 -134.8229447057 0.09075591847   -2 
   8 0.00000449740 0.00085025985 -60.715464846 0.10232928691 0.00390882639 0.03800396812 0.54569419320 0.56582558711 0.52755902865 0.50063004315 0.57596939954 0.54525060017 0.43111051372 0.51161739245 0.45817094001 0.54100134750 0.47684989647 0.49167094582 0.53252220968 0.46124300851 0.61468549000 0.63871230820 0.79197821527 1.35995161324 -134.7633140525 0.04231895097   -2 
   9 0.00000449740 0.00085047091 -60.394649569 0.10234054224 0.00390881749 0.03800377012 0.54424183047 0.56476299007 0.52703837586 0.50032234343 0.57516772635 0.54549429570 0.43057934485 0.51247258535 0.45840623333 0.53980097585 0.47606405489 0.49001329530 0.53037507047 0.45890963864 0.61182891057 0.63593726522 0.78779095214 1.35575559916 -134.7554109098 0.05623208479   -2 
  10 0.00000449740 0.00085164939 -60.223783918 0.10230773098 0.00390882432 0.03800367011 0.54469083526 0.56379773861 0.52694315924 0.50023673062 0.57502703301 0.54538259752 0.43034067724 0.51272194793 0.45849291952 0.53929607683 0.47574822926 0.48930344067 0.52943238306 0.45785382517 0.61052387031 0.63470211370 0.78593681998 1.35412334509 -134.7469670732 0.06593471138   -2 
  11 0.00000449740 0.00085131698 -59.850400170 0.10226937230 0.00390882792 0.03800344218 0.54630307416 0.56124662139 0.52675312603 0.50001493788 0.57485573647 0.54484273606 0.42979800085 0.51304309650 0.45861237831 0.53822712016 0.47508720993 0.48781440363 0.52743950097 0.45559762532 0.60772162764 0.63207769425 0.78202286108 1.35084270779 -134.7333446239 0.03041075884   -2 
  12 0.00000449740 0.00085073177 -59.869570872 0.10227148474 0.00390882730 0.03800345304 0.54624939197 0.56147108665 0.52679092836 0.50002481064 0.57494783543 0.54474683758 0.42983760050 0.51289624088 0.45856562865 0.53833971649 0.47515765746 0.48796786709 0.52763551251 0.45579623734 0.60797202647 0.63232575468 0.78241576315 1.35129906537 -134.7319849874 0.02647736642   -2 
  13 0.00000449740 0.00085007266 -59.852918369 0.10212725366 0.00390886673 0.03800345566 0.54732144644 0.56323983445 0.52748271998 0.50020749669 0.57640325329 0.54308681566 0.43012718408 0.51103864010 0.45802890315 0.53935659349 0.47581211750 0.48927417835 0.52922410334 0.45721769292 0.60980448142 0.63425471789 0.78562563463 1.35606384695 -134.7229865330 0.01546775310   -2 
  14 0.00000449740 0.00084966334 -59.830414495 0.10212280807 0.00390886673 0.03800344000 0.54742581369 0.56310977494 0.52755161566 0.50024668435 0.57654700379 0.54292516333 0.43014632510 0.51085827491 0.45798130692 0.53944030627 0.47587529579 0.48937935858 0.52933941666 0.45729980599 0.60990729640 0.63438443620 0.78584931198 1.35648329808 -134.7223947780 0.02064536197   -2 
  15 0.00000449740 0.00084958827 -59.679082631 0.10207785324 0.00390887283 0.03800334119 0.54802150639 0.56217233983 0.52793576888 0.50051386444 0.57725786005 0.54223529565 0.43024472171 0.51006057325 0.45779144345 0.53982947158 0.47618773221 0.48985090969 0.52983056538 0.45760352930 0.61028276049 0.63491476747 0.78677239057 1.35842149871 -134.7199752021 0.01009212545   -2 
  16 0.00000449740 0.00084916271 -59.543374895 0.10210636332 0.00390885739 0.03800324260 0.54771079033 0.56181928913 0.52798695254 0.50064417256 0.57740833454 0.54211892149 0.43027561386 0.50982666291 0.45774928382 0.53995580094 0.47632949513 0.49000900334 0.52995572244 0.45761367438 0.61027302153 0.63501648278 0.78695274376 1.35900174150 -134.7190019420 0.02890294011   -2 
  17 0.00000449741 0.00084946969 -59.100569399 0.10218190980 0.00390881274 0.03800292338 0.54681370867 0.56092334346 0.52814194705 0.50106064698 0.57783420915 0.54185849335 0.43037907416 0.50918200856 0.45764860867 0.54033786463 0.47677029323 0.49048281651 0.53031822072 0.45761539721 0.61020427580 0.63529785596 0.78744740047 1.36070303758 -134.7160991249 0.01675947625   -2 
  18 0.00000449744 0.00084701934 -56.244238015 0.10321905164 0.00390834702 0.03800068782 0.54606733120 0.56107383963 0.52730989356 0.50192121612 0.57788091898 0.54171015702 0.43062901492 0.50696392430 0.45730482225 0.54168071423 0.47879279870 0.49242582967 0.53151205297 0.45693708745 0.60888874371 0.63590217732 0.78849748048 1.36605421954 -134.6998281978 0.10077749263   -2 
  19 0.00000449746 0.00084713336 -53.644576316 0.10419924622 0.00390790891 0.03799855646 0.54576808707 0.56145731965 0.52663810878 0.50271030973 0.57793714028 0.54167220652 0.43088377565 0.50502783498 0.45702761553 0.54293630189 0.48068638483 0.49424055751 0.53262919253 0.45631236017 0.60768651884 0.63647536066 0.78947726482 1.37097725731 -134.6830955909 0.03564232983   -2 
  20 0.00000449749 0.00084670810 -51.423489074 0.10520652886 0.00390747867 0.03799662578 0.54623767571 0.56201614853 0.52634704774 0.50310574824 0.57791710196 0.54184009216 0.43109866297 0.50386290713 0.45690143843 0.54386997246 0.48214736010 0.49563849273 0.53349297521 0.45582313214 0.60678537699 0.63693443957 0.79021918823 1.37441057202 -134.6767857828 0.06329655571   -2 
  21 0.00000449751 0.00084472523 -49.455071319 0.10624664165 0.00390704989 0.03799482217 0.54685559650 0.56253091925 0.52625358312 0.50328671871 0.57786960093 0.54209291137 0.43128730667 0.50312178364 0.45685595523 0.54461531860 0.48334876986 0.49678981227 0.53421031022 0.45542164746 0.60607211207 0.63733220254 0.79083369957 1.37700151604 -134.6687914668 0.05046161110   -2 
  22 0.00000449755 0.00084382467 -45.768556521 0.10852228408 0.00390614355 0.03799120289 0.54877523398 0.56376520982 0.52697739069 0.50329692303 0.57799549308 0.54307628190 0.43173940821 0.50294464667 0.45711435980 0.54579953613 0.48526532741 0.49864257399 0.53544079691 0.45490010759 0.60523251243 0.63815223103 0.79198164764 1.38050102633 -134.6529608633 0.06626995063   -2 
  23 0.00000449758 0.00084132063 -43.405452965 0.11027154388 0.00390547391 0.03798869108 0.54966208215 0.56443372637 0.52780098269 0.50318325547 0.57822072777 0.54393472333 0.43209011687 0.50345437875 0.45746971201 0.54646581718 0.48632738255 0.49968499275 0.53619230124 0.45470985340 0.60499262005 0.63875033598 0.79276392832 1.38214280793 -134.6424208620 0.07692464665   -2 
  24 0.00000449761 0.00084225460 -41.105762655 0.11221114572 0.00390475174 0.03798608530 0.55001712398 0.56506080191 0.52926550258 0.50313922131 0.57889387875 0.54519851308 0.43260322312 0.50503402933  0.4581911613 0.54702503843 0.48707507039 0.50045262624 0.53689489684 0.45485627021 0.60539638757 0.63952123081 0.79370407938 1.38302990516 -134.6223991094 0.10329321074   -2 
  25 0.00000449769 0.00083813661 -35.730944644 0.11776473198 0.00390278027 0.03797929496 0.54937414418 0.56603587668 0.53327952471 0.50304873778 0.58099878612 0.54872258954 0.43405577449 0.51028919533 0.46044306381 0.54826536484 0.48852683809 0.50201178911 0.53858897763 0.45566578053 0.60724925768 0.64168444999 0.79627242358 1.38431574373 -134.5748522037 0.06566210827   -2 
  26 0.00000449771 0.00083855628 -34.560597865 0.11916090781 0.00390230079 0.03797767085 0.54913223935 0.56621913825 0.53416373631 0.50324100072 0.58171393317 0.54964419098 0.43450053508 0.51186559209 0.46114427300 0.54859148960 0.48877707633 0.50230498727 0.53902164124 0.45606539621 0.60804482410 0.64234012775 0.79705411643 1.38473454263 -134.5669619354 0.05033727478   -2 
  27 0.00000449775 0.00083758218 -32.158682592 0.12242901429 0.00390120807 0.03797411166 0.54823455354 0.56630617294 0.53565728375 0.50406777776 0.58360977774 0.55170530225 0.43564729393 0.51587911943 0.46298986960 0.54935245123 0.48910220692 0.50276184337 0.54001422591 0.45738457949 0.61053495869 0.64406038892 0.79911024211 1.38592763317 -134.5554529966 0.05555145379   -2 
  28 0.00000449776 0.00083648903 -32.009955183 0.12272345539 0.00390111280 0.03797386055 0.54820395482 0.56622384314 0.53548683083 0.50431998861 0.58385203344 0.55182884129 0.43580740166 0.51631855122 0.46324817520 0.54945844680 0.48905504198 0.50273877590 0.54012673409 0.45769051005 0.61105186812 0.64432991092 0.79944167388 1.38630235740 -134.5502079347 0.05858365887   -2 
  29 0.00000449780 0.00083634993 -30.303381389 0.12657058614 0.00389987474 0.03797076538 0.54996186827 0.56559557648 0.53140762537 0.50998521321 0.58853342079 0.55356154759 0.43888415349 0.52366759856 0.46803472421 0.55163458808 0.48796568031 0.50209421657 0.54220627891 0.46394138952 0.62138818175 0.64951786549 0.80590697490 1.39498411966 -134.4859772792 0.03384908500   -2 
  30 0.00000449782 0.00083463209 -29.992007671 0.12746433723 0.00389958216 0.03797011267 0.54979552958 0.56691718753 0.53248126836 0.51067877278 0.58924895421 0.55407004011 0.43977081026 0.52497355980 0.46933323683 0.55257140507 0.48798381801 0.50220593478 0.54306752876 0.46607087870 0.62457330730 0.65130335905 0.80812282311 1.39857036081 -134.4747121648 0.09602139096   -2 
  31 0.00000449785 0.00083479677 -29.325595129 0.12933881433 0.00389896636 0.03796870241 0.54977113717 0.57020344987 0.53538367897 0.51213067787 0.59083104766 0.55530640413 0.44178507241 0.52776063238 0.47223943372 0.55477400264 0.48815483236 0.50257451785 0.54508504104 0.47090813350 0.63174044797 0.65538222503 0.81318575936 1.40689583834 -134.4499086363 0.02448451916   -2 
  32 0.00000449786 0.00083404102 -28.983486355 0.13034697361 0.00389862656 0.03796793245 0.55105657223 0.57124234274 0.53763802209 0.51242797533 0.59151617320 0.55630602274 0.44291303565 0.52872144529 0.47375231863 0.55632812864 0.48879477604 0.50328019322 0.54655533147 0.47377878844 0.63561898724 0.65792409649 0.81629614158 1.41215008568 -134.4443488904 0.02070982812   -2 
  33 0.00000449786 0.00083339976 -28.953799343 0.13043578314 0.00389859136 0.03796785392 0.55144302312 0.57095393145 0.53785036611 0.51233697802 0.59156449046 0.55655197422 0.44301525190 0.52858231249 0.47383222467 0.55660755478 0.48912092120 0.50359242316 0.54684821876 0.47407850315 0.63584832637 0.65825875659 0.81668243991 1.41281035254 -134.4427171580 0.03591477122   -2 
  34 0.00000449787 0.00083346609 -28.868552014 0.13062148390 0.00389850487 0.03796763371 0.55279164052 0.57000760116 0.53848364476 0.51204993402 0.59174566004 0.55740286097 0.44331451067 0.52802533915 0.47401255195 0.55752031109 0.49028416413 0.50469872703 0.54781447656 0.47493528546 0.63636162621 0.65928402318 0.81785437908 1.41483600649 -134.4381174416 0.01477551930   -2 
  35 0.00000449788 0.00083288568 -28.818916607 0.13069354059 0.00389843878 0.03796746098 0.55206892957 0.56993187378 0.53850060891 0.51189346962 0.59197730831 0.55833744964 0.44348753877 0.52705537542 0.47389075526 0.55851315161 0.49201586770 0.50633728784 0.54898190196 0.47547758369 0.63601545292 0.66022125109 0.81884420171 1.41642461060 -134.4344260877 0.03406881317   -2 
  36 0.00000449788 0.00083327536 -28.800278507 0.13070577064 0.00389841728 0.03796739787 0.55184951283 0.56998603174 0.53850011230 0.51186500748 0.59207489540 0.55867402569 0.44355033951 0.52670613344 0.47384045701 0.55887814601 0.49267152205 0.50695921777 0.54941876266 0.47566457439 0.63585825427 0.66056319554 0.81920169552 1.41698850653 -134.4331306911 0.00767892211   -2 
  37 0.00000449789 0.00083307655 -28.797887796 0.13074888873 0.00389837071 0.03796731465 0.55218307090 0.57086903976 0.53809928008 0.51211937676 0.59210526070 0.55860959906 0.44349552370 0.52641146513 0.47361948252 0.55909732773 0.49352359879 0.50780336635 0.54989147264 0.47560070275 0.63512346322 0.66077083750 0.81931690616 1.41682057973 -134.4320275477 0.00517152499   -2 
  38 0.00000449789 0.00083316972 -28.798531439 0.13074947952 0.00389836744 0.03796730937 0.55220514777 0.57087901108 0.53810184795 0.51214648454 0.59211178423 0.55858888025 0.44349119870 0.52641851890 0.47360718033 0.55909605754 0.49356267893 0.50784541190 0.54991058747 0.47558307979 0.63506624380 0.66077139924 0.81930859164 1.41678134085 -134.4319838468 0.00519937680   -2 
  39 0.00000449789 0.00083318139 -28.814872902 0.13078117652 0.00389831693 0.03796724242 0.55233306376 0.57067409460 0.53822986554 0.51248393239 0.59217462745 0.55823023584 0.44341959143 0.52661800679 0.47345528143 0.55898391844 0.49393944897 0.50827688272 0.55006964966 0.47529079076 0.63431003532 0.66069698175 0.81910614291 1.41611420865 -134.4315718249 0.00232699607   -2 
  40 0.00000449789 0.00083319975 -28.818709838 0.13078594682 0.00389830584 0.03796722735 0.55233988633 0.57063413397 0.53825844755 0.51254508643 0.59218732750 0.55815926389 0.44340543947 0.52666537503 0.47342539464 0.55895701435 0.49401242551 0.50836271451 0.55009943166 0.47522532339 0.63415057166 0.66067795551 0.81906022403 1.41597563843 -134.4315607447 0.00245064694   -2 
  41 0.00000449789 0.00083325483 -28.820465438 0.13076614279 0.00389830706 0.03796722513 0.55215034612 0.57069639780 0.53824528584 0.51240773285 0.59217060480 0.55824708092 0.44342171815 0.52668197053 0.47346166175 0.55894281151 0.49391032645 0.50826543433 0.55004741415 0.47522656364 0.63424033517 0.66065776620 0.81905633190 1.41607774090 -134.4314946843 0.00297931418   -2 
  42 0.00000449789 0.00083321569 -28.821501538 0.13076251661 0.00389830602 0.03796722295 0.55211713561 0.57069988101 0.53824128128 0.51237740296 0.59216479860 0.55826103098 0.44342356988 0.52668897532 0.47346771525 0.55893523953 0.49388780483 0.50824527578 0.55003467084 0.47522038368 0.63424979450 0.66064927794 0.81904949796 1.41608836098 -134.4314837052 0.00193144295   -2 
  43 0.00000449790 0.00083330437 -28.843005107 0.13069675426 0.00389827578 0.03796716754 0.55204115089 0.57060783755 0.53821380657 0.51204623998 0.59208600503 0.55835127043 0.44342651109 0.52685239564 0.47351780257 0.55877250443 0.49361602679 0.50802631866 0.54986154477 0.47502981981 0.63418772245 0.66047945958 0.81886925301 1.41603757503 -134.4313740938 0.00286143802   -2 
  44 0.00000449790 0.00083328514 -28.851039623 0.13067497094 0.00389826413 0.03796714692 0.55202778830 0.57057263437 0.53820063663 0.51194827706 0.59205731646 0.55837114585 0.44342421074 0.52690324073 0.47353063424 0.55871523197 0.49352597841 0.50795396070 0.54980228566 0.47496130719 0.63415854463 0.66041896635 0.81880361848 1.41600572605 -134.4313581750 0.00247361339   -2 
  45 0.00000449791 0.00083338184 -28.876188549 0.13061207929 0.00389822642 0.03796708154 0.55213097070 0.57049045077 0.53815064290 0.51186019357 0.59198407398 0.55833116662 0.44339359931 0.52698589141 0.47352819693 0.55856489956 0.49332955468 0.50779733713 0.54965682732 0.47476384195 0.63402245569 0.66025077887 0.81861162796 1.41581577601 -134.4312853057 0.00526795975   -2 
  46 0.00000449791 0.00083334018 -28.897900638 0.13056231264 0.00389819363 0.03796702610 0.55219950050 0.57042449247 0.53810491493 0.51180875426 0.59192250443 0.55828425709 0.44336372408 0.52704157968 0.47351935542 0.55844229519 0.49317489772 0.50767352976 0.54953891562 0.47460064455 0.63390311937 0.66011161808 0.81845144962 1.41564266652 -134.4312406023 0.00304422285   -2 
  47 0.00000449793 0.00083340788 -28.988550620 0.13035823047 0.00389805791 0.03796679591 0.55217892157 0.57033853612 0.53794770505 0.51192846043 0.59173295318 0.55797135780 0.44320999996 0.52708157037 0.47340798308 0.55803985068 0.49272319545 0.50730368254 0.54914885088 0.47401161580 0.63339469375 0.65961337417 0.81786728629 1.41485845851 -134.4310508963 0.00559133058   -2 
  48 0.00000449794 0.00083352323 -29.008775473 0.13031065956 0.00389802801 0.03796674432 0.55215169203 0.57033315290 0.53792059439 0.51196399114 0.59169887869 0.55790258129 0.44317543641 0.52707310390 0.47337819973 0.55796370489 0.49264141151 0.50723498083 0.54907285410 0.47389316147 0.63328676629 0.65951298640 0.81774934153 1.41469014753 -134.4310073171 0.00428644189   -2 
  49 0.00000449796 0.00083358217 -29.089965698 0.13013605916 0.00389790861 0.03796654431 0.55183276627 0.57034346183 0.53783776968 0.51211497873 0.59159749096 0.55763358489 0.44303013426 0.52690307426 0.47321901463 0.55775603365 0.49245184918 0.50705874417 0.54884912689 0.47352477300 0.63290338852 0.65919304912 0.81736990824 1.41405949012 -134.4308344575 0.00445734229   -2 
  50 0.00000449796 0.00083369718 -29.109738583 0.13009262313 0.00389787998 0.03796649603 0.55178810833 0.57034132116 0.53782486693 0.51213333699 0.59158042411 0.55758053151 0.44299591926 0.52683623562 0.47317396300 0.55772874098 0.49243646499 0.50703772921 0.54881369270 0.47346240970 0.63282608485 0.65913587361 0.81730144523 1.41392626701 -134.4307937322 0.00531378413   -2 
  51 0.00000449802 0.00083391213 -29.367973098 0.12957918753 0.00389750701 0.03796588476 0.55140951903 0.57015872930 0.53764576672 0.51214834916 0.59136512477 0.55697891852 0.44255324244 0.52578213512 0.47254026913 0.55753476249 0.49245560741 0.50691903434 0.54849150113 0.47287315080 0.63195548891 0.65855055743 0.81658952342 1.41233441957 -134.4302870506 0.00617552443   -2 
  52 0.00000449804 0.00083412556 -29.438176991 0.12944351374 0.00389740637 0.03796572079 0.55149271324 0.57008420814 0.53759152030 0.51206513280 0.59129796891 0.55687503565 0.44245147788 0.52552635916 0.47238400506 0.55750383400 0.49248554685 0.50690616308 0.54842990723 0.47277213772 0.63177160019 0.65843066140 0.81644035273 1.41198057326 -134.4301370781 0.01076277872   -2 
  53 0.00000449808 0.00083413477 -29.631876373 0.12909324829 0.00389712870 0.03796527458 0.55178280238 0.56983929461 0.53741967128 0.51175514406 0.59109143288 0.55663353204 0.44218635249 0.52486229658 0.47197147379 0.55742623271 0.49257596738 0.50687808479 0.54827640342 0.47254321040 0.63131215771 0.65813030543 0.81606182965 1.41106709777 -134.4297211061 0.00433877634   -2 
  54 0.00000449814 0.00083444061 -29.897742105 0.12864531926 0.00389674943 0.03796467683 0.55193782264 0.56968146060 0.53722294642 0.51111765668 0.59079290558 0.55662040989 0.44197094150 0.52437816084 0.47159163370 0.55733852464 0.49268210128 0.50684829651 0.54814534441 0.47249612635 0.63098217621 0.65788825258 0.81573345109 1.41030006491 -134.4293700621 0.00905180135   -2 
  55 0.00000449816 0.00083433981 -29.953803304 0.12855903556 0.00389666916 0.03796455241 0.55190364517 0.56966019608 0.53718467976 0.51099523178 0.59073089521 0.55662905309 0.44193651204 0.52431574386 0.47152933185 0.55731451013 0.49269319092 0.50683624486 0.54811902421 0.47250160006 0.63093380934 0.65784609253 0.81567352801 1.41016857741 -134.4292511263 0.00716170551   -2 
  56 0.00000449822 0.00083471210 -30.261768847 0.12808973570 0.00389622889 0.03796386959 0.55138167070 0.56973137775 0.53706736489 0.51049622018 0.59045119073 0.55678041664 0.44184701876 0.52429573335 0.47133753642 0.55715413957 0.49267460142 0.50673371470 0.54799271046 0.47265166718 0.63083799124 0.65769066679 0.81542860792 1.40971908687 -134.4286489300 0.00504652161   -2 
  57 0.00000449826 0.00083467206 -30.450161132 0.12783903179 0.00389595424 0.03796345163 0.55128859741 0.56972574847 0.53702180804 0.51045292543 0.59032887345 0.55681570106 0.44183950553 0.52448297075 0.47132716945 0.55699602898 0.49254941646 0.50660598683 0.54789393448 0.47278275108 0.63086762724 0.65761304137 0.81529202009 1.40953147479 -134.4283965059 0.01370976008   -2 
  58 0.00000449833 0.00083507223 -30.761587424 0.12742302795 0.00389550265 0.03796276152 0.55124810971 0.56972596724 0.53696847491 0.51045026030 0.59015404017 0.55686125007 0.44183935218 0.52482820693 0.47133515755 0.55672915008 0.49232187455 0.50638490785 0.54772921102 0.47300404323 0.63093480200 0.65749064899 0.81507339501 1.40924775217 -134.4279599125 0.00570597000   -2 
  59 0.00000449837 0.00083505298 -30.943384812 0.12720238152 0.00389523324 0.03796235255 0.55147703394 0.56966783604 0.53694796483 0.51058011188 0.59010315803 0.55679063592 0.44184054062 0.52503648111 0.47137573612 0.55655015209 0.49212538007 0.50621914397 0.54761128912 0.47310671993 0.63097920778 0.65740606122 0.81493002102 1.40905253558 -134.4277527085 0.00721482917   -2 
  60 0.00000449838 0.00083517244 -30.994990587 0.12713871291 0.00389515571 0.03796223379 0.55157405747 0.56965539528 0.53695050747 0.51063865799 0.59010323941 0.55675602379 0.44184174887 0.52509238569 0.47139366231 0.55649877230 0.49206062232 0.50616750157 0.54757528776 0.47312956574 0.63099194352 0.65738038016 0.81488802801 1.40899488496 -134.4276904215 0.00294259252   -2 
  61 0.00000449840 0.00083514547 -31.050866806 0.12708243255 0.00389506271 0.03796209235 0.55173131152 0.56963780470 0.53697547713 0.51078952465 0.59016593262 0.55662513921 0.44183786341 0.52511082332 0.47143813514 0.55643639005 0.49193839558 0.50608302787 0.54751692510 0.47310837472 0.63099399857 0.65733496761 0.81482543353 1.40889102040 -134.4276277954 0.00308961564   -2 
  62 0.00000449840 0.00083520141 -31.058728896 0.12707410174 0.00389504776 0.03796206869 0.55174691979 0.56964300533 0.53698559717 0.51082319686 0.59018728027 0.55659410278 0.44183726655 0.52510500997 0.47144952722 0.55642852760 0.49191287895 0.50606700869 0.54750611428 0.47309624447 0.63099237332 0.65732610668 0.81481487539 1.40887251566 -134.4276135402 0.00246911963   -2 
  63 0.00000449841 0.00083521516 -31.091869646 0.12704953498 0.00389497319 0.03796195150 0.55171454104 0.56968249485 0.53704457486 0.51100830588 0.59032808806 0.55639206832 0.44182896574 0.52502457445 0.47151934974 0.55639757198 0.49175890641 0.50597520578 0.54744346951 0.47298969366 0.63096877201 0.65727096311 0.81475559219 1.40875941632 -134.4275607118 0.00106344719   -2 
  64 0.00000449841 0.00083525478 -31.088158565 0.12705145515 0.00389497347 0.03796194874 0.55168900480 0.56968053046 0.53703544636 0.51097706617 0.59031999611 0.55640196123 0.44182794408 0.52500531990 0.47152129650 0.55640645824 0.49175563299 0.50597528320 0.54744328962 0.47296858682 0.63096180183 0.65726868750 0.81475674397 1.40876203583 -134.4275536995 0.00250856363   -2 
  65 0.00000449841 0.00083524700 -31.074601478 0.12706223952 0.00389496993 0.03796193133 0.55157701706 0.56966454208 0.53699502207 0.51085424761 0.59028879820 0.55642878504 0.44182112680 0.52491876556 0.47153099427 0.55643956286 0.49173251703 0.50596933940 0.54743761354 0.47287343127 0.63092945724 0.65725435469 0.81475572345 1.40876015956 -134.4275282822 0.00111013089   -2 
  66 0.00000449841 0.00083526833 -31.052927594 0.12708048525 0.00389494328 0.03796186285 0.55161399103 0.56961267046 0.53694510208 0.51074677035 0.59026071416 0.55639382671 0.44179684732 0.52474897296 0.47155478719 0.55647543791 0.49164518398 0.50592796693 0.54740333582 0.47266198900 0.63085543552 0.65720486945 0.81472551712 1.40869479842 -134.4274978504 0.00121559201   -2 
  67 0.00000449841 0.00083524673 -31.051499983 0.12708207725 0.00389494011 0.03796185572 0.55161573198 0.56961016795 0.53694435124 0.51074954674 0.59025996979 0.55638743606 0.44179453380 0.52474039447 0.47155568657 0.55647524298 0.49163780780 0.50592372576 0.54739977870 0.47264725212 0.63085005498 0.65720040697 0.81472183290 1.40868721460 -134.4274956152 0.00112336442   -2 
  68 0.00000449842 0.00083524163 -31.037450766 0.12709130960 0.00389490107 0.03796176958 0.55164701094 0.56961628751 0.53697291548 0.51087152456 0.59027280811 0.55630194572 0.44177162403 0.52469404307 0.47156094913 0.55645441222 0.49156083444 0.50587529603 0.54735961379 0.47251095956 0.63080149197 0.65715353342 0.81467884086 1.40860510295 -134.4274769853 0.00055478396   -2 
  69 0.00000449842 0.00083522940 -31.037616607 0.12709121963 0.00389489831 0.03796176446 0.55162955064 0.56961852197 0.53697312101 0.51087217822 0.59027437539 0.55630642021 0.44177310655 0.52470671163 0.47155936586 0.55645101591 0.49156401482 0.50587608470 0.54736028559 0.47251863364 0.63080480742 0.65715495938 0.81467939406 1.40860936608 -134.4274757140 0.00094282924   -2 
  70 0.00000449842 0.00083524311 -31.037620797 0.12709035001 0.00389489154 0.03796175137 0.55159753392 0.56962505859 0.53697518265 0.51087656903 0.59027894810 0.55631555840 0.44177641166 0.52473491225 0.47155620404 0.55644335717 0.49157013699 0.50587728015 0.54736138724 0.47253387467 0.63081181619 0.65715771198 0.81468038465 1.40861879956 -134.4274735105 0.00032368889   -2 
  71 0.00000449842 0.00083522328 -31.035445786 0.12709232532 0.00389485338 0.03796167585 0.55161673929 0.56962496158 0.53697863643 0.51090515143 0.59028950168 0.55632641260 0.44178222394 0.52482508728 0.47154327939 0.55640880948 0.49157874638 0.50587188139 0.54735688972 0.47257042188 0.63082888681 0.65715845659 0.81467336874 1.40862943493 -134.4274702759 0.00055663214   -2 
  72 0.00000449842 0.00083522934 -31.035158683 0.12709248600 0.00389484898 0.03796166710 0.55161948765 0.56962560276 0.53697940402 0.51090778839 0.59029070365 0.55632742423 0.44178288953 0.52483332902 0.47154223294 0.55640574451 0.49157959717 0.50587140966 0.54735653246 0.47257400550 0.63083066574 0.65715861997 0.81467287658 1.40863086960 -134.4274699900 0.00015799007   -2 
  73 0.00000449844 0.00083521501 -31.027858308 0.12710842964 0.00389473980 0.03796145569 0.55165078725 0.56965412807 0.53700109936 0.51089978248 0.59029886293 0.55631996797 0.44179081640 0.52485024410 0.47154527544 0.55639710185 0.49158348481 0.50586678740 0.54735490249 0.47260648509 0.63085128097 0.65716247948 0.81467437408 1.40865694304 -134.4274679559 0.00047840190   -2 
  74 0.00000449844 0.00083522305 -31.025998884 0.12711194058 0.00389471289 0.03796140353 0.55165305713 0.56965865160 0.53700551733 0.51089916275 0.59030141731 0.55631943656 0.44179297053 0.52485318421 0.47154667536 0.55639646460 0.49158473721 0.50586635380 0.54735516584 0.47261377176 0.63085629407 0.65716401204 0.81467578791 1.40866451560 -134.4274674981 0.00056152173   -2 
  75 0.00000449844 0.00083522305 -31.025998884 0.12711194058 0.00389471289 0.03796140353 0.55165305713 0.56965865160 0.53700551733 0.51089916275 0.59030141731 0.55631943656 0.44179297053 0.52485318421 0.47154667536 0.55639646460 0.49158473721 0.50586635380 0.54735516584 0.47261377176 0.63085629407 0.65716401204 0.81467578791 1.40866451560 -134.4274674981           NAN   -8 
  76 0.00000449844 0.00083521465 -31.025920449 0.12711215069 0.00389471155 0.03796140083 0.55164840093 0.56965617202 0.53700441981 0.51089978443 0.59030147973 0.55632007561 0.44179302447 0.52485232183 0.47154702735 0.55639729668 0.49158487912 0.50586671849 0.54735551913 0.47261346819 0.63085628498 0.65716434052 0.81467634420 1.40866496631 -134.4274670758 0.00045548412   -2 
  77 0.00000449844 0.00083522361 -31.024987049 0.12711225468 0.00389470016 0.03796137782 0.55161605802 0.56963896579 0.53699737151 0.51090679397 0.59030380307 0.55632700703 0.44179425507 0.52484566979 0.47155080509 0.55640545443 0.49158673664 0.50587053462 0.54735927295 0.47261120874 0.63085694737 0.65716792569 0.81468247859 1.40867193986 -134.4274654614 0.00018541705   -2 
  78 0.00000449844 0.00083522618 -31.024613426 0.12711240019 0.00389469549 0.03796136834 0.55160917354 0.56963381687 0.53699476119 0.51090875484 0.59030420703 0.55632913525 0.44179454605 0.52484305696 0.47155207013 0.55640830315 0.49158731126 0.50587185905 0.54736056649 0.47261025127 0.63085705557 0.65716912994 0.81468456743 1.40867402322 -134.4274653751 0.00022976683   -2 
  79 0.00000449844 0.00083521792 -31.023268076 0.12711373909 0.00389467795 0.03796133417 0.55161007499 0.56962299993 0.53698617001 0.51091167627 0.59030302224 0.55633366475 0.44179456907 0.52483368682 0.47155543117 0.55641661436 0.49158853849 0.50587566785 0.54736421193 0.47260641813 0.63085661832 0.65717238539 0.81469043856 1.40867792426 -134.4274649031 0.00058009327   -2 
  80 0.00000449845 0.00083522395 -31.020759348 0.12711581385 0.00389464602 0.03796127174 0.55161642008 0.56960746948 0.53697245573 0.51091657019 0.59030110933 0.55634150618 0.44179468514 0.52481743525 0.47156142642 0.55643131699 0.49159078661 0.50588250225 0.54737075976 0.47259963860 0.63085592716 0.65717826330 0.81470096325 1.40868506855 -134.4274641029 0.00026467073   -2 
  81 0.00000449846 0.00083520332 -31.014580399 0.12712325767 0.00389456399 0.03796111512 0.55163958348 0.56962384477 0.53696585935 0.51091521316 0.59029491346 0.55634784370 0.44179338434 0.52478974805 0.47157092945 0.55645555032 0.49159408492 0.50589488929 0.54738255695 0.47258503995 0.63085343174 0.65718898714 0.81471946108 1.40869484151 -134.4274626141 0.00076254393   -2 
  82 0.00000449846 0.00083520332 -31.014580399 0.12712325767 0.00389456399 0.03796111512 0.55163958348 0.56962384477 0.53696585935 0.51091521316 0.59029491346 0.55634784370 0.44179338434 0.52478974805 0.47157092945 0.55645555032 0.49159408492 0.50589488929 0.54738255695 0.47258503995 0.63085343174 0.65718898714 0.81471946108 1.40869484151 -134.4274626141           NAN   -8 
  83 0.00000449846 0.00083521389 -31.014495570 0.12712316478 0.00389456315 0.03796111341 0.55163853718 0.56962530965 0.53696759441 0.51091529333 0.59029554206 0.55634770306 0.44179357570 0.52479075117 0.47157089578 0.55645521811 0.49159418739 0.50589487686 0.54738256982 0.47258527719 0.63085365128 0.65718906570 0.81471946810 1.40869524479 -134.4274620743 0.00031837682   -2 
  84 0.00000449846 0.00083521389 -31.014495570 0.12712316478 0.00389456315 0.03796111341 0.55163853718 0.56962530965 0.53696759441 0.51091529333 0.59029554206 0.55634770306 0.44179357570 0.52479075117 0.47157089578 0.55645521811 0.49159418739 0.50589487686 0.54738256982 0.47258527719 0.63085365128 0.65718906570 0.81471946810 1.40869524479 -134.4274620743           NAN   -8 
  85 0.00000449846 0.00083520717 -31.014311196 0.12712381036 0.00389455991 0.03796110716 0.55163215249 0.56962816208 0.53697221928 0.51091460488 0.59029669997 0.55634641247 0.44179381100 0.52479377731 0.47157037765 0.55645353790 0.49159419915 0.50589448868 0.54738224492 0.47258587446 0.63085402668 0.65718891926 0.81471890140 1.40869559188 -134.4274617070 0.00049142924   -2 
  86 0.00000449846 0.00083520717 -31.014311196 0.12712381036 0.00389455991 0.03796110716 0.55163215249 0.56962816208 0.53697221928 0.51091460488 0.59029669997 0.55634641247 0.44179381100 0.52479377731 0.47157037765 0.55645353790 0.49159419915 0.50589448868 0.54738224492 0.47258587446 0.63085402668 0.65718891926 0.81471890140 1.40869559188 -134.4274617070           NAN   -8 
  87 0.00000449846 0.00083521417 -31.014231968 0.12712380328 0.00389455898 0.03796110520 0.55163163818 0.56962915931 0.53697357751 0.51091462100 0.59029720176 0.55634623388 0.44179396322 0.52479470452 0.47157031492 0.55645317835 0.49159427389 0.50589445031 0.54738222908 0.47258609468 0.63085421855 0.65718895869 0.81471884264 1.40869587283 -134.4274614664 0.00024825714   -2 
  88 0.00000449846 0.00083521417 -31.014231968 0.12712380328 0.00389455898 0.03796110520 0.55163163818 0.56962915931 0.53697357751 0.51091462100 0.59029720176 0.55634623388 0.44179396322 0.52479470452 0.47157031492 0.55645317835 0.49159427389 0.50589445031 0.54738222908 0.47258609468 0.63085421855 0.65718895869 0.81471884264 1.40869587283 -134.4274614664           NAN   -8 
  89 0.00000449846 0.00083521417 -31.014231968 0.12712380328 0.00389455898 0.03796110520 0.55163163818 0.56962915931 0.53697357751 0.51091462100 0.59029720176 0.55634623388 0.44179396322 0.52479470452 0.47157031492 0.55645317835 0.49159427389 0.50589445031 0.54738222908 0.47258609468 0.63085421855 0.65718895869 0.81471884264 1.40869587283 -134.4274614664 0.00024825714   -5 
  90 0.00000449846 0.00083521417 -31.014231968 0.12712380328 0.00389455898 0.03796110520 0.55163163818 0.56962915931 0.53697357751 0.51091462100 0.59029720176 0.55634623388 0.44179396322 0.52479470452 0.47157031492 0.55645317835 0.49159427389 0.50589445031 0.54738222908 0.47258609468 0.63085421855 0.65718895869 0.81471884264 1.40869587283 -134.4274614664 0.00024825714   -3 
-- Local optimization: stuck in the same solution
-- Found new optimum with likelihood -134.427461466494378 and gradient 0.00025

---- Best joint likelihood found -134.427461466494378 with gradient 0.00025

---- Results for /scratch/40841275/tmphwx3s2uu 
--  Model: C
--        eps_an     theta_bar             a 
-- 0.00000449846 0.00083521417            -1 
--           S_d             b           p_b           S_b 
-- -31.014231968 0.12712380328 0.00389455898 0.03796110520 
--           r 2           r 3           r 4           r 5           r 6           r 7           r 8           r 9          r 10          r 11          r 12          r 13          r 14          r 15          r 16          r 17          r 18          r 19 
-- 0.55163163818 0.56962915931 0.53697357751 0.51091462100 0.59029720176 0.55634623388 0.44179396322 0.52479470452 0.47157031492 0.55645317835 0.49159427389 0.50589445031 0.54738222908 0.47258609468 0.63085421855 0.65718895869 0.81471884264 1.40869587283 

---- Expected P_neut(i), 0 < i < n (neutral SFS per site) 
E[P_neut(1)] = 0.0008352107
E[P_neut(2)] = 0.0002303644
E[P_neut(3)] = 0.0001585869
E[P_neut(4)] = 0.0001121216
E[P_neut(5)] = 0.0000853444
E[P_neut(6)] = 0.0000821705
E[P_neut(7)] = 0.0000663810
E[P_neut(8)] = 0.0000461240
E[P_neut(9)] = 0.0000487017
E[P_neut(10)] = 0.0000393862
E[P_neut(11)] = 0.0000422507
E[P_neut(12)] = 0.0000342156
E[P_neut(13)] = 0.0000325025
E[P_neut(14)] = 0.0000326560
E[P_neut(15)] = 0.0000263143
E[P_neut(16)] = 0.0000329315
E[P_neut(17)] = 0.0000322884
E[P_neut(18)] = 0.0000378045
E[P_neut(19)] = 0.0000619278

---- Expected P_sel(i), 0 < i < n (selected SFS per site) 
E[P_sel(1)] = 0.0006474356
E[P_sel(2)] = 0.0001618681
E[P_sel(3)] = 0.0001056043
E[P_sel(4)] = 0.0000720385
E[P_sel(5)] = 0.0000533978
E[P_sel(6)] = 0.0000503435
E[P_sel(7)] = 0.0000399704
E[P_sel(8)] = 0.0000273660
E[P_sel(9)] = 0.0000285268
E[P_sel(10)] = 0.0000228093
E[P_sel(11)] = 0.0000242201
E[P_sel(12)] = 0.0000194335
E[P_sel(13)] = 0.0000183051
E[P_sel(14)] = 0.0000182488
E[P_sel(15)] = 0.0000145989
E[P_sel(16)] = 0.0000181472
E[P_sel(17)] = 0.0000176807
E[P_sel(18)] = 0.0000205784
E[P_sel(19)] = 0.0000335212

---- alpha_dfe = 0.007410

