---- Running command
---- ./polyDFE -d /scratch/40841509/tmp_ican6ae -m C -i /scratch/40841509/tmpe21gw4mq 1 -v 1 
---- Performing inference using model C

---- Performing inference on /scratch/40841509/tmp_ican6ae
----      with -i /scratch/40841509/tmpe21gw4mq 1
---- Data /scratch/40841509/tmp_ican6ae does not contain divergence counts. Using option -w.
---- No mutation variability. Using Poisson likelihood.


---- Using provided initial values

-- Starting local optimization
-- Optimizing all parameters
  it        eps_an     theta_bar           S_d             b           p_b           S_b           r 2           r 3           r 4           r 5           r 6           r 7           r 8           r 9          r 10          r 11          r 12          r 13          r 14          r 15          r 16          r 17          r 18          r 19          r 20          r 21          r 22          r 23          r 24           ln lk          grad status 
   0 0.00000450451  0.0008647194 -33.444059999     0.1398527   0.005009714    0.05328228     0.5834314      0.499803     0.5581096     0.5076067      0.557493     0.6522272     0.6050956     0.5227928     0.5765882     0.4982845     0.5150672     0.5206269      0.482151     0.5460091     0.5199818      0.523935     0.5814646     0.6159988     0.7697745     0.7047025     0.6593795      0.914738      1.558127 -173.1833967962 0.83467672525   -2 
   1 0.00000450451 0.00085297508 -33.517447327 0.14058800243 0.00500942783 0.05328219437 0.58398506617 0.49835705031 0.55832226819 0.50848852326 0.55834454814 0.65186121734 0.60190266886 0.52178872079 0.57615010139 0.49847712389 0.51556333055 0.52122798432 0.48318035497 0.54517415395 0.51928212043 0.52433784805 0.57959071224 0.61611483167 0.76865235510 0.70301026237 0.66061170461 0.91360745260 1.55955341447 -172.4396538154 0.57361513714   -2 
   2 0.00000450451 0.00086755736 -34.479252564 0.15284232751 0.00500492171 0.05328050772 0.62218275334 0.47235624133 0.57438556075 0.53981619707 0.58870192641 0.64955261621 0.52607563323 0.49876235007 0.56837826032 0.50664598874 0.53215968728 0.54063250651 0.51446216759 0.52505714532 0.50240077132 0.53754435949 0.53232275454 0.62170620803 0.74170880291 0.66052454119 0.69779150620 0.88695863225 1.60882145674 -165.8090915674 0.40371843883   -2 
   3 0.00000450452 0.00087116254 -34.758468980 0.15611201880 0.00500377961 0.05328004150 0.58621647829 0.48013303232 0.57765349142 0.54879551302 0.59977616456 0.65259606463 0.50086676562 0.49019889440 0.56700206327 0.51272933963 0.54314422347 0.55349536904 0.53516513029 0.51493897002 0.49361448847 0.54716922237 0.50616494834 0.62678694229 0.72832356761 0.63718813404 0.72370819330 0.87415801101 1.64175059677 -163.6929429560 0.42692253199   -2 
   4 0.00000450452 0.00087730135 -34.745217534 0.15603796425 0.00500380825 0.05328002629 0.58453164064 0.48145257436 0.57760643355 0.54902731759 0.60032666681 0.65305915902 0.49939280904 0.48964372547 0.56703946267 0.51338017939 0.54426426336 0.55481797259 0.53731180782 0.51402520235 0.49279651943 0.54823253843 0.50359836470 0.62739485698 0.72712585189 0.63492061126 0.72652038907 0.87304326816 1.64508137926 -163.5196655115 0.21352991045   -2 
   5 0.00000450453 0.00086970725 -34.435748441 0.15272475335 0.00500497771 0.05328010854 0.59410881422 0.49881164986 0.56386194692 0.53387513111 0.59050751149 0.65676014645 0.50144878464 0.48782075776 0.56874119738 0.51944324513 0.55477215732 0.56784911316 0.55995733000 0.50492613548 0.48415118475 0.56043158171 0.47555741150 0.63457174802 0.71533796831 0.61032819699 0.75931974678 0.86232644390 1.67496534762 -162.4510564158 0.11044860535   -2 
   6 0.00000450453 0.00086631085 -34.293275259 0.15127617152 0.00500548056 0.05328005715 0.59421793299 0.48639302589 0.56902970934 0.53200310244 0.58642835487 0.65656140454 0.51149846611 0.49018161932 0.57011674576 0.52050302034 0.55651879277 0.57059269385 0.56603749455 0.50260626401 0.48140462725 0.56503729827 0.46496467751 0.63747088176 0.71234746245 0.60141324917 0.77184553655 0.85979075638 1.67738828469 -162.1954093056 0.17208578499   -2 
   7 0.00000450453 0.00086837990 -34.274409926 0.15111608999 0.00500553676 0.05328004769 0.59427415180 0.48555019377 0.56955758857 0.53199441612 0.58617197385 0.65653506697 0.51251245931 0.49045052981 0.57025425143 0.52057209340 0.55662442929 0.57078581489 0.56651634640 0.50242705346 0.48117082937 0.56545369543 0.46399851600 0.63773888242 0.71211616886 0.60061238710 0.77297738452 0.85960165552 1.67740636638 -162.1711503896 0.04308536425   -2 
   8 0.00000450453 0.00086920083 -34.281886780 0.15172487581 0.00500529204 0.05327972618 0.59054158773 0.48827327178 0.57037917598 0.53468846143 0.58673363598 0.65461646816 0.51799578059 0.49222888293 0.57027529133 0.51948450795 0.55497834825 0.56943333972 0.56588273931 0.50205897187 0.48020321846 0.56662784010 0.45919066826 0.63844012453 0.71157759031 0.59686611910 0.77669060874 0.85913390307 1.66987228477 -162.1264377485 0.03423205712   -2 
   9 0.00000450453 0.00086831967 -34.284039312 0.15205548590 0.00500516067 0.05327955376 0.59250370402 0.48880372317 0.57004307508 0.53533612487 0.58709552817 0.65407191570 0.51951648863 0.49284459519 0.57020587547 0.51893229539 0.55412507216 0.56864422469 0.56522862024 0.50201318851 0.47986515265 0.56696942901 0.45723139951 0.63864353393 0.71149191135 0.59540557977 0.77787901582 0.85906456591 1.66647449552 -162.1156661711 0.06444294971   -2 
  10 0.00000450453 0.00086906609 -34.279942373 0.15215697702 0.00500511897 0.05327948036 0.59346305592 0.48900466365 0.56992143559 0.53559274627 0.58728704442 0.65391422538 0.52010690980 0.49310938144 0.57019333316 0.51871072969 0.55377262994 0.56831286529 0.56493939060 0.50201332879 0.47973599842 0.56711639234 0.45640594515 0.63873772481 0.71148250733 0.59480121951 0.77837522347 0.85906490437 1.66510043309 -162.1113256500 0.01146255303   -2 
  11 0.00000450453 0.00086903420 -34.229354870 0.15209714789 0.00500511909 0.05327922098 0.59366088940 0.48751523161 0.56959204688 0.53484350891 0.58816673068 0.65525145715 0.51934952902 0.49354310429 0.57037482239 0.51834847633 0.55299395399 0.56740056059 0.56368777260 0.50244901484 0.47970296729 0.56738768566 0.45425086160 0.63903480675 0.71205663387 0.59352070974 0.77916420153 0.85970522081 1.66319956754 -162.1070983481 0.01042323779   -2 
  12 0.00000450453 0.00086923668 -34.229636281 0.15208709831 0.00500512288 0.05327922640 0.59347287403 0.48776651265 0.56963815014 0.53489693782 0.58804621362 0.65512314406 0.51934163931 0.49349011661 0.57035861220 0.51837894068 0.55305327316 0.56746139270 0.56375468842 0.50243192139 0.47971184846 0.56736273862 0.45436663821 0.63901335029 0.71203457190 0.59359989736 0.77909207092 0.85967887913 1.66339337524 -162.1067977016 0.01374373052   -2 
  13 0.00000450453 0.00086908286 -34.229160992 0.15208071394 0.00500512420 0.05327922087 0.59314717396 0.48809956089 0.56968330283 0.53493886860 0.58786903713 0.65495575157 0.51927965134 0.49341291493 0.57033288252 0.51840932744 0.55311297688 0.56751679991 0.56380309713 0.50242146707 0.47972337019 0.56732864279 0.45445719802 0.63898660994 0.71202131418 0.59367067885 0.77899927898 0.85966052923 1.66362227545 -162.1064308474 0.00500307239   -2 
  14 0.00000450453 0.00086921321 -34.221766114 0.15205865659 0.00500512842 0.05327918402 0.59301477831 0.48827349423 0.56969750231 0.53490866177 0.58773645784 0.65488269304 0.51910777564 0.49334875829 0.57031579135 0.51841450771 0.55311593654 0.56749906931 0.56373788830 0.50245378579 0.47973759716 0.56730631254 0.45436058436 0.63897839434 0.71206458641 0.59363919395 0.77894396436 0.85970332896 1.66374819124 -162.1062745197 0.01027387084   -2 
  15 0.00000450454 0.00086906153 -34.210191998 0.15203327056 0.00500513091 0.05327911753 0.59282979221 0.48849455791 0.56969955493 0.53484116149 0.58752588959 0.65477088192 0.51881347979 0.49324327797 0.57028391636 0.51841484236 0.55310811970 0.56745584911 0.56361283303 0.50250903623 0.47975842909 0.56726855541 0.45417536914 0.63896402090 0.71213820447 0.59357081421 0.77885525421 0.85977588084 1.66391984070 -162.1060477568 0.00597002621   -2 
  16 0.00000450454 0.00086917289 -34.182652038 0.15198176022 0.00500513361 0.05327895567 0.59290814022 0.48858489052 0.56965379262 0.53467997140 0.58721300871 0.65463112843 0.51822624952 0.49305128417 0.57022004099 0.51839181021 0.55305109253 0.56732277972 0.56330029225 0.50263505401 0.47979556921 0.56719486948 0.45369395846 0.63893886712 0.71230503549 0.59336992498 0.77869423628 0.85994118933 1.66414075486 -162.1056951748 0.01201482043   -2 
  17 0.00000450454 0.00086899004 -34.167598366 0.15196230888 0.00500513101 0.05327885782 0.59295975103 0.48857761347 0.56961283077 0.53458460806 0.58705159002 0.65455681839 0.51790245273 0.49294368934 0.57017988833 0.51837263014 0.55301102082 0.56723994917 0.56311583305 0.50270474290 0.47981369110 0.56715073745 0.45340823659 0.63892182000 0.71239691688 0.59324709989 0.77860149767 0.86003138157 1.66423544747 -162.1055009640 0.00559138100   -2 
  18 0.00000450454 0.00086909774 -34.143181189 0.15194626648 0.00500511877 0.05327867839 0.59312207739 0.48826912699 0.56952405129 0.53448101777 0.58698295884 0.65452470922 0.51755326344 0.49282099012 0.57011810308 0.51832145521 0.55292213861 0.56709387339 0.56282829914 0.50279897377 0.47982808792 0.56708291125 0.45292969319 0.63889021489 0.71251954960 0.59302688365 0.77847355917 0.86014877748 1.66421765384 -162.1052451489 0.00769141745   -2 
  19 0.00000450454 0.00086899840 -34.136184699 0.15194879513 0.00500511167 0.05327861809 0.59313516362 0.48815225000 0.56949038560 0.53445373144 0.58698242545 0.65452040040 0.51747174396 0.49278873800 0.57009699031 0.51830109915 0.55288998589 0.56704617507 0.56274109413 0.50282334776 0.47982902821 0.56706078662 0.45277953285 0.63887788446 0.71255081428 0.59295503006 0.77843479852 0.86017755742 1.66418157353 -162.1051704700 0.00465848594   -2 
  20 0.00000450454 0.00086914750 -34.116429585 0.15196741574 0.00500508448 0.05327842462 0.59299593085 0.48779880838 0.56940513520 0.53443747630 0.58712647305 0.65456429611 0.51743727888 0.49274959962 0.57004130712 0.51822874811 0.55278623551 0.56691423188 0.56252999025 0.50286423279 0.47981484027 0.56700127425 0.45236870542 0.63883639609 0.71260073795 0.59274598790 0.77834530370 0.86021767478 1.66393020078 -162.1049928448 0.00485291266   -2 
  21 0.00000450455 0.00086909147 -34.112548914 0.15197694125 0.00500507591 0.05327837802 0.59294257504 0.48774288120 0.56938510671 0.53443702310 0.58716515482 0.65457322938 0.51745574671 0.49274669752 0.57002773646 0.51820970409 0.55276112210 0.56688573349 0.56249023769 0.50286679579 0.47980795707 0.56698756885 0.45228324593 0.63882477710 0.71260295371 0.59269981869 0.77832724498 0.86021687597 1.66385059666 -162.1049593207 0.00388623199   -2 
  22 0.00000450455 0.00086921657 -34.097840446 0.15201481467 0.00500504059 0.05327818697 0.59273289186 0.48767914725 0.56933107562 0.53446126790 0.58733962704 0.65461294412 0.51764317855 0.49276745833 0.56998065588 0.51813317800 0.55266681069 0.56679150041 0.56238243274 0.50285085215 0.47976939858 0.56693939295 0.45199840350 0.63877619890 0.71257687371 0.59253567685 0.77827488491 0.86017749871 1.66347819736 -162.1048532618 0.00364472091   -2 
  23 0.00000450455 0.00086915613 -34.094105263 0.15202925810 0.00500502861 0.05327812908 0.59270689217 0.48769791498 0.56931845134 0.53446598236 0.58737572087 0.65461641820 0.51771292831 0.49277779297 0.56996733490 0.51811075227 0.55264111632 0.56676898165 0.56236374407 0.50283870849 0.47975481641 0.56692614351 0.45193106399 0.63876057061 0.71255932640 0.59249340179 0.77826313426 0.86015559826 1.66336201067 -162.1048250003 0.00433804275   -2 
  24 0.00000450455 0.00086921807 -34.078347780 0.15207873521 0.00500498259 0.05327789111 0.59272234016 0.48785533579 0.56929234491 0.53448954100 0.58749466713 0.65462444673 0.51802110892 0.49283175893 0.56992175625 0.51802658611 0.55254793632 0.56669430188 0.56231913798 0.50277865965 0.47969278808 0.56687846591 0.45169571649 0.63869933856 0.71247427963 0.59233898756 0.77822810948 0.86005330977 1.66290630781 -162.1047257103 0.00219623811   -2 
  25 0.00000450455 0.00086916471 -34.074643308 0.15208885341 0.00500497145 0.05327782977 0.59276437437 0.48789580566 0.56929815566 0.53449190191 0.58749521970 0.65462056003 0.51808636848 0.49284694835 0.56991650936 0.51801264436 0.55253411322 0.56668671430 0.56232457746 0.50276031748 0.47967765331 0.56687089022 0.45166105846 0.63868693953 0.71244912422 0.59231284117 0.77822652050 0.86002477012 1.66282484861 -162.1047116279 0.00290909241   -2 
  26 0.00000450455 0.00086918028 -34.069013907 0.15209794527 0.00500495721 0.05327774163 0.59284562476 0.48795339245 0.56931796566 0.53449662772 0.58748263476 0.65461561125 0.51817167232 0.49287072567 0.56991481172 0.51799883061 0.55252187559 0.56668405715 0.56234324697 0.50273360178 0.47965741246 0.56686390332 0.45162678460 0.63867245423 0.71241293399 0.59228415390 0.77823004533 0.85998476231 1.66273584349 -162.1046930254 0.00147010945   -2 
  27 0.00000450455 0.00086912328 -34.064520762 0.15210122299 0.00500494631 0.05327766571 0.59289202651 0.48797718604 0.56934730732 0.53449991046 0.58744696266 0.65461147362 0.51821583217 0.49289115066 0.56992366133 0.51799946173 0.55252633190 0.56669699724 0.56237765567 0.50271152488 0.47964388974 0.56686533668 0.45162855893 0.63866687619 0.71238389266 0.59227774256 0.77824321607 0.85995454739 1.66272018691 -162.1046826575 0.00250915755   -2 
  28 0.00000450456 0.00086912504 -34.057278306 0.15210209793 0.00500493069 0.05327754737 0.59295336177 0.48800708820 0.56939755754 0.53450772660 0.58738999104 0.65460875182 0.51827493841 0.49292353459 0.56994203476 0.51800567007 0.55253917383 0.56672280855 0.56243715915 0.50267888454 0.47962511521 0.56687087101 0.45164166138 0.63866158864 0.71234133193 0.59227446306 0.77826799248 0.85991112479 1.66272019024 -162.1046682155 0.00166887897   -2 
  29 0.00000450456 0.00086904741 -34.046524793 0.15210334647 0.00500490593 0.05327736081 0.59295453618 0.48801587705 0.56946353965 0.53452155114 0.58730859795 0.65461169327 0.51833042766 0.49296989638 0.56997867153 0.51802721347 0.55257216163 0.56677430724 0.56253938284 0.50263396180 0.47960226123 0.56688692287 0.45168821153 0.63866165068 0.71228370487 0.59228643254 0.77831499207 0.85985457704 1.66278037361 -162.1046495339 0.00295479109   -2 
  30 0.00000450456 0.00086906226 -34.037750503 0.15210288471 0.00500488638 0.05327720971 0.59294461113 0.48801799805 0.56951121781 0.53453449058 0.58725230243 0.65461786817 0.51836685954 0.49300590425 0.57000979513 0.51804731032 0.55260142022 0.56681765746 0.56262201063 0.50260059612 0.47958615150 0.56690177915 0.45173068738 0.63866421234 0.71224121278 0.59229995296 0.77835462875 0.85981366060 1.66284246584 -162.1046352660 0.00161880416   -2 
  31 0.00000450456 0.00086901321 -34.026751867 0.15211042774 0.00500485580 0.05327699719 0.59287782293 0.48799185604 0.56952820214 0.53454881069 0.58721790711 0.65463258243 0.51837614546 0.49304234911 0.57005071305 0.51808024768 0.55264570613 0.56687703959 0.56272618076 0.50256631393 0.47957233374 0.56692634107 0.45180398631 0.63867484415 0.71219854578 0.59233056035 0.77841003493 0.85977512888 1.66296176953 -162.1046183661 0.00248237013   -2 
  32 0.00000450457 0.00086904293 -34.019987316 0.15211564697 0.00500483661 0.05327686491 0.59284440317 0.48797477170 0.56952908923 0.53455739712 0.58720922390 0.65464365284 0.51837393781 0.49306160154 0.57007499640 0.51810137070 0.55267331991 0.56691275089 0.56278664157 0.50254868364 0.47956615910 0.56694238255 0.45185154944 0.63868323743 0.71217696632 0.59235189872 0.77844406533 0.85975656030 1.66304125322 -162.1046086526 0.00167033104   -2 
  33 0.00000450457 0.00086900020 -34.002330359 0.15214872314 0.00500477417 0.05327647931 0.59279749723 0.48791714300 0.56946538652 0.53456754889 0.58724558940 0.65467283638 0.51832005945 0.49309140212 0.57012971141 0.51815910747 0.55274593976 0.56700127795 0.56292804187 0.50251663136 0.47955965056 0.56698873621 0.45199497417 0.63871332415 0.71213969173 0.59242211049 0.77853353771 0.85972938039 1.66327440632 -162.1045838556 0.00277179705   -2 
  34 0.00000450458 0.00086903834 -33.994510209 0.15216411420 0.00500474609 0.05327630732 0.59279767582 0.48789886240 0.56943573739 0.53457113526 0.58727042678 0.65468588433 0.51829257764 0.49310092419 0.57015115947 0.51818360978 0.55277619725 0.56703721661 0.56298366145 0.50250642668 0.47955909858 0.56700921313 0.45205795349 0.63872783628 0.71212849506 0.59245412253 0.77857141823 0.85972292436 1.66337542019 -162.1045735896 0.00190186230   -2 
  35 0.00000450458 0.00086900888 -33.974462659 0.15221920386 0.00500466432 0.05327583356 0.59286124670 0.48787828479 0.56935153978 0.53456931901 0.58736186346 0.65471225290 0.51820410197 0.49310711952 0.57019127853 0.51824027361 0.55284432858 0.56711471087 0.56309728638 0.50249505458 0.47956629477 0.56706134029 0.45222169793 0.63876940502 0.71211963616 0.59254139565 0.77866172119 0.85972732360 1.66361871221 -162.1045526806 0.00154187224   -2 
  36 0.00000450458 0.00086904590 -33.970039750 0.15223366711 0.00500464463 0.05327572313 0.59289114191 0.48790558903 0.56936097681 0.53456900047 0.58738862715 0.65471628891 0.51819018134 0.49309970019 0.57018998914 0.51824606543 0.55284963016 0.56711799432 0.56309593095 0.50250572807 0.47957514532 0.56707111337 0.45224921173 0.63878124467 0.71213523908 0.59256008360 0.77867382315 0.85974640596 1.66364895805 -162.1045425373 0.00305811810   -2 
  37 0.00000450459 0.00086898997 -33.952507673 0.15230090459 0.00500455993 0.05327526259 0.59299674951 0.48803064597 0.56941566296 0.53456450799 0.58749680374 0.65472772650 0.51813721686 0.49306122515 0.57017493069 0.51826288166 0.55286198886 0.56711888702 0.56306771854 0.50255937233 0.47961665198 0.56710877710 0.45235419514 0.63883091166 0.71221236634 0.59263538461 0.77871573059 0.85983793420 1.66374890007 -162.1045049006 0.00142021780   -2 
  38 0.00000450460 0.00086901025 -33.932195557 0.15235835815 0.00500447210 0.05327475496 0.59294796108 0.48812563665 0.56953399989 0.53459478391 0.58758581747 0.65476388239 0.51814218821 0.49302909834 0.57015882721 0.51827392881 0.55286262519 0.56709955818 0.56298983427 0.50265266885 0.47968306549 0.56715015742 0.45243467016 0.63889649290 0.71234367936 0.59271365557 0.77875045401 0.85998732152 1.66382849914 -162.1044765560 0.00258417439   -2 
  39 0.00000450460 0.00086897088 -33.926409375 0.15237441050 0.00500444696 0.05327460917 0.59292893233 0.48814169454 0.56956359719 0.53460453854 0.58760553051 0.65477481306 0.51814812514 0.49302173652 0.57015508501 0.51827669376 0.55286228990 0.56709339762 0.56296608195 0.50268064317 0.47970288851 0.56716175514 0.45245466896 0.63891550579 0.71238300897 0.59273517093 0.77875966685 0.86003187873 1.66384925041 -162.1044680988 0.00154941454   -2 
  40 0.00000450461 0.00086897119 -33.892614926 0.15242923934 0.00500432275 0.05327382035 0.59286205936 0.48808003552 0.56966308114 0.53468802656 0.58763838637 0.65485932583 0.51825596350 0.49302228361 0.57016200819 0.51829506998 0.55286360324 0.56706309771 0.56283276422 0.50285033000 0.47982341059 0.56722599066 0.45252017501 0.63902602986 0.71262138945 0.59284129865 0.77880772389 0.86029996183 1.66396220961 -162.1044270063 0.00257985542   -2 
  41 0.00000450462 0.00086892244 -33.884746281 0.15244225067 0.00500429343 0.05327363407 0.59285724841 0.48806051122 0.56967392568 0.53470456910 0.58763941385 0.65487683911 0.51828276616 0.49302521784 0.57016544367 0.51829935199 0.55286430257 0.56705707554 0.56280402682 0.50288876453 0.47985097867 0.56724036595 0.45253205289 0.63905102215 0.71267547021 0.59286435739 0.77881851489 0.86036071640 1.66398721158 -162.1044174249 0.00184744247   -2 
  42 0.00000450463 0.00086889666 -33.856874660 0.15247599268 0.00500419656 0.05327299548 0.59294749959 0.48798955071 0.56964261435 0.53474677789 0.58761187163 0.65492828980 0.51838426861 0.49305768625 0.57019428125 0.51831798489 0.55287411710 0.56704914643 0.56273026052 0.50301028784 0.47994070777 0.56728724422 0.45255199937 0.63913193052 0.71284721973 0.59293267972 0.77885640678 0.86055382730 1.66407670165 -162.1043890019 0.00152098634   -2 
  43 0.00000450463 0.00086886290 -33.852500428 0.15248183700 0.00500418068 0.05327289220 0.59296025846 0.48798557368 0.56962873599 0.53474822746 0.58760412652 0.65493246847 0.51839833017 0.49306599433 0.57020126625 0.51832143323 0.55287706226 0.56705067292 0.56272491298 0.50302576717 0.47995286179 0.56729372424 0.45255144035 0.63914285738 0.71286931794 0.59294094381 0.77886239040 0.86057875760 1.66409069771 -162.1043853517 0.00144875321   -2 
  44 0.00000450464 0.00086884560 -33.831202258 0.15250454970 0.00500410609 0.05327239615 0.59302093239 0.48801277212 0.56953808281 0.53473699226 0.58756116442 0.65493961659 0.51845634664 0.49312179546 0.57024815203 0.51834246916 0.55290009102 0.56707363975 0.56273270253 0.50308156344 0.48000117112 0.56732146703 0.45253285454 0.63918698940 0.71295030006 0.59296924734 0.77889306035 0.86067076663 1.66416415609 -162.1043684161 0.00139565305   -2 
  45 0.00000450464 0.00086880667 -33.821904667 0.15251623646 0.00500407190 0.05327217297 0.59302625129 0.48803185606 0.56950369802 0.53472819304 0.58754443111 0.65493887216 0.51847637017 0.49314825996 0.57027042174 0.51835233170 0.55291199186 0.56708737665 0.56274497578 0.50310016258 0.48001902581 0.56733240660 0.45252085180 0.63920354341 0.71297783038 0.59297845457 0.77890675074 0.86070231046 1.66419638475 -162.1043637126 0.00169040269   -2 
  46 0.00000450465 0.00086881342 -33.803270617 0.15253891762 0.00500400342 0.05327172487 0.59301048580 0.48808063031 0.56945687851 0.53470956197 0.58752075473 0.65493497968 0.51850733233 0.49320323066 0.57031729695 0.51837369500 0.55293919939 0.56712109479 0.56278418879 0.50312758460 0.48004904536 0.56735271374 0.45249216319 0.63923229690 0.71301954557 0.59299215459 0.77893524839 0.86075078232 1.66426392912 -162.1043521039 0.00170553184   -2 
  47 0.00000450465 0.00086877219 -33.790237575 0.15255823812 0.00500395273 0.05327140036 0.59298194886 0.48811100754 0.56944128227 0.53469624267 0.58751077541 0.65492996888 0.51852156022 0.49324063335 0.57034941258 0.51838876595 0.55295933762 0.56714747252 0.56281956478 0.50314037909 0.48006623064 0.56736559349 0.45246927146 0.63924933292 0.71304002583 0.59299872500 0.77895539660 0.86077509737 1.66431051336 -162.1043450856 0.00171068913   -2 
  48 0.00000450465 0.00086877219 -33.790237575 0.15255823812 0.00500395273 0.05327140036 0.59298194886 0.48811100754 0.56944128227 0.53469624267 0.58751077541 0.65492996888 0.51852156022 0.49324063335 0.57034941258 0.51838876595 0.55295933762 0.56714747252 0.56281956478 0.50314037909 0.48006623064 0.56736559349 0.45246927146 0.63924933292 0.71304002583 0.59299872500 0.77895539660 0.86077509737 1.66431051336 -162.1043450856           NAN   -8 
  49 0.00000450465 0.00086880260 -33.790005401 0.15255899482 0.00500395134 0.05327139218 0.59298089711 0.48810756653 0.56945494973 0.53469838868 0.58751680132 0.65493048055 0.51851754487 0.49323971640 0.57034900617 0.51838920250 0.55296029739 0.56714933262 0.56282435735 0.50313685989 0.48006415909 0.56736518009 0.45246814450 0.63924788664 0.71303524994 0.59299734839 0.77895604342 0.86076990672 1.66431167514 -162.1043407892 0.00168765086   -2 
  50 0.00000450466 0.00086880872 -33.787918476 0.15258326708 0.00500392529 0.05327126737 0.59293394182 0.48804274490 0.56964366561 0.53472091426 0.58759812839 0.65492840625 0.51845097435 0.49322135645 0.57033768133 0.51839204281 0.55297105330 0.56717405597 0.56289446317 0.50308014861 0.48003005313 0.56735598402 0.45244903256 0.63922245342 0.71295813205 0.59297372412 0.77896201343 0.86068533585 1.66431689890 -162.1043049000 0.00071518116   -2 
  51 0.00000450466 0.00086880503 -33.787759616 0.15258047826 0.00500392657 0.05327126976 0.59295592002 0.48806085474 0.56959925756 0.53471739506 0.58758565851 0.65492959342 0.51845894264 0.49322362666 0.57033942261 0.51839232063 0.55297074571 0.56717272787 0.56288998015 0.50308411250 0.48003238428 0.56735703772 0.45245031100 0.63922456508 0.71296360382 0.59297544694 0.77896243944 0.86069153995 1.66431906324 -162.1043029192 0.00053590469   -2 
  52 0.00000450466 0.00086878270 -33.786453591 0.15258536933 0.00500391761 0.05327121678 0.59296697639 0.48806809977 0.56959141176 0.53471985931 0.58759431957 0.65493146497 0.51844748933 0.49322068900 0.57033844424 0.51839433725 0.55297498285 0.56718091958 0.56291141767 0.50306763637 0.48002234912 0.56735541303 0.45244459429 0.63921800946 0.71294140605 0.59296875695 0.77896611812 0.86066786504 1.66432728229 -162.1043000845 0.00170167321   -2 
  53 0.00000450466 0.00086879966 -33.781060320 0.15260096418 0.00500388418 0.05327101236 0.59301206517 0.48809771579 0.56956624624 0.53473144254 0.58762896267 0.65494101208 0.51840584451 0.49321077085 0.57033613870 0.51840303250 0.55299214750 0.56721307576 0.56299387404 0.50300559623 0.47998469504 0.56735002611 0.45242324786 0.63919392610 0.71285788395 0.59294391855 0.77898131707 0.86057895788 1.66436210025 -162.1042877900 0.00063011898   -2 
  54 0.00000450466 0.00086881225 -33.774774014 0.15261313268 0.00500384789 0.05327078086 0.59298597030 0.48810618941 0.56956509309 0.53474193359 0.58765371457 0.65495243882 0.51837736262 0.49320537918 0.57033763917 0.51841321474 0.55301003651 0.56724460936 0.56307185790 0.50294866165 0.47994991495 0.56734710525 0.45240339514 0.63917341043 0.71278153582 0.59292149318 0.77899921029 0.86049867258 1.66440250003 -162.1042831948 0.00092317413   -2 
  55 0.00000450466 0.00086879971 -33.773745436 0.15261502669 0.00500384185 0.05327074212 0.59297823012 0.48810448744 0.56956645429 0.53474265326 0.58765542957 0.65495365550 0.51837461405 0.49320492196 0.57033803549 0.51841466194 0.55301250147 0.56724890572 0.56308247752 0.50294081302 0.47994503866 0.56734684334 0.45240055239 0.63917068782 0.71277104628 0.59291836274 0.77900198418 0.86048770929 1.66440834085 -162.1042822614 0.00056416352   -2 
  56 0.00000450467 0.00086880637 -33.768955865 0.15261754179 0.00500381743 0.05327057348 0.59294077674 0.48808077701 0.56958706386 0.53474133093 0.58764815056 0.65495687325 0.51837964108 0.49320772993 0.57034247950 0.51842017172 0.55302032546 0.56726109034 0.56311057868 0.50292086860 0.47993211509 0.56734837810 0.45239262401 0.63916547380 0.71274476607 0.59291046718 0.77901344681 0.86046107582 1.66443098990 -162.1042791624 0.00046678881   -2 
  57 0.00000450467 0.00086879945 -33.766597085 0.15261885281 0.00500380504 0.05327048812 0.59292894959 0.48806869504 0.56959580125 0.53473927569 0.58764205791 0.65495710514 0.51838400593 0.49320937411 0.57034449782 0.51842229454 0.55302320829 0.56726549984 0.56312079403 0.50291331725 0.47992700531 0.56734928829 0.45238933221 0.63916374506 0.71273489909 0.59290734941 0.77901851398 0.86045124650 1.66444000726 -162.1042786307 0.00053443970   -2 
  58 0.00000450467 0.00086880602 -33.762346098 0.15262052072 0.00500378286 0.05327033483 0.59293113767 0.48805107940 0.56960656148 0.53473346949 0.58762732523 0.65495503584 0.51839581759 0.49321298798 0.57034780746 0.51842477261 0.55302612356 0.56726958711 0.56313009123 0.50290579761 0.47992127971 0.56735139673 0.45238519598 0.63916294160 0.71272533843 0.59290394217 0.77902613565 0.86044230858 1.66445122400 -162.1042771672 0.00089461943   -2 
  59 0.00000450467 0.00086878596 -33.756220637 0.15262405181 0.00500374962 0.05327010795 0.59293901886 0.48802797096 0.56961804144 0.53472385790 0.58760468194 0.65495041859 0.51841351337 0.49321800682 0.57035198347 0.51842753633 0.55302918146 0.56727379843 0.56314003094 0.50289681732 0.47991399842 0.56735438306 0.45237965618 0.63916232579 0.71271407324 0.59289955859 0.77903633108 0.86043206693 1.66446429415 -162.1042753783 0.00052877097   -2 
  60 0.00000450468 0.00086878568 -33.747366458 0.15263225645 0.00500369698 0.05326975629 0.59297700380 0.48803692600 0.56960593285 0.53471251813 0.58758048047 0.65494049581 0.51843852506 0.49322434447 0.57035529079 0.51842754465 0.55302759502 0.56727028239 0.56313230663 0.50289854144 0.47991206574 0.56735913253 0.45237614313 0.63916650121 0.71271754343 0.59289857399 0.77904595237 0.86043829657 1.66446662023 -162.1042717094 0.00125821506   -2 
  61 0.00000450468 0.00086875999 -33.741947422 0.15263857635 0.00500366336 0.05326953440 0.59299458216 0.48804471872 0.56959627792 0.53470597670 0.58756706583 0.65493418733 0.51845307814 0.49322791687 0.57035688114 0.51842710293 0.55302601803 0.56726723201 0.56312562563 0.50290081889 0.47991158942 0.56736200415 0.45237434850 0.63916942821 0.71272132143 0.59289838875 0.77905130582 0.86044385479 1.66446655705 -162.1042695658 0.00067150697   -2 
  62 0.00000450470 0.00086875088 -33.719007451 0.15267047288 0.00500351262 0.05326854571 0.59297130220 0.48811437115 0.56955289046 0.53470298776 0.58755587976 0.65492249434 0.51849987646 0.49324192975 0.57036303898 0.51842418530 0.55301688734 0.56724828259 0.56307744328 0.50293064049 0.47992315967 0.56737631820 0.45237513488 0.63919030749 0.71276456439 0.59290730286 0.77906947743 0.86049632397 1.66446193334 -162.1042608959 0.00085055615   -2 
  63 0.00000450470 0.00086873581 -33.717335848 0.15267414049 0.00500349970 0.05326846392 0.59296439046 0.48811359263 0.56955339797 0.53470492625 0.58755956831 0.65492368971 0.51850032643 0.49324253143 0.57036342182 0.51842412407 0.55301643213 0.56724703656 0.56307347709 0.50293415804 0.47992511186 0.56737750538 0.45237601022 0.63919244855 0.71276956718 0.59290885362 0.77907045373 0.86050207584 1.66446254626 -162.1042596312 0.00092241806   -2 
  64 0.00000450470 0.00086873581 -33.717335848 0.15267414049 0.00500349970 0.05326846392 0.59296439046 0.48811359263 0.56955339797 0.53470492625 0.58755956831 0.65492368971 0.51850032643 0.49324253143 0.57036342182 0.51842412407 0.55301643213 0.56724703656 0.56307347709 0.50293415804 0.47992511186 0.56737750538 0.45237601022 0.63919244855 0.71276956718 0.59290885362 0.77907045373 0.86050207584 1.66446254626 -162.1042596312 0.00092241806   -5 
  65 0.00000450470 0.00086875113 -33.717253967 0.15267438140 0.00500349867 0.05326845749 0.59296349116 0.48811004700 0.56955689083 0.53470695963 0.58756324936 0.65492573498 0.51849844846 0.49324247120 0.57036368135 0.51842448238 0.55301685508 0.56724741852 0.56307347300 0.50293524125 0.47992603633 0.56737777551 0.45237671389 0.63919307141 0.71277106406 0.59290966071 0.77907044116 0.86050363093 1.66446424058 -162.1042585587 0.00077354014   -2 
  66 0.00000450470 0.00086875113 -33.717253967 0.15267438140 0.00500349867 0.05326845749 0.59296349116 0.48811004700 0.56955689083 0.53470695963 0.58756324936 0.65492573498 0.51849844846 0.49324247120 0.57036368135 0.51842448238 0.55301685508 0.56724741852 0.56307347300 0.50293524125 0.47992603633 0.56737777551 0.45237671389 0.63919307141 0.71277106406 0.59290966071 0.77907044116 0.86050363093 1.66446424058 -162.1042585587           NAN   -8 
  67 0.00000450470 0.00086875113 -33.717253967 0.15267438140 0.00500349867 0.05326845749 0.59296349116 0.48811004700 0.56955689083 0.53470695963 0.58756324936 0.65492573498 0.51849844846 0.49324247120 0.57036368135 0.51842448238 0.55301685508 0.56724741852 0.56307347300 0.50293524125 0.47992603633 0.56737777551 0.45237671389 0.63919307141 0.71277106406 0.59290966071 0.77907044116 0.86050363093 1.66446424058 -162.1042585587 0.00077354014   -5 
  68 0.00000450470 0.00086875113 -33.717253967 0.15267438140 0.00500349867 0.05326845749 0.59296349116 0.48811004700 0.56955689083 0.53470695963 0.58756324936 0.65492573498 0.51849844846 0.49324247120 0.57036368135 0.51842448238 0.55301685508 0.56724741852 0.56307347300 0.50293524125 0.47992603633 0.56737777551 0.45237671389 0.63919307141 0.71277106406 0.59290966071 0.77907044116 0.86050363093 1.66446424058 -162.1042585587 0.00077354014   -3 
-- Local optimization: stuck in the same solution
-- Found new optimum with likelihood -162.104258558753088 and gradient 0.00077

---- Best joint likelihood found -162.104258558753088 with gradient 0.00077

---- Results for /scratch/40841509/tmp_ican6ae 
--  Model: C
--        eps_an     theta_bar             a 
-- 0.00000450470 0.00086875113            -1 
--           S_d             b           p_b           S_b 
-- -33.717253967 0.15267438140 0.00500349867 0.05326845749 
--           r 2           r 3           r 4           r 5           r 6           r 7           r 8           r 9          r 10          r 11          r 12          r 13          r 14          r 15          r 16          r 17          r 18          r 19          r 20          r 21          r 22          r 23          r 24 
-- 0.59296349116 0.48811004700 0.56955689083 0.53470695963 0.58756324936 0.65492573498 0.51849844846 0.49324247120 0.57036368135 0.51842448238 0.55301685508 0.56724741852 0.56307347300 0.50293524125 0.47992603633 0.56737777551 0.45237671389 0.63919307141 0.71277106406 0.59290966071 0.77907044116 0.86050363093 1.66446424058 

---- Expected P_neut(i), 0 < i < n (neutral SFS per site) 
E[P_neut(1)] = 0.0008687475
E[P_neut(2)] = 0.0002575678
E[P_neut(3)] = 0.0001413482
E[P_neut(4)] = 0.0001237004
E[P_neut(5)] = 0.0000929052
E[P_neut(6)] = 0.0000850741
E[P_neut(7)] = 0.0000812808
E[P_neut(8)] = 0.0000563056
E[P_neut(9)] = 0.0000476116
E[P_neut(10)] = 0.0000495503
E[P_neut(11)] = 0.0000409438
E[P_neut(12)] = 0.0000400362
E[P_neut(13)] = 0.0000379075
E[P_neut(14)] = 0.0000349408
E[P_neut(15)] = 0.0000291285
E[P_neut(16)] = 0.0000260586
E[P_neut(17)] = 0.0000289948
E[P_neut(18)] = 0.0000218338
E[P_neut(19)] = 0.0000292266
E[P_neut(20)] = 0.0000309613
E[P_neut(21)] = 0.0000245286
E[P_neut(22)] = 0.0000307650
E[P_neut(23)] = 0.0000325038
E[P_neut(24)] = 0.0000602539

---- Expected P_sel(i), 0 < i < n (selected SFS per site) 
E[P_sel(1)] = 0.0006640442
E[P_sel(2)] = 0.0001758194
E[P_sel(3)] = 0.0000905215
E[P_sel(4)] = 0.0000758889
E[P_sel(5)] = 0.0000552023
E[P_sel(6)] = 0.0000492843
E[P_sel(7)] = 0.0000461115
E[P_sel(8)] = 0.0000313793
E[P_sel(9)] = 0.0000261267
E[P_sel(10)] = 0.0000268212
E[P_sel(11)] = 0.0000218927
E[P_sel(12)] = 0.0000211711
E[P_sel(13)] = 0.0000198430
E[P_sel(14)] = 0.0000181200
E[P_sel(15)] = 0.0000149756
E[P_sel(16)] = 0.0000132897
E[P_sel(17)] = 0.0000146759
E[P_sel(18)] = 0.0000109731
E[P_sel(19)] = 0.0000145903
E[P_sel(20)] = 0.0000153586
E[P_sel(21)] = 0.0000120944
E[P_sel(22)] = 0.0000150826
E[P_sel(23)] = 0.0000158481
E[P_sel(24)] = 0.0000292254

---- alpha_dfe = 0.010701

