---- Running command
---- ./polyDFE -d /scratch/40840294/tmpi7f3nkor -m C -i /scratch/40840294/tmpy0za2n7i 1 -v 1 
---- Performing inference using model C

---- Performing inference on /scratch/40840294/tmpi7f3nkor
----      with -i /scratch/40840294/tmpy0za2n7i 1
---- Data /scratch/40840294/tmpi7f3nkor does not contain divergence counts. Using option -w.
---- No mutation variability. Using Poisson likelihood.


---- Using provided initial values

-- Starting local optimization
-- Optimizing all parameters
  it        eps_an     theta_bar           S_d             b           p_b           S_b           r 2           r 3           r 4           r 5           r 6           r 7           r 8           r 9           ln lk          grad status 
   0 0.00000449946   0.000731729 -15.495060000     0.1773756  0.0009289272   0.007920217      0.756295     0.8118638     0.8203224     0.7703739     0.7596918     0.7652355     0.8437457      1.011566 -74.23346841790 0.51602967918   -2 
   1 0.00000449945 0.00072375100 -15.508704421 0.17813793795 0.00092891954 0.00792021653 0.75222041150 0.80890401295 0.81481918352 0.76819339584 0.75710604827 0.76610449227 0.84022241709 1.00993740747 -73.79150242400 0.37562087511   -2 
   2 0.00000449944 0.00075522420 -15.377126624 0.18558908949 0.00092885480 0.00792020965 0.70730014897 0.77400544507 0.73336939366 0.73773835315 0.71778355557 0.78779167385 0.78360619420 0.98751108879 -71.07733015509 0.15497567055   -2 
   3 0.00000449944 0.00075144590 -15.382194226 0.18479633033 0.00092886176 0.00792021027 0.71279885760 0.77733106388 0.74197875135 0.74030225451 0.72119729733 0.78499285340 0.78849298644 0.98905306127 -71.03858477887 0.12786677621   -2 
   4 0.00000449943 0.00075895774 -15.204074087 0.18583662154 0.00092885702 0.00792020738 0.71913982510 0.76820969886 0.73562055764 0.72672334565 0.70535618708 0.78136940439 0.76569444110 0.97331868306 -70.74743030445 0.25932795108   -2 
   5 0.00000449942 0.00075595328 -15.135251945 0.18631759370 0.00092885443 0.00792020616 0.72034727101 0.76467774319 0.73379139054 0.72134504573 0.69912904520 0.77916371406 0.75672539536 0.96668216200 -70.64113460488 0.08779149018   -2 
   6 0.00000449941 0.00075687010 -14.823839634 0.18477176938 0.00092887711 0.00792020346 0.71117963742 0.76730174277 0.74304016753 0.71492189653 0.69007996564 0.76801626344 0.74074156687 0.95145087854 -70.48438567852 0.04778426211   -2 
   7 0.00000449941 0.00075499865 -14.810464215 0.18459334125 0.00092887910 0.00792020348 0.71218260531 0.76660296919 0.74196231402 0.71601663938 0.69129835100 0.76775436901 0.74222181304 0.95218194299 -70.47386314378 0.07637116756   -2 
   8 0.00000449942 0.00075441209 -14.733958883 0.18367407859 0.00092888971 0.00792020344 0.71569059728 0.76505196524 0.73921962836 0.71975303172 0.69529892099 0.76646753493 0.74677474116 0.95418439395 -70.44571396805 0.03369677201   -2 
   9 0.00000449941 0.00075198313 -14.618370874 0.18281732474 0.00092890074 0.00792020257 0.71413565215 0.76589681777 0.73934759287 0.72181953908 0.69772967973 0.76423824520 0.74938230094 0.95441302415 -70.43042172927 0.06388056549   -2 
  10 0.00000449941 0.00075236306 -14.553062223 0.18236104894 0.00092890675 0.00792020205 0.71348483689 0.76655888078 0.73970883227 0.72271182354 0.69881598347 0.76314951594 0.75054794042 0.95444263771 -70.42315037508 0.02328855921   -2 
  11 0.00000449941 0.00075019432 -14.314488305 0.18200607168 0.00092891632 0.00792019913 0.71237750728 0.76823015718 0.74296153181 0.72080951537 0.69797538139 0.76014443268 0.75012470039 0.95198372868 -70.40780472449 0.04819356028   -2 
  12 0.00000449941 0.00075074141 -14.242858728 0.18195209583 0.00092891872 0.00792019819 0.71244586105 0.76855563756 0.74375239994 0.72021923226 0.69761719650 0.75946212673 0.74986151361 0.95129467182 -70.40354868140 0.03121437755   -2 
  13 0.00000449940 0.00074931224 -13.861374285 0.18296036603 0.00092891922 0.00792019168 0.71477161344 0.76635543348 0.74429076770 0.71622594541 0.69397805191 0.75760198899 0.74645133773 0.94744068250 -70.38293928386 0.03732126384   -2 
  14 0.00000449940 0.00075052450 -13.801799164 0.18329236130 0.00092891767 0.00792019053 0.71445217508 0.76602726743 0.74368118335 0.71613442119 0.69361838720 0.75787180058 0.74595933521 0.94727776082 -70.37760720433 0.05557068628   -2 
  15 0.00000449939 0.00075173828 -13.385945983 0.18668208971 0.00092889707 0.00792018125 0.70883185542 0.76275828794 0.73680239088 0.71644858124 0.69125888415 0.76094869764 0.74223254372 0.94689502337 -70.34074683302 0.02649404058   -2 
  16 0.00000449939 0.00074983466 -13.349120558 0.18758852394 0.00092888930 0.00792017976 0.71237953928 0.76442965024 0.73884351877 0.71746151596 0.69282380926 0.76115375867 0.74356158115 0.94847021127 -70.32656699275 0.06599392433   -2 
  17 0.00000449939 0.00074954826 -13.303411830 0.18857614381 0.00092888104 0.00792017803 0.71633383623 0.76655118585 0.74135334392 0.71877964053 0.69475238308 0.76152732385 0.74522767480 0.95044462669 -70.31671485081 0.03845894784   -2 
  18 0.00000449939 0.00075066663 -13.299702315 0.18855505385 0.00092888135 0.00792017799 0.71494253639 0.76657663330 0.74136912601 0.71899368192 0.69488719477 0.76182055251 0.74543314603 0.95069304787 -70.31182928295 0.04440074917   -2 
  19 0.00000449939 0.00075044065 -13.292279455 0.18869105952 0.00092888027 0.00792017770 0.71201421619 0.76649149496 0.74139304759 0.71942986511 0.69523184327 0.76240908012 0.74594535777 0.95129147087 -70.30508853601 0.01453419621   -2 
  20 0.00000449939 0.00075144854 -13.232135778 0.18971925690 0.00092887212 0.00792017622 0.71124801750 0.76622125859 0.74188813681 0.72092451273 0.69692769106 0.76437002287 0.74833344257 0.95401104755 -70.29846184278 0.05725738346   -2 
  21 0.00000449939 0.00075069048 -13.126362835 0.19170093521 0.00092885631 0.00792017342 0.71013902959 0.76565665818 0.74263786899 0.72340505778 0.69982544557 0.76773029522 0.75249561823 0.95872859330 -70.28809900778 0.03171585742   -2 
  22 0.00000449939 0.00074872974 -12.934975840 0.19477170933 0.00092883299 0.00792016874 0.71658500008 0.76812060186 0.74406711494 0.72508193074 0.70235118660 0.77078031007 0.75663950215 0.96344915075 -70.26517621860 0.04884563918   -2 
  23 0.00000449939 0.00074936196 -12.894709702 0.19528935713 0.00092882934 0.00792016782 0.71757413549 0.76885857296 0.74451499181 0.72539088748 0.70276635105 0.77127706041 0.75728454632 0.96421498661 -70.26137182134 0.02906744062   -2 
  24 0.00000449938 0.00074853739 -12.517075659 0.19938978680 0.00092880271 0.00792015935 0.71654140694 0.77719564692 0.75008332483 0.72698376718 0.70440221404 0.77327597069 0.75950866642 0.96748092670 -70.23539103625 0.05187848115   -2 
  25 0.00000449938 0.00074736967 -12.460884831 0.20000548154 0.00092879880 0.00792015804 0.71628606760 0.77756885306 0.75062355572 0.72719721300 0.70457842115 0.77348892575 0.75969183892 0.96781504145 -70.23048927842 0.04139104101   -2 
  26 0.00000449936 0.00074560823 -11.175620295 0.21176691389 0.00092873646 0.00792012873 0.71649275602 0.76459150383 0.75642288647 0.73376812182 0.70860114564 0.77784473880 0.76129039297 0.97316908649 -70.13530318104 0.05614227083   -2 
  27 0.00000449936 0.00074702544 -11.130146370 0.21196616414 0.00092873625 0.00792012774 0.71638176191 0.76906682834 0.75424226130 0.73295370003 0.70849495191 0.77783381926 0.76154010424 0.97322734493 -70.11267055412 0.10179719181   -2 
  28 0.00000449936 0.00074508952 -11.078583208 0.21234054687 0.00092873471 0.00792012646 0.71579045908 0.77473205575 0.75102441752 0.73160645479 0.70818923491 0.77766103175 0.76178450917 0.97313136945 -70.08675317847 0.01277476405   -2 
  29 0.00000449936 0.00074439841 -11.025529565 0.21254124065 0.00092873458 0.00792012532 0.71741185284 0.77316369174 0.75024096010 0.73058453210 0.70801459406 0.77762962144 0.76244140525 0.97324258862 -70.08280745831 0.02648812145   -2 
  30 0.00000449935 0.00074478453 -11.004824215 0.21259611744 0.00092873474 0.00792012492 0.71779783059 0.77276969511 0.75008168443 0.73030574310 0.70798404767 0.77764562541 0.76268596144 0.97331076768 -70.08156588198 0.01690422338   -2 
  31 0.00000449935 0.00074426704 -10.737992030 0.21375049843 0.00092873303 0.00792011984 0.71426425343 0.77081185206 0.74979701300 0.72818947418 0.70764058938 0.77773938123 0.76520989505 0.97395750171 -70.06891707615 0.02008182246   -2 
  32 0.00000449935 0.00074338972 -10.625459785 0.21444016566 0.00092873058 0.00792011744 0.71343304177 0.77061917695 0.74967848131 0.72767365661 0.70744206326 0.77765841222 0.76587566290 0.97403754444 -70.06671216724 0.03570566670   -2 
  33 0.00000449934 0.00074307851 -10.322393971 0.21647430006 0.00092872271 0.00792011066 0.71260619905 0.77104726816 0.74953536698 0.72692086747 0.70697665700 0.77742125710 0.76723363650 0.97416038184 -70.05954482283 0.03760750356   -2 
  34 0.00000449934 0.00074105626 -10.085572220 0.21853179891 0.00092871281 0.00792010473 0.71303132605 0.77169445025 0.74939290161 0.72688922178 0.70664699289 0.77717436579 0.76773491178 0.97410946682 -70.05276190480 0.04964786190   -2 
  35 0.00000449933 0.00074057210 -9.7843632737 0.22144859495 0.00092869813 0.00792009668 0.71467591494 0.77294345625 0.74950034017 0.72753374039 0.70648936969 0.77704464873 0.76805370156 0.97418711995 -70.04309804108 0.03374191460   -2 
  36 0.00000449933 0.00073898056 -9.5125671108 0.22464979540 0.00092868060 0.00792008878 0.71627799865 0.77400400193 0.74983004406 0.72874262384 0.70665842544 0.77717038684 0.76801988142 0.97447441595 -70.03773408054 0.03143467134   -2 
  37 0.00000449931 0.00073684822 -9.0369121525 0.23168565550 0.00092863956 0.00792007331 0.71830342906 0.77564850480 0.75151277017 0.73259017950 0.70822291144 0.77854608903 0.76763092455 0.97618644821 -70.02724605384 0.04040027939   -2 
  38 0.00000449931 0.00073818229 -8.8055127800 0.23661953357 0.00092860802 0.00792006423 0.71668597149 0.77599260954 0.75381853988 0.73585479502 0.71090318631 0.78122080863 0.76811512369 0.97937450485 -70.00931770702 0.10024261139   -2 
  39 0.00000449930 0.00073623131 -8.5118957874 0.24389661056 0.00092856143 0.00792005172 0.71380062895 0.77598277616 0.75685664464 0.74017590807 0.71477789804 0.78515533444 0.76894578113 0.98411232252 -69.97930336869 0.03438609031   -2 
  40 0.00000449929 0.00073562598 -8.3402593114 0.24857482144 0.00092853182 0.00792004396 0.71277659077 0.77610182871 0.75865016516 0.74264489538 0.71730852187 0.78782085602 0.76981625484 0.98741003880 -69.97491917956 0.05133045824   -2 
  41 0.00000449929 0.00073634850 -8.1815054715 0.25326415945 0.00092850228 0.00792003637 0.71322541069 0.77655831935 0.76021072712 0.74467016189 0.71988809080 0.79069342983 0.77124886491 0.99111334498 -69.96663203944 0.05855461955   -2 
  42 0.00000449928 0.00073375645 -7.7799076536 0.26694655321 0.00092841750 0.00792001556 0.71682451854 0.77816378907 0.76350062301 0.74887850259 0.72679826803 0.79882302940 0.77645874747 1.00203490073 -69.94322128442 0.03759671756   -2 
  43 0.00000449928 0.00073415352 -7.7150790196 0.26924775527 0.00092840357 0.00792001204 0.71808427838 0.77914894101 0.76394791165 0.74924417776 0.72784720704 0.80025487557 0.77806484944 1.00418093671 -69.93910070713 0.03935533764   -2 
  44 0.00000449927 0.00073251496 -7.5932663060 0.27390179086 0.00092837514 0.00792000503 0.72077652645 0.78190322274 0.76450718494 0.74930092931 0.72958221041 0.80304202596 0.78241114682 1.00878542352 -69.93121221016 0.02085286454   -2 
  45 0.00000449927 0.00073301626 -7.5858604321 0.27404081486 0.00092837419 0.00792000456 0.72053461553 0.78261003618 0.76473294062 0.74920421542 0.72954134672 0.80324197116 0.78365179008 1.00938977920 -69.92912929012 0.03291554526   -2 
  46 0.00000449927 0.00073226919 -7.5697392289 0.27440232673 0.00092837128 0.00792000331 0.71933818356 0.78451879567 0.76531830523 0.74877563416 0.72922336971 0.80369293208 0.78765527195 1.01113101578 -69.92390138134 0.01051545557   -2 
  47 0.00000449927 0.00073192675 -7.5683410395 0.27434794825 0.00092837032 0.00792000239 0.72061038545 0.78372491284 0.76564010476 0.74884895184 0.72895309212 0.80377571799 0.79034734510 1.01196949521 -69.92188748825 0.00458853540   -2 
  48 0.00000449927 0.00073202341 -7.5687268382 0.27433187466 0.00092837028 0.00792000236 0.72059074332 0.78372938504 0.76565929609 0.74889412448 0.72896785689 0.80378451075 0.79042594692 1.01198718147 -69.92184284046 0.00430641843   -2 
  49 0.00000449927 0.00073201651 -7.5746111189 0.27421033986 0.00092836949 0.00792000186 0.72014652393 0.78374866171 0.76576078232 0.74931493051 0.72911001983 0.80383033056 0.79099586997 1.01207396956 -69.92161093786 0.00276474146   -2 
  50 0.00000449927 0.00073185574 -7.5912823873 0.27395701231 0.00092836686 0.00792000079 0.72064929180 0.78381062068 0.76573781679 0.74975624452 0.72931904592 0.80384465675 0.79161987353 1.01208072222 -69.92132468257 0.00815987928   -2 
  51 0.00000449927 0.00073197846 -7.5975629398 0.27384987131 0.00092836591 0.00792000038 0.72084073565 0.78386434517 0.76574908062 0.74990473001 0.72939960122 0.80385954124 0.79183262212 1.01209133411 -69.92121765907 0.00331816241   -2 
  52 0.00000449928 0.00073220589 -7.6424625114 0.27311056569 0.00092835871 0.00791999753 0.72044663650 0.78459066638 0.76616001524 0.74968049317 0.72962643699 0.80404942746 0.79193748284 1.01215730519 -69.92063343629 0.00459634872   -2 
  53 0.00000449928 0.00073222220 -7.6809290379 0.27242890915 0.00092835250 0.00791999504 0.72051678480 0.78461160050 0.76629924500 0.74934266942 0.72963226309 0.80411699237 0.79167410893 1.01212312711 -69.92033691162 0.01219010396   -2 
  54 0.00000449928 0.00073268670 -7.7312875068 0.27148808182 0.00092834454 0.00791999167 0.72074312022 0.78456361498 0.76644693352 0.74891884022 0.72961059942 0.80418819658 0.79127634894 1.01206401111 -69.91992053492 0.00568953947   -2 
  55 0.00000449928 0.00073275785 -7.7785076814 0.27043973340 0.00092833727 0.00791998795 0.72104027919 0.78400055359 0.76612918895 0.74866206741 0.72931158181 0.80397788721 0.79063601026 1.01174141989 -69.91948558391 0.01119097606   -2 
  56 0.00000449928 0.00073315953 -7.8226021473 0.26939876172 0.00092833067 0.00791998438 0.72130037520 0.78349382435 0.76578915811 0.74846627734 0.72899450078 0.80373318990 0.79000996172 1.01139026738 -69.91917194424 0.00711950540   -2 
  57 0.00000449929 0.00073389231 -7.9385217136 0.26586066642 0.00092831483 0.00791997370 0.71975738798 0.78298792796 0.76409921811 0.74832839806 0.72735985817 0.80195113294 0.78794225042 1.00921202904 -69.91729123159 0.00681959122   -2 
  58 0.00000449929 0.00073370652 -7.9628293093 0.26501893100 0.00092831147 0.00791997100 0.71984122725 0.78284711453 0.76380950974 0.74799807468 0.72688537886 0.80132411436 0.78746369248 1.00839487000 -69.91691543870 0.01476789771   -2 
  59 0.00000449929 0.00073401805 -8.0164145273 0.26305842666 0.00092830421 0.00791996482 0.72028107790 0.78259080891 0.76326529534 0.74715674247 0.72581090854 0.79985418818 0.78640542466 1.00644847893 -69.91606736006 0.00314668054   -2 
  60 0.00000449929 0.00073408330 -8.0232457399 0.26271467001 0.00092830267 0.00791996326 0.71986974688 0.78240012553 0.76356135946 0.74659384231 0.72576528153 0.79961617900 0.78634119579 1.00590292851 -69.91587955715 0.00112634464   -2 
  61 0.00000449929 0.00073411052 -8.0233032791 0.26268072278 0.00092830208 0.00791996295 0.71995766521 0.78232001900 0.76351917386 0.74644497882 0.72577894101 0.79958884480 0.78634517159 1.00576305275 -69.91586279689 0.00179313019   -2 
  62 0.00000449929 0.00073408255 -8.0233179268 0.26267253532 0.00092830184 0.00791996281 0.71997529887 0.78229458522 0.76349931972 0.74639860465 0.72578175226 0.79957936931 0.78634513107 1.00571660500 -69.91585809932 0.00050065321   -2 
  63 0.00000449929 0.00073408317 -8.0227035591 0.26265622207 0.00092830087 0.00791996226 0.71992721592 0.78229369190 0.76341501797 0.74632774684 0.72578495385 0.79956184402 0.78634195407 1.00559359073 -69.91585304654 0.00066211730   -2 
  64 0.00000449929 0.00073409338 -8.0224750281 0.26265071558 0.00092830054 0.00791996207 0.71991278074 0.78229393993 0.76338992039 0.74630804685 0.72578504035 0.79955602710 0.78634023494 1.00555566142 -69.91585239422 0.00027495283   -2 
  65 0.00000449929 0.00073410199 -8.0222794058 0.26264900060 0.00092830024 0.00791996195 0.71990854746 0.78228989469 0.76338838430 0.74631355030 0.72577747546 0.79955013828 0.78633339621 1.00554438007 -69.91585197576 0.00051918729   -2 
  66 0.00000449929 0.00073409184 -8.0212876877 0.26264357393 0.00092829853 0.00791996143 0.71988269741 0.78226144811 0.76338366818 0.74634774704 0.72573159742 0.79951564339 0.78629267992 1.00549124621 -69.91584998666 0.00018590218   -2 
  67 0.00000449929 0.00073409524 -8.0210449657 0.26264495927 0.00092829791 0.00791996105 0.71989418494 0.78226194306 0.76338544982 0.74634785689 0.72572420398 0.79951000615 0.78628381627 1.00549567116 -69.91584968428 0.00038646367   -2 
  68 0.00000449929 0.00073408395 -8.0206580218 0.26264867808 0.00092829680 0.00791996036 0.71991115718 0.78226252922 0.76338771137 0.74634579701 0.72571243334 0.79950080585 0.78626919278 1.00550495699 -69.91584922592 0.00015425963   -2 
  69 0.00000449929 0.00073408517 -8.0195252787 0.26266781427 0.00092829276 0.00791995821 0.71988737258 0.78228743531 0.76339995693 0.74633002850 0.72571447025 0.79950092777 0.78625557808 1.00555127082 -69.91584817241 0.00039001030   -2 
  70 0.00000449929 0.00073407698 -8.0192810270 0.26267304441 0.00092829181 0.00791995773 0.71988314931 0.78228953169 0.76340126726 0.74632695451 0.72571558461 0.79950150313 0.78625375834 1.00556030357 -69.91584790815 0.00024964981   -2 
  71 0.00000449929 0.00073405640 -8.0150233000 0.26277375991 0.00092827466 0.00791994906 0.71992205904 0.78223972653 0.76339889527 0.74631764193 0.72576848123 0.79954356656 0.78627750811 1.00567742766 -69.91584427557 0.00047432990   -2 
  72 0.00000449929 0.00073406528 -8.0143997463 0.26278836373 0.00092827213 0.00791994773 0.71992227954 0.78224199009 0.76340097655 0.74632211747 0.72577569069 0.79955077824 0.78628435464 1.00568877758 -69.91584366867 0.00056050351   -2 
  73 0.00000449929 0.00073403770 -8.0073100777 0.26297042532 0.00092824195 0.00791993189 0.71985549683 0.78232173439 0.76343114306 0.74640930320 0.72584677046 0.79963513339 0.78638508574 1.00576685178 -69.91583689620 0.00054684573   -2 
  74 0.00000449929 0.00073402095 -8.0070126662 0.26298021781 0.00092824046 0.00791993111 0.71986936976 0.78231961534 0.76343472741 0.74641327516 0.72584635936 0.79963753032 0.78639068785 1.00576383011 -69.91583591955 0.00069845791   -2 
  75 0.00000449929 0.00073401895 -8.0062644462 0.26300268350 0.00092823680 0.00791992922 0.71992678790 0.78231397222 0.76344999026 0.74642545996 0.72584332553 0.79964389606 0.78640714779 1.00575282275 -69.91583357935 0.00013544101   -2 
  76 0.00000449929 0.00073401982 -8.0061479276 0.26300628141 0.00092823618 0.00791992891 0.71993310927 0.78231419900 0.76345399116 0.74642797991 0.72584267692 0.79964532290 0.78641065935 1.00575061629 -69.91583353235 0.00017498488   -2 
  77 0.00000449929 0.00073401080 -8.0056824965 0.26302279642 0.00092823326 0.00791992759 0.71993820941 0.78232033372 0.76347756308 0.74644093225 0.72583908456 0.79965336976 0.78642994188 1.00574014528 -69.91583319278 0.00030501082   -2 
  78 0.00000449929 0.00073401314 -8.0052999798 0.26303553386 0.00092823089 0.00791992652 0.71993922744 0.78232713162 0.76349614997 0.74645170252 0.72583740546 0.79966065057 0.78644594926 1.00573327433 -69.91583297015 0.00016180009   -2 
  79 0.00000449929 0.00073401090 -8.0048818149 0.26304955947 0.00092822808 0.00791992551 0.71992228717 0.78233650363 0.76350494674 0.74646105124 0.72584179443 0.79967099009 0.78646260320 1.00573576349 -69.91583268383 0.00020719682   -2 
  80 0.00000449929 0.00073401280 -8.0048876030 0.26304912246 0.00092822812 0.00791992554 0.71992327036 0.78233599915 0.76350322490 0.74646038017 0.72584243932 0.79967089331 0.78646185341 1.00573280588 -69.91583266265 0.00012307102   -2 
  81 0.00000449929 0.00073401665 -8.0048741109 0.26304861837 0.00092822796 0.00791992533 0.71992653743 0.78233277784 0.76349203233 0.74645659669 0.72584720909 0.79967124838 0.78645900992 1.00573402141 -69.91583256196 0.00024294384   -2 
  82 0.00000449929 0.00073401358 -8.0048590539 0.26304855891 0.00092822767 0.00791992507 0.71992847916 0.78232841678 0.76347834897 0.74645171597 0.72585278159 0.79967152080 0.78645543941 1.00573792165 -69.91583243061 0.00007770406    0 
-- Found new optimum with likelihood -69.915832430618593 and gradient 0.00008

---- Best joint likelihood found -69.915832430618593 with gradient 0.00008

---- Results for /scratch/40840294/tmpi7f3nkor 
--  Model: C
--        eps_an     theta_bar             a 
-- 0.00000449929 0.00073401358            -1 
--           S_d             b           p_b           S_b 
-- -8.0048590539 0.26304855891 0.00092822767 0.00791992507 
--           r 2           r 3           r 4           r 5           r 6           r 7           r 8           r 9 
-- 0.71992847916 0.78232841678 0.76347834897 0.74645171597 0.72585278159 0.79967152080 0.78645543941 1.00573792165 

---- Expected P_neut(i), 0 < i < n (neutral SFS per site) 
E[P_neut(1)] = 0.0007340107
E[P_neut(2)] = 0.0002642178
E[P_neut(3)] = 0.0001914127
E[P_neut(4)] = 0.0001401006
E[P_neut(5)] = 0.0001095811
E[P_neut(6)] = 0.0000887979
E[P_neut(7)] = 0.0000838533
E[P_neut(8)] = 0.0000721595
E[P_neut(9)] = 0.0000820280

---- Expected P_sel(i), 0 < i < n (selected SFS per site) 
E[P_sel(1)] = 0.0005688229
E[P_sel(2)] = 0.0001778845
E[P_sel(3)] = 0.0001178366
E[P_sel(4)] = 0.0000809362
E[P_sel(5)] = 0.0000602947
E[P_sel(6)] = 0.0000469747
E[P_sel(7)] = 0.0000429216
E[P_sel(8)] = 0.0000359040
E[P_sel(9)] = 0.0000398122

---- alpha_dfe = 0.002003

