---- Running command
---- ./polyDFE -d /scratch/38995596/tmpfygyokbe -m C -i /scratch/38995596/tmp2z_c9dt4 1 -v 1 
---- Performing inference using model C

---- Performing inference on /scratch/38995596/tmpfygyokbe
----      with -i /scratch/38995596/tmp2z_c9dt4 1
---- Data /scratch/38995596/tmpfygyokbe does not contain divergence counts. Using option -w.
---- No mutation variability. Using Poisson likelihood.


---- Using provided initial values

-- Starting local optimization
-- Optimizing all parameters
  it     theta_bar           S_d             b           r 2           r 3           r 4           r 5           r 6           r 7           r 8           r 9          r 10          r 11          r 12          r 13          r 14          r 15          r 16          r 17          r 18          r 19           ln lk          grad status 
   0  0.0008889703 -275.47030000     0.3631272      1.108895      1.085894       1.17146       1.22055     0.9183284      1.078414     0.8619392      1.201028      1.044525     0.9376269     0.9625282      1.367893       1.02253       1.02738     0.9952897      1.232454      1.175055      1.245369 -168.0423392203 0.68461090698   -2 
   1 0.00087992085 -277.67740947 0.37042917470 1.07595584685 1.05100961683 1.24281096732 1.20274664329 0.93736250842 1.05475709030 0.87253973138 1.21471428782 1.03840501323 0.95239264203 0.96598791224 1.35599292067 1.02373776422 1.02738059973 1.00121600993 1.23384315403 1.18852589547 1.24816837730 -164.6247127398 1.49666710031   -2 
   2 0.00090119814 -277.85880807 0.36994244676 1.05059701782 1.02003190574 1.32075089745 1.18640093832 0.95864425574 1.03125883383 0.88453499682 1.23028473011 1.03251718334 0.96893342905 0.97015878458 1.34407550027 1.02545183457 1.02776495540 1.00799192439 1.23580227240 1.20362508352 1.25161273286 -161.3633117113 0.33735454507   -2 
   3 0.00089977775 -276.92650226 0.36559769052 1.04981708292 1.00933632281 1.34993835893 1.17696280835 0.97070030084 1.01620541569 0.89202162702 1.23953383487 1.02795740052 0.98015411193 0.97268490839 1.33519285801 1.02627445809 1.02765743233 1.01262596143 1.23675464303 1.21434113259 1.25371364256 -160.9309075518 0.46831234195   -2 
   4 0.00088975816 -276.76350360 0.36472157131 1.05241857726 1.00509300089 1.36096270864 1.17129340858 0.97760441255 1.00672657318 0.89660852206 1.24501020676 1.02477704010 0.98741518281 0.97419585007 1.32912829332 1.02666967163 1.02744042839 1.01563905566 1.23722136992 1.22146956622 1.25498044282 -160.6324722905 0.30485849208   -2 
   5 0.00088540582 -275.66776692 0.36156834056 1.08227817879 1.00938853788 1.36721279962 1.15956670293 0.99861614853 0.97918172217 0.91228862654 1.26333915577 1.01481168770 1.01313426724 0.97992798289 1.30943984261 1.02851712598 1.02710226559 1.02685262254 1.23939714783 1.24764930362 1.26000268298 -159.9459835223 0.35868095568   -2 
   6 0.00087971126 -275.90514645 0.36335877949 1.09220146985 1.01351486922 1.36463566753 1.15654175871 1.00623363357 0.96935425396 0.91854745942 1.27050073573 1.01097178209 1.02380034949 0.98236580645 1.30169251706 1.02936024734 1.02703146015 1.03166555007 1.24039389618 1.25886480731 1.26220461363 -159.7344154426 0.29209217562   -2 
   7 0.00088551549 -276.10146750 0.36616417980 1.10206255896 1.02472973338 1.35537597617 1.15726438328 1.01542039088 0.95931282170 0.92726855344 1.28040295549 1.00671086259 1.03899874028 0.98630881598 1.29225138176 1.03108051591 1.02742763544 1.03904569221 1.24241069114 1.27558857663 1.26592160991 -159.4672307194 0.20956496580   -2 
   8 0.00088281925 -276.19784816 0.36799160835 1.09977128953 1.03212731314 1.34698846498 1.16082639260 1.01833652304 0.95686527735 0.93142397078 1.28491706332 1.00518505766 1.04685590875 0.98863817814 1.28819086735 1.03227438078 1.02789764283 1.04335250888 1.24381086197 1.28509781723 1.26825783308 -159.3482709910 0.26317355205   -2 
   9 0.00088571014 -275.44096522 0.36789724713 1.09260588853 1.04575194524 1.33269702380 1.16995393256 1.02201485463 0.95555638841 0.93827778742 1.29228773265 1.00352719048 1.06017896717 0.99298824838 1.28250139408 1.03473221631 1.02909981150 1.05116389073 1.24668522315 1.30200307076 1.27273200304 -159.1629190433 0.15221202066   -2 
  10 0.00088160730 -274.84607095 0.36722438314 1.08770372871 1.04867717067 1.32826735243 1.17484384311 1.02169268468 0.95740339094 0.94028852247 1.29422770351 1.00356231317 1.06483213928 0.99482234102 1.28122971142 1.03591761848 1.02979707075 1.05449382783 1.24808008993 1.30898178442 1.27477857708 -159.1017807275 0.15209123296   -2 
  11 0.00088173069 -274.13260403 0.36602307952 1.08505644797 1.04952914828 1.32678111781 1.17889353721 1.02076577073 0.96001174332 0.94138588650 1.29519732458 1.00406212562 1.06774686639 0.99621716511 1.28101444598 1.03692152821 1.03046766934 1.05696994612 1.24926307754 1.31398904859 1.27641265547 -159.0606650696 0.09845812902   -2 
  12 0.00087959130 -272.63293836 0.36509988220 1.08067144435 1.04795988822 1.32629538803 1.18861019539 1.01686281691 0.96856502408 0.94303547098 1.29626733863 1.00606217994 1.07359738411 0.99956858004 1.28176190425 1.03952018469 1.03231746202 1.06299194002 1.25234246881 1.32587913196 1.28056204598 -159.0113753279 0.14388156970   -2 
  13 0.00087766196 -272.06161560 0.36691896091 1.08105731173 1.04525243627 1.32821168026 1.19344168291 1.01385605505 0.97472329296 0.94337817050 1.29614104332 1.00775227857 1.07623892675 1.00153650096 1.28305053697 1.04118951983 1.03358706173 1.06660575455 1.25433829925 1.33279378807 1.28318692379 -158.9513831656 0.20463962494   -2 
  14 0.00088131223 -270.79689014 0.36916346980 1.08477599565 1.04100815894 1.33327979655 1.20055484559 1.00919575227 0.98516875368 0.94370128249 1.29577645289 1.01089511239 1.07997927445 1.00474522661 1.28582812943 1.04402044315 1.03581382489 1.07242176198 1.25772684720 1.34370154743 1.28755156194 -158.8610312148 0.08038486567   -2 
  15 0.00087681737 -268.04188716 0.36845107067 1.09466128538 1.03880562388 1.34246705447 1.20000180645 1.00606070550 0.99479205722 0.94245832703 1.29407485889 1.01516998994 1.08039105910 1.00747575302 1.29112635082 1.04699804712 1.03847816491 1.07752860242 1.26136471689 1.35225005203 1.29199645081 -158.7914084868 0.06187052203   -2 
  16 0.00087534892 -267.33809249 0.36934035620 1.09568507345 1.04010151077 1.34470315152 1.19867791022 1.00632338192 0.99652511646 0.94208721576 1.29382231029 1.01653131222 1.07988963826 1.00812802459 1.29310929003 1.04786269369 1.03934124502 1.07867202402 1.26243709826 1.35380432209 1.29321685617 -158.7781609585 0.10970015852   -2 
  17 0.00087637109 -264.32679848 0.37170856809 1.09895540763 1.04678466783 1.35312345025 1.19364932181 1.00847100724 1.00238145035 0.94093325009 1.29340654490 1.02185844270 1.07778175999 1.01060651024 1.30102264680 1.05122545632 1.04275502517 1.08281893678 1.26660615191 1.35908825731 1.29786846939 -158.7322822639 0.06512464854   -2 
  18 0.00087325521 -259.78950691 0.37223398875 1.09795945598 1.05461425537 1.35910621813 1.18952821750 1.01314265738 1.00709603565 0.94033406414 1.29428608691 1.02826151840 1.07510610922 1.01356371090 1.31095452370 1.05541652667 1.04715005674 1.08740942324 1.27182581190 1.36415034928 1.30353712611 -158.6945200197 0.05916954854   -2 
  19 0.00087185324 -258.93637187 0.37278223168 1.09743456364 1.05493741223 1.35870892537 1.18995796475 1.01432584301 1.00725379809 0.94056623992 1.29492071650 1.02928087192 1.07480015445 1.01409894045 1.31264198685 1.05619163149 1.04799580421 1.08812619782 1.27280032114 1.36474726550 1.30456129458 -158.6862743585 0.08715734913   -2 
  20 0.00087093235 -249.10161119 0.37697392211 1.09398764623 1.05534381808 1.35077931887 1.20021725233 1.02858288736 1.00669899252 0.94481462717 1.30412513139 1.03976733631 1.07276954198 1.02003718822 1.33032309051 1.06469230826 1.05735807591 1.09547014711 1.28349193480 1.37008966962 1.31563295593 -158.5967261264 0.04612202300   -2 
  21 0.00087039196 -246.15798515 0.37833738536 1.09385011560 1.05515476009 1.34890933167 1.20341898597 1.03249130225 1.00637478525 0.94624010505 1.30697211591 1.04268515447 1.07242135063 1.02179397709 1.33531049266 1.06719604740 1.06013263505 1.09759465925 1.28665264054 1.37156567879 1.31890269090 -158.5915308600 0.05352632310   -2 
  22 0.00086727525 -242.16091845 0.38054365076 1.10156254972 1.05302978366 1.35252231882 1.20733662867 1.03297087806 1.00502453326 0.94910589536 1.31069835206 1.04381367155 1.07444769771 1.02356039315 1.33776175155 1.06954983325 1.06287186283 1.09931437564 1.28973076162 1.37226080154 1.32207412152 -158.5583557952 0.12474183488   -2 
  23 0.00086766392 -239.93054911 0.38124124279 1.10578906719 1.05231059506 1.35513033022 1.20948330147 1.03300017586 1.00442133774 0.95076592670 1.31276416077 1.04427521870 1.07580723283 1.02451756181 1.33880749505 1.07077581222 1.06429763087 1.10019560214 1.29133563839 1.37261578313 1.32372143989 -158.5403749112 0.04531626643   -2 
  24 0.00086426780 -233.13050918 0.38364138944 1.10488693253 1.05715669466 1.37000983052 1.21386876918 1.02846475363 1.00464057958 0.95706571818 1.31886218022 1.04271182220 1.08425322848 1.02720347917 1.33662308292 1.07346481534 1.06747888991 1.10187436959 1.29496132315 1.37315144645 1.32739828978 -158.4956812267 0.04202798365   -2 
  25 0.00086541243 -231.47578353 0.38522903788 1.10401128413 1.05912248495 1.37179249543 1.21453798765 1.02771496057 1.00561939302 0.95873003128 1.32035807563 1.04224303126 1.08708547979 1.02801732447 1.33561651904 1.07411846936 1.06820498434 1.10231813557 1.29582858515 1.37353007878 1.32826212405 -158.4862222082 0.04402372919   -2 
  26 0.00086506923 -230.86981208 0.38591445993 1.10355294006 1.05976685266 1.37176745211 1.21461265800 1.02755698704 1.00615382500 0.95929767814 1.32083362999 1.04206123152 1.08821571765 1.02832682078 1.33515813700 1.07433631668 1.06843678814 1.10247537326 1.29611597966 1.37371742208 1.32854612345 -158.4835917353 0.03349208917   -2 
  27 0.00086483602 -227.63276826 0.38720532372 1.10220514517 1.06224072464 1.36662247508 1.21401094993 1.02833407440 1.01025605467 0.96155207200 1.32255450740 1.04143135010 1.09407158573 1.02993595709 1.33267543344 1.07524838988 1.06928530543 1.10325965635 1.29727291149 1.37515707843 1.32965883793 -158.4698155570 0.02704763148   -2 
  28 0.00086434986 -226.82924254 0.38755849009 1.10204943153 1.06256363769 1.36527430900 1.21380991227 1.02864066339 1.01131279234 0.96203383894 1.32290528471 1.04131277526 1.09549840560 1.03033762537 1.33207561052 1.07546368207 1.06947469594 1.10345979872 1.29754263265 1.37556285626 1.32991692621 -158.4687144232 0.02036300577   -2 
  29 0.00086421013 -225.93719195 0.38766341225 1.10337571197 1.06138877365 1.36428453027 1.21357177037 1.02966112397 1.01250483868 0.96208211825   1.322895589 1.04150387792 1.09665224435 1.03076947139 1.33173054103 1.07565192113 1.06957820229 1.10372602747 1.29775247827 1.37627606738 1.33010938742 -158.4660363686 0.03088846079   -2 
  30 0.00086369036 -225.55694474 0.38788512001 1.10398255149 1.06065162529 1.36394771939 1.21345255960 1.03021427831 1.01303335656 0.96201745958 1.32281737104 1.04164168362 1.09710651919 1.03096415234 1.33162191775 1.07572879480 1.06960668958 1.10385602900 1.29783321200 1.37665098898 1.33018191528 -158.4648284222 0.01549472296   -2 
  31 0.00086406429 -225.12635869 0.38836150739 1.10470250138 1.05953433608 1.36455087052 1.21352354951 1.03126440777 1.01359047740 0.96165294706 1.32254719894 1.04209298588 1.09733040811 1.03122379677 1.33182468727 1.07583061836 1.06960892667 1.10408876127 1.29792059064 1.37734481645 1.33025487608 -158.4634576766 0.01297096630   -2 
  32 0.00086383915 -224.99204769 0.38851636949 1.10462752766 1.05926526402 1.36501505430 1.21360791424 1.03165717428 1.01369435586  0.9614404792 1.32240287776 1.04232494068 1.09726290228 1.03130463214 1.33200819452 1.07586140603 1.06959506592 1.10418458457 1.29793974067 1.37763908155 1.33026848145 -158.4630559091 0.01726419543   -2 
  33 0.00086384387 -224.44905633 0.38871055218 1.10409177493 1.05870341867 1.36714780718 1.21409689919 1.03314658348 1.01396803215 0.96058414804 1.32187039722 1.04331565019 1.09682084915 1.03161025906 1.33289404111 1.07599217091 1.06954606904 1.10458026593 1.29802116608 1.37882180684 1.33032679910 -158.4616916749 0.00861165297   -2 
  34 0.00086351406 -224.30586941 0.38873859576 1.10389854492 1.05901854195 1.36751129580 1.21427470341 1.03341070556 1.01392284323 0.96034283218 1.32175983327 1.04364399938 1.09655976970 1.03168749232 1.33326744602 1.07603733831 1.06953451792 1.10471441384 1.29804961515 1.37919882104 1.33034792192 -158.4613900050 0.01404429485   -2 
  35 0.00086345002 -224.08466272 0.38870772850 1.10374573495 1.05969257592 1.36795691669 1.21457774532 1.03373891400 1.01382768678 0.96001641970 1.32164634537 1.04415083349 1.09614169785 1.03180732339 1.33387515913 1.07611759760 1.06952936260 1.10492884620 1.29810610313 1.37977664566 1.33039259311 -158.4609706783 0.00859120713   -2 
  36 0.00086332434 -223.87175198 0.38896625812 1.10393881632 1.06076314861 1.36803096236 1.21495907209 1.03390081578 1.01362524290 0.95971262713 1.32164042926 1.04479993741 1.09554497225 1.03196038623 1.33474747602 1.07624722187 1.06955104479 1.10523251133 1.29820948004 1.38053657045 1.33047984550 -158.4605001069 0.00858312286   -2 
  37 0.00086342530 -223.82488495 0.38899049691 1.10405672668 1.06094713920 1.36799695914 1.21503757418 1.03390085594 1.01358982952 0.95968640011 1.32167596134 1.04492623628 1.09543468123 1.03199573286 1.33493251388 1.07628219130 1.06956544774 1.10530056715 1.29824108628 1.38069117897 1.33050783951 -158.4604148200 0.00522419597   -2 
  38 0.00086329192 -223.69221951 0.38910302426 1.10467608635 1.06115606987 1.36750367606 1.21522214941 1.03366011299 1.01348823916  0.9598054828 1.32198706512 1.04527701134 1.09512953331 1.03212180337 1.33555667352 1.07643672719 1.06966288168 1.10555073953 1.29839570084 1.38118151420 1.33065004592 -158.4601934857 0.00479237001   -2 
  39 0.00086332808 -223.65507684 0.38907988868 1.10475504533 1.06112470278 1.36741974856 1.21525835932 1.03358840690 1.01348696458 0.95988034583 1.32209939716 1.04534176469 1.09509097997 1.03215716526 1.33569509298 1.07648398329 1.06970016477 1.10561524968 1.29844650518 1.38128881326 1.33069793025 -158.4601459768 0.00560046122   -2 
  40 0.00086314155 -223.55768249 0.38905358740 1.10480166143 1.06088931836 1.36720048920 1.21533010376 1.03334392557 1.01350636859 0.96016296321 1.32247617866 1.04550091392 1.09501808109 1.03226579089 1.33608748965 1.07663669268 1.06982863186 1.10581286691 1.29861468239 1.38159333382 1.33085804211 -158.4600230538 0.00407075851   -2 
  41 0.00086327525 -223.47376350 0.38913775872 1.10461777606 1.06059848120 1.36720338295 1.21538041357 1.03311581999 1.01359240924 0.96055504963 1.32293281517 1.04562108408 1.09503806817 1.03239815479 1.33646873400 1.07682890756 1.07000519990 1.10604126741 1.29883464084 1.38190106737 1.33107113278 -158.4598969892 0.00528997195   -2 
  42 0.00086324148 -223.45105466 0.38918234900 1.10453980839 1.06051609713 1.36722110102 1.21538482065 1.03305194904 1.01362150485 0.96067730870 1.32306733988 1.04564895466 1.09505313092 1.03243798925 1.33657561259 1.07688872312 1.07006175561 1.10611116709 1.29890412026 1.38199057143 1.33113913511 -158.4598677943 0.00185210472   -2 
  43 0.00086318463 -223.36101113 0.38920595119 1.10434120608 1.06072153775 1.36773993765 1.21526836231 1.03313157348 1.01378188718 0.96099062033 1.32326565962 1.04555732168 1.09530143938 1.03253381803 1.33662839682 1.07705803589 1.07025475487 1.10628070398 1.29912205870 1.38211148793 1.33136614882 -158.4597975899 0.00244858502   -2 
  44 0.00086313492 -223.34973276 0.38922675785 1.10436994917 1.06075237397 1.36778527285 1.21525888594 1.03315644851 1.01380453255 0.96102444293 1.32327878320 1.04553910872 1.09534436256 1.03254623078 1.33662285985 1.07708092998 1.07028282650 1.10630243587 1.29915296808 1.38212136578 1.33139943289 -158.4597861986 0.00295516367   -2 
  45 0.00086310154 -223.26368928 0.38931018303 1.10476948475 1.06097474554 1.36800593314 1.21525779024 1.03336451444 1.01395546478 0.96120802841 1.32333150675 1.04542535303 1.09563823894 1.03262733641 1.33656346820 1.07722518202 1.07046349116 1.10643549054 1.29935048750 1.38216947552 1.33161427566 -158.4597254715 0.00190248584   -2 
  46 0.00086304491 -223.24372229 0.38926827449 1.10473451406 1.06096047266 1.36795207382 1.21532216858 1.03339884547 1.01396752494 0.96119687864 1.32332789384 1.04543614881 1.09566558069 1.03263922626 1.33655916903 1.07723728301 1.07047943830 1.10644518500 1.29936792728 1.38217124010 1.33163460487 -158.4597073424 0.00117933664   -2 
  47 0.00086301740 -223.23148427 0.38928235100 1.10470328059 1.06094394770 1.36789539999 1.21539417943 1.03343573092 1.01398033995 0.96118083448 1.32332390607 1.04545215792 1.09569542771 1.03265345396 1.33655585284 1.07725092966 1.07049752719 1.10645608149 1.29938773718 1.38217366826 1.33165796879 -158.4597006553 0.00247232165   -2 
  48 0.00086305652 -223.19151857 0.38931147464 1.10463935540 1.06090774405 1.36774888993 1.21560655724 1.03354619486 1.01402135190 0.96113612661 1.32331666268 1.04550252033 1.09578543903 1.03269760938 1.33654941074 1.07729310065 1.07055272816 1.10648999774 1.29944842516 1.38218316517 1.33172913369 -158.4596821194 0.00075094667   -2 
  49 0.00086306591 -223.16806037 0.38932825119 1.10463557157 1.06089747856 1.36770466538 1.21568990241 1.03359548003 1.01404077310 0.96111397718 1.32331386546 1.04552909645 1.09583164751 1.03272108221 1.33654690315 1.07731571008 1.07058251915 1.10650848588 1.29948123242 1.38218873175 1.33176792493 -158.4596799566 0.00114343021   -2 
  50 0.00086303450 -223.14014841 0.38934959348 1.10465461163 1.06089434521 1.36769021666 1.21574791549 1.03363845387 1.01405894441 0.96109157134 1.32331171696 1.04555757883 1.09588023005 1.03274666152 1.33654497523 1.07734064282 1.07061556944 1.10652918476 1.29951769289 1.38219531069 1.33181145180 -158.4596760439 0.00174149258   -2 
  51 0.00086299520 -223.01099933 0.38940684101 1.10478834492 1.06091427450 1.36770951274 1.21594060980 1.03380393207 1.01413588935 0.96100840303 1.32331338796 1.04567936502 1.09608308101 1.03285694890 1.33654448637 1.07744849771 1.07075744292 1.10661968746 1.29967469152 1.38222810685 1.33199864621 -158.4596601844 0.00144973987   -2 
  52 0.00086292539 -222.94007900 0.38944542760 1.10483883344 1.06095235173 1.36778672077 1.21597983242 1.03386578832 1.01417532067 0.96098363251 1.32332901822 1.04574171050 1.09618152838 1.03291527078 1.33655505969 1.07750667694 1.07083246630 1.10667007031 1.29975846272 1.38225212727 1.33209832281 -158.4596518131 0.00253418726   -2 
  53 0.00086285812 -222.75269243 0.38952380851 1.10496365577 1.06108324538 1.36804485342 1.21603970680 1.03400599859 1.01427885287 0.96094501027 1.32338983953 1.04590066792 1.09642478893 1.03306546508 1.33659742333 1.07765739222 1.07102418556 1.10680233782 1.29997361757 1.38232309633 1.33235319967 -158.4596306215 0.00155817420   -2 
  54 0.00086280326 -222.65001297 0.38959588743 1.10497512825 1.06117482500 1.36821965996 1.21602443027 1.03405219784 1.01433790355 0.96096747301 1.32345760418 1.04598485016 1.09654074100 1.03314874263 1.33664778520 1.07774303614 1.07112860716 1.10688108493 1.30009281589 1.38237962232 1.33249271329 -158.4596198174 0.00221717736   -2 
  55 0.00086281237 -222.57537459 0.38963828022 1.10497609787 1.06124484462 1.36834725958 1.21600615552 1.03407603098 1.01438173273 0.96100136787 1.32351961341 1.04604293143 1.09661492016 1.03320745655 1.33669490047 1.07780416098 1.07120103734 1.10693871080 1.30017639079 1.38242694648 1.33258954423 -158.4596121624 0.00118397229   -2 
  56 0.00086275953 -222.47592160 0.38969439538 1.10492312926 1.06131615695 1.36846970093 1.21595195937 1.03406045616 1.01444123881 0.96112542665 1.32365729303 1.04610611859 1.09666826507 1.03327906589 1.33680655790 1.07788314097 1.07128515381 1.10702050203 1.30027795438 1.38252123301 1.33270332453 -158.4596019247 0.00189994440   -2 
  57 0.00086276537 -222.42392500 0.38971324966 1.10490645093 1.06134745677 1.36851974065 1.21592867049 1.03404829881 1.01447202200 0.96120134765 1.32373599698 1.04613603052 1.09668758691 1.03331432077 1.33687215942 1.07792280072 1.07132544887 1.10706297522 1.30032757339 1.38257518144 1.33275793799 -158.4595968042 0.00115896757   -2 
  58 0.00086270353 -222.31732729 0.38976291660 1.10491712296 1.06135512621 1.36852133481 1.21590390345 1.03399758378 1.01453232055 0.96142038127 1.32393516300 1.04618173413 1.09668190626 1.03337849195 1.33705231582 1.07800052275 1.07139387586 1.10715486480 1.30041766724 1.38271888537 1.33285227415 -158.4595864053 0.00156596307   -2 
  59 0.00086271870 -222.29434819 0.38977064568 1.10493485313 1.06135261162 1.36851202111 1.21590984968 1.03398844258 1.01454502982 0.96147250768 1.32397991449 1.04618954740 1.09667512775 1.03339087971 1.33709618026 1.07801632010 1.07140604632 1.10717489251 1.30043476948 1.38275417996 1.33286918048 -158.4595833357 0.00106089128   -2 
  60 0.00086270455 -222.26880114 0.38979891390 1.10498443275 1.06132784711 1.36846096627 1.21594971665 1.03398045158 1.01455722832 0.96155286871 1.32403895883 1.04619102064 1.09664608463 1.03340090515 1.33716793740 1.07803262812 1.07141231463 1.10720102330 1.30044823230 1.38281393074 1.33287883221 -158.4595771878 0.00098135986   -2 
  61 0.00086271477 -222.25782528 0.38980463451 1.10500884827 1.06131792393 1.36843805766 1.21597564415 1.03398064886 1.01456189159 0.96158725468 1.32406236867 1.04619002237 1.09663014096 1.03340369039 1.33720053546 1.07803830914 1.07141250255 1.10721174732 1.30045157334 1.38284189762 1.33287958703 -158.4595758145 0.00055170438   -2 
  62 0.00086269215 -222.24628410 0.38980394422 1.10502434408 1.06130545191 1.36840434877 1.21603559017 1.03399263950 1.01456348325 0.96162882419 1.32408172008 1.04618096957 1.09659434638 1.03340022466 1.33724860166 1.07803978980 1.07140204434 1.10722331575 1.30044533436 1.38288719997 1.33286623564 -158.4595740234 0.00058730333   -2 
  63 0.00086269667 -222.24329854 0.38980191661 1.10502615667 1.06130539287 1.36839903965 1.21605667541 1.03399915789 1.01456349400 0.96163987157 1.32408541573 1.04617739746 1.09658189213 1.03339822502 1.33726374190 1.07803935630 1.07139720278 1.10722648772 1.30044181146 1.38290244299 1.33285983832 -158.4595735349 0.00044913091   -2 
  64 0.00086269030 -222.23951205 0.38980724929 1.10500696197 1.06131645252 1.36839973359 1.21613470759 1.03403222694 1.01456045964 0.96166857654 1.32408512945 1.04615977781 1.09652977403 1.03338560491 1.33731727787 1.07803263965 1.07137129100 1.10723505462 1.30042047969 1.38296185354 1.33282505041 -158.4595720962 0.00037319237   -2 
  65 0.00086269647 -222.23983891 0.38980655635 1.10500723498 1.06131892279 1.36840447761 1.21613435320 1.03403433962 1.01456031503 0.96166751638 1.32408344946 1.04615899224 1.09652788409 1.03338468447 1.33731861199 1.07803185973 1.07136940725 1.10723504299 1.30041874053 1.38296454794 1.33282234286 -158.4595719044 0.00032623670   -2 
  66 0.00086270169 -222.24781552 0.38981066579 1.10500392151 1.06134125050 1.36845676422 1.21611195776 1.03405314629 1.01455721850 0.96164725582 1.32405887620 1.04615001289 1.09650986081 1.03337316240 1.33732574379 1.07802166054 1.07134769043 1.10723252786 1.30039794796 1.38298924978 1.33279104915 -158.4595708094 0.00031486082   -2 
  67 0.00086269715 -222.25269970 0.38980084558 1.10500576621 1.06135082774 1.36848284040 1.21609451819 1.03406505700 1.01455483702 0.96163012903 1.32404029754 1.04614375144 1.09649752451 1.03336437264 1.33732913926 1.07801337517 1.07133049842 1.10722995269 1.30038135757 1.38300734416 1.33276594784 -158.4595702210 0.00029559708   -2 
  68 0.00086269232 -222.25417864 0.38979991315 1.10500618500 1.06135047905 1.36848368673 1.21609144012 1.03406650834 1.01455421142 0.96162660649 1.32403673205 1.04614247027 1.09649524340 1.03336253540 1.33732934159 1.07801156974 1.07132687979 1.10722926323 1.30037782320 1.38301077287 1.33276059189 -158.4595701150 0.00022016266   -2 
  69 0.00086269582 -222.27644070 0.38978400153 1.10502917620 1.06131992528 1.36843770077 1.21606793396 1.03407592946 1.01454760958 0.96158302567 1.32399915324 1.04612920432 1.09647196876 1.03334015579 1.33732722805 1.07798811889 1.07128005954 1.10721956893 1.30033186638 1.38305301783 1.33268955348 -158.4595691437 0.00033779714   -2 
  70 0.00086270414 -222.27454184 0.38978755251 1.10502047828 1.06132475788 1.36844268699 1.21607292727 1.03407251750 1.01454820657 0.96158962333 1.32400521076 1.04613096822 1.09647546717 1.03334307686 1.33732654630 1.07799101804 1.07128616021 1.10722046212 1.30033775819 1.38304656210 1.33269864188 -158.4595688985 0.00032209591   -2 
  71 0.00086270423 -222.27438473 0.38979102970 1.10501175774 1.06132662607 1.36844348068 1.21607599332 1.03406911277 1.01454796192 0.96159337251 1.32400864862 1.04613166567 1.09647734503 1.03334443602 1.33732531986 1.07799225667 1.07128916891 1.10722053292 1.30034055585 1.38304241921 1.33270306152 -158.4595687507 0.00015096451   -2 
  72 0.00086271055 -222.27579809 0.38978995041 1.10499686967 1.06132625174 1.36843776215 1.21608115973 1.03406024858 1.01454604824 0.96159749395 1.32401308065 1.04613166066 1.09647937609 1.03334501668 1.33732109096 1.07799215593 1.07129083639 1.10721911038 1.30034169221 1.38303630068 1.33270518509 -158.4595686097 0.00027776621   -2 
  73 0.00086270844 -222.27728158 0.38978974180 1.10498738344 1.06132462179 1.36843237562 1.21608384629 1.03405357393 1.01454431142 0.96159985189 1.32401552732 1.04613127305 1.09648040109 1.03334498531 1.33731763423 1.07799166917 1.07129145699 1.10721778672 1.30034188819 1.38303190407 1.33270588552 -158.4595685020 0.00014766595   -2 
  74 0.00086271147 -222.28318088 0.38978271601 1.10497571178 1.06131582160 1.36841182239 1.21608850838 1.03403037267 1.01453819959 0.96160556592 1.32402097170 1.04612843790 1.09648247640 1.03334330244 1.33730379761 1.07798815153 1.07129103652 1.10721167597 1.30033976374 1.38301649775 1.33270449743 -158.4595683052 0.00023217941   -2 
  75 0.00086270910 -222.28498498 0.38978355765 1.10497816507 1.06131353773 1.36840892046 1.21608719375 1.03402701817 1.01453692826 0.96160557401 1.32402055691 1.04612744065 1.09648216128 1.03334244159 1.33730099731 1.07798704069 1.07129027446 1.10721020353 1.30033865203 1.38301370208 1.33270335223 -158.4595682019 0.00025976193   -2 
  76 0.00086271728 -222.29168862 0.38978426846 1.10499625133 1.06130684741 1.36840240285 1.21608029585 1.03401717219 1.01453225809 0.96160428071 1.32401748981 1.04612342028 1.09648025308 1.03333874003 1.33729073871 1.07798244694 1.07128670330 1.10720447416 1.30033372519 1.38300371390 1.33269801383 -158.4595679018 0.00017702116   -2 
  77 0.00086271784 -222.29407081 0.38977941352 1.10499881997 1.06130647115 1.36840356254 1.21607576220 1.03401602383 1.01453061535 0.96160213178 1.32401438716 1.04612117786 1.09647844022 1.03333663079 1.33728676222 1.07798004175 1.07128437517 1.10720175555 1.30033077173 1.38299995849 1.33269465043 -158.4595677501 0.00029241314   -2 
  78 0.00086271784 -222.29407081 0.38977941352 1.10499881997 1.06130647115 1.36840356254 1.21607576220 1.03401602383 1.01453061535 0.96160213178 1.32401438716 1.04612117786 1.09647844022 1.03333663079 1.33728676222 1.07798004175 1.07128437517 1.10720175555 1.30033077173 1.38299995849 1.33269465043 -158.4595677501           NAN   -8 
  79 0.00086271454 -222.29442851 0.38977991262 1.10499754507 1.06130645361 1.36840367666 1.21607523351 1.03401620705 1.01453038883 0.96160178800 1.32401389878 1.04612094341 1.09647816089 1.03333638952 1.33728653322 1.07797980242 1.07128410024 1.10720153804 1.30033045358 1.38299976572 1.33269428739 -158.4595676824 0.00010734544   -2 
  80 0.00086271454 -222.29442851 0.38977991262 1.10499754507 1.06130645361 1.36840367666 1.21607523351 1.03401620705 1.01453038883 0.96160178800 1.32401389878 1.04612094341 1.09647816089 1.03333638952 1.33728653322 1.07797980242 1.07128410024 1.10720153804 1.30033045358 1.38299976572 1.33269428739 -158.4595676824           NAN   -8 
  81 0.00086271703 -222.29545196 0.38977831935 1.10499457021 1.06130838542 1.36840607821 1.21607362609 1.03401830902 1.01452981310 0.96160026677 1.32401201619 1.04612009320 1.09647705533 1.03333553234 1.33728580156 1.07797883335 1.07128292271 1.10720063241 1.30032906876 1.38299908172 1.33269261838 -158.4595676288 0.00022053624   -2 
  82 0.00086271703 -222.29545196 0.38977831935 1.10499457021 1.06130838542 1.36840607821 1.21607362609 1.03401830902 1.01452981310 0.96160026677 1.32401201619 1.04612009320 1.09647705533 1.03333553234 1.33728580156 1.07797883335 1.07128292271 1.10720063241 1.30032906876 1.38299908172 1.33269261838 -158.4595676288           NAN   -8 
  83 0.00086271464 -222.29579724 0.38977878058 1.10499383316 1.06130824039 1.36840606978 1.21607318278 1.03401849838 1.01452968702 0.96159994954 1.32401156877 1.04611986269 1.09647679369 1.03333528296 1.33728558720 1.07797860053 1.07128265433 1.10720042679 1.30032876411 1.38299889583 1.33269226680 -158.4595675892 0.00009241282    0 
-- Found new optimum with likelihood -158.459567589205392 and gradient 0.00009

---- Best joint likelihood found -158.459567589205392 with gradient 0.00009

---- Results for /scratch/38995596/tmpfygyokbe 
--  Model: C
--        eps_an     theta_bar             a 
--             0 0.00086271464            -1 
--           S_d             b           p_b           S_b 
-- -222.29579724 0.38977878058             0             1 
--           r 2           r 3           r 4           r 5           r 6           r 7           r 8           r 9          r 10          r 11          r 12          r 13          r 14          r 15          r 16          r 17          r 18          r 19 
-- 1.10499383316 1.06130824039 1.36840606978 1.21607318278 1.03401849838 1.01452968702 0.96159994954 1.32401156877 1.04611986269 1.09647679369 1.03333528296 1.33728558720 1.07797860053 1.07128265433 1.10720042679 1.30032876411 1.38299889583 1.33269226680 

---- Expected P_neut(i), 0 < i < n (neutral SFS per site) 
E[P_neut(1)] = 0.0008627146
E[P_neut(2)] = 0.0004766472
E[P_neut(3)] = 0.0003052021
E[P_neut(4)] = 0.0002951360
E[P_neut(5)] = 0.0002098248
E[P_neut(6)] = 0.0001486772
E[P_neut(7)] = 0.0001250357
E[P_neut(8)] = 0.0001036983
E[P_neut(9)] = 0.0001269160
E[P_neut(10)] = 0.0000902503
E[P_neut(11)] = 0.0000859951
E[P_neut(12)] = 0.0000742895
E[P_neut(13)] = 0.0000887458
E[P_neut(14)] = 0.0000664277
E[P_neut(15)] = 0.0000616141
E[P_neut(16)] = 0.0000596999
E[P_neut(17)] = 0.0000659890
E[P_neut(18)] = 0.0000662852
E[P_neut(19)] = 0.0000605123

---- Expected P_sel(i), 0 < i < n (selected SFS per site) 
E[P_sel(1)] = 0.0003124217
E[P_sel(2)] = 0.0001191182
E[P_sel(3)] = 0.0000632656
E[P_sel(4)] = 0.0000542875
E[P_sel(5)] = 0.0000353922
E[P_sel(6)] = 0.0000234403
E[P_sel(7)] = 0.0000186550
E[P_sel(8)] = 0.0000147679
E[P_sel(9)] = 0.0000173620
E[P_sel(10)] = 0.0000119169
E[P_sel(11)] = 0.0000110021
E[P_sel(12)] = 0.0000092373
E[P_sel(13)] = 0.0000107517
E[P_sel(14)] = 0.0000078579
E[P_sel(15)] = 0.0000071292
E[P_sel(16)] = 0.0000067671
E[P_sel(17)] = 0.0000073375
E[P_sel(18)] = 0.0000072385
E[P_sel(19)] = 0.0000064965

---- alpha_dfe = 0.000000

