---- Running command
---- ./polyDFE -d /scratch/38995972/tmpfrfz_61d -m C -i /scratch/38995972/tmp82k1x5fq 1 -v 1 
---- Performing inference using model C

---- Performing inference on /scratch/38995972/tmpfrfz_61d
----      with -i /scratch/38995972/tmp82k1x5fq 1
---- Data /scratch/38995972/tmpfrfz_61d does not contain divergence counts. Using option -w.
---- No mutation variability. Using Poisson likelihood.


---- Using provided initial values

-- Starting local optimization
-- Optimizing all parameters
  it     theta_bar           S_d             b           r 2           r 3           r 4           r 5           r 6           r 7           r 8           r 9          r 10          r 11          r 12          r 13          r 14          r 15          r 16          r 17          r 18          r 19           ln lk          grad status 
   0   0.003173891 -107.30439999     0.3296192     0.9469638     0.9230956     0.9466103     0.9502794     0.8771146     0.9116737     0.9146468     0.9159601     0.9612144     0.8649103      0.980338     0.9128444     0.9628696     0.9582216      1.012621      1.209005      1.301762      1.559119 -259.9901446492 1.35821351683   -2 
   1 0.00316183756 -107.68376168 0.33347470813 0.94650622258 0.92904832457 0.93705666453 0.94970673065 0.87528853989 0.91034372854 0.91564761102 0.91607163187 0.96480548302 0.86406030857 0.98045539539 0.91284429833 0.96286950679 0.95891384593 1.01189847264 1.21162137535 1.30364837527 1.55601344349 -258.5651426378  1.9044326913   -2 
   2 0.00321350580 -108.15338398 0.34026007109 0.94833876502 0.94831110118 0.91094285409 0.94918928064 0.87066210791 0.90710447627 0.91935395164 0.91699945863 0.97638286749 0.86189548635 0.98130049215 0.91323635245 0.96326748798 0.96140483934 1.01006209820 1.22014823831 1.30995549020 1.54718720564 -255.7429041538 0.74797670013   -2 
   3 0.00319541961 -107.15410232 0.33453831165 0.94595124364 0.95772937013 0.89028590180 0.94878851359 0.86576611700 0.90355655325 0.92396166858 0.91830241871 0.99123367488 0.85920970742 0.98255050282 0.91388037427 0.96392668770 0.96489360412 1.00770004080 1.23183010190 1.31864295482 1.53566987982 -254.3153202943 0.73822896225   -2 
   4 0.00318480962 -107.11147252 0.33458433581 0.94547757425 0.95784656953 0.88821443966 0.94860378964 0.86504217893 0.90299017674 0.92452341613 0.91841802091 0.99333795232 0.85875360275 0.98267939674 0.91393138717 0.96397980863 0.96539280650 1.00728569229 1.23358810865 1.31993185178 1.53381987248 -254.1758212357 0.37187204883   -2 
   5 0.00320060999 -106.77331294 0.33826761656 0.94770862402 0.94776851107 0.88235540055 0.94783141181 0.85926890273 0.89813887871 0.93056464517 0.92002011630 1.01631508745 0.85398915698 0.98446731630 0.91480788501 0.96489062084 0.97148967353 1.00275087424 1.25439410679 1.33530474477 1.51317759425 -253.4955586613 0.29530718212   -2 
   6 0.00320355529 -106.48116923 0.33749426444 0.94704174837 0.94704359459 0.88346676760 0.94779486979 0.85868038632 0.89752620919 0.93149661607 0.92031338133 1.02037534328 0.85308104862 0.98484264277 0.91501185851 0.96510559359 0.97282103925 1.00179670618 1.25884078313 1.33861047691 1.50892510029 -253.4074968462 0.50124038495   -2 
   7 0.00319059186 -105.98285589 0.33650025155 0.94486617303 0.94596945908 0.88616066769 0.94754570294 0.85771170876 0.89643000108 0.93292839368 0.92071871695 1.02742946214 0.85135348833 0.98544323705 0.91532300952 0.96543813091 0.97525498204 0.99994359419 1.26707836944 1.34471074132 1.50093051781 -253.2563519510 0.15806857567   -2 
   8 0.00319047406 -105.44502111 0.33857154328 0.94556252532 0.95117601684 0.89365794009 0.94772494166 0.85899392124 0.89681533572 0.93294632507 0.92088666569 1.03140559120 0.84973844672 0.98603314695 0.91570070034 0.96585841411 0.97823281518 0.99774269567 1.27670061740 1.35195414986 1.49188281767 -253.1371084563 0.14403917351   -2 
   9 0.00319191610 -105.35159850 0.33852732095 0.94592252315 0.95156691878 0.89409827543 0.94788499568 0.85926920833 0.89701021430 0.93293915172 0.92095080069 1.03148204850 0.84970465776 0.98612585402 0.91577611960 0.96593911025 0.97849847426 0.99762471953 1.27743574864 1.35253655117 1.49134258466 -253.1292182933 0.13542644323   -2 
  10 0.00318192028 -104.58061496 0.33831078427 0.94890209120 0.95340323186 0.89580181043 0.94949014718 0.86191905445 0.89908804573 0.93268788404 0.92154370556 1.03053829648 0.84990133805 0.98691790969 0.91646888470 0.96667863977 0.98043725341 0.99702991809 1.28229513611 1.35653019925 1.48841374500 -253.0829207972 0.10485771985   -2 
  11 0.00318070010 -103.59351691 0.34075101841 0.95006875573 0.95397518514 0.89551285614 0.95263520021 0.86607613788 0.90294624236 0.93305167120 0.92313985735 1.02792460047 0.85144058484 0.98864925212 0.91804223461 0.96833819404 0.98322432096 0.99730180562 1.28773666222 1.36146450272 1.48763238704 -253.0256903986 0.22153147764   -2 
  12 0.00318332682 -103.29796856 0.34115741399 0.95027221648 0.95414941764 0.89546025389 0.95345065138 0.86711205735 0.90394975865 0.93323461683 0.92361210562 1.02731359908 0.85191220154 0.98914977444 0.91849765806 0.96881781616 0.98396246873 0.99745395434 1.28908950013 1.36272405485 1.48763912355 -253.0116174383 0.11838644068   -2 
  13 0.00317656040 -101.92215717 0.34166193869 0.94801910239 0.95408499232 0.89505115689 0.95566632842 0.86983392775 0.90719565232 0.93470649913 0.92579508419 1.02571597605 0.85435795114 0.99142797445 0.92060881246 0.97104293506 0.98674529989 0.99887944840 1.29318802352 1.36694215725 1.48997079341 -252.9628483838 0.09930395825   -2 
  14 0.00317334302 -101.54962303 0.34234735304 0.94814992146 0.95408091649 0.89516602143 0.95564379752 0.86982966412 0.90754187937 0.93531673656 0.92639908519 1.02582456650 0.85513955824 0.99209386102 0.92125236496 0.97172664929 0.98740610133 0.99955980340 1.29378708353 1.36774427851 1.49139607156 -252.9499150605 0.22884608052   -2 
  15 0.00317275508 -98.484905160 0.34727486557 0.95111694869 0.95480048892 0.89682855457 0.95508102061 0.86911342899 0.90978267090 0.94059860436 0.93134471792 1.02764910513 0.86158021360 0.99755934176 0.92654849551 0.97735600915 0.99261680600 1.00544651342 1.29800526306 1.37379434302 1.50389849417 -252.8486408502 0.13462539549   -2 
  16 0.00316455573 -96.627909962 0.34825128491 0.95143940262 0.95643792742 0.89864289368 0.95540984762 0.86874968854 0.91035780257 0.94337904907 0.93375190036 1.03023858746 0.86479972242 1.00041645016 0.92938326492 0.98039426653 0.99519949534 1.00904925381 1.29966186822 1.37654332883 1.51139777616 -252.8011689448 0.14919994812   -2 
  17 0.00316183629 -96.440748790 0.34847533274 0.95135607696 0.95665175292 0.89886866376 0.95553302520 0.86875671582 0.91037414920 0.94363130285 0.93396031946 1.03064693752 0.86508868062 1.00069238569 0.92966555270 0.98070023079 0.99544244437 1.00945379573 1.29978805717 1.37678409269 1.51220929573 -252.7956432992 0.06975437332   -2 
  18 0.00316164016 -95.660007619 0.35017589745 0.95077176053 0.95912546750 0.90094878444 0.95834842576 0.87017090006 0.91001876671 0.94407279492 0.93413201665 1.03507634115 0.86534915964 1.00144881336 0.93057309783 0.98174286922 0.99596783614 1.01159975055 1.29962206655 1.37702095341 1.51584016879 -252.7719613338 0.05716830063   -2 
  19 0.00316168112 -95.512436996 0.35014958739 0.95117493340 0.95919789988 0.90119306250 0.95890744588 0.87061591283 0.91005165636 0.94407715967 0.93409715140 1.03602960706 0.86523847435 1.00150870568 0.93066489372 0.98185812744 0.99598274050 1.01196892807 1.29956785043 1.37698769904 1.51632496504 -252.7683934698 0.10244323846   -2 
  20 0.00315809260 -95.256075717 0.35017933136 0.95195100431 0.95910259209 0.90153499363 0.95990689074 0.87149274345 0.91013767071 0.94403720537 0.93399107266 1.03785240730 0.86495460676 1.00157833315 0.93079728353 0.98203417956 0.99596807139 1.01264685639 1.29944549240 1.37688175495 1.51714736248 -252.7620124583 0.02502127237   -2 
  21 0.00315845443 -95.210082842 0.35048352777 0.95224140624 0.95878389404 0.90140391101 0.96002888797 0.87198160702 0.91046267152 0.94403470752 0.93397689290 1.03857601136 0.86469198146 1.00157370419 0.93079246890 0.98204347837 0.99590683281 1.01290943214 1.29948528938 1.37683996326 1.51722633016 -252.7604024496 0.02893531558   -2 
  22 0.00315887500 -95.199870150 0.35050123264 0.95226560691 0.95874849876 0.90138002761 0.96003560077 0.87206712784 0.91053596882 0.94404103480 0.93398168217 1.03869377345 0.86464362294 1.00157506971 0.93079142200 0.98204466736 0.99589677315 1.01295566813 1.29950250505 1.37683819217 1.51722836236 -252.7601769047 0.01536678039   -2 
  23 0.00315854771 -95.146280110 0.35046993221 0.95188592101 0.95864401745 0.90116195626 0.95985511905 0.87249072154 0.91106383420 0.94410313248 0.93404634933 1.03923867084 0.86431821243 1.00157720463 0.93076090998 0.98202396588 0.99581881321 1.01320602694 1.29967362586 1.37685198696 1.51708985987 -252.7593994961 0.00732921935   -2 
  24 0.00315843525 -95.144842006 0.35048999522 0.95190491838 0.95866216341 0.90115728326 0.95982779506 0.87248889712 0.91109156516 0.94410774116 0.93405310671 1.03924894991 0.86429151125 1.00157465336 0.93075548506 0.98201870512 0.99581109975 1.01322224508 1.29969395078 1.37685549837 1.51706138858 -252.7593641984 0.01042946854   -2 
  25 0.00315865928 -95.134732926 0.35055453347 0.95204386789 0.95877585414 0.90115782439 0.95971004855 0.87246659225 0.91121522561 0.94413513113 0.93409068133 1.03928176243 0.86417282614 1.00156743578 0.93073257204 0.98199649993 0.99577851206 1.01329852757 1.29979656891 1.37687848338 1.51692595362 -252.7592491027 0.00512851120   -2 
  26 0.00315844739 -95.123524686 0.35051433081 0.95201519639 0.95879440326 0.90118871276 0.95970466557 0.87243888912 0.91124207953 0.94415286718 0.93411350537 1.03927044644 0.86413520517 1.00157079902 0.93072722098 0.98199130359 0.99577031630 1.01333216632 1.29985250426 1.37689930948 1.51686577456 -252.7591941489 0.00302423966   -2 
  27 0.00315837494 -95.120493784 0.35052298957 0.95200689833 0.95879452681 0.90120052618 0.95970646017 0.87242616431 0.91125106443 0.94416066087 0.93412402140 1.03926331622 0.86411791964 1.00157299925 0.93072475026 0.98198887850 0.99576560998 1.01334881138 1.29988047310 1.37691005561 1.51683589914 -252.7591849092 0.00592357599   -2 
  28 0.00315849598 -95.092816861 0.35058365849 0.95197259625 0.95880576608 0.90130336320 0.95973300356 0.87232936452 0.91132801289 0.94422984175 0.93421499621 1.03920845209 0.86397874045 1.00159189252 0.93070751130 0.98197186242 0.99573049618 1.01349078064 1.30011757373 1.37700420051 1.51659230751 -252.7591159196 0.00249339667   -2 
  29 0.00315845243 -95.072425997 0.35059211582 0.95200759369 0.95880087304 0.90130736596 0.95974898895 0.87231320961 0.91135554676 0.94426086441 0.93425638245 1.03919313319 0.86392132176 1.00160811022 0.93070446051 0.98196889024 0.99571963303 1.01356878629 1.30024138006 1.37705876271 1.51648080163 -252.7590977331 0.00531597672   -2 
  30 0.00315834341 -95.063159789 0.35060035478 0.95202114155 0.95879681919 0.90130365921 0.95975544095 0.87230944562 0.91136604470 0.94427379214 0.93427396118 1.03918754225 0.86389705560 1.00161571765 0.93070365107 0.98196812450 0.99571528315 1.01360441346 1.30029722107 1.37708392063 1.51643201422 -252.7590890395 0.00200565420   -2 
  31 0.00315834341 -95.063159789 0.35060035478 0.95202114155 0.95879681919 0.90130365921 0.95975544095 0.87230944562 0.91136604470 0.94427379214 0.93427396118 1.03918754225 0.86389705560 1.00161571765 0.93070365107 0.98196812450 0.99571528315 1.01360441346 1.30029722107 1.37708392063 1.51643201422 -252.7590890395           NAN   -8 
  32 0.00315842214 -95.061324057 0.35060736200 0.95201875681 0.95880382760 0.90128635456 0.95975786587 0.87233332998 0.91135934772 0.94427068235 0.93426977038 1.03919954071 0.86391140131 1.00161926999 0.93070935768 0.98197401452 0.99572148533 1.01360527073 1.30029428993 1.37708769316 1.51644974302 -252.7590827669 0.00453806960   -2 
  33 0.00315843403 -95.056750145 0.35063302397 0.95200475584 0.95881826850 0.90123579617 0.95976212267 0.87239904589 0.91133899579 0.94426057332 0.93425671056 1.03923247282 0.86395175126 1.00162989275 0.93072505513 0.98199009461 0.99573913449 1.01360722657 1.30028492685 1.37709754544 1.51649959423 -252.7590674089 0.00222519301   -2 
  34 0.00315831041 -95.044676771 0.35062948019 0.95200199678 0.95882253945 0.90119687667 0.95976829497 0.87247674530 0.91131697793 0.94425039956 0.93424123512 1.03927894241 0.86401026862 1.00165082440 0.93074925231 0.98201527221 0.99576718459 1.01361202184 1.30027387663 1.37711436516 1.51657481596 -252.7590512483 0.00234834605   -2 
  35 0.00315832770 -95.042179421 0.35062876161 0.95200520691 0.95882338965 0.90119539858 0.95976995643 0.87248793034 0.91131459432 0.94424956803 0.93423940102 1.03928713842 0.86402079638 1.00165531524 0.93075396589 0.98202019238 0.99577292766 1.01361334512 1.30027253839 1.37711801318 1.51658895017 -252.7590492805 0.00182941506   -2 
  36 0.00315813981 -95.005833954 0.35067670878 0.95208138073 0.95880702658 0.90127728611 0.95979026039 0.87257550373 0.91130596588 0.94425095189 0.93422642113 1.03939432480 0.86416826728 1.00172353780 0.93082572436 0.98209561299 0.99585775867 1.01363781001 1.30026128377 1.37717849324 1.51680017897 -252.7590224194 0.00332329402   -2 
  37 0.00315818130 -95.001812500 0.35068148540 0.95208356602 0.95881177074 0.90128830844 0.95979492472 0.87257956068 0.91130934641 0.94425422730 0.93422838226 1.03940392520 0.86418123530 1.00173100373 0.93083330658 0.98210363332 0.99586680639 1.01364170149 1.30026290360 1.37718612801 1.51682052579 -252.7590185977 0.00275367368   -2 
  38 0.00315817486 -94.978380166 0.35073418164 0.95203382578 0.95887131000 0.90135674844 0.95983306959 0.87256652335 0.91135420961 0.94429195927 0.93425969529 1.03944821974 0.86424188267 1.00178028687 0.93087858730 0.98215145443 0.99592217433 1.01367271409 1.30028947867 1.37723948237 1.51693084632 -252.7589974485 0.00213175260   -2 
  39 0.00315799262 -94.958712865 0.35074496734 0.95203046696 0.95890569273 0.90137548726 0.95986490038 0.87253534554 0.91140658905 0.94433605460 0.93430334845 1.03946248976 0.86425854119 1.00181334945 0.93090740877 0.98218272497 0.99595738395 1.01370411891 1.30033078559 1.37728451861 1.51698441298 -252.7589833829 0.00478506693   -2 
  40 0.00315797788 -94.947305953 0.35074854022 0.95203738083 0.95892440062 0.90138444029 0.95988364156 0.87251870092 0.91143743852 0.94436228487 0.93432976671 1.03946983327 0.86426597400 1.00183265810 0.93092356358 0.98220026583 0.99597686233 1.01372284917 1.30035644462 1.37731087105 1.51701261579 -252.7589758463 0.00215507526   -2 
  41 0.00315794012 -94.926205578 0.35078967559 0.95211127423 0.95892730734 0.90137460756 0.95991620915 0.87249537986 0.91150368861 0.94442285296 0.93439654524 1.03947478123 0.86425948268 1.00186798384 0.93095390281 0.98223399601 0.99601176277 1.01377098318 1.30043076142 1.37737233631 1.51704760999 -252.7589602799 0.00128940201   -2 
  42 0.00315791485 -94.924804764 0.35079303972 0.95210771561 0.95892483978 0.90137366536 0.95991727598 0.87249982619 0.91150631793 0.94442646967 0.93440154704 1.03947511677 0.86425687025 1.00187010622 0.93095575550 0.98223606427 0.99601357768 1.01377571602 1.30043897678 1.37737775679 1.51704703640 -252.7589592783 0.00181566754   -2 
  43 0.00315792486 -94.912230797 0.35080900497 0.95206592908 0.95890580261 0.90136999811 0.95992473897 0.87255652314 0.91152286546 0.94445501258 0.93444395676 1.03947967390 0.86423079684 1.00188906204 0.93097084447 0.98225282248 0.99602718885 1.01381876017 1.30051546760 1.37742608474 1.51703480894 -252.7589516900 0.00078435731   -2 
  44 0.00315789917 -94.905369873 0.35081468209 0.95209532278 0.95891524573 0.90137434085 0.95991893756 0.87259081101 0.91151489493 0.94445663565 0.93445388862 1.03948391042 0.86421529803 1.00189247619 0.93097597001 0.98225911875 0.99603072066 1.01384260565 1.30055762705 1.37744999329 1.51701849666 -252.7589490276 0.00142790935   -2 
  45 0.00315787645 -94.904240139 0.35081672027 0.95209944743 0.95891722865 0.90137539498 0.95991789356 0.87259643004 0.91151304716 0.94445645991 0.93445513647 1.03948483348 0.86421267413 1.00189275625 0.93097681409 0.98226016927 0.99603118794 1.01384688200 1.30056511749 1.37745420306 1.51701539993 -252.7589485427 0.00043037047   -2 
  46 0.00315788148 -94.901973730 0.35082349955 0.95209359779 0.95893289397 0.90138686070 0.95992138888 0.87259977474 0.91150691310 0.94445180900 0.93445142156 1.03949264675 0.86421261427 1.00188801683 0.93097889106 0.98226313831 0.99603068929 1.01385633417 1.30057950984 1.37746287172 1.51701020027 -252.7589478316 0.00040888750   -2 
  47 0.00315788608 -94.901562634 0.35082334348 0.95209300945 0.95893394557 0.90138827578 0.95992235409 0.87259945243 0.91150642868 0.94445124815 0.93445069345 1.03949400624 0.86421319630 1.00188722349 0.93097928135 0.98226363561 0.99603063930 1.01385760266 1.30058110349 1.37746396691 1.51700994697 -252.7589477566 0.00044603140   -2 
  48 0.00315786567 -94.899828196 0.35082265696 0.95209032230 0.95893495904 0.90139317050 0.95992681512 0.87259586100 0.91150484857 0.94444861534 0.93444679861 1.03950019815 0.86421695548 1.00188435831 0.93098100865 0.98226573656 0.99603138563 1.01386244235 1.30058684306 1.37746825062 1.51700967366 -252.7589474889 0.00030306983   -2 
  49 0.00315786928 -94.898900880 0.35082320140 0.95209186562 0.95893344788 0.90139452655 0.95992945237 0.87259314359 0.91150480774 0.94444746437 0.93444460494 1.03950402870 0.86421995662 1.00188383096 0.93098216350 0.98226712013 0.99603249527 1.01386500448 1.30058938791 1.37747051276 1.51701040079 -252.7589473880 0.00053947809   -2 
  50 0.00315785890 -94.896848483 0.35082640244 0.95209605625 0.95892865462 0.90139649242 0.95993531679 0.87258632737 0.91150509323 0.94444493376 0.93443931584 1.03951297427 0.86422749991 1.00188314388 0.93098496895 0.98227026584 0.99603544111 1.01387108426 1.30059500986 1.37747573713 1.51701250882 -252.7589471597 0.00025375926   -2 
  51 0.00315787006 -94.896762682 0.35082792659 0.95209505008 0.95893043433 0.90139467102 0.95993402935 0.87258729650 0.91150627999 0.94444595089 0.93444017335 1.03951280612 0.86422844620 1.00188421969 0.93098534762 0.98227050304 0.99603624637 1.01387091453 1.30059460679 1.37747594641 1.51701388630 -252.7589470665 0.00036128451   -2 
  52 0.00315786837 -94.896715347 0.35082894526 0.95209427960 0.95893114004 0.90139344184 0.95993317107 0.87258792202 0.91150706959 0.94444662401 0.93444069128 1.03951256804 0.86422903831 1.00188509717 0.93098558368 0.98227069152 0.99603652463 1.01387076498 1.30059427407 1.37747603278 1.51701478816 -252.7589470208 0.00018398280   -2 
  53 0.00315786904 -94.895957710 0.35083061140 0.95209147061 0.95893459174 0.90138726155 0.95992945632 0.87259202645 0.91151193364 0.94445139248 0.93444419750 1.03951162089 0.86423251007 1.00189245503 0.93098707646 0.98227224093 0.99603860288 1.01387022396 1.30059243915 1.37747666573 1.51702045518 -252.7589469322 0.00027745070   -2 
  54 0.00315787050 -94.895742150 0.35083013919 0.95209244299 0.95893458880 0.90138714232 0.95992941190 0.87259254011 0.91151252082 0.94445201015 0.93444473454 1.03951153863 0.86423301997 1.00189381349 0.93098733808 0.98227248825 0.99603917135 1.01387021701 1.30059222673 1.37747681743 1.51702136776 -252.7589468943 0.00033803802   -2 
  55 0.00315785860 -94.895170529 0.35082919076 0.95209498200 0.95893316000 0.90138743010 0.95992950462 0.87259363374 0.91151387603 0.94445349485 0.93444607366 1.03951125899 0.86423433610 1.00189809356 0.93098805239 0.98227307907 0.99604051329 1.01387012285 1.30059161196 1.37747720034 1.51702382691 -252.7589468097 0.00015317044   -2 
  56 0.00315785701 -94.895152042 0.35082973069 0.95209551589 0.95893282172 0.90138810853 0.95992979306 0.87259353690 0.91151381818 0.94445351780 0.93444616536 1.03951125860 0.86423442657 1.00189764224 0.93098811927 0.98227312416 0.99604061612 1.01387024816 1.30059164886 1.37747729654 1.51702408671 -252.7589467953 0.00020400227   -2 
  57 0.00315786210 -94.895017829 0.35083078432 0.95209659284 0.95893213829 0.90139036903 0.95993083408 0.87259341741 0.91151373997 0.94445377440 0.93444655312 1.03951149069 0.86423476190 1.00189621886 0.93098839482 0.98227342894 0.99604094533 1.01387057224 1.30059181016 1.37747766703 1.51702497047 -252.7589467634 0.00011852926   -2 
  58 0.00315786135 -94.894822450 0.35083146019 0.95209707620 0.95893100714 0.90139243821 0.95993200066 0.87259337521 0.91151376358 0.94445402279 0.93444698269 1.03951187873 0.86423516307 1.00189517936 0.93098872186 0.98227382211 0.99604146117 1.01387105541 1.30059200764 1.37747809715 1.51702595603 -252.7589467535 0.00014726744   -2 
  59 0.00315786179 -94.894368932 0.35083143478 0.95209661849 0.95893028777 0.90139503613 0.95993367665 0.87259347564 0.91151392187 0.94445458725 0.93444773704 1.03951250746 0.86423586126  1.0018943943 0.93098934232 0.98227446296 0.99604227080 1.01387198210 1.30059245493 1.37747890538 1.51702765752 -252.7589467270 0.00025463890   -2 
  60 0.00315785492 -94.893850823 0.35083160915 0.95209591230 0.95892974350 0.90139757670 0.95993555853 0.87259357118 0.91151410813 0.94445524537 0.93444860262 1.03951325805 0.86423665993 1.00189387437 0.93099006811 0.98227522899 0.99604307584 1.01387299389 1.30059298440 1.37747985696 1.51702963602 -252.7589466979 0.00011432736   -2 
  61 0.00315785492 -94.893850823 0.35083160915 0.95209591230 0.95892974350 0.90139757670 0.95993555853 0.87259357118 0.91151410813 0.94445524537 0.93444860262 1.03951325805 0.86423665993 1.00189387437 0.93099006811 0.98227522899 0.99604307584 1.01387299389 1.30059298440 1.37747985696 1.51702963602 -252.7589466979 0.00011432736   -5 
  62 0.00315785854 -94.893696734 0.35083191330 0.95209591230 0.95893186799 0.90139594759 0.95993523140 0.87259396347 0.91151438454 0.94445524537 0.93444876334 1.03951362690 0.86423691153 1.00189265319 0.93099040233 0.98227548316 0.99604278587 1.01387333264 1.30059327756 1.37748023893 1.51703015971 -252.7589466818 0.00026151460   -2 
  63 0.00315785854 -94.893696734 0.35083191330 0.95209591230 0.95893186799 0.90139594759 0.95993523140 0.87259396347 0.91151438454 0.94445524537 0.93444876334 1.03951362690 0.86423691153 1.00189265319 0.93099040233 0.98227548316 0.99604278587 1.01387333264 1.30059327756 1.37748023893 1.51703015971 -252.7589466818 0.00026151460   -5 
  64 0.00315785560 -94.893694545 0.35083204107 0.95209591230 0.95893191413 0.90139580607 0.95993516036 0.87259396347 0.91151439454 0.94445524537 0.93444876334 1.03951365360 0.86423692974 1.00189252050 0.93099041223 0.98227551076 0.99604262845 1.01387333264 1.30059329524 1.37748026220 1.51703019651 -252.7589466694 0.00010855997   -2 
  65 0.00315785560 -94.893694545 0.35083204107 0.95209591230 0.95893191413 0.90139580607 0.95993516036 0.87259396347 0.91151439454 0.94445524537 0.93444876334 1.03951365360 0.86423692974 1.00189252050 0.93099041223 0.98227551076 0.99604262845 1.01387333264 1.30059329524 1.37748026220 1.51703019651 -252.7589466694 0.00010855997   -5 
  66 0.00315785560 -94.893694545 0.35083204107 0.95209591230 0.95893191413 0.90139580607 0.95993516036 0.87259396347 0.91151439454 0.94445524537 0.93444876334 1.03951365360 0.86423692974 1.00189252050 0.93099041223 0.98227551076 0.99604262845 1.01387333264 1.30059329524 1.37748026220 1.51703019651 -252.7589466694 0.00010855997   -5 
  67 0.00315785560 -94.893694545 0.35083204107 0.95209591230 0.95893191413 0.90139580607 0.95993516036 0.87259396347 0.91151439454 0.94445524537 0.93444876334 1.03951365360 0.86423692974 1.00189252050 0.93099041223 0.98227551076 0.99604262845 1.01387333264 1.30059329524 1.37748026220 1.51703019651 -252.7589466694 0.00010855997   -3 
-- Local optimization: stuck in the same solution
-- Found new optimum with likelihood -252.758946669426223 and gradient 0.00011

---- Best joint likelihood found -252.758946669426223 with gradient 0.00011

---- Results for /scratch/38995972/tmpfrfz_61d 
--  Model: C
--        eps_an     theta_bar             a 
--             0 0.00315785560            -1 
--           S_d             b           p_b           S_b 
-- -94.893694545 0.35083204107             0             1 
--           r 2           r 3           r 4           r 5           r 6           r 7           r 8           r 9          r 10          r 11          r 12          r 13          r 14          r 15          r 16          r 17          r 18          r 19 
-- 0.95209591230 0.95893191413 0.90139580607 0.95993516036 0.87259396347 0.91151439454 0.94445524537 0.93444876334 1.03951365360 0.86423692974 1.00189252050 0.93099041223 0.98227551076 0.99604262845 1.01387333264 1.30059329524 1.37748026220 1.51703019651 

---- Expected P_neut(i), 0 < i < n (neutral SFS per site) 
E[P_neut(1)] = 0.0031578556
E[P_neut(2)] = 0.0015032907
E[P_neut(3)] = 0.0010093895
E[P_neut(4)] = 0.0007116194
E[P_neut(5)] = 0.0006062673
E[P_neut(6)] = 0.0004592543
E[P_neut(7)] = 0.0004112044
E[P_neut(8)] = 0.0003728067
E[P_neut(9)] = 0.0003278727
E[P_neut(10)] = 0.0003282634
E[P_neut(11)] = 0.0002481032
E[P_neut(12)] = 0.0002636527
E[P_neut(13)] = 0.0002261487
E[P_neut(14)] = 0.0002215632
E[P_neut(15)] = 0.0002096906
E[P_neut(16)] = 0.0002001041
E[P_neut(17)] = 0.0002415933
E[P_neut(18)] = 0.0002416602
E[P_neut(19)] = 0.0002521349

---- Expected P_sel(i), 0 < i < n (selected SFS per site) 
E[P_sel(1)] = 0.0015540530
E[P_sel(2)] = 0.0005509027
E[P_sel(3)] = 0.0003155359
E[P_sel(4)] = 0.0002004612
E[P_sel(5)] = 0.0001582446
E[P_sel(6)] = 0.0001129149
E[P_sel(7)] = 0.0000962648
E[P_sel(8)] = 0.0000837308
E[P_sel(9)] = 0.0000710422
E[P_sel(10)] = 0.0000689118
E[P_sel(11)] = 0.0000506320
E[P_sel(12)] = 0.0000524476
E[P_sel(13)] = 0.0000439501
E[P_sel(14)] = 0.0000421454
E[P_sel(15)] = 0.0000391030
E[P_sel(16)] = 0.0000366318
E[P_sel(17)] = 0.0000434686
E[P_sel(18)] = 0.0000427796
E[P_sel(19)] = 0.0000439546

---- alpha_dfe = 0.000000

