---- Running command
---- ./polyDFE -d /scratch/40840252/tmpifxnj7xb -m C -i /scratch/40840252/tmpq29jyhdz 1 -v 1 
---- Performing inference using model C

---- Performing inference on /scratch/40840252/tmpifxnj7xb
----      with -i /scratch/40840252/tmpq29jyhdz 1
---- Data /scratch/40840252/tmpifxnj7xb does not contain divergence counts. Using option -w.
---- No mutation variability. Using Poisson likelihood.


---- Using provided initial values

-- Starting local optimization
-- Optimizing all parameters
  it        eps_an     theta_bar           S_d             b           p_b           S_b           r 2           r 3           r 4           ln lk          grad status 
   0 0.00000449599     0.0006164 -55.645569999     0.1199374     0.0151532     0.1308463     0.8958562     0.8771536     0.8733385 -34.20206252078 0.40936936981   -2 
   1 0.00000449598 0.00062187083 -55.255718360 0.11765183523 0.01516233719 0.13084973876 0.92502736260 0.86991370212 0.86372603591 -33.27082513169 0.52694851443   -2 
   2 0.00000449598 0.00060575576 -54.776454447 0.11488407680 0.01517363498 0.13085379917 0.95885952437 0.85612658384 0.84673392141 -32.27339695533 0.15849302473   -2 
   3 0.00000449598 0.00058826219 -52.534131242 0.10257465467 0.01522813051 0.13087660181 0.94556957130 0.85830938145 0.82143040595 -31.33985904441 0.26283989769   -2 
   4 0.00000449598 0.00059161880 -52.263391963 0.10115546452 0.01523487048 0.13087945429 0.94441978564 0.85881238733 0.82048271791 -31.21676667971 0.06814044775   -2 
   5 0.00000449598 0.00059132092 -52.040181990 0.10000770577 0.01524035601 0.13088150366 0.93370161793 0.85309403016 0.82745234989 -31.15567218909 0.02189194087   -2 
   6 0.00000449598 0.00059161060 -52.019588885 0.09990329979 0.01524080891 0.13088133321 0.93524349623 0.85090200705 0.82886654990 -31.15151528661 0.02663708372   -2 
   7 0.00000449598 0.00059107688 -52.014949391 0.09988085292 0.01524088663 0.13088114010 0.93579289113 0.84989033050 0.82939214316 -31.15001025283 0.00221014361   -2 
   8 0.00000449598 0.00059094996 -52.011417366 0.09986947952 0.01524081860 0.13088021345 0.93628649061 0.85035789813 0.82968358823 -31.14990532413 0.00213318223   -2 
   9 0.00000449598 0.00059090049 -52.011077318 0.09986949033 0.01524079853 0.13088005738 0.93629595982 0.85039522555 0.82971599247 -31.14989714472 0.00079412429   -2 
  10 0.00000449598 0.00059090214 -52.008781728 0.09986728417 0.01524072529 0.13087940462 0.93621443448 0.85046182412 0.82982890117 -31.14988989907 0.00024537520   -2 
  11 0.00000449598 0.00059089208 -52.007485799 0.09986734392 0.01524067253 0.13087898746 0.93621561619 0.85044909014 0.82984671876 -31.14988941609 0.00043183275   -2 
  12 0.00000449598 0.00059089435 -52.004036292 0.09986685481 0.01524053984 0.13087791826 0.93623053834 0.85042180993 0.82988670154 -31.14988838036 0.00018593261   -2 
  13 0.00000449598 0.00059089347 -52.001705878 0.09986676271 0.01524044764 0.13087718274 0.93623722406 0.85040993439 0.82990396907 -31.14988823643 0.00028711147   -2 
  14 0.00000449597 0.00059087906 -51.997052919 0.09986745564 0.01524025242 0.13087566184 0.93623602666 0.85040618758 0.82990934445 -31.14988755132 0.00058919075   -2 
  15 0.00000449595 0.00059077817 -51.832531955 0.09988506608 0.01523343729 0.13082230329 0.93627268245 0.85048874717 0.82997213806 -31.14986547908 0.00060776186   -2 
  16 0.00000449589 0.00059071191 -51.527231707 0.09999196246 0.01521984514 0.13071844477 0.93626753047 0.85056555447 0.82979892558 -31.14983600152 0.00113536895   -2 
  17 0.00000449588 0.00059065598 -51.419193015 0.10005301513 0.01521472616 0.13068006374 0.93625769073 0.85052868771 0.82982985794 -31.14981906110 0.00305934806   -2 
  18 0.00000449567 0.00059070286 -50.331297246 0.10068894628 0.01516250979 0.13028883582 0.93638011177 0.85024532695 0.83034761810 -31.14964634113 0.00257233283   -2 
  19 0.00000449517 0.00059047743 -47.726717606 0.10235978745 0.01503242704 0.12931570387 0.93686802059 0.85171265452 0.83150137968 -31.14926968245 0.00226313142   -2 
  20 0.00000449519 0.00059050805 -47.818718964 0.10229528026 0.01503713020 0.12935080662 0.93702147726 0.85169870639 0.83147031315 -31.14924502767 0.00261309558   -2 
  21 0.00000449521 0.00059043299 -47.914795525 0.10222997651 0.01504198749 0.12938711293 0.93721492948 0.85169674663 0.83143670902 -31.14921944073 0.00071571337   -2 
  22 0.00000449521 0.00059040930 -47.940676552 0.10221179917 0.01504328601 0.12939680055 0.93726315847 0.85172219594 0.83144170318 -31.14921781152 0.00084814610   -2 
  23 0.00000449522 0.00059041490 -47.960900885 0.10219573623 0.01504429336 0.12940426252 0.93728504777 0.85179038778 0.83147531628 -31.14921404277 0.00089387074   -2 
  24 0.00000449522 0.00059038885 -47.979489138 0.10218157071 0.01504519284 0.12941094110 0.93727678639 0.85186335090 0.83151655637 -31.14921107528 0.00022559415   -2 
  25 0.00000449522 0.00059039472 -47.979653079 0.10218088116 0.01504515201 0.12941062159 0.93724563590 0.85186255988 0.83154216606 -31.14921052112 0.00016111653   -2 
  26 0.00000449522 0.00059039184 -47.979645360 0.10218093148 0.01504514173 0.12941054624 0.93724468544 0.85186109673 0.83154321643 -31.14921047709 0.00006025094    0 
-- Found new optimum with likelihood -31.149210477096517 and gradient 0.00006

---- Best joint likelihood found -31.149210477096517 with gradient 0.00006

---- Results for /scratch/40840252/tmpifxnj7xb 
--  Model: C
--        eps_an     theta_bar             a 
-- 0.00000449522 0.00059039184            -1 
--           S_d             b           p_b           S_b 
-- -47.979645360 0.10218093148 0.01504514173 0.12941054624 
--           r 2           r 3           r 4 
-- 0.93724468544 0.85186109673 0.83154321643 

---- Expected P_neut(i), 0 < i < n (neutral SFS per site) 
E[P_neut(1)] = 0.0005903897
E[P_neut(2)] = 0.0002766703
E[P_neut(3)] = 0.0001676444
E[P_neut(4)] = 0.0001227362

---- Expected P_sel(i), 0 < i < n (selected SFS per site) 
E[P_sel(1)] = 0.0004092585
E[P_sel(2)] = 0.0001758921
E[P_sel(3)] = 0.0001022153
E[P_sel(4)] = 0.0000728367

---- alpha_dfe = 0.028050

