---- Running command
---- ./polyDFE -d /scratch/40683695/tmp5ehpzrqu -m C -i /scratch/40683695/tmp_efpkocz 1 -v 1 
---- Performing inference using model C

---- Performing inference on /scratch/40683695/tmp5ehpzrqu
----      with -i /scratch/40683695/tmp_efpkocz 1
---- Data /scratch/40683695/tmp5ehpzrqu does not contain divergence counts. Using option -w.
---- No mutation variability. Using Poisson likelihood.


---- Using provided initial values

-- Starting local optimization
-- Optimizing all parameters
  it        eps_an     theta_bar           S_d             b           p_b           S_b           r 2           r 3           r 4           r 5           r 6           r 7           r 8           r 9          r 10          r 11          r 12          r 13          r 14          r 15          r 16          r 17          r 18          r 19          r 20          r 21          r 22          r 23          r 24          r 25          r 26          r 27          r 28          r 29          r 30          r 31          r 32          r 33          r 34          r 35          r 36          r 37          r 38          r 39           ln lk          grad status 
   0     0.0000045      0.000009        -10000           0.2           0.1             2             1             1             1             1             1             1             1             1             1             1             1             1             1             1             1             1             1             1             1             1             1             1             1             1             1             1             1             1             1             1             1             1             1             1             1             1             1             1 -59.98041392369 0.36976580537   -2 
   1 0.00000450001 0.00000499179 -10155.189323 0.23112591113 0.09502000543 1.97546753128 0.95661917697 0.96854100739 0.94740570124 0.97144603752 0.96528616770 0.97033470639 1.01501521449 0.99051456323 0.97931993469 0.98120354913 0.98276425169 0.98407941373 0.98520118573 0.98616770995 0.98701016300 0.98774909217 0.98840225856 0.98898389285 0.98950395486 0.98997099517 0.99039358737 0.99077384153 1.00480502547 0.99143959898 1.00541858732 0.99199325877 1.00593318508 0.99245918042 0.99266551752 0.99285240817 0.99302561664 0.99318513656 0.99332951812 0.99346308770 0.99358439715 1.00740746887 1.00750689493 1.00759463105 -49.66234495014 0.06798488162   -2 
   2 0.00000450002 0.00000455653 -10117.828459 0.22887943211 0.09487766107 1.97303343911 0.95509269945 0.96574596263 0.93073893806 0.96461198643 0.95405552267 0.96068097388 1.02757366160 0.98982522292 0.97251937506 0.97500870866 0.97707343374 0.97881459405 0.98030062894 0.98158204281 0.98269912994 0.98367953641 0.98454672809 0.98531878060 0.98600960606 0.98663036033 0.98719170960 0.98769739492 1.00889588385 0.98858267153 1.00971804401 0.98931954015 1.01040757902 0.98993888288 0.99021373455 0.99046265829 0.99069327750 0.99090517370 0.99109800184 0.99127554976 0.99143725434 1.01238506524 1.01251868581 1.01263598687 -49.50382825479 0.07865331214   -2 
   3 0.00000450002 0.00000439324 -10097.354966 0.22732786224 0.09487589209 1.97217800472 0.95494420279 0.96481309670 0.92334046856 0.96165994356 0.94904484307 0.95636771274 1.03359503823 0.98962139327 0.96947319453 0.97223237275 0.97452187532 0.97645315371 0.97810188923 0.97952401268 0.98076390576 0.98185234340 0.98281529656 0.98367260849 0.98443988321 0.98512948640 0.98575302555 0.98631493709 1.01084983220 0.98729858681 1.01176653682 0.98811760667 1.01253538389 0.98880581579 0.98911136565 0.98938814629 0.98964456166 0.98987993711 0.99009451698 0.99029181183 0.99047164391 1.01474115773 1.01489031112 1.01502102929 -49.48443600957 0.08506160960   -2 
   4 0.00000450040 0.00000218309 -6790.0393398 0.03698030917 0.13461005139 2.03040451183 1.28951674444 1.06878376973 0.44369161079 0.77597060465 0.58527123514 0.63287127554 2.02338205745 1.03259284049 0.72725897539 0.74873602459 0.76701381107 0.78273896040 0.79639956365 0.80836661750 0.81893128467 0.82831036429 0.83668923925 0.84421211748 0.85100344782 0.85714485867 0.86273249044 0.86781729647 1.27566642140 0.87673441653 1.28721069012 0.88424762863 1.29695366047 0.89060725926 0.89342677141 0.89601970319 0.89840296562 0.90060842965 0.90262544032 0.90447549935 0.90617381207 1.32532242906 1.32726380328 1.32893825680 -42.66245892454 0.05995111075   -2 
   5 0.00000450045 0.00000199868 -6447.6514119 0.03062138319 0.14038491451 2.03793266928 1.33899890500 1.08288222704 0.40296622513 0.75472067163 0.54940718641 0.59965066176 2.19155055052 1.03824976648 0.70056076064 0.72374053039 0.74352725558 0.76059323937 0.77545006278 0.78848867033 0.80001723746 0.81026596418 0.81943265749 0.82767152573 0.83511627751 0.84185417407 0.84798912648 0.85357606689 1.31367278657 0.86338182926 1.32688639735 0.87165258463 1.33804651788 0.87865948522 0.88176749778 0.88462709456 0.88725595401 0.88968952660 0.89191575748 0.89395810107 0.89583344159 1.37058552612 1.37281468144 1.37473727066 -42.58505968413 0.07261378921   -2 
   6 0.00000450049 0.00000189031 -6211.0891012 0.02699317331 0.14462229734 2.04321298643 1.37622628419  1.0937387462 0.37568790051 0.73979913739 0.52461610750 0.57648042602 2.32034717666 1.04256732559 0.68164077523 0.70596811831 0.72678164665 0.74476701947 0.76044917732 0.77423090816 0.78643084353 0.79728753909 0.80700676295 0.81574919494 0.82365462466 0.83081399521 0.83733643050 0.84327949635 1.34228494852 0.85371693613 1.35677428577 0.86252759973 1.36901893114 0.86999687272 0.87331127546 0.87636181686 0.87916670323 0.88176387242 0.88414029506 0.88632077659 0.88832336466 1.40475830693 1.40720896991 1.40932287677 -42.54996067198 0.08061035583   -2 
   7 0.00000450055 0.00000174939 -5835.8592331 0.02232176743 0.15180718724 2.05178042397 1.44116587391 1.11314563872 0.33398508656 0.71575035706 0.48537400070 0.53943754563 2.54856032323 1.05020533956 0.65085112258 0.67693813356 0.69934439769 0.71876884006 0.73575232444 0.75071281816 0.76398309857 0.77581324055 0.78642043477 0.79597476003 0.80462503864 0.81246760024 0.81961952152 0.82614231750 1.39214846333 0.83761071170 1.40889682404 0.84730521265 1.42306476916 0.85553334037 0.85918703001 0.86255179333 0.86564665231 0.86851352815 0.87113779470 0.87354642116 0.87575930153 1.46449620476 1.46734200723 1.46979778012 -42.48250933274 0.09117975089   -2 
   8 0.00000450090 0.00000229952 -4157.8459084 0.01220443795 0.19283585853 2.09081421590 1.89470588035 1.27950907838 0.17162168773 0.60611868346 0.30939516243 0.36611924187 4.12430054312 1.11198354481 0.49505443453 0.52754914040 0.55615007998 0.58145807634 0.60397618711 0.62411257168 0.64220905236 0.65852776289 0.67330878220 0.68674320232 0.69900480154 0.71020306918 0.72048194894 0.72991454178 1.74270238707 0.74662624441 1.77622724865 0.76088476735 1.80477659542 0.77308310248 0.77852666390 0.78355824090 0.78819921954 0.79250989011 0.79646767212 0.80010908948 0.80346216824 1.88935665884 1.89524175064 1.90035378515 -39.53215271713 0.05147844469   -2 
   9 0.00000450087 0.00000225056 -4269.4434358 0.01251913695 0.18949419695 2.08768968082 1.85561718042 1.26584246232 0.18076923615 0.61402169013 0.32045950540 0.37735816927 3.98977779177 1.10708192403 0.50572432209 0.53789702019 0.56616233538 0.59113477999 0.61332517466 0.63314611060 0.65094173934 0.66697538118 0.68148719975 0.69466814084 0.70669117561 0.71766563478 0.72773421825 0.73696967049 1.71326070753 0.75332283431 1.74531330948 0.76726600373 1.77259805386 0.77918767855 0.78450584204 0.78942027183 0.79395228287 0.79816091871 0.80202425710 0.80557817255 0.80885015627 1.85337189876 1.85898821842 1.86386525657 -39.51195472294 0.04118309562   -2 
  10 0.00000450091 0.00000229559 -4126.0803197 0.01212043736 0.19369595326 2.08987527255 1.89732148974 1.28231229604 0.16886067164 0.60380976597 0.30587591035 0.36247622836 4.15957960218 1.11339009594 0.49145726945 0.52402797224 0.55271610017 0.57811618064 0.60072791450 0.62095752463 0.63914418656 0.65555036084 0.67041564035 0.68393019876 0.69626801066 0.70753862357 0.71788607675 0.72738328940 1.75266167554 0.74421379270 1.78674118565 0.75857819304 1.81577012212 0.77087015580 0.77635642975 0.78142803709 0.78610643220 0.79045240312 0.79444244680 0.79811425266 0.80149570834 1.90181228550 1.90780173468 1.91300595418 -39.48674092649 0.05138201609   -2 
  11 0.00000450102 0.00000235675 -3737.6355340 0.01128822715 0.20566547587 2.09049757291 1.99280550332 1.32660504610 0.13818775880 0.57507149408 0.26634592990 0.32148929089 4.64607110087 1.13153728805 0.45095053983 0.48438520274 0.51406314200 0.54051036459 0.56418433383 0.58547088452 0.60468439937 0.62208601313 0.63790322044 0.65232671331 0.66552757566 0.67761661721 0.68873903061 0.69896800987 1.87418658578 0.71714185722 1.91480749495 0.73270037504 1.94946799678 0.74604863276 0.75201642938 0.75753906706 0.76263892290 0.76738051405 0.77173603772 0.77574900779 0.77944453614 2.05261081563 2.05981553646 2.06608770966 -39.38368861284 0.07131344283   -2 
  12 0.00000450143 0.00000170658 -2576.8485344 0.01019804033 0.24810057843 2.03123078659 2.04099457012 1.44337924567 0.06336218994 0.47806882055 0.15351119823 0.19851746874 6.28694915988 1.19597523494 0.31709954021 0.35051605193 0.38111084895 0.40910387431 0.43473466987 0.45824904129 0.47983368469 0.49969847704 0.51800681084 0.53490359314 0.55053656413 0.56500068663 0.57843565946 0.59088104869 2.41828404650 0.61324993072 2.49190417466 0.63264981828 2.55516276129 0.64946904885 0.65704479063 0.66408586841 0.67061440011 0.67669973289 0.68231806974 0.68750850542 0.69229049957 2.74574389885 2.75918951569 2.77097338245 -37.74739926275 0.03762235963   -2 
  13 0.00000450213 0.00000148105 -1380.2022193 0.01000887839 0.31419970475 1.86290599279 1.89817644342 1.64885621359 0.01704867754 0.36616624546 0.05981053562 0.08653973654 8.24073444385 1.32759158413 0.17129811191 0.19866238169 0.22499795145 0.25014807092 0.27404500961 0.29669813389 0.31808651856 0.33828778005 0.35733655455 0.37527447442 0.39217633872 0.40807954665 0.42308293013 0.43716361385 3.59641445617 0.46294523074 3.74472245020 0.48579036196 3.87213670020 0.50595230433 0.51514282583 0.52374619629 0.53177548948 0.53929881109 0.54629104376 0.55278177684 0.55877180839 4.25529294607 4.28216395891 4.30583853186 -37.00217534333 0.05345287421   -2 
  14 0.00000450192 0.00000159995 -1667.9656101 0.01002268994 0.29458309047 1.90602818066 1.93822834998 1.58399422274 0.02536110927 0.39845613884 0.07956225485 0.11127361633 7.74415838588 1.28763473104 0.20639881749 0.23590766064 0.26389088718 0.29027842119 0.31507826116 0.33836190738 0.36016328351 0.38059889056 0.39973992989 0.41765823917 0.43445144659 0.45017506186 0.46494216109 0.47874772656 3.21359629805 0.50388984172 3.33836513362 0.52602968128 3.44577230565 0.54546799965 0.55429801793 0.56254678400 0.57023060613 0.57741912290 0.58408742286 0.59026889204 0.59596956253 3.77016503203 3.79301919238 3.81314213595 -36.90448298409 0.03911085863   -2 
  15 0.00000450232 0.00000176686 -1149.5010471 0.01000359939 0.33033573993 1.76348335020 1.79461790560 1.70013234452 0.01160075444 0.34884562620 0.04518297516 0.06747189094 8.58006510972 1.37616688654 0.14189972005 0.16684075109 0.19118697130 0.21472484883 0.23733182690 0.25896776155 0.27956774140 0.29917391849 0.31778838516 0.33542474555 0.35213527960 0.36793884452 0.38291884141 0.39703578861 3.99626450401 0.42303106427 4.16962668202 0.44621947737 4.31828041787 0.46679897494 0.47621494569 0.48504805356 0.49330972706 0.50106325372 0.50828397630 0.51499648968 0.52119569922 4.76266794497 4.79361403319 4.82089106161 -36.38498737224 0.01869999294   -2 
  16 0.00000450237 0.00000178347 -1099.7576794 0.01000289308 0.33425434941 1.74299948605 1.77475244465 1.71166984333 0.01057143790 0.34387746761 0.04223825127 0.06356319460 8.65777981070 1.38689626210 0.13567162816 0.16005127915 0.18392992869 0.20708309212 0.22937709505 0.25076145303 0.27116195119 0.29061301174 0.30910963288 0.32665926513 0.34330909299 0.35907386112 0.37403336832 0.38814447238 4.09263683233 0.41416300736 4.27174378245 0.43740771240 4.42519969290 0.45806365015 0.46752270624 0.47640066839 0.48470828451 0.49250781645 0.49977493787 0.50653274225 0.51277512953 4.88306245393 4.91488480005 4.94293366113 -36.37967008187 0.02140488260   -2 
  17 0.00000450230 0.00000173879 -1167.5029192 0.01000388287 0.32852254108 1.75507669697 1.78985945070 1.68631014511 0.01197872317 0.35237683773 0.04622969919 0.06884069782 8.54480526210 1.37191155856 0.14399330317 0.16909518119 0.19356885198 0.21720572376 0.23988786837 0.26157920430 0.28221843568 0.30185044491 0.32047988614 0.33812253061 0.35483231492 0.37062946994 0.38559842148 0.39970103102 3.95928042729 0.42565988232 4.13110328164 0.44880572859 4.27852577909 0.46934009218 0.47873305384 0.48754346928 0.49578285191 0.50351481537 0.51071411247 0.51740635774 0.52358650734 4.71969269474 4.75044121403 4.77754563544 -36.35588323336 0.01594061537   -2 
  18 0.00000450228 0.00000172358 -1191.3672568 0.01000428910 0.32647544127 1.75620681407 1.79280082807 1.67612052112 0.01249523158 0.35567957840 0.04765748604 0.07071222767 8.50322506058 1.36684498459 0.14688998789 0.17222863594 0.19689468290 0.22068556069 0.24348913179 0.26527448311 0.28598493917 0.30566901079 0.32433471830 0.34200070145 0.35872318802 0.37452426662 0.38948988230 0.40358362966 3.91395284481 0.42951168365 4.08337493253 0.45261515264 4.22881166298 0.47310091526 0.48246822348 0.49125282038 0.49946641740 0.50717305878 0.51434713713 0.52101515554 0.52717233875 4.66448217165 4.69487610663 4.72166922884 -36.35302110838 0.01567420869   -2 
  19 0.00000450185 0.00000243861 -1336.6368785 0.01000696097 0.25886845912 0.62641193769 0.83108093031 0.88064703012 0.01492924602 0.72392031823 0.05154118066 0.07374954542 6.82966559248 1.34049273676 0.14238934715 0.16432473790 0.18545801708 0.20570954695 0.22506082662 0.24352633488 0.26109911551 0.27783625198 0.29375677798 0.30888835979 0.32327345094 0.33693085762 0.34992799407 0.36223560919 3.39428688519 0.38504983574 3.60469578485 0.40557025805 3.79233157064 0.42393806973 0.43239322817 0.44035662616 0.44782261277 0.45483080273 0.46141784247 0.46754432851 0.47318897475 4.38218461124 4.42444466429 4.46214930990 -34.60229185530 0.03455988517   -2 
  20 0.00000450183 0.00000246943 -1342.5903325 0.01000709222 0.25615625682 0.60181022722 0.80584466933 0.85822163923 0.01503192693 0.74351683217 0.05169593759 0.07386716569 6.74712115997 1.33937654324 0.14221307629 0.16402057623 0.18502256862 0.20514364188 0.22436842726 0.24271281492 0.26017145102 0.27680158136 0.29262252995 0.30766220184 0.32196251041 0.33554210987 0.34846772727 0.36071035357 3.37476623033 0.38341100990 3.58657926069 0.40383689224 3.77571410433 0.42212686949 0.43054839899 0.43848145455 0.44591978734 0.45290215468 0.45946734670 0.46557369086 0.47119932731 4.37130891902 4.41402371538 4.45214805581 -34.59968498253 0.03613774008   -2 
  21 0.00000450171 0.00000229575 -1385.5854779 0.01000803799 0.23629115467 0.45146349063 0.69545797308 0.73362133102 0.01570865619 0.87297342331 0.05251825543 0.07426888656 5.96483543809 1.31176485707 0.14005331197 0.16081563568 0.18076188722 0.19984651611 0.21807526995 0.23547318771 0.25204526534 0.26784849347 0.28290383905 0.29723978289 0.31089378448 0.32388283322 0.33626829867 0.34802254070 3.22000950481 0.36987603778 3.44248063595 0.38960680608 3.64343526339 0.40733488764 0.41551752492 0.42323856374 0.43048672423 0.43729607166 0.44371657246 0.44969431339 0.45520202406 4.28832309064 4.33536645014 4.37759013680 -34.24567216675 0.03129807229   -2 
  22 0.00000450122 0.00000274231 -1536.8156000 0.01001203662 0.17087770135 0.17031742534 0.65808293104 0.53073895652 0.01796179098 1.31268097831 0.05429407659 0.07398705168 2.64111254508 1.17328251353 0.12965095028 0.14659137662 0.16275815574 0.17818993991 0.19294645512 0.20707289246 0.22059842364 0.23357216768 0.24601628253 0.25795654493 0.26941365498 0.28039855585 0.29095259844 0.30105226496 2.69797885879 0.32004053908 2.95106592643 0.33743228318 3.18982477374 0.35328530506 0.36067797624 0.36770317545 0.37433751551 0.38059438875 0.38656313361 0.39214868885 0.39730808156 4.01925831361 4.08458164266 4.14443968647 -32.75775721642 0.02924973257   -2 
  23 0.00000450121 0.00000275448 -1540.6450012 0.01001215398 0.16940498217 0.16636839804 0.65730936336 0.52664438159 0.01801964513 1.32508704614 0.05433695724 0.07397946839 2.57548947841 1.17008605958 0.12940884690 0.14626324815 0.16234567973 0.17769642181 0.19237619068 0.20643047905 0.21988887458 0.23280025578 0.24518675778 0.25707406402 0.26848250057 0.27942287161 0.28993609245 0.29999873708 2.68609030816 0.31892252071 2.93974500696 0.33626115013 3.17927217172 0.35207114094 0.35944552061 0.36645449564 0.37307443210 0.37931828725 0.38527620361 0.39085228167 0.39600322965 4.01284348622 4.07859532272 4.13886876546  -32.7566758784 0.02919580940   -2 
  24 0.00000450126 0.00000300781 -1518.5225301 0.01001144031 0.17807412135 0.19180369034 0.74296272129 0.60286469347 0.01759811015 1.12764238161 0.05368132112 0.07340875482 2.97070534617 1.16735822722 0.12960476609 0.14678904917 0.16320748705 0.17888898273 0.19388814386 0.20824725230 0.22199201422 0.23517274675 0.24780962222 0.25992966904 0.27155177083 0.28269021013 0.29338724316 0.30361676253 2.74588189118 0.32283805851 2.99420252622 0.34042995338 3.22813535863 0.35645375112 0.36392293968 0.37101901280 0.37771945646 0.38403926820 0.39006596449 0.39570540339 0.40092015625 4.04196669704 4.10639026971 4.16547879751 -32.40526908966 0.03316411218   -2 
  25 0.00000450127 0.00000304482 -1514.4419829 0.01001130945 0.17972177443 0.19703638910 0.76133871205 0.61920038504 0.01751762897 1.09093007794 0.05354857439 0.07328639008 3.04687059083 1.16616651580 0.12961105548 0.14685319726 0.16333114178 0.17907161631 0.19412797117 0.20854187619 0.22233825113 0.23556765229 0.24824983971 0.26041209878 0.27207294745 0.28324740092 0.29397791307 0.30423786580 2.75668874208 0.32351360238 3.00393495778 0.34115207847 3.23677378459 0.35721547957 0.36470233314 0.37181472176 0.37853034999 0.38486456455 0.39090442868 0.39655608071 0.40178327458 4.04699627122 4.11120007566 4.17009833330 -32.39512795943 0.03832767073   -2 
  26 0.00000450134 0.00000288506 -1481.5375216 0.01001021308 0.19386813455 0.24913561411 0.97204467411 0.80654812912 0.01677902800 0.76262308950 0.05212863986 0.07179647405 3.66438167900 1.13569256626 0.12875876762 0.14636361281 0.16323086165 0.17936826921 0.19481658047 0.20961187886 0.22377128355 0.23734686231 0.25035305270 0.26281928033 0.27476149923 0.28619910948 0.29717657001 0.30766195638 2.83284610506 0.32734749459 3.06937165819 0.34534461217 3.29208752229 0.36172210856 0.36935279941 0.37660049279 0.38344522762 0.38990531041 0.39606209646 0.40182608168 0.40717142149 4.07551377603 4.13878132021 4.19704985052 -32.03625930796 0.03731155079   -2 
  27 0.00000450132 0.00000263552 -1487.8758303 0.01001036249 0.19134997366 0.24022941794 0.93507473548 0.77966392402 0.01686052162 0.79092601658 0.05219029565 0.07178326534 3.49524009748 1.13124660504 0.12838382627 0.14585302244 0.16258622110 0.17859417007 0.19391939437 0.20859851833 0.22264971746 0.23612443656 0.24903769313 0.26141834256 0.27328221964 0.28464795669 0.29555966196 0.30598549676 2.81122361390 0.32556727634 3.04911282811 0.34347926456 3.27340861338 0.35978811736 0.36738965566 0.37461137834 0.38143324486 0.38787397285 0.39401225234 0.39976128149 0.40509240841 4.06412093354 4.12809343569 4.18703348803 -31.83810685406 0.01346064661   -2 
  28 0.00000450129 0.00000284568 -1489.0129616 0.01001030993 0.19072194177 0.24066533406 0.99659784096 0.83344673525 0.01673863950 0.73405199635 0.05158051180 0.07083927581 3.30971073561 1.10684823926 0.12641870365 0.14358192946 0.16002991329 0.17577736515 0.19086275957 0.20532262823 0.21917603837 0.23247116918 0.24522055200 0.25745205860 0.26918308713 0.28043060894 0.29123560308 0.30156836435 2.79199251678 0.32099549796 3.02858130927 0.33879351863 3.25273101898 0.35502539882 0.36260021114 0.36980276007 0.37661388607 0.38305187163 0.38919187380 0.39495000604 0.40029886531 4.05439405979 4.12037138205 4.18144465281 -31.72212297186 0.02724495864   -2 
  29 0.00000450129 0.00000282180 -1488.9006811 0.01001031545 0.19078571513 0.24061590232 0.98993304262 0.82764433783 0.01675130956 0.73980153548 0.05164362586 0.07093687153 3.32869275466 1.10935509362 0.12662153591 0.14381628454 0.16029365700 0.17606795245 0.19117806967 0.20566054638 0.21953435790 0.23284801808 0.24561431666 0.25786122716 0.26960598153 0.28086572391 0.29168175592 0.30202414933 2.79396365632 0.32146730750 3.03068816819 0.33927716021 3.25485404074 0.35551705813 0.36309466604 0.37029923144 0.37711150261 0.38354980751 0.38968966794 0.39544689555 0.40079395558 4.05538386829 4.12115316571 4.18200496423 -31.72071221294 0.02443657922   -2 
  30 0.00000450128 0.00000288093 -1489.4564799 0.01001029669 0.19051464182 0.24070070843 1.01227374563 0.84789092781 0.01670546657 0.71913897824 0.05141184831 0.07057743879 3.25699470629 1.09992424778 0.12587128281 0.14294865550 0.15931655819 0.17499074282 0.19000863320 0.20440672779 0.21820425173 0.23144861586 0.24415167297 0.25634102908 0.26803436653 0.27924829037 0.29002299300 0.30032917965 2.78610610692 0.31971213917 3.02233879763 0.33747741209 3.24645598470 0.35368688153 0.36125380473 0.36845059738 0.37525832249 0.38169520990 0.38783526689 0.39359559625 0.39894909730 4.05123155038 4.11777547992 4.17945132697 -31.70885301298 0.03140542655   -2 
  31 0.00000450114 0.00000277381 -1499.4823106 0.01001011264 0.18653521938 0.23959269706 1.22709132651 1.07436882499 0.01619525477 0.52004528527 0.04878694258 0.06649961042 2.44908307933 0.98983378874 0.11733610400 0.13306861427 0.14818034237 0.16270150763 0.17665406677 0.19007628642 0.20298694805 0.21542257795 0.22738631471 0.23890280483 0.24999079136 0.26066264101 0.27094734673 0.28082112960 2.68063267810 0.29947946711 2.91117975930 0.31669971135 3.13475469423 0.33252592400 0.33995396738 0.34704532443 0.35378488144 0.36018886919 0.36631653005 0.37209731235 0.37751004478 3.98964815234 4.06538175115 4.13680329569 -31.31372606191 0.01996362324   -2 
  32 0.00000450115 0.00000278030 -1498.8196952 0.01001012476 0.18679689185 0.23966374996 1.21154551927 1.05774676868 0.01622856351 0.53146315799 0.04895653220 0.06676218727 2.49828628319 0.99681569751 0.11788297985 0.13370126502 0.14889317538 0.16348804424 0.17750879347 0.19099358467 0.20396122616 0.21644892185 0.22846034715 0.24002033276 0.25114755301 0.26185463574 0.27217127231 0.28207333363 2.68753171074 0.30077930820 2.91845919457 0.31803574116 3.14207996638 0.33388779567 0.34132537583 0.34842411852 0.35516866717 0.36157537763 0.36770442732 0.37348447881 0.37889398355 3.99370841152 4.06883663662 4.13961526157 -31.31189016471 0.02005923025   -2 
  33 0.00000450111 0.00000265819 -1501.8954987 0.01001008794 0.18567857854 0.23895183225 1.22901609811 1.09518151425 0.01610994028 0.49638733637 0.04833773115 0.06580066050 2.34382240657 0.97329248276 0.11586984158 0.13136946014 0.14626331147 0.16058345634 0.17434990060 0.18760085881 0.20035475420 0.21264702001 0.22447893492 0.23587573071 0.24685485135 0.25742850002 0.26762392179 0.27741883664 2.66114883681 0.29594286478 2.89068377032 0.31305994548 3.11408535959 0.32881095075 0.33621062102 0.34327953299 0.35000307098 0.35639670451 0.36251867862 0.36829919819 0.37371813515 3.97726657762 4.05457200415 4.12767023737 -31.26233625472 0.01232789700   -2 
  34 0.00000450112 0.00000266740 -1501.6657426 0.01001009074 0.18576185641 0.23900293205 1.22749900723 1.09219843419 0.01611883199 0.49898253127 0.04838391386 0.06587234294 2.35538526717 0.97505826304 0.11601967934 0.13154297336 0.14645897186 0.16079953304 0.17458488188 0.18785322622 0.20062302002 0.21292982571 0.22477510319 0.23618405105 0.24717420553 0.25775779959 0.26796226158 0.27776517059 2.66313047639 0.29630278768 2.89277042413 0.31343029355 3.11618889846 0.32918887714 0.33659139828 0.34366256033 0.35038769102 0.35678232765 0.36290485673 0.36868537003 0.37410363195 3.97850325204 4.05564507161 4.12856896119 -31.26201598946 0.01222179135   -2 
  35 0.00000450113 0.00000277092 -1500.8518575 0.01001011666 0.18609058890 0.23873836764 1.17165659510 1.04385267114 0.01617343670 0.52398115256 0.04864674739 0.06627546330 2.47113119419 0.98936567346 0.11684768123 0.13249819219 0.14753259683 0.16198148880 0.17586665437 0.18922655343 0.20207909238 0.21446142439 0.22637553911 0.23784734927 0.24889380304 0.25952772735 0.26977759000 0.27962021297 2.67592056905 0.29822497602 2.90619048269 0.31540178000 3.12964893159 0.33119495915 0.33860955526 0.34568982874 0.35242053053 0.35881731019  0.3649400276 0.37071761699 0.37612903295 3.98618196143 4.06230223098 4.13413624781 -31.22942412048 0.01549116657   -2 
  36 0.00000450112 0.00000272976 -1501.2371755 0.01001010894 0.18594853117 0.23874775534 1.18461428760 1.05632882071 0.01615465055 0.51629156639 0.04855336863 0.06613146351 2.43549928118 0.98472035622 0.11654951332 0.13215361272 0.14714477880 0.16155396680 0.17540249950 0.18872872209 0.20155072012 0.21390515300 0.22579377164 0.23724231105 0.24826782258 0.25888297292 0.26911586223 0.27894354301 2.67137286746 0.29752302724 2.90142217998 0.31468096280 3.12485775344 0.33046068880 0.33787044647 0.34494698672 0.35167524701 0.35807085946 0.36419305966 0.36997131966 0.37538482502 3.98333798444 4.05980993667 4.13201911975 -31.22494112490 0.01264842184   -2 
  37 0.00000450113 0.00000278260 -1500.9545778 0.01001012134 0.18606613660 0.23855386150 1.15506941437 1.03178968169 0.01617831858 0.52853056817 0.04866444000 0.06630111015 2.49219364644 0.99143630746 0.11689581112 0.13255258446 0.14759260812 0.16204641994 0.17593599355 0.18929982749 0.20215568542 0.21454089059 0.22645751966 0.23793163760 0.24898002041 0.25961547541 0.26986665461 0.27971024360 2.67699493017 0.29831655006 2.90731399802 0.31549382560 3.13075714974 0.33128687424 0.33870114694 0.34578096507 0.35251101547 0.35890699577 0.36502884550 0.37080539064 0.37621545589 3.98667074928 4.06269779745 4.13443211182 -31.21702740723 0.01568487338   -2 
  38 0.00000450113 0.00000278260 -1500.9545778 0.01001012134 0.18606613660 0.23855386150 1.15506941437 1.03178968169 0.01617831858 0.52853056817 0.04866444000 0.06630111015 2.49219364644 0.99143630746 0.11689581112 0.13255258446 0.14759260812 0.16204641994 0.17593599355 0.18929982749 0.20215568542 0.21454089059 0.22645751966 0.23793163760 0.24898002041 0.25961547541 0.26986665461 0.27971024360 2.67699493017 0.29831655006 2.90731399802 0.31549382560 3.13075714974 0.33128687424 0.33870114694 0.34578096507 0.35251101547 0.35890699577 0.36502884550 0.37080539064 0.37621545589 3.98667074928 4.06269779745 4.13443211182 -31.21702740723 0.01568487338   -5 
  39 0.00000450112 0.00000265712 -1502.6174878 0.01001012145 0.18553835918 0.23772549651 1.11799362891 1.01156957432 0.01614864448 0.52681411562 0.04848703279 0.06602009512 2.48075174149 0.98673665457 0.11629102189 0.13184806469 0.14679438953 0.16116094816 0.17496925181 0.18825812267 0.20104466940 0.21336628200 0.22522439747 0.23664425848 0.24764368386 0.25823442421 0.26844494962 0.27825179835 2.66796340285 0.29679498584 2.89788954762 0.31392293090 3.12119243080 0.32967825091 0.33707753285 0.34414516852 0.35086579961 0.35725536239 0.36337150423 0.36914525290 0.37455563949 3.97976947002 4.05636966167 4.12869203907 -31.16309085480 0.01152399485   -2 
  40 0.00000450110 0.00000260395 -1505.6750178 0.01001012155 0.18447474699 0.23598247246 1.05561181587 0.97636734416 0.01608434517 0.52409211093 0.04810401328 0.06541404762 2.46506304003 0.97870538494 0.11498920194 0.13033204822 0.14507678374 0.15925579787 0.17288979878 0.18601690880 0.19865459053 0.21083870900 0.22257076969 0.23387399575 0.24476781612 0.25526193106 0.26538455285 0.27511211589 2.65142871097 0.29351878222 2.88053809120 0.31053940208 3.10355226229 0.32621254736 0.33357939355 0.34062007968 0.34731991552 0.35369471755 0.35979853198 0.36556594801 0.37097565060 3.96772358086 4.04553179645 4.11911014711 -31.13339363038 0.02098299088   -2 
  41 0.00000450108 0.00000258624 -1507.7026959 0.01001012162 0.18376213254 0.23481220198 1.01664781090 0.95390640606 0.01604089346 0.52232993904 0.04784608367 0.06500639163 2.45516358001 0.97342029427 0.11411508297 0.12931435723 0.14392397377 0.15797720855 0.17149428147 0.18451288531 0.19705059721 0.20914236665 0.22078967458 0.23201447794 0.24283722717 0.25326627181 0.26332965351 0.27300374526 2.64049095032 0.29131823748 2.86904797177 0.30826619251 3.09186269576 0.32388357609 0.33122830885 0.33825058985 0.34493615557 0.35130068626 0.35739595367 0.36315881543 0.36856773751 3.95978360153 4.03840514630 4.11283055192 -31.12600231636 0.02618472558   -2 
  42 0.00000450103 0.00000259867 -1513.8108097 0.01001012184 0.18158605132 0.23123533403 0.90957936942 0.88978006383 0.01590685869 0.51717022786 0.04705501436 0.06375844237 2.42715271383 0.95768891793 0.11144689593 0.12620920847 0.14040752893 0.15407771980 0.16723844155 0.17992609418 0.19215880580 0.20396847803 0.21535667571 0.22634155274 0.23694653522 0.24717603786 0.25705748372 0.26656716066 2.60760022152 0.28459773108 2.83444502135 0.30132092412 3.05662356616 0.31676506827 0.32404076209 0.33100530396 0.33764572975 0.34397715103 0.35004495732 0.35579238005 0.36119739646 3.93597099090 4.01709198977 4.09412535683 -31.09280391992 0.03408246151   -2 
  43 0.00000450095 0.00000300750 -1521.6773872 0.01001012219 0.17853245737 0.22613366520 0.80448901792 0.81742161477 0.01571050055 0.51082388593 0.04591007963 0.06195929039 2.39759204931 0.93729688280 0.10762351432 0.12176366549 0.13537602409 0.14849992845 0.16115199080 0.17336643400 0.18516210721 0.19656714761 0.20758261182 0.21822204288 0.22851282209 0.23845366520 0.24807100745 0.25734189103 2.56335403907 0.27495781628 2.78767221125 0.29134995771 3.00883392140 0.30653696119 0.31370900888 0.32058615851 0.32715713273 0.33343695239 0.33946018432 0.34518102290 0.35057500975 3.90412832636 3.98882160071 4.06960765773 -30.83648713842 0.00961090024   -2 
  44 0.00000450095 0.00000302063 -1521.9200943 0.01001012220 0.17843912248 0.22597907336 0.80153784844 0.81531823773 0.01570451695 0.51062550378 0.04587542077 0.06190494452 2.39664663197 0.93667182315 0.10750840769 0.12162989332 0.13522466759 0.14833216827 0.16096894680 0.17316916018 0.18495167938 0.19634452960 0.20734875313 0.21797775836 0.22825903783 0.23819114531 0.24780048405 0.25706411940 2.56199151344 0.27466743299 2.78623133441 0.29104946347 3.00736043018 0.30622857286 0.31339742241 0.32027186294 0.32684066685 0.33311885342 0.33914066566 0.34486062698 0.35025420636 3.90313542477 3.98793751293 4.06883804561 -30.83625631431 0.01018460216   -2 
  45 0.00000450086 0.00000324631 -1531.7008121 0.01001012284 0.17489568589 0.22027444116 0.75612264462 0.75853801630 0.01548024670 0.49965727409 0.04459460954 0.05990577957 2.33047376220 0.90920396349 0.10330398803 0.11674832226 0.12970535759 0.14221669581 0.15429758669 0.16597950701 0.17728141099 0.18822898315 0.19882100409 0.20906686485 0.21899865389 0.22860840639 0.23792135191 0.24691585593 2.50124557385 0.26404897900 2.72208757277 0.28005078825 2.94148627850 0.29492997072 0.30197610153 0.30874597745 0.31522931282 0.32144050490 0.32740591298 0.33308814021 0.33846258227 3.85280541398 3.94143339106 4.02642280769 -30.78760780995 0.02349208521   -2 
  46 0.00000450023 0.00000350820 -1606.9808251 0.01001012751 0.15039949105 0.18364279626 0.55340295674 0.46683620249 0.01397068704 0.41955261594 0.03645480276 0.04743032463 1.82854019976 0.72367561057 0.07779182475 0.08724823046 0.09644066633 0.10541587017 0.11418002737 0.12275188305 0.13114685363 0.13938061263 0.14743904536 0.15531448824 0.16305765419 0.17063088306 0.17805255937 0.18530873172 2.07261094457 0.19935385894 2.26715666080 0.21278226768 2.47051085894 0.22555821072 0.23171330667 0.23770053132 0.24351399789 0.24916581488 0.25464113859 0.25994417173 0.26505314262 3.46695198060 3.58035303112 3.69235044085 -30.29176156673 0.01915095560   -2 
  47 0.00000450016 0.00000354629 -1615.8338655 0.01001012805 0.14772368390 0.17986263639 0.53559955936 0.44239120158 0.01380710119 0.41118961434 0.03562173108 0.04617692217 1.77734820669 0.70489619099 0.07530145513 0.08438091326 0.09321648539 0.10185480769 0.11030117040 0.11857309225 0.12668561956 0.13465354067 0.14246181788 0.15010147546 0.15762453085 0.16499116207 0.17221913034 0.17929527917 2.02714236664 0.19301558202 2.21859941460 0.20616614694 2.41984664208 0.21870802317 0.22476121372 0.23065682908 0.23638942252 0.24197089085 0.24738293091 0.25263333151 0.25770072905 3.42348300509 3.53945079911 3.65429859695 -30.28711381068 0.02095604684   -2 
  48 0.00000450024 0.00000351643 -1606.4065370 0.01001012746 0.15057899483 0.18390114614 0.55716046402 0.47019391370 0.01398091890 0.42009619681 0.03650855708 0.04751194810 1.83287127785 0.72506109938 0.07795622249 0.08743788419 0.09665418480 0.10565188528 0.11443719584 0.12302895858 0.13144263016 0.13969390671 0.14776878592 0.15565968949 0.16341718733 0.17100383523 0.17843803285 0.18570579178 2.07562950607 0.19977169237 2.27033858276 0.21321765102 2.47376720011 0.22600819500 0.23216957139 0.23816238501 0.24398071938 0.24963670934 0.25511573493 0.26042176145 0.26553298838 3.46923898734 3.58241068663 3.69416302116 -30.27998178074 0.01832299138   -2 
  49 0.00000450014 0.00000356554 -1618.2060725 0.01001012821 0.14701658405 0.17887571374 0.53411565668 0.43809977489 0.01376302687 0.40894616511 0.03540053882 0.04584562863 1.76475328128 0.70009005746 0.07464772264 0.08362898420 0.09237152775 0.10092191896 0.10928524197 0.11747865324 0.12551714307 0.13341522021 0.14115767088 0.14873521153 0.15620009838 0.16351203929 0.17068861496 0.17771689755 2.01505396286 0.19135053472 2.20563351870 0.20442654252 2.40623103580 0.21690522947 0.22293074626 0.22880137571 0.23451177775 0.24007373657 0.24546824765 0.25070384653 0.25575929500 3.41110546440 3.52767662839 3.64320816599 -30.27067425002 0.02065540905   -2 
  50 0.00000450007 0.00000360824 -1626.9677695 0.01001012876 0.14442153028 0.17526010229 0.51906740182 0.41665519083 0.01360411089 0.40089617001 0.03460367168 0.04465259356 1.71630327889 0.68225507945 0.07229531299 0.08092357903 0.08933168511 0.09756592539 0.10563058399 0.11354163257 0.12131371109 0.12896051214 0.13646602805 0.14381984495 0.15107529720 0.15819022556 0.16518164553 0.17203737813 1.97122105702 0.18535847932 2.15873168255 0.19816546997 2.35716488898 0.21041591260 0.21634143342 0.22212170646 0.22775180957 0.23324327144 0.23857411955 0.24375600961 0.24876812968 3.36818443397 3.48717021842 3.60540473768 -30.26638861023 0.02200368655   -2 
  51 0.00000449987 0.00000377292 -1652.0063319 0.01001013034 0.13723958216 0.16544578329 0.48630384188 0.36601247718 0.01316244618 0.37893254763 0.03243974556 0.04143661267 1.58831025248 0.63453939878 0.06602580571 0.07372551321 0.08125281117 0.08865273458 0.09592749246 0.10308984276 0.11015356987 0.11713014058 0.12400183632 0.13075554473 0.13744689887 0.14402952785 0.15051896276 0.15690502554 1.85127289028 0.16937073749 2.03000630150 0.18143478098 2.22195019292 0.19304856485 0.19869268251 0.20421690279 0.20961735445 0.21490494674 0.22005034828 0.22507303566 0.22995346238 3.24632091321 3.37163888896 3.49705980653 -30.24002949227 0.02283864586   -2 
  52 0.00000449952 0.00000423039 -1695.2893304 0.01001013278 0.12567890149 0.15021840621 0.46547546287 0.31136967126 0.01244105815 0.34459934995 0.02907020351 0.03650367481 1.40604537305 0.56327142226 0.05662953884 0.06297485117 0.06921411803 0.07538896421 0.08149845964 0.08755081138 0.09355827145 0.09952927991 0.10544444581 0.11128754947 0.11711619954 0.12287968512 0.12859136319 0.13424424485 1.66310066610 0.14536046058 1.82676399233 0.15623233389 2.00650274967 0.16680528449 0.17198199669 0.17707549785 0.18208349312 0.18701598203 0.19183437201 0.19656839312 0.20120050706 3.03778257061 3.17168721594 3.30725024004 -30.12455602100 0.02231983208   -2 
  53 0.00000449920 0.00000457475 -1737.4811546 0.01001013516 0.11545518311 0.13729700984 0.46230950007 0.27758749184 0.01179535380 0.31508071744 0.02621941339 0.03240362538 1.26103198482 0.50467914853 0.04903112345 0.05431693010 0.05954529582 0.06475376212 0.06993900426 0.07510560440 0.08026457525 0.08542207586 0.09055817630 0.09565499848 0.10077023465 0.10585168774 0.11091094883 0.11594355033 1.50148982695 0.12590495873 1.65115376941 0.13573797422 1.81870076827 0.14538607868 0.15014077856 0.15484043321 0.15948405889 0.16408087004 0.16858669630 0.17303788224 0.17741888984 2.84226750329 2.98209963583 3.12511708659 -30.05700516141 0.02887823133   -2 
  54 0.00000449851 0.00000451416 -1832.9417905 0.01001014021 0.09586912218 0.11380623436 0.49435639926 0.24423549035 0.01052577469 0.26069990487 0.02106708069 0.02518473679 1.02565886252 0.40352410017 0.03617934633 0.03976119552 0.04335509663 0.04698898445 0.05065563577 0.05435434981 0.05809370170 0.06187638644 0.06568341892 0.06949620825 0.07336879890 0.07725102679 0.08115170976 0.08507026139 1.20625899007 0.09292576253 1.32780731495 0.10081949298 1.46861941019 0.10869813390 0.11262920117 0.11654857107 0.12045733035 0.12436350177 0.12821745290 0.13206338724 0.13588930217 2.43484267794 2.57995631555 2.73138309000 -29.74300141121 0.02219463601   -2 
  55 0.00000449855 0.00000451844 -1827.2607868 0.01001013992 0.09693436925 0.11505444351 0.49253311879 0.24615399764 0.01059559032 0.26360294134 0.02133654039 0.02555624765 1.03837836726 0.40885491267 0.03682426202 0.04048880238 0.04416232133 0.04787330523 0.05161471733 0.05538609975 0.05919616025 0.06304774845 0.06692178388 0.07079965090 0.07473567822 0.07867947603 0.08263999348 0.08661646188 1.22199286648 0.09458240972 1.34507402089 0.10257919981 1.48737889681 0.11055316381 0.11452907444 0.11849126653 0.12244072598 0.12638553260 0.13027619633 0.13415664183 0.13801467159 2.45738509233 2.60230514585 2.75335980009 -29.74193313159 0.02149419973   -2 
  56 0.00000449782 0.00000489972 -1935.6040054 0.01001014529 0.07907944579 0.09466103239 0.59615354602 0.27168199872 0.00936218242 0.22071182959 0.01688342364 0.01953620717 0.92767355764 0.33550273624 0.02667755186 0.02909112038 0.03155425919 0.03408590863 0.03667643917 0.03932214895 0.04202939296 0.04479893855 0.04761403997 0.05045762881 0.05337723944 0.05632859085 0.05931851109 0.06234880784 0.98790754283 0.06849315674 1.08544880978 0.07476592552 1.20112185584 0.08112198949 0.08432811580 0.08754909773 0.09078723212 0.09404973088 0.09728768882 0.10054678934 0.10381830955 2.06312418701 2.20230663057 2.35022902774 -29.37115774426 0.02043352964   -2 
  57 0.00000449778 0.00000491901 -1941.2125552 0.01001014556 0.07825754495 0.09373830736 0.60183553676 0.27307122757 0.00930415064 0.21875408347 0.01668604870 0.01927436205 0.92249067019 0.33218899088 0.02624900860 0.02861190935 0.03102576103 0.03350906633 0.03605210297 0.03865105206 0.04131216373 0.04403613046 0.04680633803 0.04960582403 0.05248176184 0.05539021281 0.05833791940 0.06132678450 0.97730464465 0.06739065458 1.07367979379 0.07358625317 1.18811541964 0.07986893899 0.08303980239 0.08622658112 0.08943162353 0.09266210326 0.09586924655 0.09909871412 0.10234194005 2.04462647494 2.18343560564 2.33110024271 -29.37023210147 0.02104314617   -2 
  58 0.00000449740 0.00000442633 -2006.2795339 0.01001014785 0.07018152190 0.08489574038 0.63266349926 0.33677401058 0.00869638231 0.20521321759 0.01473739196 0.01673056883 0.95940428616 0.31272802251 0.02218146754 0.02407870793 0.02603750431 0.02807202773 0.03017186430 0.03233232758 0.03455860571 0.03685078210 0.03919368163 0.04157173674 0.04402792801 0.04652229699 0.04906070245 0.05164592442 0.90159142738 0.05692058103 0.98760201526 0.06235207452 1.08992366367 0.06790110038 0.07071672127 0.07355707029 0.07642489716 0.07932684483 0.08221663934 0.08513850051 0.08808545526 1.86887904423 1.99770191952 2.13575686252 -29.10151651942 0.02925287734   -2 
  59 0.00000449734 0.00000436707 -2016.1801269 0.01001014820 0.06903789398 0.08364974836 0.63732691683 0.34779630588 0.00860888810 0.20332759730 0.01446628909 0.01638033743 0.96583117232 0.31004301838 0.02163036269 0.02346601505 0.02536441726 0.02733914176 0.02937969894 0.03148129980 0.03364898685 0.03588276857 0.03816768689 0.04048838668 0.04288723258  0.0453248577 0.04780700319 0.05033655443 0.89104010072 0.05550188372 0.97557759729 0.06082685234 1.07620873472 0.06627294902 0.06903849506 0.07182984355 0.07464979431 0.07750491659 0.08034934881 0.08322704584 0.08613125664 1.84390983331 1.97123042055 2.10782020532 -29.09702605844 0.03262612546   -2 
  60 0.00000449697 0.00000421758 -2081.2752710 0.01001015042 0.06203592789 0.07604630326 0.66720440204 0.43623783253 0.00806073167 0.19281355866 0.01282599923 0.01428302511   1.025133211 0.29564376230 0.01838134415 0.01986243370 0.02141189880 0.02303975110 0.02473516273 0.02649284163 0.02831696110 0.03020712470 0.03214977937 0.03413095815 0.03618910814 0.03828864604 0.04043462552 0.04263046909 0.83111216843 0.04713775224 0.90671720087 0.05181769568 0.99739313510 0.05663683998 0.05909602238 0.06158661524 0.06411168542 0.06667734807 0.06924060833 0.07184344192 0.07448042856 1.69391938041 1.81119948378 1.93779518548 -28.99346876314 0.03899009902   -2 
  61 0.00000449687 0.00000418958 -2099.3019451 0.01001015102 0.06024277106 0.07410349285 0.67547485954 0.46399315942 0.00791780404 0.19011042457 0.01241325596 0.01376098144 1.04246979914 0.29195434730 0.01758606941 0.01898263375 0.02044857478 0.02199302655 0.02360510987 0.02527943426 0.02701995826 0.02882619903 0.03068497686 0.03258269872 0.03455678155 0.03657264263 0.03863516883 0.04074789340 0.81573842952 0.04509056337 0.88906136602 0.04960815106 0.97718209115 0.05426852463 0.05664977186 0.05906360729 0.06151315490 0.06400441518 0.06649520372 0.06902690656 0.07159443444 1.65518163721 1.76979122861 1.89370596545 -28.98654941419 0.03973928687   -2 
  62 0.00000449653 0.00000442559 -2159.8795772 0.01001015300 0.05463230966 0.06802778062 0.70134258862 0.57504103106 0.00745846670 0.18299621539 0.01113383739 0.01215978547 1.12080952790 0.28291704944 0.01518553457 0.01633337573 0.01755252131 0.01884945934 0.02021326135 0.02163831542 0.02312792928 0.02468139010 0.02628673100 0.02793158161 0.02965003902 0.03141075133 0.03321810161 0.03507589295 0.77345322278 0.03891166906 0.84006839810 0.04292645737 0.92041224520 0.04709236798 0.04922988470 0.05140295496 0.05361484373 0.05587119237 0.05813257742 0.06043829372 0.06278425211 1.53966844408 1.64534334154 1.76013709705 -28.81483537568 0.01995197073   -2 
  63 0.00000449646 0.00000452891 -2173.0988169 0.01001015342 0.05350801322 0.06681297949 0.70351829538 0.60101578617 0.00736334505 0.18213550610 0.01087898468 0.01184434174 1.14361541007 0.28215334231 0.01472035019 0.01582126040 0.01699362826 0.01824343217 0.01955975732 0.02093696511 0.02237823678 0.02388282077 0.02543900276 0.02703466685 0.02870322297 0.03041398856 0.03217124766 0.03397884135 0.76746522734 0.03771441196 0.83290577441 0.04162923601 0.91184223623 0.04569628865 0.04778487374 0.04990946383 0.05207334374 0.05428208140 0.05649685530 0.05875648691 0.06105708149 1.51929034124 1.62301781259 1.73577375574 -28.79731882552 0.01551150349   -2 
  64 0.00000449645 0.00000455039 -2175.7114835 0.01001015350 0.05329050042 0.06657815737 0.70369937167 0.60613616828 0.00734479308 0.18200238715 0.01082971825 0.01178351125 1.14840850738 0.28206802293 0.01463096521 0.01572291011 0.01688633275 0.01812711400 0.01943434260 0.02080237559 0.02223436988 0.02372956669 0.02527630093 0.02686250637 0.02852145903 0.03022260670 0.03197021436 0.03376812981 0.76645405739 0.03748436405 0.83167800690 0.04137987489 0.91035005633 0.04542780514 0.04750691685 0.04962211495 0.05177668781 0.05397618896 0.05618191552 0.05843259498 0.06072436995 1.51551314445 1.61885537953 1.73120590588 -28.79655131791 0.01513033505   -2 
  65 0.00000449642 0.00000460986 -2182.4202810 0.01001015372 0.05274803436 0.06599445255 0.70214349468 0.61837832930 0.00729774295 0.18194415985 0.01070625757 0.01163150909 1.16272658989 0.28236039737 0.01440847271 0.01547823271 0.01661949554 0.01783790055 0.01912254945 0.02046778967 0.02187671798 0.02334855799 0.02487176854 0.02643440989 0.02806941891 0.02974657255 0.03147008775 0.03324382761 0.76515086946 0.03691171807 0.82992606769 0.04075887976 0.90800404635 0.04475887639 0.04681421770 0.04890583300 0.05103701821 0.05321329069 0.05539624975 0.05762438085 0.05989392078 1.50751235330 1.60983567420 1.72109794126 -28.79192185135 0.01524022818   -2 
  66 0.00000449650 0.00000442790 -2168.2675369 0.01001015296 0.05407228467 0.06744512444 0.68242463752 0.57827120637 0.00740482034 0.18509353056 0.01099989108 0.01199652300 1.14996702301 0.28719632557 0.01494927589 0.01607390735 0.01726978884 0.01854316559 0.01988313600 0.02128408877 0.02274926024 0.02427792536 0.02585825492 0.02747802149 0.02917093238 0.03090600499 0.03268757284 0.03451944041 0.78189326080 0.03830325265 0.84882324601 0.04226587132 0.92910387439 0.04637985493 0.04849153942 0.05063892558 0.05282527673 0.05505618078 0.05729259597 0.05957349958 0.06189492408 1.54297699048 1.64717506732 1.76022943627 -28.74160931565 0.01960987674   -2 
  67 0.00000449654 0.00000436807 -2161.9804857 0.01001015262 0.05468043555 0.06811239412 0.67271288722 0.56076231484 0.00745311605 0.18677071567 0.01113444853 0.01216449229 1.14624532691 0.28984052522 0.01519963652 0.01634991182 0.01757127670 0.01887025842 0.02023595873 0.02166278928 0.02315404993 0.02470904118 0.02631580336 0.02796198005 0.02968162572 0.03144341478 0.03325173421 0.03511035814 0.79061811109 0.03894745398 0.85860524821 0.04296303305 0.93996964899 0.04712919573 0.04926663254 0.05143948124 0.05365098875 0.05590677302 0.05816751265 0.06047239544 0.06281736128 1.56046307572 1.66546782452 1.77927179442 -28.73560733201 0.02379822098   -2 
  68 0.00000449652 0.00000441121 -2165.6573728 0.01001015282 0.05432540943 0.06772310228 0.67813592683 0.57090424623 0.00742474642 0.18586414370 0.01105559631 0.01206609700 1.14905938130 0.28842935000 0.01505302534 0.01618828790 0.01739473270 0.01867872205 0.02002935614 0.02144103342 0.02291701645 0.02445659069 0.02604787315 0.02767858289 0.02938257068 0.03112871211 0.03292136271 0.03476431426 0.78584360117 0.03857019741 0.85323354113 0.04255474949 0.93398568451 0.04669033912 0.04881268530 0.05097061206 0.05316737564 0.05540857600 0.05765505709 0.05994588177 0.06227704418 1.55063171833 1.65515224443 1.76850104564 -28.73259521998 0.02078373150   -2 
  69 0.00000449692 0.00000464343 -2107.5326021 0.01001014950 0.06059049464 0.07464367500 0.55973812867 0.41727121961 0.00788962694 0.21288477358 0.01242416753 0.01379905088 1.18893223821 0.33359222936 0.01768886633 0.01910265593 0.02058440923 0.02214349100 0.02376922746 0.02545637799 0.02720883332 0.02902621102 0.03089537821 0.03280283366 0.03478573475 0.03680965928 0.03887951371 0.04099867659 0.91985811126 0.04535192524 1.00170178501 0.04987663748 1.09601547193 0.05454064313 0.05692238187 0.05933578696 0.06178389090 0.06427258757 0.06676023586 0.06928764653 0.07184979333 1.78071235091 1.89109857716 2.00893498923 -28.43763563819 0.01326585674   -2 
  70 0.00000449692 0.00000464343 -2107.5326021 0.01001014950 0.06059049464 0.07464367500 0.55973812867 0.41727121961 0.00788962694 0.21288477358 0.01242416753 0.01379905088 1.18893223821 0.33359222936 0.01768886633 0.01910265593 0.02058440923 0.02214349100 0.02376922746 0.02545637799 0.02720883332 0.02902621102 0.03089537821 0.03280283366 0.03478573475 0.03680965928 0.03887951371 0.04099867659 0.91985811126 0.04535192524 1.00170178501 0.04987663748 1.09601547193 0.05454064313 0.05692238187 0.05933578696 0.06178389090 0.06427258757 0.06676023586 0.06928764653 0.07184979333 1.78071235091 1.89109857716 2.00893498923 -28.43763563819 0.01326585674   -5 
  71 0.00000449692 0.00000488643 -2109.9579019 0.01001014947 0.06054731446 0.07463425973 0.56820704897 0.43406085682 0.00787226207 0.21674143668 0.01239556148 0.01376884101 1.21992688395 0.34149355478 0.01765421553 0.01906594671 0.02054536461 0.02210181996 0.02372467492 0.02540871162 0.02715782302 0.02897160981 0.03083699090 0.03274052115 0.03471920493 0.03673875786 0.03880405604 0.04091847607 0.93813549097 0.04526175142 1.01276875634 0.04977578322 1.11613887259 0.05442849941 0.05680437375 0.05921177872 0.06165372571 0.06413606689 0.06661737542 0.06913825401 0.07169371367 1.79656338684 1.90521839785 2.02101099068 -28.38313930703 0.01535668028   -2 
  72 0.00000449692 0.00000486095 -2109.7232529 0.01001014948 0.06055149844 0.07463517754 0.56735340561 0.43237664729 0.00787396180 0.21635908371 0.01239836142 0.01377179806 1.21683670922 0.34070913761 0.01765760762 0.01906954036 0.02054918693 0.02210589942 0.02372903648 0.02541337802 0.02716281677 0.02897695509 0.03084270682 0.03274662129 0.03472571791 0.03674569875 0.03881144292 0.04092632719 0.93632494049 0.04527057876 1.01168848434 0.04978565594 1.11414674721 0.05443947712 0.05681592545 0.05922391767 0.06166646726 0.06414943053 0.06663135949 0.06915287738 0.07170899150 1.79499752607 1.90382337353 2.01981729424 -28.38248754511 0.01374889824   -2 
  73 0.00000449691 0.00000494989 -2111.9923726 0.01001014947 0.06051217084 0.07462712979 0.57237720003 0.44517497294 0.00786000061 0.21935935814 0.01237536530 0.01374750986 1.23993113606 0.34695088128 0.01762974168 0.01904001890 0.02051778537 0.02207238504 0.02369320365 0.02537504281 0.02712179136 0.02893304008 0.03079574799 0.03269650661 0.03467221297 0.03668867849 0.03875076047 0.04086182946 0.95069095950 0.04519806222 1.02181802402 0.04970455453 1.12993660598 0.05434930023 0.05672103581 0.05912420441 0.06156180406 0.06403965517 0.06651649470 0.06903276152 0.07158350228 1.80703916150 1.91444320400 2.02876535142 -28.37007621035 0.02090075672   -2 
  74 0.00000449692 0.00000480723 -2111.2123367 0.01001014945 0.06052619292 0.07463042256 0.56835862457 0.43808785849 0.00786646665 0.21782542955 0.01238601611 0.01375875867 1.22695463376 0.34382293049 0.01764264596 0.01905369039 0.02053232814 0.02208790510 0.02370979748 0.02539279594 0.02714078881 0.02895337654 0.03081749366 0.03271971287 0.03469699040 0.03671508427 0.03877886327 0.04089169765 0.94348988980 0.04523164408 1.01728408559 0.04974211224 1.12201820894 0.05439106256 0.05676498134 0.05917038350 0.06161027572 0.06409049444 0.06656969126 0.06908839047 0.07164161938 1.80073781894 1.90879747236 2.02389422899 -28.35072282910 0.01168811309   -2 
  75 0.00000449692 0.00000484191 -2111.5423807 0.01001014946 0.06052023089 0.07462911928 0.56955212610 0.44049694319 0.00786406279 0.21836918604 0.01238205661 0.01375457677 1.23135044666 0.34494180891 0.01763784831 0.01904860745 0.02052692153 0.02208213469 0.02370362790 0.02538619569 0.02713372551 0.02894581539 0.03080940885 0.03271108477 0.03468777841 0.03670526677 0.03876841516 0.04088059283 0.94606667109 0.04521915885 1.01915125705 0.04972814882 1.12485071004 0.05437553627 0.05674864344 0.05915321528 0.06159225508 0.06407159356 0.06654991434 0.06906770936 0.07162001189 1.80295186039 1.91076847330 2.02557836187 -28.34941453263 0.01359869455   -2 
  76 0.00000449690 0.00000492264 -2130.4919306 0.01001015006 0.06020346145 0.07456650890 0.59807799176 0.53713503919 0.00776083938 0.24097664250 0.01221210712 0.01357499485 1.39764614881 0.39313758911 0.01743164488 0.01883012598 0.02029451838 0.02183405984 0.02343837136 0.02510244500 0.02683005725 0.02862075636 0.03046183996 0.03234018614 0.03429179106 0.03628327628 0.03831935163 0.04040332476 1.05534487533 0.04468261752 1.11296244793 0.04912813798 1.24430044061 0.05370847981 0.05604675066 0.05841568881 0.06081815196 0.06325975223 0.06570046459 0.06817949166 0.07069208834 1.89022440068 1.98706306629 2.08907195061 -28.20235142572 0.03416820935   -2 
  77 0.00000449686 0.00000460667 -2161.0612739 0.01001015082 0.05970599402 0.07446928736 0.63601412814 0.70908369734 0.00760693252 0.27872377047 0.01195890885 0.01330720675 1.66725529035 0.47695853032 0.01712360349 0.01850364472 0.01994716644 0.02146324123 0.02304184771 0.02467826457 0.02637610890 0.02813485348 0.02994231929 0.03178583542 0.03370000427 0.03565269496 0.03764839270 0.03969030147 1.23871223075 0.04388124332 1.26820435487 0.04823219453 1.44226360607 0.05271268063 0.05499908492 0.05731497508 0.05966299683 0.06204845033 0.06443319167 0.06685454398 0.06930806916 2.02547988934 2.10408507964 2.18537380639 -28.04343910000 0.03720336993   -2 
  78 0.00000449688 0.00000454035 -2147.6482943 0.01001015049 0.05992226333 0.07451226148 0.61510697831 0.61437632272 0.00767711884 0.26019047532 0.01207435518 0.01342933042 1.52657724177 0.43547285279 0.01726414158 0.01865260447 0.02010565736 0.02163244442 0.02322278172 0.02487181899 0.02658324430 0.02835656678 0.03017937028 0.03203877262 0.03397001953 0.03594040431 0.03795451683 0.04001560763 1.14934369561 0.04424683800 1.19388984632 0.04864091060 1.34624134412 0.05316692307 0.05547697300 0.05781704627 0.06018988464 0.06260093463 0.06501118699 0.06745882819 0.06993928233 1.96134214141 2.04881137683 2.14009653607 -27.95348435745 0.01781714492   -2 
  79 0.00000449688 0.00000452649 -2146.1581908 0.01001015046 0.05994635650 0.07451705918 0.61268151311 0.60402355235 0.00768509646 0.25814998701 0.01208748060 0.01344321092 1.51079256147 0.43095929470 0.01728010535 0.01866952319 0.02012365732 0.02165166029 0.02324332945 0.02489379988 0.02660676752 0.02838174586 0.03020629186 0.03206749920 0.03400068664 0.03597308214 0.03798928743 0.04005255844 1.13951522036 0.04428836859 1.18571205469 0.04868734364 1.33564427820 0.05321853275 0.05553127159 0.05787409500 0.06024975579 0.06266371716 0.06507687103 0.06752750254 0.07001102016 1.95414976771 2.04260408433 2.13500810157 -27.95201759630 0.01532247917   -2 
  80 0.00000449685 0.00000416372 -2174.2258519 0.01001015111 0.05949042771 0.07442758183 0.64562983534 0.75288482082 0.00754823056 0.29324031825 0.01186242555 0.01320505679 1.74379660549 0.51027756106 0.01700584149 0.01837879295 0.01981430541 0.02132137324 0.02289014062 0.02451596874 0.02620242595 0.02794895102 0.02974358379 0.03157378711 0.03347366710 0.03541154909 0.03739184122 0.03941769318 1.31060577119 0.04357495259 1.33352028108 0.04788986775 1.51948945986 0.05233231858 0.05459897755 0.05689466424 0.05922196626 0.06158610287 0.06394950044 0.06634890882 0.06877997581 2.07779748386 2.14970535575 2.22354469986 -27.84854762535 0.01107131928   -2 
  81 0.00000449685 0.00000418047 -2172.8259368 0.01001015108 0.05951292807 0.07443200696 0.64395356986 0.74455714399 0.00755497382 0.29138527266 0.01187350967 0.01321679101 1.73139506161 0.50601168471 0.01701936653 0.01839313202 0.01982956434 0.02133766573 0.02290756332 0.02453460721 0.02622237202 0.02797030019 0.02976640784 0.03159813964 0.03349966132 0.03543924426 0.03742130609 0.03944900172 1.30158537031 0.04361013078 1.32581719994 0.04792918609 1.50985768387 0.05237600665 0.05464493444 0.05694294176 0.05927262437 0.06163921348 0.06400506012 0.06640698953 0.06884063774 2.07152142301 2.14429625198 2.21909808124 -27.84829071785 0.01108204467   -2 
  82 0.00000449685 0.00000408045 -2179.5622393 0.01001015122 0.05940384131 0.07441046919 0.65183187551 0.77685591619 0.00752327845 0.29994866303 0.01182142092 0.01316163552 1.78330384110 0.52572100657 0.01695576476 0.01832569763 0.01975779990 0.02126103808 0.02282561897 0.02444694443 0.02612855880 0.02786989032 0.02965906216 0.03148360706 0.03337741113 0.03530899799 0.03728274040 0.03930177036 1.34346886657 0.04344471216 1.36229152134 0.04774431014 1.55464793017 0.05217059845 0.05442886535 0.05671596911 0.05903446731 0.06138953634 0.06374387509 0.06613396163 0.06855549085 2.10127021364 2.17014292945 2.24061876555 -27.84250736248 0.00983842142   -2 
  83 0.00000449685 0.00000413727 -2175.5339596 0.01001015113 0.05946827447 0.07442312435 0.64721298093 0.75379403071 0.00754234423 0.29464783805 0.01185275564 0.01319481313 1.74877346105 0.51346778734 0.01699401784 0.01836625492 0.01980096106 0.02130712357 0.02287490200 0.02449966627 0.02618497960 0.02793027926 0.02972362207 0.03155248969 0.03345093630 0.03538733282 0.03736607928 0.03939032184 1.31766341313 0.04354420418 1.34019137131 0.04785550705 1.52713113191 0.05229414723 0.05455882784 0.05685249116 0.05917771800 0.06153971754 0.06390097981 0.06629819120 0.06872701126 2.08342761070 2.15476532824 2.22797037475 -27.84020192788 0.01003125142   -2 
  84 0.00000449685 0.00000409654 -2178.2434411 0.01001015118 0.05942466511 0.07441453461 0.65031823453 0.76754575016 0.00752961517 0.29812054605 0.01183183623 0.01317266228 1.77031255171 0.52147517803 0.01696847572 0.01833917377 0.01977214092 0.02127635049 0.02284199391 0.02446446188 0.02614730505 0.02788995523 0.02968051323 0.03150649435 0.03340184153 0.03533502679 0.03731043235 0.03933119454 1.33462424412 0.04347777275 1.35488417465 0.04778126116 1.54524929804 0.05221165547 0.05447205440 0.05676133861 0.05908207357 0.06143944708 0.06379608695 0.06618854210 0.06861249463 2.09535501417 2.16509808502 2.23653613307 -27.83917912969 0.00969859936   -2 
  85 0.00000449686 0.00000420690 -2169.2708227 0.01001015108 0.05956363581 0.07444125836 0.64078134869 0.69168553370 0.00757350810 0.28530228823 0.01190400506 0.01324904031 1.66927139809 0.49175812938 0.01705645007 0.01843243285 0.01987137863 0.02138230320 0.02295529513 0.02458566660 0.02627701776 0.02802879384 0.02982894424 0.03166487229 0.03357090103 0.03551515457 0.03750207764 0.03953483826 1.27297584040 0.04370660928 1.30458610091 0.04803705564 1.47984232101 0.05249590271 0.05477108392 0.05707547915 0.05941171710 0.06178507044 0.06415766359 0.06656654533 0.06900730454 2.05540625418 2.13154243515 2.21004722317 -27.81952992492 0.00791994241   -2 
  86 0.00000449685 0.00000408630 -2172.3140598 0.01001015151 0.05950265724 0.07442792056 0.64293709233 0.65138513397 0.00756245945 0.28603217359 0.01188589701 0.01322980586 1.63331693297 0.49300366896 0.01703412429 0.01840873604 0.01984614434 0.02135534041 0.02292645578 0.02455482254 0.02624399645 0.02799346361 0.02979118432 0.03162458257 0.03352792666 0.03546938720 0.03745341052 0.03948314007 1.27861786138 0.04364858227 1.31628981732 0.04797225885 1.48690974840 0.05242398120 0.05469546966 0.05699608775 0.05932844999 0.06169781218 0.06406642342 0.06647122225 0.06890780045 2.06647213169 2.14315774484 2.22225021954 -27.79212312484 0.01001611727   -2 
  87 0.00000449683 0.00000428139 -2182.7393283 0.01001015277 0.05929555388 0.07437959220 0.66165880631 0.56603287948 0.00751512123 0.29261938756 0.01180827362 0.01314740707 1.56406432346 0.50618126998 0.01693860732 0.01830738281 0.01973822743 0.02124005955 0.02280315490 0.02442293474 0.02610282324 0.02784240656 0.02962972774 0.03145232578 0.03334413890 0.03527363257 0.03724523399 0.03926199349 1.31623491899 0.04340030368 1.37110403481 0.04769496923 1.53057225838 0.05211613876 0.05437178313 0.05665618734 0.05897192970 0.06132420603 0.06367569084 0.06606295259 0.06848152998 2.11745596831 2.19435191820 2.27360079465 -27.72991265416 0.00650809302   -2 
  88 0.00000449683 0.00000427250 -2182.3434187 0.01001015273 0.05930342089 0.07438143353 0.66085851299 0.56925458580 0.00751692201 0.29236303805 0.01181122604 0.01315054164 1.56678093632 0.50567142192 0.01694224217 0.01831124000 0.01974233450 0.02124444702 0.02280784763 0.02442795429 0.02610819620 0.02784815560 0.02963587252 0.03145888153 0.03335113337 0.03528108232 0.03725315623 0.03927040920 1.31477363387 0.04340975145 1.36895133337 0.04770552045 1.52887487673 0.05212785197 0.05438409889 0.05666911968 0.05898549406 0.06133841998 0.06369055619 0.06607848471 0.06849774658 2.11546100676 2.19234592662 2.27158561927 -27.72979742061 0.00600683725   -2 
  89 0.00000449683 0.00000419284 -2183.5689118 0.01001015262 0.05928369369 0.07437707718 0.65646004058 0.57593548548 0.00751279270 0.29277630168 0.01180445222 0.01314335508 1.57065699449 0.50679205496 0.01693392341 0.01830241299 0.01973293566 0.02123440928 0.02279711554 0.02441646793 0.02609590891 0.02783500368 0.02962181469 0.03144388456 0.03333512813 0.03526403426 0.03723502280 0.03925114752 1.31745933031 0.04338812364 1.37165680080 0.04768136206 1.53181582088 0.05210102174 0.05435588760 0.05663949209 0.05895441625 0.06130585089 0.06365649308 0.06604288643 0.06846056857 2.11735429019 2.19394673598 2.27287159976 -27.72376850789 0.00440077399   -2 
  90 0.00000449682 0.00000427719 -2187.5302573 0.01001015254 0.05920948257 0.07435889588 0.65620799500 0.57761370790 0.00749444041 0.29541409988 0.01177436058 0.01311141557 1.57216898331 0.51260534651 0.01689691313 0.01826314040 0.01969111584 0.02118974247 0.02274933873 0.02436536830 0.02604121501 0.02777647209 0.02955925702 0.03137714414 0.03326391321 0.03518818136 0.03715434792 0.03916545407 1.33235532180 0.04329190494 1.38995755482 0.04757390028 1.54863027394 0.05198171627 0.05423043726 0.05650775318 0.05881623981 0.06116104663 0.06350505315 0.06588463282 0.06829537382 2.13344558601 2.20945974467 2.28768546518 -27.71490856637 0.00683277758   -2 
  91 0.00000449682 0.00000429437 -2188.6053695 0.01001015253 0.05918936639 0.07435399675 0.65603096637 0.57803396659 0.00748953278 0.29611107822 0.01176631414 0.01310287440 1.57247559109 0.51414983160 0.01688701426 0.01825263612 0.01967993004 0.02117779498 0.02273655949 0.02435169983 0.02602658541 0.02776081603 0.02954252403 0.03135929263 0.03324486504 0.03516789277 0.03713277007 0.03914253396 1.33631803314 0.04326617043 1.39483582836 0.04754515932 1.55310301884 0.05194980840 0.05419688639 0.05647252097 0.05877928616 0.06112232062 0.06346455351 0.06584231142 0.06825119608 2.13770597421 2.21356232683 2.29159889808 -27.71446941845 0.00819338438   -2 
  92 0.00000449682 0.00000431457 -2190.2628939 0.01001015252 0.05915838672 0.07434648330 0.65564644161 0.57863792623 0.00748204522 0.29716374030 0.01175403812 0.01308984296 1.57283500183 0.51649118916 0.01687190992 0.01823660785 0.01966286171 0.02115956408 0.02271705958 0.02433084276 0.02600426177 0.02773692632 0.02951699086 0.03133205281 0.03321579962 0.03513693474 0.03709984498 0.03910756094 1.34233215377 0.04322690369 1.40224979225 0.04750130580 1.55989139365 0.05190112322 0.05414569470 0.05641876430 0.05872290328 0.06106323421 0.06340276107 0.06577773981 0.06818379239 2.14415399964 2.21976733651 2.29751317948 -27.71390151534 0.00992767441   -2 
  93 0.00000449668 0.00000428984 -2267.1791214 0.01001015199 0.05777839877 0.07401390798 0.62331441904 0.59890481184 0.00716211155 0.34428136161 0.01122999892  0.0125329425 1.57197018055 0.62446823049 0.01622494633 0.01754982804 0.01893132442 0.02037808928 0.02188111745 0.02343667033 0.02504727313 0.02671284874 0.02842255295 0.03016457669 0.03197024522 0.03381046000 0.03568927786 0.03760947389 1.61807705589 0.04154543390 1.74822422373 0.04562402733 1.86974069897 0.04981768338 0.05195534306 0.05411903380 0.05631121271 0.05853631797 0.06076051379 0.06301708272 0.06530238663 2.42826733257 2.49157761458 2.55500088827 -27.62385270212 0.01767974141   -2 
  94 0.00000449669 0.00000429134 -2259.7470832 0.01001015204 0.05790851803 0.07404549502 0.62633612873 0.59693877427 0.00719197345 0.33949556261 0.01127886958 0.01258492824 1.57204631880 0.61332896098 0.01628545994 0.01761408681 0.01899978581 0.02045123365 0.02195936500 0.02352037056 0.02513685147 0.02680870178 0.02852498438 0.03027383488 0.03208679770 0.03393457022 0.03582123979 0.03774960513 1.58994692784 0.04170267605 1.71255519583 0.04579953035 1.83828397225 0.05001240445 0.05216002711 0.05433390867 0.05653651685 0.05877235287 0.06100728863 0.06327488175 0.06557142596 2.40012658206 2.46474546815 2.52966858980 -27.62284241999 0.01672193798   -2 
  95 0.00000449664 0.00000405270 -2289.1976596 0.01001015196 0.05739855945 0.07392138811 0.61729313489 0.60210314228 0.00707858621 0.35636047370 0.01109337224 0.01238752620 1.56993442881 0.65314421760 0.01605548208 0.01736984242 0.01873954564 0.02017317630 0.02166190099 0.02320216547 0.02479630685 0.02644431184 0.02813559687 0.02985851244 0.03164376947 0.03346283822 0.03531969063 0.03721703154 1.69201121476 0.04110514497 1.84278300779 0.04513268791 1.95271509313 0.04927262812 0.05138244637 0.05351766067 0.05568070416 0.05787583969 0.06007002810 0.06229580804 0.06454970146 2.50232601907 2.56213184414 2.62153770696 -27.57750463408 0.00453022681   -2 
  96 0.00000449664 0.00000406110 -2288.1265478 0.01001015196 0.05741691544 0.07392586141 0.61764998854 0.60191705735 0.00708265607 0.35573096332 0.01110002828 0.01239461194 1.57002873547 0.65164984176 0.01606374321 0.01737861708 0.01874889571 0.02018316699 0.02167258924 0.02321359905 0.02480854304 0.02645740457 0.02814958741 0.02987343435 0.03165968616 0.03347978543 0.03533770822 0.03723616272 1.68820421639 0.04112660741 1.83790863584 0.04515663738 1.94845655643 0.04929919420 0.05141036857 0.05354696984 0.05571143238 0.05790802757 0.06010367729 0.06233095665 0.06458637941 2.49856047500 2.55854851063 2.61816209719 -27.57744225457 0.00449483998   -2 
  97 0.00000449659 0.00000393930 -2305.0070956 0.01001015304 0.05709020072 0.07382772694 0.70206122641 0.60867353042 0.00702266565 0.34990549504 0.01100217290 0.01229012240 1.61608952532 0.63850345128 0.01594114086 0.01724825606 0.01860993546 0.02003460953 0.02151362826 0.02304350157 0.02462656204 0.02626271334 0.02794158436 0.02965163829 0.03142317429 0.03322806473 0.03507020420 0.03695222255 1.67476070659 0.04080834221 1.82094271581 0.04480181557 1.93880114626 0.04890595596 0.05099725818 0.05311352343 0.05525717246 0.05743232100 0.05960671055 0.06181202953 0.06404507323 2.50366623251 2.56525061130 2.62657292964 -27.54448495098 0.00333616306   -2 
  98 0.00000449659 0.00000394595 -2304.0886149 0.01001015298 0.05710787711 0.07383304549 0.69719469476 0.60830839348 0.00702590479 0.35022067969 0.01100745567 0.01229576436 1.61356510158 0.63921311480 0.01594776334 0.01725529807 0.01861744231 0.02004263504 0.02152221590 0.02305269088 0.02463639331 0.02627323116 0.02795282116 0.02966362004 0.03143595074 0.03324166247 0.03508465419 0.03696756000 1.67549278216 0.04082553289 1.82186546339 0.04482097976 1.93932918440 0.04892719389 0.05101956875 0.05313693165 0.05528170404 0.05745801009 0.05963354703 0.06184005117 0.06407430261 2.50339402523 2.56489165550 2.62612105930 -27.54437503727 0.00316052228   -2 
  99 0.00000449659 0.00000394068 -2305.9217584 0.01001015310 0.05707269617 0.07382245767 0.70532889063 0.60921576712 0.00701939382 0.34968743160 0.01099683738 0.01228442347 1.61867565858 0.63797861815 0.01593445047 0.01724114178 0.01860235054 0.02002650129 0.02150495183 0.02303421713 0.02461662829 0.02625208671 0.02793023132 0.02963953212 0.03141026603 0.03321432676 0.03505560476 0.03693672782 1.67433447848 0.04079097541 1.82036080415 0.04478245553 1.93858477287 0.04888450134 0.05097472035 0.05308987724 0.05523239221 0.05740637340 0.05957960201 0.06178372479 0.06401555010 2.50421477325 2.56588138564 2.62729003005 -27.54407362013 0.00303809060   -2 
 100 0.00000449658 0.00000398290 -2308.4051028 0.01001015318 0.05702504174 0.07380818249 0.70430855595 0.61163384198 0.00701019120 0.34963721225 0.01098183341 0.01226839308 1.62577166338 0.63758987972 0.01591562202 0.01722111977 0.01858100149 0.02000367634 0.02148053216 0.02300808247 0.02458866502 0.02622217510 0.02789827648 0.02960545911 0.03137393734 0.03317566286 0.03501451558 0.03689312177 1.67487993126 0.04074210749 1.82071316686 0.04472798231 1.93973146553 0.04882413578 0.05091130692 0.05302334928 0.05516267717 0.05733339129 0.05950333935 0.06170410348 0.06393251121 2.50724677715 2.56911660618 2.63073045332 -27.54187041939 0.00244608737   -2 
 101 0.00000449655 0.00000393227 -2318.5934744 0.01001015335 0.05683487113 0.07375314866 0.69285772217 0.61763422846 0.00697535783 0.34913395293 0.01092505185 0.01220772027 1.64513275548 0.63570070003 0.01584432775 0.01714530729 0.01850015101 0.01991724336 0.02138805060 0.02290911593 0.02448277605 0.02610890143 0.02777727450 0.02947641735 0.03123636825 0.03302925053 0.03485893130 0.03672799871 1.67565916827 0.04055707176 1.82077955071 0.04452173849 1.94259497408 0.04859559391 0.05067123756 0.05277150085 0.05489875785 0.05705704913 0.05921465879 0.06140270763 0.06361814465 2.51682121311 2.57946133675 2.64179411641 -27.53705238090 0.00336300384   -2 
 102 0.00000449655 0.00000392632 -2319.8386750 0.01001015337 0.05681171774 0.07374643844 0.69148244193 0.61837006104 0.00697112039 0.34907314155 0.01091814522 0.01220033938 1.64750647627 0.63547161917 0.01583565244 0.01713608179 0.01849031215 0.01990672497 0.02137679602 0.02289707214 0.02446988984 0.02609511665 0.02776254936 0.02946071402 0.03121962745 0.03301143387 0.03483999886 0.03670790588 1.67575583329 0.04053455668 1.82078941901 0.04449664380 1.94294606881 0.04856778718 0.05064202882 0.05274085955 0.05486664855 0.05702342915 0.05917953826 0.06136604084 0.06357990055 2.51799220433 2.58072641731 2.64314705247 -27.53699609456 0.00384922833   -2 
 103 0.00000449649 0.00000398871 -2338.2588056 0.01001015388 0.05646850989 0.07364540246 0.67879858992 0.62961996527 0.00690731866 0.34858482717 0.01081417994 0.01208920318 1.68316255744 0.63284227723 0.01570495362 0.01699707259 0.01834205585 0.01974821677 0.02120719372 0.02271557780 0.02427570135 0.02588739024 0.02754065142 0.02922409204 0.03096737532 0.03274298404 0.03455474865 0.03640518672 1.67852200892 0.04019536129 1.82243547270 0.04411861640 1.94954819878 0.04814895229 0.05020209394 0.05227936493 0.05438306820 0.05651715753 0.05865064669 0.06081389722 0.06300399552 2.53682874966 2.60095880902 2.66469649952 -27.52995747738 0.00273392628   -2 
 104 0.00000449648 0.00000399861 -2343.5093410 0.01001015403 0.05637199192 0.07361697125 0.67577280780 0.63241550268 0.00688950185 0.34843930138 0.01078515521 0.01205816688 1.69233088905 0.63210521092 0.01566843110 0.01695822336 0.01830061944 0.01970391315 0.02115978815 0.02266484814 0.02422142363 0.02582932941 0.02747863111 0.02915795872 0.03089687557 0.03266796012 0.03447503262 0.03632059302 1.67922987299 0.04010058275 1.82283040420 0.04401299693 1.95130651251 0.04803194231 0.05007919473 0.05215044888 0.05424798923 0.05637574809 0.05850292388 0.06065968678 0.06284315484 2.54196979763 2.60648473500 2.67058809025 -27.52968984271 0.00364973882   -2 
 105 0.00000449646 0.00000394908 -2347.2379037 0.01001015407 0.05630668255 0.07359811546 0.67669005842 0.63166453297 0.00687802016 0.34827326644 0.01076646049 0.01203816455 1.69204533972 0.63160453541 0.01564486900 0.01693315565 0.01827388119 0.01967532029 0.02112919283 0.02263210683 0.02418639128 0.02579185714 0.02743860095 0.02911528200 0.03085138098 0.03261954984 0.03442359957 0.03626601758 1.67918423597 0.04003944194 1.82260680633 0.04394487488 1.95175044046 0.04795648567 0.04999994565 0.05206732554 0.05416089903 0.05628459371 0.05840769529 0.06056028334 0.06273948691 2.54416603550 2.60888385671 2.67318037755 -27.52697370748 0.00200900974   -2 
 106 0.00000449646 0.00000394591 -2347.5080550 0.01001015407 0.05630193990 0.07359674189 0.67677956863 0.63160914504 0.00687718395 0.34826249118 0.01076509902 0.01203670775 1.69201858988 0.63157072458 0.01564315272 0.01693132966 0.01827193347 0.01967323746 0.02112696413 0.02262972181 0.02418383937 0.02578912752 0.02743568501 0.02911217332 0.03084806704 0.03261602353 0.03441985308 0.03626204225 1.67918453662 0.04003498850 1.82259448551 0.04393991299 1.95178612896 0.04795098967 0.04999417349 0.05206127126 0.05415455589 0.05627795447 0.05840075953 0.06055304358 0.06273193675 2.54432821911 2.60906064865 2.67337121614 -27.52696300122 0.00216281243   -2 
 107 0.00000449633 0.00000387983 -2392.6193956 0.01001015502 0.05551128657 0.07336246148 0.71763997573 0.62201824918 0.00673526325 0.34789926240 0.01053414735 0.01178943641 1.68154500026 0.62864051260 0.01535146344 0.01662091689 0.01794078063 0.01931909655 0.02074798938 0.02222415343 0.02374992923 0.02532498123 0.02693988869 0.02858370080 0.03028468824 0.03201659606 0.03378300947 0.03558641117 1.68331911454 0.03927821061 1.82525932021 0.04309691799 1.96174794479 0.04701741532 0.04901378464 0.05103303381 0.05307740138 0.05515049560 0.05722314833 0.05932396060 0.06145017918 2.57470267215 2.64181627192 2.70849141958 -27.51709072012 0.00476142989   -2 
 108 0.00000449627 0.00000387569 -2413.8507225 0.01001015549 0.05514695157 0.07325357528 0.73601830937 0.61834254715 0.00667011148 0.34784040341 0.01042819153 0.01167591140 1.67775649295 0.62750162678 0.01521734387 0.01647815237 0.01778845274 0.01915617760 0.02057363689 0.02203756428 0.02355030246 0.02511145261 0.02671181290 0.02834060875 0.03002556135 0.03174091314 0.03349014611 0.03527574209 1.68557311926 0.03893030123 1.82686075147 0.04270945601 1.96669825541 0.04658841464 0.04856331940 0.05056063400 0.05258258154 0.05463262156 0.05668229435 0.05875952411 0.06086161241 2.58910824402 2.65732816439 2.72510395845 -27.51542054552 0.00440509607   -2 
 109 0.00000449622 0.00000389060 -2429.4363311 0.01001015583 0.05488276105 0.07317420654 0.74748879015 0.61642229991 0.00662294181 0.34789471965 0.01035150982 0.01159371583 1.67606615274 0.62687827916 0.01512014843 0.01637467638 0.01767803368 0.01903807516 0.02044724166 0.02190229689 0.02340558457 0.02495666033 0.02654648208 0.02816439733 0.02983773748 0.03154109944 0.03327789283 0.03505059678 1.68748976425 0.03867820018 1.82833391999 0.04242873112 1.97054154347 0.04627763520 0.04823701126 0.05021845995 0.05222419119 0.05425756073 0.05629061153 0.05835078893 0.06043543094 2.59972405426 2.66874056554 2.73730807500 -27.51418712060 0.00357462393   -2 
 110 0.00000449616 0.00000394302 -2451.6366336 0.01001015630 0.05451185454 0.07306227023 0.75073133767 0.61689949864 0.00655696676 0.34831442258 0.01024431501 0.01147874422 1.67772238827 0.62679067057 0.01498402331 0.01622972385 0.01752333011 0.01887259650 0.02027013578 0.02171275824 0.02320280377 0.02473977605 0.02631483774 0.02791751981 0.02957461054 0.03126119717 0.03298058903 0.03473525854 1.69101554030 0.03832517529 1.83135222973 0.04203569105 1.97652982425 0.04584260087 0.04778028011 0.04973956492 0.05172264635 0.05373274203 0.05574257509 0.05777894048 0.05983924566 2.61442375696 2.68447540820 2.75408112686 -27.51076204449 0.00521103525   -2 
 111 0.00000449617 0.00000393686 -2449.1782943 0.01001015625 0.05455266894 0.07307461536 0.75031016242 0.61685377303 0.00656421717 0.34826828479 0.01025609336 0.01149137946 1.67754324067 0.62680163288 0.01499898914 0.01624566121 0.01754034033 0.01889079195 0.02028960998 0.02173359961 0.02322510113 0.02476362394 0.02634030825 0.02794466483 0.02960354161 0.03129197199 0.03301327631 0.03476992772 1.69062504087 0.03836398576 1.83101833486 0.04207889822 1.97586546828 0.04589042180 0.04783048463 0.04979220426 0.05177777376 0.05379042603 0.05580280938 0.05784179026 0.05990476848 2.61279104854 2.68272777740 2.75221821891 -27.51070997329 0.00476372282   -2 
 112 0.00000449504 0.00000400490 -2870.8586398 0.01001016501 0.04842147342 0.07115652676 0.64202730858 0.64577210729 0.00551973036 0.35642431097 0.00856514960 0.00967038800 1.71931130158 0.62941655322 0.01282457730 0.01392701491 0.01506335815 0.01623983353 0.01745155963 0.01869603690 0.01997560094 0.02128894268 0.02263034726 0.02399209194 0.02539286136 0.02681508645 0.02826068852 0.02973185884 1.75048526665 0.03273041067 1.88310242878 0.03581450127 2.07494007471 0.03896527622 0.04056436965 0.04217815454 0.04380846636 0.04545651068 0.04710504438 0.04877133823 0.05045380274 2.85502891273 2.94232078837 3.02912736143 -27.43873254256 0.00708091585   -2 
 113 0.00000449515 0.00000399827 -2828.7441818 0.01001016420 0.04896593402 0.07133317802 0.65148894638 0.64301690924 0.00560963192 0.35565518842 0.00871023072 0.00982718752 1.71537139979 0.62917190632 0.01301320741 0.01412840480 0.01527867828 0.01647038960 0.01769844998 0.01896030203 0.02025828418 0.02159115254 0.02295293069 0.02433566337 0.02575871513 0.02720389871 0.02867325008 0.03016898468 1.74482927549 0.03321869887 1.87819423745 0.03635687891 2.06554247436 0.03956421099 0.04119245516 0.04283596254 0.04449659885 0.04617573295 0.04785529209 0.04955333505 0.05126818905 2.83186773608 2.91749158666 3.00263575691 -27.43796919917 0.00646136606   -2 
 114 0.00000449527 0.00000397307 -2780.6410646 0.01001016327 0.04960479145 0.07153884394 0.66391800088 0.63931038795  0.0057160574 0.35468118400 0.00888210730 0.01001278964 1.70991886046 0.62885502408 0.01323609350 0.01436629863 0.01553297724 0.01674265136 0.01798998304 0.01927234652 0.02059208232 0.02194802579 0.02333388812 0.02474143676 0.02619084823 0.02766319774 0.02916065838 0.03068547522 1.73782596457 0.03379578359 1.87211234737 0.03699805394 2.05398770653 0.04027242868 0.04193523758 0.04361399466 0.04531060074 0.04702662075 0.04874299195 0.05047871260 0.05223201054 2.80377212325 2.88740903090 2.97057488539 -27.43642081783 0.00447643501   -2 
 115 0.00000449524 0.00000397753 -2790.2229208 0.01001016345 0.04947611417 0.07149756343 0.66145849660 0.64003405288 0.00569456856 0.35487326158 0.00884739320 0.00997531520 1.71098015458 0.62891821393 0.01319112063 0.01431830275 0.01548167531 0.01668772799 0.01793117340 0.01920939962 0.02052474671 0.02187603406 0.02325703601 0.02465957614 0.02610366661 0.02757053185 0.02906231720 0.03058126172 1.73921057227 0.03367933321 1.87331527012 0.03686865838 2.05627282923 0.04012948953 0.04178531512 0.04345695000 0.04514628788 0.04685485395 0.04856378601 0.05029189203 0.05203741986 2.80933440957 2.89336579108 2.97692459917 -27.43637029532 0.00482524987   -2 
 116 0.00000449529 0.00000396406 -2771.7804905 0.01001016309 0.04972467079 0.07157724895 0.66662665485 0.63849142529 0.00573618010 0.35447784464 0.00891462324 0.01004788056 1.70866628604 0.62879230944 0.01327817925 0.01441120842 0.01558097718 0.01679403752 0.01804500394 0.01933123794 0.02065507994 0.02201538103 0.02340579234 0.02481802898 0.02627242200 0.02774990634 0.02925268102 0.03078299705 1.73639341124 0.03390476640 1.87087114189 0.03711916296 2.05163932017 0.04040622649 0.04207557855 0.04376100944 0.04546442633 0.04718743260 0.04891077518 0.05065363264 0.05241421299 2.79814602261 2.88139373865 2.96417404873 -27.43600790370 0.00382140682   -2 
 117 0.00000449499 0.00000388672 -2891.6500744 0.01001016535 0.04816457156 0.07107276209 0.65079828272 0.64285031128 0.00547976972 0.35608193360 0.00850083250 0.00960067013 1.71395583566 0.62967953964 0.01274018310 0.01383681876 0.01496685615 0.01613646071 0.01734084099 0.01857752059 0.01984882892 0.02115344296 0.02248574041 0.02383811402 0.02522896441 0.02664096707 0.02807601610 0.02953626131 1.74859383928 0.03251211601 1.88159339304 0.03557224248 2.07202474310 0.03869799691 0.04028421071 0.04188486822 0.04350179934 0.04513611511 0.04677098413 0.04842329408 0.05009151989 2.85030090703 2.93759574449 3.02443178177 -27.42625335119 0.00562365854   -2 
 118 0.00000449486 0.00000386410 -2944.2962656 0.01001016631 0.04751273003 0.07085859684 0.64559087614 0.64462747289 0.00537398988 0.35676189536 0.00833035323 0.00941614720 1.71618849584 0.63012550935 0.01251750950 0.01359895947 0.01471245590 0.01586400310 0.01704905023 0.01826518627 0.01951473547 0.02079630518 0.02210456827 0.02343219430 0.02479679894 0.02618176652 0.02758886761 0.02902021112 1.75367458058 0.03193591999 1.88609533427 0.03493250920 2.08046402823 0.03799187603 0.03954389087 0.04110968871 0.04269106752 0.04428894159 0.04588745668 0.04750257561 0.04913288059 2.87192894692 2.96091558516 3.04945368454 -27.42518870969 0.00749668195   -2 
 119 0.00000449477 0.00000385160 -2979.2390315 0.01001016694 0.04709057550 0.07071881276 0.64245587598 0.64578437132 0.00530589820 0.35720782243 0.00822068415 0.00929735836 1.71766342975 0.63043033544 0.01237394530 0.01344556647 0.01454836839 0.01568825133 0.01686081772 0.01806369843 0.01929921396 0.02056592765 0.02185870100 0.02317038069 0.02451808085 0.02588563915 0.02727474748 0.02868748846 1.75698720044 0.03156449664 1.88903659699 0.03452021940 2.08595695020 0.03753690175 0.03906693336 0.04061032695 0.04216885992 0.04374332202 0.04531848087 0.04690971062 0.04851566148 2.88601102086 2.97610175307 3.06575111834 -27.42488395342 0.00855514910   -2 
 120 0.00000449345 0.00000396170 -3572.4440683 0.01001017670 0.04098740734 0.06859204582 0.62570026716 0.66331162516 0.00435781578 0.36428222969 0.00669986268 0.00764257630 1.74296338146 0.63686436766 0.01035496071 0.01128496089 0.01223467807 0.01320854750 0.01420415910 0.01521971011 0.01625743248 0.01731535113 0.01839082179 0.01947908240 0.02059056947 0.02171518412 0.02285359463 0.02400752215 1.80688234913 0.02634716580 1.93414325572 0.02873691117 2.16719819770 0.03116378140 0.03239051223 0.03362512382 0.03486910310 0.03612167073 0.03737567244 0.03863882874 0.03991067052 3.09373153291 3.20033566432 3.30668240212 -27.38449601366 0.00746902355   -2 
 121 0.00000449156 0.00000393578 -4616.6712831 0.01001019093 0.03354830382 0.06567862201 0.62823516727 0.67901103641 0.00329603756 0.37312998616 0.00501230681 0.00578732523 1.76707108212 0.64562372090 0.00804206828 0.00880098217 0.00956832372 0.01034683972 0.01113599752 0.01193457298 0.01274460417 0.01356370748 0.01439170020 0.01522625618 0.01607119011 0.01692249395 0.01777988127 0.01864468929 1.87132435796 0.02038681039 1.99273539855 0.02215100874 2.27322798598 0.02392942694 0.02482390382 0.02572108105 0.02662212600 0.02752491995 0.02842986445 0.02933748964 0.03024814630 3.37365191688 3.50331845973 3.63296907648 -27.35861280420 0.00968152382   -2 
 122 0.00000449072 0.00000377552 -5171.4839117 0.01001019753 0.03065833470 0.06442304150 0.64503503203 0.67908515612 0.00291219998 0.37602184174 0.00440722803 0.00511601129 1.77015205910 0.64914518801 0.00718906250 0.00788199054 0.00857977520 0.00928454774 0.00999634116 0.01071412012 0.01143982870 0.01217099618 0.01290821558 0.01364995980 0.01439793703 0.01515010343 0.01590588954 0.01666650015 1.89396667685 0.01819418436 2.01374335949 0.01973512917 2.31088951811 0.02128323975 0.02206010219 0.02283809881 0.02361828093 0.02439818142 0.02518044923 0.02596345986 0.02674781066 3.47852533159 3.61754756221 3.75670406518 -27.33327837584 0.00800422732   -2 
 123 0.00000449058 0.00000375326 -5265.7616191 0.01001019858 0.03021894298 0.06422475413 0.64825556946 0.67902529985 0.00285520569 0.37647439599 0.00431763980 0.00501629868 1.77065726104 0.64972966907 0.00706151693 0.00774442739 0.00843169109 0.00912534809 0.00982550944 0.01053116695 0.01124424921 0.01196227606 0.01268594935 0.01341385633 0.01414740773 0.01488483847 0.01562554042 0.01637069895 1.89748472656 0.01786663079 2.01703228535 0.01937458329 2.31671559806 0.02088871803 0.02164825006 0.02240869957 0.02317110065 0.02393294136 0.02469717902 0.02546189262 0.02622771317 3.49481660528 3.63530813768 3.77595815599 -27.33273326220 0.00901447290   -2 
 124 0.00000449019 0.00000370445 -5548.8393439 0.01001020166 0.02897658009 0.06365248839 0.65987264271 0.67860224017 0.00269606613 0.37775370089 0.00406787248 0.00473783325 1.77230296818 0.65153682958 0.00670405774 0.00735866662 0.00801626371 0.00867863454 0.00934609963 0.01001772516 0.01069539412 0.01137660541 0.01206235491 0.01275154273 0.01344477218 0.01414103700 0.01483962599 0.01554167066 1.90725655737 0.01694907992 2.02628886439 0.01836515103 2.33273829110 0.01978475325 0.02049609669 0.02120777600 0.02192077711 0.02263247321 0.02334664520 0.02406057863 0.02477499429 3.53976358194 3.68438112983 3.82924315407 -27.32993313335 0.01128669049   -2 
 125 0.00000448993 0.00000367712 -5742.1702994 0.01001020369 0.02818822475 0.06328003447 0.66800454253 0.67831086948 0.00259658354 0.37859219199 0.00391202643 0.00456372048 1.77347274662 0.65275244681 0.00647958570 0.00711624913 0.00775507838 0.00839770027 0.00904455961 0.00969476802 0.01035017833 0.01100828028 0.01167024621 0.01233516670 0.01300315813 0.01367367355 0.01434594112 0.01502105898 1.91360869062 0.01637323620 2.03233011503 0.01773205471 2.34311661470 0.01909281968 0.01977419382 0.02045555813 0.02113786843 0.02181843385 0.02250152155 0.02318394741 0.02386648499 3.56889103521 3.71619191092 3.86379469718 -27.32907831798 0.01256278439   -2 
 126 0.00000449040 0.00000376467 -5395.6198634 0.01001020002 0.02963577537 0.06395811738 0.65620867484 0.67883650652 0.00278021807 0.37706722210 0.00419988960 0.00488509118 1.77223136641 0.65078074462 0.00689327971 0.00756290370 0.00823623168 0.00891518378 0.00959997091 0.01028962037 0.01098603938 0.01168673722 0.01239255568 0.01310223051 0.01381678850 0.01453482492 0.01525568225 0.01598052075 1.90156619806 0.01743471993 2.02108881486 0.01889934132 2.32307595327 0.02036888126 0.02110567599 0.02184311065 0.02258219637 0.02332036579 0.02406096980 0.02480170838 0.02554325542 3.51247663015 3.65469011109 3.79711723289 -27.32215080035 0.00753111421   -2 
 127 0.00000449033 0.00000375308 -5441.8411760 0.01001020052 0.02943372277 0.06386492981 0.65789475066 0.67875344232 0.00275435484 0.37727349702 0.00415930118 0.00483983477 1.77240587398 0.65105421862 0.00683517370 0.00750019519 0.00816869918 0.00884256444 0.00952203585 0.01020615278 0.01089681502 0.01159152849 0.01229118271 0.01299456416 0.01370256866 0.01441391460 0.01512792781 0.01584575972 1.90318834086 0.01728557348 2.02260884591 0.01873526452 2.32576731849 0.02018944412 0.02091840912 0.02164791972 0.02237897928 0.02310900183 0.02384147176 0.02457396043 0.02530715627 3.52005619978 3.66295770943 3.80608625527 -27.32201921385 0.00806477680   -2 
 128 0.00000448865 0.00000373322 -6785.7276686 0.01001021395 0.02461659331 0.06148912372 0.74909049765 0.67149313399 0.00216186645 0.38175090866 0.00323399010 0.00380251588 1.78054946280 0.66037072095 0.00548815030 0.00604373934 0.00659822344 0.00715254370 0.00770761923 0.00826274916 0.00881963672 0.00937577525 0.00993302790 0.01049126364 0.01104865943 0.01160651429 0.01216383248 0.01272156644 1.93497203218 0.01383353976 2.05515708610 0.01494414199 2.37494890434 0.01605051555 0.01660255334 0.01715325267 0.01770343713 0.01825022428 0.01879968987 0.01934688839 0.01989277792 3.66203786402 3.81963633770 3.97815905312 -27.27679515550 0.00378480676   -2 
 129 0.00000448876 0.00000373445 -6685.7459613 0.01001021306 0.02491822427 0.06164745902 0.74244117074 0.67196880242 0.00219771889 0.38142031202 0.00328973034 0.00386531689 1.78010672419 0.65977128370 0.00557055437 0.00613299078 0.00669457249 0.00725629659 0.00781904723 0.00838210871 0.00894719759 0.00951180447 0.01007774025 0.01064481303 0.01121134835 0.01177850266 0.01234529631 0.01291269359 1.93252795202 0.01404440657 2.05273987886 0.01517535937 2.37105115998 0.01630254762 0.01686515327 0.01742651899 0.01798747924 0.01854516291 0.01910551381 0.01966371583 0.02022071349 3.65089270277 3.80740554124 3.96480801150 -27.27657068016 0.00373560862   -2 
 130 0.00000448894 0.00000373751 -6524.8773928 0.01001021162 0.02542139576 0.06190850951 0.73155442724 0.67269518668 0.00225802998 0.38080896591 0.00338358558 0.00397094990 1.77968266694 0.65889056271 0.00570885398 0.00628272732 0.00685617678 0.00743029397 0.00800590215 0.00858226062 0.00916110750 0.00973993028 0.01032044930 0.01090236866 0.01148426976 0.01206706407 0.01264980033 0.01323346265 1.92776762715 0.01439841843 2.04823360686 0.01556366648 2.36318564674 0.01672595321 0.01730638596 0.01788574999 0.01846489796 0.01904098037 0.01961970981 0.02019649631 0.02077226052 3.62868737112 3.78319127256 3.93855170962 -27.27597567387 0.00382953189   -2 
 131 0.00000448868 0.00000374097 -6754.1197222 0.01001021369 0.02471397043 0.06154042882 0.74765640828 0.67147090212 0.00217363789 0.38150759699 0.00325230609 0.00382313343 1.78091231620 0.66039033209 0.00551514780 0.00607296957 0.00662977027 0.00718650971 0.00774409510 0.00830182072 0.00886139374 0.00942030731 0.00998040696 0.01054154044 0.01110193609 0.01166284394 0.01222327406 0.01278418285 1.93267379496 0.01390264472 2.05329977591 0.01501994013 2.37072736179 0.01613316306 0.01668867954 0.01724289073 0.01779662374 0.01834700078 0.01890005145 0.01945087530 0.02000042577 3.65051026435 3.80730322866 3.96505083882 -27.27436967900 0.00382107780   -2 
 132 0.00000448861 0.00000374162 -6815.1285158 0.01001021423 0.02453271101 0.06144487722 0.75186213262 0.67114375410 0.00215218313 0.38168046649 0.00321896360 0.00378555049 1.78126223112 0.66079315950 0.00546578627 0.00601949775 0.00657203991 0.00712433919 0.00767732337 0.00823029553 0.00878495476 0.00933879612 0.00989369610 0.01044953833 0.01100446351 0.01155980592 0.01211456625 0.01266969384 1.93385629267 0.01377634895 2.05455108913 0.01488147575 2.37250665186 0.01598225576 0.01653145594 0.01707929267 0.01762658655 0.01817045349 0.01871700039 0.01926125087 0.01980416632 3.65570605410 3.81306748479 3.97141177026 -27.27427996851 0.00395876525   -2 
 133 0.00000448870 0.00000374005 -6738.8213388 0.01001021356 0.02476022396 0.06156474286 0.74647172407 0.67153898103 0.00217915134 0.38144474436 0.00326087878 0.00383279096 1.78087824173 0.66030969198 0.00552781652 0.00608669033 0.00664458168 0.00720245897 0.00776122402 0.00832016885 0.00888100266 0.00944121821 0.01000265287 0.01056514518 0.01112694623 0.01168928415 0.01225117149 0.01281356645 1.93217836708 0.01393506438 2.05284012227 0.01505549004 2.36989952707 0.01617191482 0.01672905697 0.01728490905 0.01784029981 0.01839235324 0.01894707857 0.01949959530 0.02005085476 3.64819605024 3.80478691760 3.96233236453 -27.27410599674 0.00377559936   -2 
 134 0.00000448892 0.00000373284 -6540.2023757 0.01001021177 0.02537715151 0.06188585238 0.73160434525 0.67246082620 0.00225305876 0.38063971559 0.00337587410 0.00396223974 1.78046667303 0.65924509023 0.00569735789 0.00627026292 0.00684271153 0.00741578777 0.00799031952 0.00856556788 0.00914326891 0.00972091130 0.01030022124 0.01088091153 0.01146154385 0.01204304850 0.01262447208 0.01320679688 1.92586003671 0.01436902485 2.04693751392 0.01553146498 2.35937159060 0.01669088406 0.01726986216 0.01784775896 0.01842542539 0.01900001079 0.01957724479 0.02015252034 0.02072676011 3.61868743329 3.77267514575 3.92759574391 -27.27268136707 0.00397215701   -2 
 135 0.00000448888 0.00000373449 -6576.6206579 0.01001021210 0.02526173763 0.06182622083 0.73435771453 0.67228575701 0.00223918286 0.38078473853 0.00335427332 0.00393793744 1.78056320344 0.65944932376 0.00566556525 0.00623584564 0.00680556965 0.00737579963 0.00794737756 0.00851957039 0.00909410920 0.00966848330 0.01024444003 0.01082171599 0.01139881389 0.01197672051 0.01255447591 0.01313305786 1.92698331304 0.01428763460 2.04799750800 0.01544217936 2.36122830864 0.01659351640 0.01716838891 0.01774214027 0.01831561722 0.01888596409 0.01945896405 0.02002995773 0.02059987331 3.62390003403 3.77835534274 3.93374924003 -27.27262980802 0.00383508156   -2 
 136 0.00000448984 0.00000389273 -5754.1973570 0.01001020494 0.02824697711 0.06330960914 0.67924019036 0.67277480360 0.00261290158 0.37392353630 0.00393834865 0.00459218174 1.79304684089 0.65994424903 0.00651353586 0.00715239049 0.00779363753 0.00843893556 0.00908868161 0.00974198905 0.01040070400 0.01106233737 0.01172799393 0.01239672677 0.01306878562 0.01374349879 0.01442011944 0.01509973984 1.86240105076 0.01646132513 1.99571193642 0.01783008294 2.24323352916 0.01920124511 0.01988797072 0.02057479320 0.02126266130 0.02194893308 0.02263769263 0.02332592163 0.02401436909 3.30221968945 3.43352981431 3.56663593794 -27.23713276901 0.00657145424   -2 
 137 0.00000448991 0.00000390451 -5697.1426728 0.01001020440 0.02848142146 0.06342117195 0.67531773856 0.67280132651 0.00264302344 0.37341697669 0.00398557756 0.00464489520 1.79395950297 0.65997953482 0.00658134865 0.00722559660 0.00787249097 0.00852373866 0.00917969731 0.00983946740 0.01050490342 0.01117352015 0.01184636659 0.01252243810 0.01320213459 0.01388464274 0.01456923492 0.01525701269 1.85766197250 0.01663533992 1.99186035081 0.01802146205 2.23462408572 0.01941047908 0.02010630210 0.02080232958 0.02149951843 0.02219524802 0.02289345045 0.02359125350 0.02428939003 3.27887122285 3.40847794897 3.53993169033 -27.23695773746 0.00699590290   -2 
 138 0.00000448981 0.00000381258 -5777.6225524 0.01001020517 0.02816009903 0.06326876432 0.68536633745 0.66951964986 0.00260243710 0.37350357471 0.00392199509 0.00457386205  1.7869342121 0.65943239496 0.00648977724 0.00712670633 0.00776594585 0.00840913770 0.00905669168 0.00970772540 0.01036408066 0.01102326987 0.01168641382 0.01235258591 0.01302198543 0.01369398845 0.01436784197 0.01504463401 1.86063702617 0.01640042617 1.99405277721 0.01776318898 2.24084291987 0.01912819989 0.01981179514 0.02049545359 0.02118012024 0.02186314781 0.02254866718 0.02323361461 0.02391874413 3.29771783054 3.42878385357 3.56168533726 -27.22852895984 0.00426278658   -2 
 139 0.00000448981 0.00000381876 -5772.3325313 0.01001020512 0.02818103477 0.06327873411 0.68474966229 0.66972277062 0.00260507941 0.37349546996 0.00392613375 0.00457848666 1.78737676493 0.65946829286 0.00649574150 0.00713314772 0.00777288617 0.00841660296 0.00906470455 0.00971630740 0.01037325416 0.01103305738 0.01169683320 0.01236364994 0.01303371992 0.01370640690 0.01438095955 0.01505846673 1.86042223952 0.01641572574 1.99389353637 0.01778000885 2.24039965916 0.01914658197 0.01983097288 0.02051543614 0.02120091752 0.02188477147 0.02257111598 0.02325689972 0.02394287536 3.29638634353 3.42734983374 3.56014999051 -27.22848872490 0.00406590367   -2 
 140 0.00000448954 0.00000376934 -5971.4044201 0.01001020728 0.02745762215 0.06293231779 0.74942509610 0.65229423166 0.00251766143 0.37149289943 0.00378963714 0.00442543138 1.75648076668 0.65817465804 0.00629683769 0.00691805127 0.00754092055 0.00816696582 0.00879668267 0.00942923066 0.01006641414 0.01070575930 0.01134851351 0.01199390464 0.01264175486 0.01329179530 0.01394323650 0.01459712645  1.8498713711 0.01590603884 1.98495627545 0.01722032221 2.22358111149 0.01853561770 0.01919392592 0.01985202951 0.02051084592 0.02116768825 0.02182705451 0.02248552266 0.02314388135 3.25684224701 3.38518630581 3.51570508950 -27.20648991371 0.00441804619   -2 
 141 0.00000448945 0.00000382557 -6030.8263749 0.01001020805 0.02725538017 0.06283447971 0.76394405386 0.64903505387 0.00249386389 0.37086411939 0.00375256803 0.00438375423 1.75066187146 0.65824271932 0.00624236115 0.00685908199 0.00747728416 0.00809845459 0.00872311080 0.00935042389 0.00998218752 0.01061593352 0.01125294126 0.01189247973 0.01253427274 0.01317814465 0.01382329773 0.01447076745 1.84500065534 0.01576655703 1.98111642364 0.01706729177 2.21478612510 0.01836871315 0.01901997138 0.01967095477 0.02032257303 0.02097213235 0.02162422001 0.02227532580 0.02292624487 3.23305052495 3.35963633767 3.48853195863 -27.20183619971 0.00401096499   -2 
 142 0.00000448946 0.00000382081 -6025.9040884 0.01001020799 0.02727202792 0.06284255521 0.76270983639 0.64930571176 0.00249582208 0.37091532226 0.00375561796 0.00438718369 1.75114377677 0.65823712075 0.00624684490 0.00686393570 0.00748252216 0.00810409393 0.00872916674 0.00935691075 0.00998912048 0.01062332731 0.01126080799 0.01190082812 0.01254311958 0.01318749908 0.01383316957 0.01448116756 1.84539626026 0.01577803683 1.98142822363 0.01707988620 2.21550016088 0.01838244892 0.01903428709 0.01968585617 0.02033806652 0.02098822489 0.02164091122 0.02229262257 0.02294415352 3.23498065301 3.36170909347 3.49073637074 -27.20179815787 0.00373362153   -2 
