---- Running command
---- ./polyDFE -d /scratch/40841260/tmpfwqger96 -m C -i /scratch/40841260/tmpxyeyfcns 1 -v 1 
---- Performing inference using model C

---- Performing inference on /scratch/40841260/tmpfwqger96
----      with -i /scratch/40841260/tmpxyeyfcns 1
---- Data /scratch/40841260/tmpfwqger96 does not contain divergence counts. Using option -w.
---- No mutation variability. Using Poisson likelihood.


---- Using provided initial values

-- Starting local optimization
-- Optimizing all parameters
  it        eps_an     theta_bar           S_d             b           p_b           S_b           r 2           r 3           r 4           r 5           r 6           r 7           r 8           r 9          r 10          r 11          r 12          r 13          r 14          r 15          r 16          r 17          r 18          r 19           ln lk          grad status 
   0 0.00000449744  0.0008503307 -68.014330000     0.1127644   0.003905648    0.03800569     0.5669393     0.5649833     0.5475162     0.4995644     0.5648594     0.6039999     0.4662727     0.5802472     0.5323765     0.5838853     0.5587549     0.5490204     0.5681745     0.5012596     0.6027202     0.6738647     0.7739941      1.427315 -148.1045061292 0.60342291627   -2 
   1 0.00000449743 0.00085819820 -66.331233348 0.10501352562 0.00390785449 0.03800581708 0.52505002279 0.58222574570 0.54302395052 0.50935555325 0.58210185900 0.64629414017 0.48215307575 0.58820991911 0.53091208000 0.61152728181 0.54663588911 0.52829996727 0.55283986233 0.47023660484 0.58656899721 0.68841929388 0.76193480354 1.42409718139 -142.4871429740 1.37159099004   -2 
   2 0.00000449742 0.00083520212 -65.714229233 0.10225449953 0.00390867711 0.03800584018 0.50943739542 0.58762223873 0.54011134757 0.51298604305 0.58911813803 0.66528461336 0.48923235837 0.59135041769 0.52981505969 0.62431061453 0.54066209107 0.51846170764 0.54540380326 0.45589203556 0.57873300779 0.69499756033 0.75583307991 1.42128287728 -140.2669932483 0.49152003062   -2 
   3 0.00000449740 0.00081887636 -63.829798309 0.09530688338 0.00391082533 0.03800566130 0.55254841475 0.57928808288 0.53317163477 0.51779162654 0.60177421698 0.70881994285 0.50956778089 0.59844541878 0.52466823317 0.66442760576 0.51947430628 0.48431709595 0.51871343570 0.40591440382 0.55013476663 0.71671248077 0.73272832684 1.40611135430 -135.8735640689 0.24502639117   -2 
   4 0.00000449740 0.00081428146 -63.798416436 0.09529765769 0.00391082396 0.03800562147 0.55264307652 0.57876388952 0.53365250350 0.51744192814 0.60124401475 0.70784692604 0.50999950554 0.59845948054 0.52437341564 0.66566232117 0.51840357033 0.48249699944 0.51722263000 0.40290863676 0.54844533477 0.71772988658 0.73136884937 1.40512247952 -135.7636208249 0.27555999169   -2 
   5 0.00000449737 0.00082347900 -63.233335802 0.09559197026 0.00391065130 0.03800484769 0.54572814141 0.57538396407 0.55023069961 0.51027611016 0.58747647978 0.67366387755 0.51382209786 0.59789807959 0.52064690538 0.68087132152 0.50246752817 0.45409805474 0.49361547027 0.35414761132 0.52102085292 0.73460644935 0.70975963110 1.39153873363 -134.3496807476 0.11537226633   -2 
   6 0.00000449737 0.00082129331 -63.289273313 0.09582120124 0.00391057024 0.03800481592 0.54422103389 0.57510663109 0.54634601991 0.51002702230 0.58733038682 0.67364243614 0.51211944555 0.59696062591 0.52053029213 0.67777928979 0.50299580278 0.45477168171 0.49404631557 0.35405355450 0.52128966605 0.73330502452 0.71003320414 1.39137958591 -134.2867738382 0.23298101009   -2 
   7 0.00000449737 0.00082856697 -63.447942085 0.09652907876 0.00391031292 0.03800467855 0.53909562985 0.57454409176 0.53096015976 0.50916728955 0.58684608692 0.67346632954 0.50505437556 0.59313296934 0.52012227794 0.66496158676 0.50520576032 0.45743517178 0.49571203273 0.35305794086 0.52219192234 0.72804650751 0.71108326912 1.39096194693 -134.0605843219 0.05991470976   -2 
   8 0.00000449736 0.00083108954 -63.581679875 0.09705184766 0.00391009770 0.03800448984 0.53909024828 0.57123824477 0.52608367329 0.50697877633 0.58447072315 0.67033978946 0.49873549386 0.58906197652 0.51889984138 0.65389222287 0.50617449125 0.45861934176 0.49602950772 0.34987118444 0.52161710885 0.72285709399 0.71061923587 1.38806088076 -134.0045846415 0.06543096755   -2 
   9 0.00000449736 0.00083269278 -63.582889182 0.09701003990 0.00391010183 0.03800446338 0.53925520604 0.57099106833 0.52701962748 0.50667986761 0.58408603209 0.66979715164 0.49826580528 0.58866461449 0.51866152334 0.65307162814 0.50611020451 0.45856931608 0.49589778613 0.34924691480 0.52137483122 0.72227971005 0.71037416405 1.38744455389 -133.9926629972 0.09832572703   -2 
  10 0.00000449735 0.00083207483 -63.634347333 0.09678858352 0.00391009961 0.03800425951 0.53956523376 0.56890795445 0.53523991101 0.50426296437 0.58095596655 0.66544687797 0.49524572935 0.58581103437 0.51669454789 0.64789378370 0.50525502484 0.45782683937 0.49460768654 0.34444581918 0.51930585990 0.71812239617 0.70820445653 1.38224841404 -133.9229378316 0.03177700095   -2 
  11 0.00000449735 0.00083212105 -63.628407132 0.09668273269 0.00391013422 0.03800427695 0.53882477551 0.56999951036 0.53286611393 0.50490638718 0.58170852611 0.66647044580 0.49619479445 0.58647927298 0.51690116205 0.64950454798 0.50511888511 0.45766367515 0.49455520600 0.34476990278 0.51936231245 0.71879387274 0.70824787843 1.38280567502 -133.9162165779 0.02998460071   -2 
  12 0.00000449735 0.00083145268 -63.633249947 0.09664176445 0.00391014276 0.03800426983 0.53867798523 0.57012810928 0.53262466746 0.50496009391 0.58175701284 0.66653770516 0.49635242325 0.58653805624 0.51684720559 0.64978067919 0.50500329094 0.45754505180 0.49444539171 0.34459159000 0.51924635870 0.71878512776 0.70811703593 1.38265990485 -133.9143323133 0.03705760529   -2 
  13 0.00000449735 0.00083092991 -63.673693289 0.09585029151 0.00391031967 0.03800413994 0.53765559078 0.57185303717 0.53077192613 0.50558805642 0.58223449803 0.66714656862 0.49841935759 0.58717924559 0.51589391629 0.65337759893 0.50324043347 0.45572653893 0.49269713674 0.34136341552 0.51730737844 0.71824904256 0.70597683739 1.38011924802 -133.8948034150 0.03033024730   -2 
  14 0.00000449735 0.00082978520 -63.719038271 0.09563733870 0.00391035386 0.03800407429 0.53800288480 0.57140205246 0.53093686904 0.50548522711 0.58207450582 0.66694786733 0.49876072753 0.58714570398 0.51549213443 0.65406078806 0.50261671700 0.45507126992 0.49204076100 0.34005071742 0.51654842089 0.71785850492 0.70514411538 1.37902247937 -133.8894766753 0.06448323678   -2 
  15 0.00000449734 0.00083005655 -63.829005462 0.09510245557 0.00391044110 0.03800390941 0.53921057045 0.57012866817 0.53172813413 0.50517715992 0.58163557531 0.66638895328 0.49943720669 0.58700118965 0.51454582464 0.65546892844 0.50115989386 0.45352475503 0.49048174802 0.33686096930 0.51472762624 0.71687741470 0.70315984707 1.37644149454 -133.8770175496 0.02122252179   -2 
  16 0.00000449734 0.00082987007 -64.028995676 0.09483707247 0.00391043175 0.03800371547 0.53887216448 0.56870266358 0.53298594739 0.50436098092 0.58073854848 0.66525347585 0.49888541986 0.58628607666 0.51378399322 0.65489530671 0.50013897708 0.45236729294 0.48925745938 0.33404643228 0.51321577572 0.71571814963 0.70154776613 1.37433160895 -133.8707273536 0.04039299298   -2 
  17 0.00000449734 0.00083061143 -64.097857483 0.09475718870 0.00391042611 0.03800365143 0.53870107674 0.56837358535 0.53332819190 0.50409957203 0.58045446981 0.66489205859 0.49863227053 0.58603187949 0.51356654756 0.65457816981 0.49985777657 0.45203815157 0.48890353564 0.33319420610 0.51276946868 0.71534790144 0.70107740558 1.37372965245 -133.8685953239 0.02372644686   -2 
  18 0.00000449733 0.00083126172 -64.437968907 0.09464972523 0.00391033291 0.03800338976 0.53701789963 0.56800889082 0.53347194679 0.50299768497 0.57927583369 0.66341769639 0.49695530969 0.58475853789 0.51290459481 0.65215358168 0.49915336871 0.45114296148 0.48788484700 0.33047870446 0.51141608658 0.71390407266 0.69967042041 1.37187564538 -133.8617043425 0.02611658985   -2 
  19 0.00000449733 0.00083194953 -64.539115399 0.09462085110 0.00391030533 0.03800331573 0.53668847342 0.56799963292 0.53333727613 0.50272597987 0.57898112104 0.66305129886 0.49645843147 0.58440085560 0.51274490598 0.65140922180 0.49900312435 0.45094171526 0.48764756593 0.32980713665 0.51109127752 0.71351525114 0.69933532580 1.37142900280 -133.8605587807 0.02220369678   -2 
  20 0.00000449733 0.00083224571 -64.831523205 0.09459887686 0.00391021413 0.03800312274 0.53628576712 0.56809728966 0.53223708380 0.50213467672 0.57831840665 0.66224990690 0.49510594039 0.58346709010 0.51240206716 0.64930042364 0.49877139754 0.45060183869 0.48721126116 0.32845281051 0.51046252203 0.71256621323 0.69868368634 1.37046580707 -133.8574579163 0.02427959202   -2 
  21 0.00000449733 0.00083282159 -64.932555048 0.09458210775 0.00391018596 0.03800305900 0.53631617427 0.56813448410 0.53179403221 0.50199660280 0.57815507812 0.66205640244 0.49468885774 0.58318674633 0.51231127631 0.64862557402 0.49873263992 0.45053390369 0.48711212387 0.32810109973 0.51030922989 0.71228083319 0.69852519528 1.37021280930 -133.8565061068 0.01747952173   -2 
  22 0.00000449733 0.00083284012 -65.162083565 0.09455387857 0.00391012295 0.03800292797 0.53664547058 0.56804514466 0.53067967816 0.50185257517 0.57795201865 0.66183785990 0.49394914579 0.58269211153 0.51216963292 0.64735655150 0.49874580027 0.45051737034 0.48703501650 0.32769202930 0.51015596914 0.71177422035 0.69835713285 1.36981979738 -133.8548349363 0.01685485817   -2 
  23 0.00000449733 0.00083322356 -65.256878732 0.09452678265 0.00391010203 0.03800287650 0.53679944713 0.56798390625 0.53030743330 0.50185781734 0.57793563569 0.66183106699 0.49373293062 0.58255061197 0.51213589258 0.64695092688 0.49878220005 0.45055208084 0.48704845809 0.32763709475 0.51015189513 0.71161617021 0.69834770138 1.36972866426 -133.8542528535 0.01687488091   -2 
  24 0.00000449733 0.00083314599 -65.678004676 0.09440525140 0.00391001333 0.03800266213 0.53716686127 0.56753014289 0.52904258774 0.50200819354 0.57800228552 0.66197787083 0.49308028584 0.58211365949 0.51203639580 0.64559603926 0.49900130911 0.45080484456 0.48722200826 0.32774908165 0.51029648325 0.71107556299 0.69845858666 1.36946155414 -133.8520953583 0.02156311156   -2 
  25 0.00000449733 0.00083371802 -65.958141935 0.09429880404 0.00390996252 0.03800252231 0.53723497674 0.56730334075 0.52853492549 0.50214340905 0.57809558061 0.66212921229 0.49278978565 0.58191803578 0.51199533070 0.64491703300 0.49916046550 0.45099940425 0.48737108048 0.32793605979 0.51044287617 0.71078899992 0.69858056982 1.36935213053 -133.8507612199 0.02865812442   -2 
  26 0.00000449732 0.00083363280 -67.081952017 0.09388884258 0.00390976008 0.03800197632 0.53684904067 0.56648906813 0.52725826391 0.50261601409 0.57843515035 0.66268223196 0.49192527878 0.58130251004 0.51184077095 0.64272573240 0.49975627328 0.45176902288 0.48797809163 0.32886971642 0.51107509763 0.70978509711 0.69909483032 1.36892085324 -133.8452390031 0.02884249427   -2 
  27 0.00000449732 0.00083415442 -68.064241757 0.09351771282 0.00390959150 0.03800150589 0.53646822927 0.56598610603 0.52655456038 0.50296627946 0.57869354889 0.66310184214 0.49131585871 0.58085496975 0.51171596831 0.64109772828 0.50023783570 0.45241001373 0.48848844703 0.32971982244 0.51161918540 0.70898948833 0.69952928044 1.36855875235 -133.8429592443 0.02931317248   -2 
  28 0.00000449730 0.00083339695 -71.557403929 0.09219696938 0.00390902804 0.03799988578 0.53478914201 0.56703528022 0.52963194088 0.50268313044 0.57845020273 0.66291902255 0.49107788187 0.58034556163 0.51122901238 0.63939229238 0.50108520372 0.45394389828 0.48973529696 0.33295397502 0.51314730614 0.70718882343 0.70049739792 1.36686714637 -133.8197272557 0.06940377984   -2 
  29 0.00000449730 0.00083431998 -72.638982607 0.09178795674 0.00390886332 0.03799939682 0.53460920844 0.56741968949 0.53060887304 0.50256793265 0.57835609602 0.66281798464 0.49109271650 0.58025313487 0.51109372620 0.63908325400 0.50129142713 0.45435396370 0.49006973562 0.33391144366 0.51357055362 0.70671540635 0.70074841672 1.36637632961 -133.8139460680 0.03540078497   -2 
  30 0.00000449729 0.00083358931 -75.986157862 0.09070533460 0.00390832495 0.03799790713 0.53761105439 0.56819772605 0.53279385062 0.50148457923 0.57739366421 0.66144835909 0.49201238087 0.58049398100 0.51064963219 0.64063460866 0.50101813795 0.45465016914 0.49029293539 0.33628254867 0.51410491606 0.70605226089 0.70066259495 1.36456589797 -133.7933283686 0.02695335129   -2 
  31 0.00000449728 0.00083367684 -77.159538669 0.09034570224 0.00390813929 0.03799739589 0.53852465828 0.56840565910 0.53329821530 0.50115111221 0.57709125221 0.66099134354 0.49238452968 0.58062873579 0.51051750998 0.64135959163 0.50084794506 0.45465311342 0.49028796336 0.33700624922 0.51420328106 0.70592189214 0.70055286312 1.36399127852 -133.7915794959 0.03053102943   -2 
  32 0.00000449727 0.00083305948 -80.597773729 0.08948460994 0.00390755508 0.03799589695 0.53826018122 0.56799916247 0.53144955642 0.50072781531 0.57659249741 0.65992174656 0.49393019651 0.58149573859 0.51034309900 0.64539835074 0.49945023763 0.45347116815 0.48927960494 0.33791959285 0.51343675985 0.70662076964 0.69924618951 1.36280133062 -133.7741926057 0.10336959214   -2 
  33 0.00000449726 0.00083509636 -84.033268047 0.08863225397 0.00390700432 0.03799445191 0.53798411999 0.56767730982 0.52963589701 0.50042647855 0.57620781117 0.65901166284 0.49541413013 0.58235216144 0.51020920708 0.64933227832 0.49808159010 0.45227427968 0.48826040151 0.33869736977 0.51263735047 0.70737059711 0.69794960729 1.36175921469 -133.7568952925 0.02298866153   -2 
  34 0.00000449725 0.00083631808 -86.719141360 0.08802827180 0.00390657133 0.03799332877 0.53701157412 0.56723187346 0.52836549040 0.50042632709 0.57606520684 0.65868089791 0.49594346419 0.58261189960 0.51007225595 0.65139678390 0.49691531258 0.45105910035 0.48720289601 0.33865496987 0.51165830661 0.70796314042 0.69668090899 1.36092005414 -133.7528216309 0.04264051698   -2 
  35 0.00000449725 0.00083572235 -87.020205967 0.08797652505 0.00390651777 0.03799319870 0.53684390037 0.56712968593 0.52829131946 0.50043360983 0.57604507228 0.65868208045 0.49585086204 0.58253124789 0.51003384298 0.65136085338 0.49677124441 0.45087725068 0.48703857913 0.33852711038 0.51148366177 0.70799665957 0.69649002007 1.36077430047 -133.7503778556 0.03273202109   -2 
  36 0.00000449721 0.00083872783 -93.653288918 0.08666607847 0.00390538779 0.03799017396 0.53479238025 0.56527542304 0.52995386560 0.50142776597 0.57619924554 0.66058301479 0.48983493684 0.57806469048 0.50885037762 0.64314839663 0.49356778429 0.44585086913 0.48238835507 0.33229613565 0.50603310921 0.70804121088 0.69128136736 1.35708329305 -133.7034344231 0.02674215059   -2 
  37 0.00000449721 0.00083791732 -94.708231196 0.08636382956 0.00390523573 0.03798966189 0.53587164794 0.56539207094 0.52912092656 0.50068559371 0.57555893065 0.65972698590 0.48913949439 0.57741955566 0.50845808639 0.64161663394 0.49328473224 0.44530228886 0.48181906179 0.33102387935 0.50525944808 0.70744450017 0.69059912884 1.35598790772 -133.6962775861 0.06810513012   -2 
  38 0.00000449720 0.00083888697 -95.961374044 0.08595490815 0.00390507151 0.03798904796 0.53727872289 0.56565865188 0.52807179278 0.49973540666 0.57475996159 0.65860107591 0.48840441735 0.57671201566 0.50798350177 0.63983761854 0.49300473967 0.44471291732 0.48119209841 0.32948766856 0.50437870751 0.70665910926 0.68984052209 1.35467605185 -133.6878282207 0.02328670803   -2 
  39 0.00000449719 0.00083953896 -98.258877583 0.08492143786 0.00390484620 0.03798783013 0.53474026688 0.56565685613 0.52567883028 0.49719650928 0.57261625148 0.65500307083 0.48835068112 0.57610298565 0.50677209210 0.63758275127 0.49306211199 0.44447944266 0.48068667304 0.32649649296 0.50331863784 0.70388764894 0.68902099454 1.35138714886 -133.6728011162 0.01601442675   -2 
  40 0.00000449718 0.00083934568 -98.659782964 0.08474681006 0.00390480566 0.03798761406 0.53435908085 0.56539359936 0.52540906412 0.49684640168 0.57227262442 0.65445076812 0.48837662885 0.57600127412 0.50653192026 0.63731598077 0.49306201434 0.44447670026 0.48062632560 0.32602256574 0.50317384081 0.70333588989 0.68888711508 1.35071641610 -133.6721245652 0.02068133304   -2 
  41 0.00000449718 0.00083976183 -99.297805150 0.08445861228 0.00390474335 0.03798726167 0.53396705365 0.56471194736 0.52520541899 0.49644066853 0.57179476057 0.65371137652 0.48846190476 0.57584981615 0.50612049473 0.63706204063 0.49304825235 0.44452041819 0.48056604294 0.32532825057 0.50299544373 0.70237970896 0.68868625025 1.34954716787 -133.6706374841 0.01772365485   -2 
  42 0.00000449718 0.00083971429 -99.968189623 0.08417436598 0.00390467294 0.03798689095 0.53369259078 0.56387966887 0.52510306704 0.49611156869 0.57133792869 0.65304397523 0.48854400229 0.57567345121 0.50567127819 0.63688552165 0.49300554112 0.44457917477 0.48051150123 0.32465596424 0.50283299891 0.70134875269 0.68846694205 1.34825527133 -133.6698006674 0.01412306750   -2 
  43 0.00000449718 0.00083917547 -100.03121377 0.08425178480 0.00390462884 0.03798682866 0.53502478031 0.56373918099 0.52589829934 0.49690458289 0.57176658116 0.65400682656 0.48840518314 0.57550314681 0.50555075890 0.63751225124 0.49274730243 0.44463433673 0.48053864095 0.32504520620 0.50298505082 0.70115036897 0.68834989612 1.34780523538 -133.6664300027 0.02277584418   -2 
  44 0.00000449718 0.00083938905 -100.05502237 0.08427130125 0.00390461497 0.03798680406 0.53540159133 0.56373948314 0.52617226969 0.49718087646 0.57192696306 0.65434519925 0.48837055218 0.57545906615 0.50551704257 0.63774300870 0.49266450446 0.44466069423 0.48055490221 0.32518527430 0.50304507021 0.70108614147 0.68831769175 1.34767577235 -133.6658139461 0.01085428828   -2 
  45 0.00000449718 0.00083944660 -100.21530580 0.08433024147 0.00390454826 0.03798666121 0.53464096836 0.56426226102 0.52683386252 0.49799018372 0.57252336997 0.65540767625 0.48839937661 0.57546689378 0.50547439791 0.63868403322 0.49243389681 0.44483777948 0.48068796171 0.32576522549 0.50334578028 0.70087718889 0.68828428467 1.34749146234 -133.6637591318 0.00663020558   -2 
  46 0.00000449718 0.00083930100 -100.23859408 0.08433571320 0.00390453943 0.03798664043 0.53464691489 0.56427384816 0.52680569298 0.49799416303 0.57254565913 0.65543087619 0.48841838873 0.57548708014 0.50548271545 0.63875565067 0.49242570480 0.44486173523 0.48070800914 0.32582762548 0.50338132298 0.70086845776 0.68829312994 1.34751860769 -133.6636497895 0.00961846648   -2 
  47 0.00000449717 0.00083943733 -100.66339785 0.08438204734 0.00390439131 0.03798624456 0.53525235111 0.56448558887 0.52609992394 0.49786820027 0.57288260340 0.65563177562 0.48885445842  0.5759642974 0.50571174709 0.63999516862 0.49236195324 0.44533319121 0.48111316205 0.32697276870 0.50405804771 0.70079609187 0.68853029468 1.34827284287 -133.6620445514 0.00558906472   -2 
  48 0.00000449717 0.00083968510 -101.02453685 0.08435799483 0.00390427859 0.03798587972 0.53478957247 0.56444039079 0.52641227182 0.49776769794 0.57286745459 0.65548142884 0.48911620768 0.57626421144 0.50593188966 0.64034428053 0.49247401114 0.44564655239 0.48140187721 0.32772703505 0.50449476415 0.70092006806 0.68878775632 1.34894491455 -133.6612675381 0.01192779158   -2 
  49 0.00000449717 0.00083953326 -101.10101959 0.08435383990 0.00390425435 0.03798580209 0.53471351234 0.56442009565 0.52648010338 0.49774759603 0.57285156379 0.65544181344 0.48915790644 0.57631220056 0.50597156287 0.64038426646 0.49249869116 0.44570334739 0.48145478294 0.32787015550 0.50457455688 0.70094706907 0.68883698361 1.34906212543 -133.6611138398 0.00553703968   -2 
  50 0.00000449717 0.00083942907 -101.65648135 0.08425139740 0.00390408988 0.03798518851 0.53533019360 0.56433074433 0.52712603889 0.49777572725 0.57257183190 0.65513643603 0.48918938693 0.57635859882 0.50615057964 0.63991882424 0.49275443374 0.44592573870 0.48168441270 0.32855572688 0.50489372166 0.70123278967 0.68913264357 1.34947237502 -133.6602218152 0.00543826958   -2 
  51 0.00000449716 0.00083927267 -102.80315499 0.08396360560 0.00390375583 0.03798384038 0.53478855093 0.56517166136 0.52673190618 0.49822886275 0.57258573893 0.65537602949 0.48883605812 0.57597056888 0.50616880393 0.63845515673 0.49318666380 0.44590316686 0.48173184021 0.32899578061 0.50489220142 0.70173712656 0.68940832991 1.34910296446 -133.6585362493 0.01292758128   -2 
  52 0.00000449716 0.00083948221 -102.80447277 0.08396093840 0.00390375550 0.03798383557 0.53485216571 0.56510838243 0.52673114205 0.49821184895 0.57259431088 0.65537805586 0.48883846802 0.57597261887 0.50616083976 0.63848455311 0.49317516195 0.44589406608 0.48172239946 0.32897407713 0.50487942528 0.70172378349 0.68939543537 1.34908442735 -133.6583264144 0.00973371251   -2 
  53 0.00000449715 0.00083946555 -102.85474811 0.08396161796 0.00390373281 0.03798375793 0.53536831663 0.56431596902 0.52665360103 0.49797375772 0.57263206680 0.65533873380 0.48883202486 0.57595555403 0.50604600679 0.63876347697 0.49303016416 0.44577615723 0.48160024387 0.32872850463 0.50472008956 0.70155153036 0.68922827551 1.34879504390 -133.6574354060 0.00519839030   -2 
  54 0.00000449715 0.00083982109 -103.08908699 0.08392554185 0.00390364094 0.03798340272 0.53485735340 0.56356868104 0.52645604515 0.49735809405 0.57268030269 0.65518564995 0.48878312380 0.57586838992 0.50564601678 0.63961048298 0.49251763946 0.44534134997 0.48114987312 0.32780457754 0.50412794614 0.70093313342 0.68861856128 1.34780497189 -133.6563649478 0.00648034836   -2 
  55 0.00000449715 0.00084006995 -103.17047620 0.08389949413 0.00390361328 0.03798327930 0.53477995392 0.56384803974 0.52639176231 0.49731634457 0.57259829399 0.65509799764 0.48873296168 0.57580495397 0.50554554716 0.63967026747 0.49238895125 0.44522350312 0.48102655733 0.32755109063 0.50396749355 0.70076797230 0.68845193506 1.34755734245 -133.6560287088 0.01623514245   -2 
  56 0.00000449715 0.00083990774 -103.34917783 0.08385168037 0.00390355110 0.03798301548 0.53460735605 0.56445580175 0.52623997624 0.49724848706 0.57239255011 0.65489132584 0.48861180703 0.57565419629 0.50533516721 0.63973416568 0.49212265933 0.44497754679 0.48076866817 0.32702756664 0.50363391526 0.70042247692 0.68810284969 1.34703513349 -133.6553698193 0.00496609807   -2 
  57 0.00000449715 0.00083994195 -103.41561652 0.08381665992 0.00390353524 0.03798292271 0.53500613093 0.56408468185 0.52630996133 0.49744292634 0.57232244421 0.65488355829 0.48856316070 0.57560575258 0.50537416371 0.63939700055 0.49216247683 0.44498841995 0.48077674819 0.32701897179 0.50364401487 0.70044678748 0.68811551816 1.34713793644 -133.6549930264 0.00830397550   -2 
  58 0.00000449715 0.00083981044 -103.43433576 0.08380985532 0.00390353010 0.03798289808 0.53505287585 0.56401380757 0.52632120846 0.49748317776 0.57230455011 0.65487914138 0.48855019435 0.57559255943 0.50538260251 0.63931373425 0.49217162467 0.44499062844 0.48077820067 0.32701698152 0.50364611124 0.70045175539 0.68811771916 1.34715893867 -133.6549160400 0.00424215466   -2 
  59 0.00000449714 0.00083980119 -103.73207711 0.08367946642 0.00390345304 0.03798250021 0.53461752033 0.56393004333 0.52647254874 0.49793355881 0.57217163968 0.65488841087 0.48841302709 0.57545877651 0.50552521374 0.63823751781 0.49232602735 0.44504245870 0.48081992827 0.32700681453 0.50369882239 0.70055294497 0.68817844892 1.34750217500 -133.6542810831 0.00460826972   -2 
  60 0.00000449714 0.00083957194 -103.89556061 0.08363802924 0.00390340308 0.03798229081 0.53471654091 0.56406487385 0.52638067877 0.49785512829 0.57213657722 0.65483847985 0.48836268044 0.57540306960 0.50553447850 0.63798119550 0.49235124638 0.44504411544 0.48081673819 0.32699699642 0.50370081286 0.70055345985 0.68816999722 1.34747808256 -133.6540475749 0.01516233934   -2 
  61 0.00000449714 0.00083965143 -104.52564903 0.08346979297 0.00390321293 0.03798148074 0.53519318563 0.56462914754 0.52603731327 0.49751578972 0.57203557611 0.65466391243 0.48818927658 0.57521022068 0.50556456285 0.63709503730 0.49244215681 0.44505032106 0.48080492350 0.32696098080 0.50370827737 0.70055339915 0.68813756356 1.34736907291 -133.6531467001 0.00721990035   -2 
  62 0.00000449713 0.00084028929 -105.16673797 0.08334716273 0.00390300811 0.03798067509 0.53468797189 0.56418244643 0.52605862360 0.49718754778 0.57209011589 0.65459330885 0.48815885536 0.57516171674 0.50547464695 0.63717421937 0.49239952248 0.44500679755 0.48074918421 0.32692097376 0.50366234379 0.70045377171 0.68803667532 1.34697307448 -133.6519760807 0.03074720297   -2 
  63 0.00000449712 0.00084033232 -106.32423768 0.08314961529 0.00390263656 0.03797924165 0.53374549244 0.56331254363 0.52607304339 0.49659988186 0.57215482174 0.65443779681 0.48809559664 0.57506265230 0.50528987474 0.63736197418 0.49229902712 0.44491496213 0.48063555900 0.32684466529 0.50356545163 0.70025079592 0.68783558450 1.34620545743 -133.6499013608 0.01119778565   -2 
  64 0.00000449709 0.00084034835 -109.40590505 0.08268146787   0.003901651 0.03797549244 0.53453146526 0.56232888065 0.52574867782 0.49580732049 0.57174022374 0.65374411255 0.48782055378 0.57466083747 0.50454045573 0.63833638446 0.49170390523 0.44448329549 0.48015223110 0.32657987206 0.50310244926 0.69939842460 0.68704175002 1.34370925300 -133.6456623989 0.04498984607   -2 
  65 0.00000449707 0.00084132461 -111.96317212 0.08228767506 0.00390085770 0.03797245130 0.53520526036 0.56171420672 0.52550731958 0.49524605881 0.57140854927 0.65321054534 0.48760399982 0.57434463579 0.50394459095 0.63911468816 0.49122207345 0.44413383878 0.47976184595 0.32636560257 0.50272612042 0.69871197989 0.68640223373 1.34174326356 -133.6426337120 0.01880691410   -2 
  66 0.00000449704 0.00084267905 -116.12759513 0.08162349278 0.00389961220 0.03796761365 0.53491458920 0.56249228284 0.52510236965 0.49511315173 0.57075944824 0.65251411915 0.48719999021 0.57380187468 0.50309249057 0.63976895108 0.49042736359 0.44354092776 0.47911067843 0.32600302192 0.50206984511 0.69760772499 0.68536493809 1.33917159210 -133.6380202176 0.06121297558   -2 
  67 0.00000449697 0.00084292245 -123.92538581 0.08047739999 0.00389739121 0.03795901316 0.53407783462 0.56389885807 0.52433212782 0.49494627354 0.56956039419 0.65126845244 0.48644668937 0.57280294522 0.50159388704 0.64073723749 0.48900740690 0.44247406671 0.47794100972 0.32534989920 0.50088538353 0.69563560652 0.68350913120 1.33469553088 -133.6298135848 0.01701181264   -2 
  68 0.00000449694 0.00084257890 -128.24126577 0.07965224008 0.00389626100 0.03795431086 0.53318716784 0.56174298751 0.52446467196 0.49586084249 0.56946690019 0.65155018702 0.48593541250 0.57229863863 0.50167304655 0.63765157031 0.48862052208 0.44199370224 0.47743207258 0.32496551480 0.50024716875 0.69500307464 0.68280958541 1.33558639271 -133.6208150612 0.04812520653   -2 
  69 0.00000449693 0.00084324435 -130.24582267 0.07926590495 0.00389575181 0.03795216923 0.53290239525 0.56086062385 0.52453084687 0.49626275473 0.56943910687 0.65168810707 0.48570760284 0.57207673618 0.50173112603 0.63619960414 0.48845901751 0.44178150992 0.47720764275 0.32479120943 0.49996083447 0.69473195552 0.68250444458 1.33605315182 -133.6180405374 0.01526451767   -2 
  70 0.00000449692 0.00084342210 -130.41624648 0.07922252334 0.00389570174 0.03795194025 0.53375142915 0.56189577159 0.52422366612 0.49574647174 0.56931798648 0.65144045495 0.48562794542 0.57198969077 0.50180992806 0.63564649269 0.48850342252 0.44176676211 0.47719378578 0.32475289394 0.49991700012 0.69475685219 0.68250481295 1.33616062673 -133.6156218444 0.02792666773   -2 
  71 0.00000449692 0.00084299633 -130.48322108 0.07921264793 0.00389567984 0.03795185103 0.53401602399 0.56227416256 0.52409213502 0.49552349888 0.56926084172 0.65132805187 0.48559138991 0.57194912290 0.50184071676 0.63541232455 0.48852170934 0.44175983874 0.47718719783 0.32473600729 0.49989756187 0.69476637962 0.68250403702 1.33619333090 -133.6147862179 0.00463344767   -2 
  72 0.00000449692 0.00084301558 -130.54928226 0.07918601902 0.00389565034 0.03795169968 0.53355922904 0.56245577957 0.52407347033 0.49516126574 0.56925196065 0.65118905369 0.48557071833 0.57192909201 0.50197503422 0.63495078265 0.48863305660 0.44178590425 0.47721740233 0.32470638813 0.49988815377 0.69487250405 0.68257559681 1.33637785630 -133.6144268579 0.00471941414   -2 
  73 0.00000449692 0.00084309553 -130.55664098 0.07918197445 0.00389564682 0.03795168014 0.53354722937 0.56244663341 0.52407379147 0.49513239261 0.56925074432 0.65117628169 0.48556822340 0.57192652324 0.50198940861 0.63490163089 0.48864583735 0.44178887467 0.47722085451 0.32470250957 0.49988680603 0.69488465133 0.68258383496 1.33639506864 -133.6143983429 0.00358876361   -2 
  74 0.00000449692 0.00084309195 -130.64346632 0.07915262966 0.00389560071 0.03795145659 0.53364589878 0.56207034451 0.52404968955 0.49490966613 0.56920223385 0.65103482010 0.48552284627 0.57187531747 0.50211145023 0.63440900970 0.48876362795 0.44180940583 0.47724563766 0.32465418432 0.49986093055 0.69499129544 0.68265263104 1.33648920922 -133.6142074130 0.00153952477   -2 
  75 0.00000449692 0.00084310556 -130.77195682 0.07911767824 0.00389552982 0.03795112507 0.53368184386 0.56193323176 0.52399113962 0.49486318305 0.56911821758 0.65092115554 0.48545188266 0.57179175651 0.50218433971 0.63397807274 0.48885744549 0.44181289946 0.47725228975 0.32458491841 0.49981172605 0.69506659386 0.68269429357 1.33644111965 -133.6141441805 0.00242742479   -2 
  76 0.00000449691 0.00084305827 -130.94407587 0.07908437113 0.00389543263 0.03795069176 0.53348315360 0.56221226388 0.52393482722 0.49498732916 0.56904252230 0.65089081006 0.48537766706 0.57170218408 0.50215589042 0.63381104111 0.48887526984 0.44178676974 0.47722612355 0.32450505874 0.49974237824 0.69506082420 0.68267423217 1.33622203311 -133.6140074562 0.00481263652   -2 
  77 0.00000449691 0.00084312999 -130.97964155 0.07907686489 0.00389541250 0.03795060102 0.53346560287 0.56225952228 0.52392849154 0.49501325377 0.56903190986 0.65089001174 0.48536522529 0.57168710870 0.50214701344 0.63379308320 0.48887551470 0.44178086762 0.47722007915 0.32448959169 0.49972882096 0.69505656907 0.68266816623 1.33617748305 -133.6139805252 0.00283177172   -2 
  78 0.00000449690 0.00084310749 -131.69609690 0.07897616052 0.00389500235 0.03794882530 0.53391509935 0.56229978708 0.52390050337 0.49535423316 0.56894683315 0.65097749277 0.48520186938 0.57148682571 0.50181040968 0.63408180143 0.48869546999 0.44161984641 0.47704845249 0.32422980497 0.49947860251 0.69479521404 0.68242486658 1.33525612479 -133.6135615559 0.00469008384   -2 
  79 0.00000449690 0.00084299404 -131.89427016 0.07895160755 0.00389488898 0.03794833932 0.53379855201 0.56221514638 0.52391558186 0.49533956501 0.56895613994 0.65098789748 0.48518981382 0.57147188767 0.50174513114 0.63417634255 0.48864542673 0.44158404088 0.47700953010 0.32417699776 0.49942956406 0.69472888326 0.68236516594 1.33512545547 -133.6134251694 0.01139423675   -2 
  80 0.00000449688 0.00084335856 -132.79611711 0.07882823683 0.00389437599 0.03794612149 0.53321376508 0.56182832488 0.52401651841 0.49521424187 0.56903448625 0.65104001930 0.48516701753 0.57144288801 0.50147918653 0.63461717182 0.48842569550 0.44143265725 0.47684421475 0.32395288028 0.49922614609 0.69444155675 0.68210769868 1.33464798521 -133.6128026121 0.00476445551   -2 
  81 0.00000449684 0.00084385986 -134.95430031 0.07854790073 0.00389315662 0.03794086240 0.53354342759 0.56152201108 0.52365866757 0.49413661423 0.56890391045 0.65053278403 0.48516461324 0.57143688674 0.50118078797 0.63488269438 0.48796661777 0.44114015444 0.47651764201 0.32361328162 0.49890815122 0.69384893812 0.68156842029 1.33440788688 -133.6117210782 0.01811932283   -2 
  82 0.00000449683 0.00084370188 -135.67340445 0.07845978369 0.00389275433 0.03793913344 0.53361191743 0.56143570280 0.52353149206 0.49380319607 0.56884328005 0.65035536917 0.48515524356 0.57142438900 0.50108848908 0.63493337253 0.48781893335 0.44104479311 0.47641110380 0.32350682401 0.49880614791 0.69365686503 0.68139261710 1.33432574984 -133.6113517003 0.00680839403   -2 
  83 0.00000449676 0.00084420865 -139.57595786 0.07793139515 0.00389060932 0.03792982123 0.53273129520 0.56230651697 0.52306462246 0.49363347009 0.56811179680 0.64947602593 0.48487022124 0.57106484676 0.50097878100 0.63380995789 0.48731474141 0.44066250729 0.47597776748 0.32319709346 0.49845222794 0.69293140790 0.68067752051 1.33402912794 -133.6093302650 0.01102466437   -2 
  84 0.00000449674 0.00084399879 -140.52250917 0.07780895992 0.00389009706 0.03792760114 0.53269294445 0.56227521699 0.52298991795 0.49368239712 0.56794443620 0.64931394127 0.48477185194 0.57094225715 0.50095444799 0.63347990423 0.48721669464 0.44057757027 0.47588163714 0.32314151064 0.49837407378 0.69277920410 0.68052193900 1.33387032721 -133.6089189115 0.01912874630   -2 
  85 0.00000449660 0.00084484877 -149.10779450 0.07669958535 0.00388560442 0.03790805286 0.53311220377 0.56142522992 0.52255786266 0.49440948663 0.56660977113 0.64814429872 0.48386419036 0.56981286766 0.50076939861 0.63049604139 0.48645114233 0.43987108259 0.47508154451 0.32271702498 0.49772450055 0.69154321055 0.67923559650 1.33228893789 -133.6052244953 0.01022128273   -2 
  86 0.00000449658 0.00084472427 -150.14758977 0.07657512013 0.00388507634 0.03790576055 0.53310308950 0.56125037995 0.52252421333 0.49442381132 0.56652068094 0.64806835608 0.48375335600 0.56967633918 0.50072032752 0.63021880586 0.48637467416 0.43979147048 0.47499212856 0.32267569665 0.49764525066 0.69141112282 0.67909578124 1.33199694156 -133.6050071542 0.01168137594   -2 
  87 0.00000449649 0.00084538240 -156.00395932 0.07588021080 0.00388216388 0.03789308988 0.53292029526 0.56015716757 0.52246129135 0.49421594297 0.56636607412 0.64795369808 0.48315639695 0.56894604018 0.50034792004 0.62905924702 0.48602377996 0.43937782363 0.47453033303 0.32248747031 0.49720509597 0.69075746305 0.67839073114 1.33000012214 -133.6037854178 0.01114564065   -2 
  88 0.00000449646 0.00084528998 -157.67210087 0.07569555148 0.00388135134 0.03788956502 0.53278745709 0.55994703665 0.52241542751 0.49404727536 0.56636689845 0.64794266547 0.48299483452 0.56874998528 0.50020214147 0.62885587432 0.48593227822 0.43926278179 0.47440311499 0.32243959548 0.49707280051 0.69058129303  0.6782011177 1.32933895966 -133.6034794358 0.01370621111   -2 
  89 0.00000449637 0.00084599825 -164.13623795 0.07499625611 0.00387827667 0.03787621104 0.53224733038 0.55951169524 0.52220307078 0.49319314131 0.56647957396 0.64795600652 0.48241910903 0.56805494485 0.49956624724 0.62839755371 0.48560793284 0.43883537654 0.47393310072 0.32227066563 0.49655594815 0.68994017050 0.67751126166 1.32666253279 -133.6023424785 0.00980448188   -2 
  90 0.00000449633 0.00084595389 -166.45389286 0.07476444674 0.00387719834 0.03787154195 0.53211463979 0.55954703481 0.52204935925 0.49282194960 0.56647630362 0.64788799463 0.48223509152 0.56783423537 0.49929513783 0.62837825440 0.48548634018 0.43868087546 0.47376477813 0.32220885987 0.49635655861 0.68970821828 0.67726774566 1.32568024997 -133.6020292133 0.01357972664   -2 
  91 0.00000449628 0.00084636770 -169.67767753 0.07444708228 0.00387571948 0.03786513368 0.53204235093 0.55974640698 0.52180093705 0.49229645055 0.56643723368 0.64774122243 0.48200679338 0.56756143827 0.49889679941 0.62846176742 0.48531609439 0.43846867880 0.47353465214 0.32212233373 0.49607239739 0.68938923374 0.67693720881 1.32434287949 -133.6015466134 0.00764164268   -2 
  92 0.00000449626 0.00084632772 -171.31678247 0.07429788219 0.00387497241 0.03786190913 0.53208729965 0.55990399355 0.52162635716 0.49204702063 0.56633676291 0.64757090148 0.48191369160 0.56745086238 0.49866871453 0.62859518955 0.48521654143 0.43835668271 0.47341430792 0.32207206265 0.49591289983 0.68921672885 0.67676563333 1.32370528929 -133.6013602527 0.00815163926   -2 
  93 0.00000449625 0.00084651035 -171.99858715 0.07423693828 0.00387466017 0.03786056123 0.53216362977 0.55998903547 0.52154428831 0.49197472715 0.56625162460 0.64745087832 0.48189341074 0.56742715314 0.49856450711 0.62870295726 0.48516873583 0.43830912135 0.47336378495 0.32204732229 0.49583888632 0.68914100534 0.67669425347 1.32348701489 -133.6012379949 0.00637332174   -2 
  94 0.00000449623 0.00084651162 -173.29635635 0.07413311840 0.00387406070 0.03785798909  0.5323381764 0.56011601243 0.52136327191 0.49190152311 0.56598892275 0.64711248689 0.48188448101 0.56741761193 0.49834591064 0.62899201783 0.48505873045 0.43821294961 0.47326269035 0.32198966224 0.49567897834 0.68898155525 0.67655193502 1.32316347489 -133.6010556959 0.00419534712   -2 
  95 0.00000449623 0.00084663406 -173.29803498 0.07413486329 0.00387405358 0.03785795933 0.53231000165 0.56006343849 0.52138231671 0.49196412897 0.56594561634 0.64706902339 0.48190841113 0.56744589367 0.49834344854 0.62903601716 0.48504863934 0.43821179532 0.47326212506 0.32198233311 0.49566884055 0.68897535356 0.67655137861 1.32325417268 -133.6009946715 0.00693833782   -2 
  96 0.00000449623 0.00084663890 -173.31093883 0.07415219980 0.00387401350 0.03785780529 0.53213155914 0.55977472390 0.52145947993 0.49226756224 0.56571277089 0.64683409802 0.48202320032 0.56758127201 0.49832472530 0.62925136827 0.48499118747 0.43820191783 0.47325501766 0.32194219025 0.49561229635 0.68893626795 0.67654217400 1.32370172595 -133.6007621728 0.00168510597   -2 
  97 0.00000449623 0.00084663294 -173.31220522 0.07416037875 0.00387398636 0.03785769493 0.53228554543 0.55990952299 0.52142296841 0.49226563738 0.56567793645 0.64679205160 0.48205320472 0.56761519120 0.49831187430 0.62931945633 0.48495828350 0.43819316376 0.47324756915 0.32191550907 0.49557759894 0.68891068630 0.67653190688 1.32385167724 -133.6007200450 0.00143843206   -2 
  98 0.00000449623 0.00084660979 -173.31247503 0.07416171502 0.00387398207 0.03785767744 0.53228766819 0.55991795423 0.52142128025 0.49226645766 0.56567528058 0.64678866522 0.48205753542 0.56762011504 0.49831070540 0.62932887677 0.48495421927 0.43819225727 0.47324686474 0.32191175955 0.49557301332 0.68890774907 0.67653102025 1.32387240774 -133.6007173247 0.00113247871   -2 
  99 0.00000449623 0.00084663833 -173.31182841 0.07417334269 0.00387392850 0.03785744878 0.53223289422 0.55997645215 0.52143430076 0.49229195302 0.56566670150 0.64677383050 0.48211628177 0.56768740287 0.49830498225 0.62944902022 0.48491162881 0.43818588590 0.47324332310 0.32186702239 0.49552142937 0.68888078249 0.67652808535 1.32413650127 -133.6006968848 0.00057986907   -2 
 100 0.00000449623 0.00084664433 -173.31144575 0.07417612112 0.00387391458 0.03785738871 0.53222275059 0.55998437008 0.52143819536 0.49229799500 0.56566589827 0.64677180420 0.48213010902 0.56770322724 0.49830404740 0.62947731563 0.48490174830 0.43818457776 0.47324272173 0.32185595461 0.49550903504 0.68887474295 0.67652778722 1.32419857185 -133.6006961221 0.00065084181   -2 
 101 0.00000449623 0.00084663697 -173.30838602 0.07418018672 0.00387388171 0.03785724134 0.53224326970 0.55993379862 0.52145085462 0.49230543161 0.56567759477 0.64678464275 0.48214721004 0.56772265907 0.49830727655 0.62951276236 0.48489075596 0.43818495944 0.47324447379 0.32183583499 0.49549043526 0.68887038129 0.67653154511 1.32427545582 -133.6006911512 0.00087949969   -2 
 102 0.00000449623 0.00084664773 -173.30701172 0.07418131540 0.00387386988 0.03785718770 0.53225109934 0.55991776749 0.52145544838 0.49230798189 0.56568233607 0.64678997835 0.48215266063 0.56772885168 0.49830880169 0.62952395339 0.48488758846 0.43818535600 0.47324534591 0.32182902042 0.49548446699 0.68886947470 0.67653323255 1.32429944187 -133.6006902554 0.00022850879   -2 
 103 0.00000449623 0.00084665365 -173.30534830 0.07418140686 0.00387386096 0.03785714600 0.53225204372 0.55991749003 0.52145652882 0.49230786061 0.56568630198 0.64679502519 0.48215249012 0.56772860089 0.49831086409 0.62952370680 0.48488847389 0.43818645072 0.47324665680 0.32182594898 0.49548320982 0.68887121730 0.67653549986 1.32429795212 -133.6006900382 0.00044604802   -2 
 104 0.00000449622 0.00084664094 -173.28790887 0.07418301832 0.00387376499 0.03785669848 0.53225478710 0.55991697458 0.52146450538 0.49230423319 0.56572613269 0.64684629337 0.48214782808 0.56772262207 0.49833236341 0.62951592358 0.48489889145 0.43819804211 0.47326045052 0.32179404447 0.49547098810 0.68889013234 0.67655914625 1.32427158698 -133.6006893816 0.00019403285   -2 
 105 0.00000449622 0.00084664566 -173.28215589 0.07418331859 0.00387373487 0.03785655691 0.53225541987 0.55992333575 0.52146488130 0.49230502748 0.56572851439 0.64684989996 0.48214687889 0.56772154158 0.49833680657 0.62951337013 0.48490240407 0.43820115010 0.47326402113 0.32178697280 0.49546968870 0.68889539685 0.67656495402 1.32426518292 -133.6006891256 0.00046681609   -2 
 106 0.00000449622 0.00084663274 -173.26123805 0.07418480215 0.00387362402 0.03785603652 0.53225563926 0.55994589263 0.52146458251 0.49230801598 0.56573238869 0.64685713442 0.48214337297 0.56771761823 0.49835160004 0.62950383032 0.48491495674 0.43821203277 0.47327648367 0.32176231077 0.49546580493 0.68891388883 0.67658504688 1.32424221612 -133.6006883300 0.00024539476   -2 
 107 0.00000449622 0.00084663773 -173.26515080 0.07418451142 0.00387364497 0.03785613476 0.53225610211 0.55993926213 0.52146466915 0.49230776769 0.56572992731 0.64685342596 0.48214448132 0.56771891744 0.49834791299 0.62950630307 0.48491228871 0.43820965282 0.47327373316 0.32176797259 0.49546715014 0.68890980906 0.67658049790 1.32424844182 -133.6006882148 0.00023875336   -2 
 108 0.00000449622 0.00084663535 -173.26778004 0.07418442629 0.00387365884 0.03785619981 0.53225633914 0.55993115214 0.52146439301 0.49230789347 0.56572518912 0.64684682241 0.48214579321 0.56772050514 0.49834388648 0.62950882926 0.48490995914 0.43820747057 0.47327118283 0.32177338214 0.49546900797 0.68890603271 0.67657613372 1.32425532612 -133.6006880558 0.00022088390   -2 
 109 0.00000449622 0.00084664031 -173.26895929 0.07418433036 0.00387366559 0.03785623094 0.53225681781 0.55992499228 0.52146415377 0.49230844411 0.56571998157 0.64683969797 0.48214710181 0.56772212248 0.49834042089 0.62951104509 0.48490835602 0.43820585353 0.47326926312 0.32177779097 0.49547100441 0.68890322028 0.67657274110 1.32426167570 -133.6006879357 0.00017038982   -2 
 110 0.00000449622 0.00084663810 -173.26880712 0.07418440531 0.00387366505 0.03785622811 0.53225613823 0.55992129461 0.52146339626 0.49230898757 0.56571412805 0.64683190653 0.48214813956 0.56772343952 0.49833733705 0.62951260662 0.48490734217 0.43820467450 0.47326783525 0.32178125067 0.49547308810 0.68890118330 0.67657004497 1.32426675524 -133.6006878380 0.00020003441   -2 
 111 0.00000449622 0.00084664251 -173.26768649 0.07418445157 0.00387365994 0.03785620361 0.53225518376 0.55991865940 0.52146234295 0.49230985927 0.56570619480 0.64682136973 0.48214948680 0.56772517203 0.49833340301 0.62951447620 0.48490635125 0.43820333750 0.47326618782 0.32178558371 0.49547609706 0.68889888148 0.67656680844 1.32427318069 -133.6006877259 0.00014399839   -2 
 112 0.00000449622 0.00084663992 -173.26566019 0.07418461372 0.00387364955 0.03785615470 0.53225336688 0.55991964673 0.52146102387 0.49231012126 0.56570049331 0.64681388963 0.48215008609 0.56772598844 0.49833062452 0.62951513802 0.48490594893 0.43820254520 0.47326517815 0.32178841094 0.49547852455 0.68889756791 0.67656475030 1.32427661714 -133.6006876396 0.00021309546   -2 
 113 0.00000449622 0.00084664362 -173.26163590 0.07418479863 0.00387362933 0.03785605947 0.53225093757 0.55992306906 0.52145905829 0.49231046054 0.56569233259 0.64680316820 0.48215086801 0.56772707889 0.49832653198 0.62951585586 0.48490559012 0.43820148286 0.47326378978 0.32179264289 0.49548247316 0.68889584964 0.67656184183 1.32428148781 -133.6006875154 0.00013550427   -2 
 114 0.00000449622 0.00084663804 -173.25398301 0.07418527777 0.00387359004 0.03785587536 0.53224930441 0.55992901228 0.52145671275 0.49230933685 0.56568779958 0.64679724689 0.48215035809 0.56772660843 0.49832301282 0.62951457297 0.48490585093 0.43820075818 0.47326273205 0.32179636536 0.49548688040 0.68889480085 0.67655941716 1.32428165414 -133.6006873265 0.00038046202   -2 
 115 0.00000449622 0.00084664172 -173.23514076 0.07418622340 0.00387349417 0.03785542542 0.53224749170 0.55994277185 0.52145214236 0.49230682568 0.56567950874 0.64678630794 0.48214905100 0.56772534852 0.49831554326 0.62951136728 0.48490678564 0.43819934694 0.47326058698 0.32180468779 0.49549707082 0.68889286944 0.67655434099 1.32428126706 -133.6006868740 0.00023629506   -2 
 116 0.00000449621 0.00084663927 -173.19296278 0.07418858860 0.00387327801 0.03785441168 0.53224731283 0.55995839902 0.52144569724 0.49230154595 0.56567036486 0.64677400037 0.48214553079 0.56772166920 0.49830273565 0.62950381866 0.48490911752 0.43819701872 0.47325689939 0.32182040441 0.49551688349 0.68889003267 0.67654532221 1.32427656393 -133.6006863260 0.00038783778   -2 
 117 0.00000449620 0.00084662209 -173.15952029 0.07419091107 0.00387310379 0.03785359494 0.53224932091 0.55994925701 0.52144593927 0.49229913005 0.56567311988 0.64677720858 0.48214289274 0.56771874894 0.49829758987 0.62949879591 0.48491092479 0.43819608918 0.47325526529 0.32182960996 0.49552850392 0.68888931121 0.67654110318 1.32427046682 -133.6006853345 0.00107352094   -2 
 118 0.00000449619 0.00084663584 -173.04400416 0.07419815342 0.00387250426 0.03785078266 0.53226125113 0.55991156607 0.52145235584 0.49229408608 0.56569007271 0.64679766083 0.48213527651 0.56771033221 0.49828434699 0.62948391835 0.48491768236 0.43819405679 0.47325112883 0.32185911956 0.49556582329 0.68888880680 0.67652953465 1.32425120339 -133.6006806936 0.00076547726   -2 
 119 0.00000449618 0.00084662015 -172.97891679 0.07420277245 0.00387216365 0.03784918581 0.53226339897 0.55989162033 0.52145614924 0.49229209610 0.56570043550 0.64681057402 0.48213146342 0.56770609991 0.49827894394 0.62947666809 0.48492116749 0.43819322435 0.47324929109 0.32187421711 0.49558455840 0.68888897961 0.67652425301 1.32424089906 -133.6006794812 0.00048809498   -2 
 120 0.00000449615 0.00084662365 -172.78716407 0.07421762798 0.00387115069 0.03784444035 0.53224568448 0.55987638287 0.52147183700 0.49229839083 0.56573563143 0.64685668938 0.48212825662 0.56770277229 0.49828200385 0.62946984443 0.48493036936 0.43819483646 0.47324958643 0.32190626196 0.49562131395 0.68889571759 0.67652171172 1.32422796364 -133.6006759261 0.00114283050   -2 
 121 0.00000449615 0.00084662365 -172.78716407 0.07421762798 0.00387115069 0.03784444035 0.53224568448 0.55987638287 0.52147183700 0.49229839083 0.56573563143 0.64685668938 0.48212825662 0.56770277229 0.49828200385 0.62946984443 0.48493036936 0.43819483646 0.47324958643 0.32190626196 0.49562131395 0.68889571759 0.67652171172 1.32422796364 -133.6006759261 0.00114283050   -5 
 122 0.00000449615 0.00084660672 -172.78721838 0.07421805384 0.00387114886 0.03784443258 0.53224499008 0.55988001052 0.52147087923 0.49229875665 0.56573433352 0.64685528387 0.48212882924 0.56770342762 0.49828321865 0.62947096935 0.48493012536 0.43819508788 0.47324997092 0.32190512153 0.49561957968 0.68889605165 0.67652265921 1.32422953895 -133.6006745818 0.00064098077   -2 
 123 0.00000449615 0.00084660456 -172.78475825 0.07422252691 0.00387111061 0.03784426095 0.53225474268 0.55997191962 0.52146178655 0.49231441961 0.56571513848 0.64683452992 0.48214585699 0.56772324506 0.49831352034 0.62950092637 0.48492792149 0.43820291930 0.47326092260 0.32188126091 0.49558412040 0.68890747952 0.67654706308 1.32427479947 -133.6006674853 0.00040863740   -2 
 124 0.00000449615 0.00084660456 -172.78475825 0.07422252691 0.00387111061 0.03784426095 0.53225474268 0.55997191962 0.52146178655 0.49231441961 0.56571513848 0.64683452992 0.48214585699 0.56772324506 0.49831352034 0.62950092637 0.48492792149 0.43820291930 0.47326092260 0.32188126091 0.49558412040 0.68890747952 0.67654706308 1.32427479947 -133.6006674853 0.00040863740   -5 
 125 0.00000449615 0.00084660456 -172.78475825 0.07422252691 0.00387111061 0.03784426095 0.53225474268 0.55997191962 0.52146178655 0.49231441961 0.56571513848 0.64683452992 0.48214585699 0.56772324506 0.49831352034 0.62950092637 0.48492792149 0.43820291930 0.47326092260 0.32188126091 0.49558412040 0.68890747952 0.67654706308 1.32427479947 -133.6006674853           NAN   -8 
 126 0.00000449615 0.00084660456 -172.78475825 0.07422252691 0.00387111061 0.03784426095 0.53225474268 0.55997191962 0.52146178655 0.49231441961 0.56571513848 0.64683452992 0.48214585699 0.56772324506 0.49831352034 0.62950092637 0.48492792149 0.43820291930 0.47326092260 0.32188126091 0.49558412040 0.68890747952 0.67654706308 1.32427479947 -133.6006674853 0.00040863740   -8 
-- Local optimization: reached maximum number of likelihood evaluations allowed.
-- Found new optimum with likelihood -133.600667485393330 and gradient 0.00041

---- Best joint likelihood found -133.600667485393330 with gradient 0.00041

---- Results for /scratch/40841260/tmpfwqger96 
--  Model: C
--        eps_an     theta_bar             a 
-- 0.00000449615 0.00084660456            -1 
--           S_d             b           p_b           S_b 
-- -172.78475825 0.07422252691 0.00387111061 0.03784426095 
--           r 2           r 3           r 4           r 5           r 6           r 7           r 8           r 9          r 10          r 11          r 12          r 13          r 14          r 15          r 16          r 17          r 18          r 19 
-- 0.53225474268 0.55997191962 0.52146178655 0.49231441961 0.56571513848 0.64683452992 0.48214585699 0.56772324506 0.49831352034 0.62950092637 0.48492792149 0.43820291930 0.47326092260 0.32188126091 0.49558412040 0.68890747952 0.67654706308 1.32427479947 

---- Expected P_neut(i), 0 < i < n (neutral SFS per site) 
E[P_neut(1)] = 0.0008466010
E[P_neut(2)] = 0.0002253038
E[P_neut(3)] = 0.0001580244
E[P_neut(4)] = 0.0001103676
E[P_neut(5)] = 0.0000833588
E[P_neut(6)] = 0.0000798226
E[P_neut(7)] = 0.0000782302
E[P_neut(8)] = 0.0000510233
E[P_neut(9)] = 0.0000534041
E[P_neut(10)] = 0.0000421875
E[P_neut(11)] = 0.0000484490
E[P_neut(12)] = 0.0000342119
E[P_neut(13)] = 0.0000285375
E[P_neut(14)] = 0.0000286191
E[P_neut(15)] = 0.0000181674
E[P_neut(16)] = 0.0000262231
E[P_neut(17)] = 0.0000343083
E[P_neut(18)] = 0.0000318213
E[P_neut(19)] = 0.0000590108

---- Expected P_sel(i), 0 < i < n (selected SFS per site) 
E[P_sel(1)] = 0.0006274629
E[P_sel(2)] = 0.0001559883
E[P_sel(3)] = 0.0001058218
E[P_sel(4)] = 0.0000723305
E[P_sel(5)] = 0.0000537712
E[P_sel(6)] = 0.0000508515
E[P_sel(7)] = 0.0000493272
E[P_sel(8)] = 0.0000318923
E[P_sel(9)] = 0.0000331279
E[P_sel(10)] = 0.0000259944
E[P_sel(11)] = 0.0000296732
E[P_sel(12)] = 0.0000208394
E[P_sel(13)] = 0.0000172963
E[P_sel(14)] = 0.0000172661
E[P_sel(15)] = 0.0000109138
E[P_sel(16)] = 0.0000156905
E[P_sel(17)] = 0.0000204517
E[P_sel(18)] = 0.0000189026
E[P_sel(19)] = 0.0000349378

---- alpha_dfe = 0.006705

