---- Running command
---- ./polyDFE -d /scratch/40840342/tmpshsshl6n -m C -i /scratch/40840342/tmpl1gxrist 1 -v 1 
---- Performing inference using model C

---- Performing inference on /scratch/40840342/tmpshsshl6n
----      with -i /scratch/40840342/tmpl1gxrist 1
---- Data /scratch/40840342/tmpshsshl6n does not contain divergence counts. Using option -w.
---- No mutation variability. Using Poisson likelihood.


---- Using provided initial values

-- Starting local optimization
-- Optimizing all parameters
  it        eps_an     theta_bar           S_d             b           p_b           S_b           r 2           r 3           r 4           r 5           r 6           r 7           r 8           r 9           ln lk          grad status 
   0 0.00000449946   0.000731729 -15.495060000     0.1773756  0.0009289272   0.007920217      0.756295     0.8118638     0.8203224     0.7703739     0.7596918     0.7652355     0.8437457      1.011566 -73.49898664298 0.43611816927   -2 
   1 0.00000449944 0.00074665438 -15.609919705 0.18035053618 0.00092889581 0.00792021601 0.76946637787 0.84574026435 0.80645740860 0.78915306081 0.76892164619 0.74826193231 0.85670606345 0.96624702617 -71.56699046869 0.96428121980   -2 
   2 0.00000449943 0.00073204009 -15.847784237 0.18594182867 0.00092883740 0.00792021433 0.78119091469 0.88708801483 0.78688981029 0.81366577349 0.78064266040 0.72465449250 0.87399885147 0.90566719922 -69.26787467046 0.18872728313   -2 
   3 0.00000449942 0.00074028275 -16.045875323 0.19046781089 0.00092879317 0.00792021403 0.77053308011 0.86185719209 0.80284926064 0.83165030372 0.79640642732 0.71361664219 0.89671800612 0.86501022505 -68.53614439925 0.09663615811   -2 
   4 0.00000449942 0.00073901100 -16.058941757 0.19074815330 0.00092879050 0.00792021406 0.77020846098 0.86082656618 0.80342319918 0.83172163179 0.79687757315 0.71331074297 0.89766477291 0.86345471068 -68.52440692682 0.03744702576   -2 
   5 0.00000449943 0.00073983836 -16.108789157 0.19184943772 0.00092878165 0.00792021496 0.77403271271 0.86045348421 0.80592275733 0.82545918460 0.79745544737 0.71467711776 0.90209806609 0.85955667144 -68.50003127590 0.01967495637   -2 
   6 0.00000449943 0.00073943616 -16.117556387 0.19201435672 0.00092878072 0.00792021523 0.77351024988 0.86114190679 0.80599638125 0.82463434243 0.79743723514 0.71523032521 0.90273507220 0.85947301746 -68.49813580153 0.03047640993   -2 
   7 0.00000449943 0.00074010367 -16.130116705 0.19224382706 0.00092877995 0.00792021578 0.77255128989 0.86269510238 0.80612609670 0.82335880991 0.79744285250 0.71639272046 0.90392181945 0.85956553568 -68.49514796702 0.00670514034   -2 
   8 0.00000449944 0.00073994363 -16.143904840 0.19243752800 0.00092878202 0.00792021773 0.77252281735 0.86284666982 0.80542754580 0.82403701729 0.79734756707 0.71832148700 0.90477436129 0.86124743150 -68.49387560979 0.01333732810   -2 
   9 0.00000449944 0.00074014860 -16.146034863 0.19246524982 0.00092878267 0.00792021819 0.77260032591 0.86288339652 0.80534471101 0.82421343801 0.79735166935 0.71870206517 0.90494085459 0.86160942721 -68.49363375348 0.00399773876   -2 
  10 0.00000449945 0.00073997981 -16.149019185 0.19251334484 0.00092878524 0.00792021952 0.77320174555 0.86269745338 0.80578424008 0.82471787752 0.79752383748 0.71901846904 0.90499339753 0.86228545133 -68.49336455552 0.00280917561   -2 
  11 0.00000449945 0.00074002989 -16.149046907 0.19251856370 0.00092878621 0.00792022016 0.77323113283 0.86277260858 0.80594238846 0.82482568762 0.79760656361 0.71902729392 0.90499752908 0.86241649860 -68.49332912057 0.00437665734   -2 
  12 0.00000449946 0.00073990264 -16.149423230 0.19254338069 0.00092878892 0.00792022194 0.77320241054 0.86300473736 0.80635702928 0.82508249478 0.79783805153 0.71900476816 0.90499582876 0.86273732213 -68.49324378357 0.00095309081   -2 
  13 0.00000449946 0.00073990062 -16.148948595 0.19255689881 0.00092879046 0.00792022273 0.77318909532 0.86312074597 0.80642743214 0.82512323135 0.79794079766 0.71896197987 0.90501822313 0.86281336274 -68.49323672566 0.00100291033   -2 
  14 0.00000449946 0.00073987543 -16.148657285 0.19256485903 0.00092879118 0.00792022314 0.77319101994 0.86314614028 0.80641951113 0.82511886506 0.79797412240 0.71894077640 0.90503255432 0.86282460570 -68.49323353308 0.00124583637   -2 
  15 0.00000449947 0.00073989320 -16.146857840 0.19259579283 0.00092879456 0.00792022512 0.77323237440 0.86323497876 0.80635406840 0.82508505935 0.79810979483 0.71885290013 0.90510748739 0.86285408676 -68.49322247701 0.00063755091   -2 
  16 0.00000449947 0.00073988292 -16.145163012 0.19261777604 0.00092879729 0.00792022660 0.77324623848 0.86321051965 0.80630771915 0.82506017115 0.79815857109 0.71881611525 0.90515940183 0.86285180337 -68.49321864428 0.00119590682   -2 
  17 0.00000449948 0.00073991478 -16.143199277 0.19263771057 0.00092880021 0.00792022820 0.77325882687 0.86317871212 0.80627035628 0.82504039981 0.79819761366 0.71878768963 0.90521127745 0.86284690764 -68.49321517610 0.00079884846   -2 
  18 0.00000449948 0.00073989576 -16.143151329 0.19263580470 0.00092880019 0.00792022822 0.77324162134 0.86317295330 0.80628558755 0.82504716163 0.79817686743 0.71880022981 0.90520109283 0.86284287240 -68.49321322495 0.00096387245   -2 
  19 0.00000449948 0.00073990818 -16.142235222 0.19262878768 0.00092880087 0.00792022862 0.77318822803 0.86315074042 0.80634616873 0.82507561336 0.79809993401 0.71885026415 0.90517212499 0.86282748876 -68.49320766631 0.00043540075   -2 
  20 0.00000449948 0.00073990682 -16.141208693 0.19262736972 0.00092880191 0.00792022924 0.77317192545 0.86313046117 0.80637136709 0.82508739062 0.79804807594 0.71888181137 0.90515442830 0.86281275866 -68.49320654523 0.00051304778   -2 
  21 0.00000449949 0.00073988148 -16.138775456 0.19263615493 0.00092880485 0.00792023080 0.77322256817 0.86310736748 0.80633865764 0.82507236795 0.79800225647 0.71890415506 0.90514204154 0.86278171548 -68.49320219997 0.00119784916   -2 
  22 0.00000449949 0.00073989646 -16.136970376 0.19264154658 0.00092880699 0.00792023192 0.77325599627 0.86309943259 0.80631706355 0.82506304475 0.79797781314 0.71891775427 0.90513676142 0.86276255794 -68.49319941554 0.00059087484   -2 
  23 0.00000449953 0.00073988993 -16.119378636 0.19271644078 0.00092882949 0.00792024321 0.77315465492 0.86317479725 0.80614601217 0.82497584430 0.79796082692 0.71894254727 0.90514888382 0.86264097320 -68.49317951573 0.00083881200   -2 
  24 0.00000449953 0.00073989542 -16.118728204 0.19272618657 0.00092883121 0.00792024402 0.77319515590 0.86306937677 0.80630443887 0.82503520212 0.79802170827 0.71890646203 0.90516127975 0.86270705866 -68.49316663171 0.00101736682   -2 
  25 0.00000449953 0.00073987704 -16.118619540 0.19272897496 0.00092883156 0.00792024421 0.77319572127 0.86306158014 0.80632152068 0.82504258639 0.79803009740 0.71890119110 0.90516336077 0.86271714037 -68.49316516866 0.00050586955   -2 
  26 0.00000449954 0.00073985605 -16.115856825 0.19276345621 0.00092883771 0.00792024782 0.77318583861 0.86318999921 0.80642286448 0.82512912306 0.79813523227 0.71886322519 0.90521591344 0.86285937754 -68.49315672656 0.00055302245   -2 
  27 0.00000449955 0.00073987101 -16.115202201 0.19276927156 0.00092883889 0.00792024832 0.77320990695 0.86319110203 0.80641269770 0.82513346658 0.79814184731 0.71887148936 0.90522749662 0.86287250550 -68.49315499707 0.00102875640   -2 
  28 0.00000449956 0.00073984834 -16.112744897 0.19279551063 0.00092884351 0.00792025037 0.77329180656 0.86317750485 0.80635827359 0.82514088903 0.79815834254 0.71890811728 0.90526965802 0.86291494274 -68.49314933786 0.00054659083   -2 
  29 0.00000449956 0.00073985942 -16.112557115 0.19279340853 0.00092884364 0.00792025033 0.77322980375 0.86318648623 0.80637889577 0.82514016423 0.79815306620 0.71891370542 0.90526759875 0.86290484351 -68.49314703864 0.00039300931   -2 
  30 0.00000449956 0.00073985160 -16.112386430 0.19279457680 0.00092884392 0.00792025042 0.77322271887 0.86318487987 0.80637985074 0.82513885965 0.79815120171 0.71891654338 0.90526807947 0.86290289364 -68.49314668563 0.00040809074   -2 
  31 0.00000449957 0.00073986783 -16.106126235 0.19282540006 0.00092885354 0.00792025350 0.77314155225 0.86314962636 0.80639694459 0.82511271072 0.79810903383 0.71901080464 0.90529675649 0.86286154534 -68.49314008483 0.00069944133   -2 
  32 0.00000449959 0.00073985500 -16.100518835 0.19285497936 0.00092886231 0.00792025647 0.77311126914 0.86312262188 0.80640026208 0.82509174073 0.79807683247 0.71908124517 0.90531719807 0.86282915913 -68.49313729839 0.00106627686   -2 
  33 0.00000449961 0.00073987346 -16.092886695 0.19289383755 0.00092887426 0.00792026067 0.77312898348 0.86310533921 0.80639660465 0.82507375656 0.79804716800 0.71915612466 0.90534046536 0.86279701932 -68.49313164528 0.00145119742   -2 
  34 0.00000449965 0.00073982881 -16.079898463 0.19296450720 0.00092889496 0.00792026793 0.77318268765 0.86308669366 0.80637924062 0.82505044692 0.79800865640 0.71925948279 0.90537224374 0.86275211832 -68.49312275512 0.00104607418   -2 
  35 0.00000449969 0.00073982999 -16.066129989 0.19303770416 0.00092891726 0.00792027589 0.77326607293 0.86314283415 0.80637086063 0.82507845388 0.79803158115 0.71929514082 0.90539849475 0.86275756082 -68.49311479598 0.00225396400   -2 
  36 0.00000449976 0.00073973098 -16.043381204 0.19316487836 0.00092895472 0.00792028947 0.77337210683 0.86324326130 0.80636107937 0.82513929905 0.79808966456 0.71932723786 0.90543931838 0.86278608769 -68.49309720234 0.00161551921   -2 
  37 0.00000449986 0.00073972321 -16.010108604 0.19334841029 0.00092901064 0.00792030977 0.77334666891 0.86341885710 0.80645401753 0.82532100729 0.79828574540 0.71929960084 0.90553173234 0.86294532253 -68.49306305910 0.00375506468   -2 
  38 0.00000449992 0.00073962006 -15.991616444 0.19345768040 0.00092904242 0.00792032136 0.77330206155 0.86349193227 0.80651363269 0.82542396166 0.79840228830 0.71927638579 0.90558739682 0.86304900250 -68.49303609266 0.00128574612   -2 
  39 0.00000450000 0.00073960124 -15.966148398 0.19361204194 0.00092908763 0.00792033816 0.77325222847 0.86349652486 0.80665919602 0.82557625903 0.79859315408 0.71925034647 0.90571022957 0.86326933142 -68.49302114648 0.00119531209   -2 
  40 0.00000449998 0.00073958919 -15.970610083 0.19358800864 0.00092908012 0.00792033544 0.77327131690 0.86347999827 0.80663538933 0.82554430558 0.79855799732 0.71925961002 0.90569544793 0.86324002119 -68.49301854876 0.00097330620   -2 
  41 0.00000449997 0.00073961893 -15.976979996 0.19355728338 0.00092907030 0.00792033208 0.77333286320 0.86342457664 0.80661415918 0.82549012281 0.79850776718 0.71928805301 0.90569725098 0.86322765480 -68.49301383420 0.00077993050   -2 
  42 0.00000449997 0.00073960465 -15.976303360 0.19356256386 0.00092907167 0.00792033262 0.77332170351 0.86342487965 0.80661984037 0.82549522205 0.79851439664 0.71928697544 0.90570210421 0.86323689863 -68.49301284557 0.00059796457   -2 
  43 0.00000449999 0.00073961619 -15.973073618 0.19359749200 0.00092908080 0.00792033681 0.77326330209 0.86339320866 0.80668878003 0.82551973498 0.79856231579 0.71930841123 0.90578033529 0.86336328957 -68.49300718055 0.00052108518   -2 
  44 0.00000450000 0.00073961977 -15.971113518 0.19363497345 0.00092909006 0.00792034089 0.77335091095 0.86338021148 0.80671665145 0.82551915156 0.79858663426 0.71935331088 0.90587055524 0.86350191919 -68.49300200848 0.00073306784   -2 
  45 0.00000450000 0.00073961004 -15.971341065 0.19363168488 0.00092908922 0.00792034052 0.77333999343 0.86338469974 0.80671227220 0.82551940445 0.79858365443 0.71934965759 0.90586120595 0.86348733009 -68.49300144430 0.00025937863   -2 
  46 0.00000450000 0.00073960816 -15.971479920 0.19363281176 0.00092909055 0.00792034108 0.77333293590 0.86343703534 0.80670062882 0.82552864971 0.79858189996 0.71936463906 0.90586187250 0.86348222439 -68.49300050157 0.00013398130   -2 
  47 0.00000450001 0.00073960109 -15.971566878 0.19363598911 0.00092909258 0.00792034226 0.77334474131 0.86345028726 0.80669913924 0.82553710840 0.79858359763 0.71938099795 0.90586940795 0.86348617493 -68.49300027101 0.00030827382   -2 
  48 0.00000450001 0.00073960367 -15.971622014 0.19363873456 0.00092909462 0.00792034347 0.77335691087 0.86346097816 0.80669972424 0.82554574024 0.79858619021 0.71939682493 0.90587762321 0.86349105292 -68.49300006804 0.00013070607   -2 
  49 0.00000450002 0.00073960284 -15.971649533 0.19364564747 0.00092910031 0.00792034704 0.77336125318 0.86344848917 0.80671958770 0.82556290042 0.79859967098 0.71942654691 0.90589976297 0.86351032069 -68.49299968720 0.00007652647    0 
-- Found new optimum with likelihood -68.492999687206293 and gradient 0.00008

---- Best joint likelihood found -68.492999687206293 with gradient 0.00008

---- Results for /scratch/40840342/tmpshsshl6n 
--  Model: C
--        eps_an     theta_bar             a 
-- 0.00000450002 0.00073960284            -1 
--           S_d             b           p_b           S_b 
-- -15.971649533 0.19364564747 0.00092910031 0.00792034704 
--           r 2           r 3           r 4           r 5           r 6           r 7           r 8           r 9 
-- 0.77336125318 0.86344848917 0.80671958770 0.82556290042 0.79859967098 0.71942654691 0.90589976297 0.86351032069 

---- Expected P_neut(i), 0 < i < n (neutral SFS per site) 
E[P_neut(1)] = 0.0007395998
E[P_neut(2)] = 0.0002859892
E[P_neut(3)] = 0.0002128690
E[P_neut(4)] = 0.0001491628
E[P_neut(5)] = 0.0001221177
E[P_neut(6)] = 0.0000984413
E[P_neut(7)] = 0.0000760135
E[P_neut(8)] = 0.0000837517
E[P_neut(9)] = 0.0000709646

---- Expected P_sel(i), 0 < i < n (selected SFS per site) 
E[P_sel(1)] = 0.0005394278
E[P_sel(2)] = 0.0001820097
E[P_sel(3)] = 0.0001254413
E[P_sel(4)] = 0.0000834641
E[P_sel(5)] = 0.0000657397
E[P_sel(6)] = 0.0000513889
E[P_sel(7)] = 0.0000386807
E[P_sel(8)] = 0.0000416978
E[P_sel(9)] = 0.0000346639

---- alpha_dfe = 0.001972

