---- Running command
---- ./polyDFE -d /scratch/40841768/tmp9ft1mdbg -m C -i /scratch/40841768/tmpd5v29bc9 1 -v 1 
---- Performing inference using model C

---- Performing inference on /scratch/40841768/tmp9ft1mdbg
----      with -i /scratch/40841768/tmpd5v29bc9 1
---- Data /scratch/40841768/tmp9ft1mdbg does not contain divergence counts. Using option -w.
---- No mutation variability. Using Poisson likelihood.


---- Using provided initial values

-- Starting local optimization
-- Optimizing all parameters
  it        eps_an     theta_bar           S_d             b           p_b           S_b           r 2           r 3           r 4           r 5           r 6           r 7           r 8           r 9          r 10          r 11          r 12          r 13          r 14          r 15          r 16          r 17          r 18          r 19          r 20          r 21          r 22          r 23          r 24          r 25          r 26          r 27          r 28          r 29          r 30          r 31          r 32          r 33          r 34          r 35          r 36          r 37          r 38          r 39           ln lk          grad status 
   0 0.00000450288   0.001050261 -26.884510000     0.1464485   0.004419742    0.05627203     0.4932568     0.4490162      0.411058     0.4293708     0.4059378     0.3950674     0.4836194     0.4412304     0.4459431     0.5171633     0.4880109      0.499798     0.5114526     0.4705895     0.3840001     0.3914661     0.4942643     0.4410675     0.4295933     0.3836019     0.3386893     0.4566943     0.4425798     0.4623484      0.424307     0.4116725     0.4906384     0.4335386     0.4045893     0.5819833     0.4816641     0.5724359     0.5396078     0.5300813       0.62822     0.8578236      0.810246      2.052769 -268.0212422809 0.78019000647   -2 
   1 0.00000450287 0.00103548693 -26.901308171 0.14682989133 0.00441962677 0.05627192916 0.48875615103 0.44721970120 0.41285074569 0.43337609526 0.40492889454 0.39543709142 0.48140371641 0.44232162979 0.44773486973 0.51622082064 0.48875765860 0.50025562630 0.51223134554 0.47073397878 0.38316092456 0.39085580259 0.49532198898 0.44161268193 0.42879609148 0.38360193017 0.33740950466 0.45627277191 0.44217010339 0.46206422164 0.42378137077 0.41128892977 0.48899159539 0.43407529447 0.40534540203 0.58320584095 0.48240204740 0.57312415353 0.53814066054 0.53056346659 0.62840653435 0.85564532036 0.80747534343 2.03660522801 -266.9960779137 1.01766083306   -2 
   2 0.00000450277 0.00105518904 -26.686823396 0.14806038542 0.00441927062 0.05627090728 0.44612625187 0.43007467224 0.43904378958 0.48992253048 0.39406369582 0.40167235965 0.45571230329 0.45796194566 0.47267553071 0.50574717252 0.49971135467 0.50737708705 0.52352373976 0.47351140990 0.37302971878 0.38359393826 0.51001685811 0.44935325343 0.41915668793 0.38403134362 0.32154368094 0.45138667769 0.43738051100 0.45890428102 0.41743387917 0.40671904524 0.46860784453 0.44148226821 0.41560894570 0.59990272677 0.49249960486 0.58269012908 0.51993369651  0.5373202629 0.63144774427 0.82893141062 0.77326315804 1.84068383851 -258.4965856749 0.56710213854   -2 
   3 0.00000450269 0.00103308095 -26.520176661 0.15017376386 0.00441870323 0.05626994833 0.46863783727 0.42632032624 0.44476109486 0.51360376924 0.38621206581 0.40470293490 0.43777157936 0.46855901992 0.49142200319 0.49673654392 0.50761595826 0.51231236533 0.53213880587 0.47521424504 0.36361661825 0.37664322404 0.52274936024 0.45605695608 0.40998338277 0.38411523658 0.30667373352 0.44644333049 0.43252765587 0.45555372544 0.41111712838 0.40207055550 0.44948465352 0.44848204897 0.42562593715 0.61567236534 0.50215951403 0.59157161362 0.50249567404 0.54361673798 0.63393380407 0.80385280624 0.74145287519 1.68100513623 -254.7505222716 1.40755274610   -2 
   4 0.00000450264 0.00104808062 -26.374605576 0.15070494995 0.00441858172 0.05626951078 0.48217629033 0.42592746436 0.44717310711 0.52430344752 0.38278266301 0.40637155013 0.42956225728 0.47405000311 0.50115449986 0.49252415534 0.51180401483 0.51499077488 0.53671452011 0.47622101118 0.35893326543 0.37318255319 0.52952217139 0.45965155049 0.40538941762 0.38422545530 0.29921435377 0.44397948074 0.43009783605 0.45389824308 0.40792011780 0.39971952627 0.43987872378 0.45224422375 0.43101457512 0.62412945293 0.50734841008 0.59634413542 0.49367168388 0.54701134221 0.63533310496 0.79126698392 0.72551554567 1.60450122710 -252.8788684916 0.36826419673   -2 
   5 0.00000450255 0.00104462934 -25.913630642 0.14964473521 0.00441900927 0.05626912945 0.48891577165 0.44962235554 0.42912281490 0.48883527503 0.38443001669 0.40802279890 0.42595721962 0.48049739833 0.51421800576 0.48799349765 0.51954286856 0.52069741157 0.54623568039 0.47916734990 0.34793093135 0.36499910699 0.54617086401 0.46936988033 0.39401069743 0.38493875241 0.27875644960 0.43789505249 0.42391423985 0.44984943371 0.39930525268 0.39334209218 0.41399117790 0.46370656145 0.44761949092 0.64858734377 0.52312320146 0.61061173285 0.46916609152 0.55750779994 0.63999111511 0.75922100029 0.68379791498 1.45229169476 -249.8548825266 0.27627581579   -2 
   6 0.00000450255 0.00105501743 -25.797242810 0.14853951189 0.00441935724 0.05626930004 0.47938750094 0.44652528243 0.42815166667 0.48277759222 0.38636941882 0.40755551728 0.42909870544 0.47921013950 0.51233970835 0.48890249904 0.51943580301 0.52088125819 0.54652507423 0.47951719109 0.34671137941 0.36407209659 0.54773616908 0.47062034105 0.39254233327 0.38511473710 0.27533039852 0.43709372388 0.42303942412 0.44930756537 0.39793978741 0.39230750719 0.40983922079 0.46573858339 0.45065192438 0.65241490761 0.52591335090 0.61301738046 0.46501610522 0.55940750077 0.64085774353 0.75475579907 0.67752599298 1.44267805486 -249.3840187538 0.63497875589   -2 
   7 0.00000450254 0.00105000646 -25.683763812 0.14740393391 0.00441972210 0.05626951933 0.46673200373 0.44131902602 0.42684356682 0.47505684026 0.38879219902 0.40665340574 0.43338057701 0.47704500669 0.50919159969 0.49009242127 0.51890480722 0.52082127997 0.54651900852 0.47980612995 0.34518147200 0.36288623400 0.54940341031 0.47205739634 0.39066807263 0.38528540426 0.27095587229 0.43603156922 0.42188228606 0.44856627352 0.39615675107 0.39094235141 0.40454201568 0.46829597763 0.45452731576 0.65716277590 0.52944137542 0.61600563068 0.45968040710 0.56178810559 0.64188526056 0.74908215119 0.66956408864 1.43227515381 -248.8159964419 0.17442033182   -2 
   8 0.00000450255 0.00105081018 -25.457953195 0.14524810831 0.00442045725 0.05627012720 0.47069654305 0.42542368025 0.42634956254 0.46738798734 0.39209397263 0.40209060035 0.44381907384 0.46767119784 0.49528162120 0.49297270673 0.51350272915 0.51742141773 0.54216424212 0.47863774600 0.34278743847 0.36078270403 0.54840557638 0.47285548109 0.38721393618 0.38506782914 0.26186731446 0.43365985729 0.41927492483 0.44666533365 0.39224490265 0.38778994038 0.39382061714 0.47280227849 0.46198580795 0.66431734552 0.53579859476 0.62075206060 0.44836741105 0.56591601640 0.64303895463 0.73850193426 0.65421178577 1.43758126311 -248.2206791038 0.13180856689   -2 
   9 0.00000450257 0.00104589312 -25.408686192 0.14489936108 0.00442063135 0.05627053377 0.47760891197 0.43564049850 0.42593065142 0.47343259172 0.38952600259 0.39864706009 0.44486755963 0.46147959327 0.48618337531 0.49279759189 0.50781843773 0.51294497356 0.53656710731 0.47608000896 0.34162007401 0.35945592730 0.54398795555 0.47107404722 0.38514604394 0.38413223939 0.25595029438 0.43172301894 0.41718972434 0.44484861089 0.38938606240 0.38531072659 0.38708391609 0.47446160049 0.46565109328 0.66555858383 0.53836298804 0.62179445580 0.44076932968 0.56729070099 0.64237200409 0.73240291525 0.64519248104 1.45582920016 -247.8510645132 0.23109991017   -2 
  10 0.00000450257 0.00104882947 -25.398599760 0.14479637933 0.00442067048 0.05627059250 0.47800421523 0.43675430979 0.42597910676 0.47422319492 0.38923792038 0.39833861950 0.44490176226 0.46089047671 0.48529029016 0.49277490129 0.50721268729 0.51245620905 0.53594674226 0.47578818483 0.34150590647 0.35931722863 0.54345263986 0.47084698720 0.38492325965 0.38401989328 0.25526322304 0.43150453240 0.41695193316 0.44463921644 0.38905580474 0.38502122612 0.38631119149 0.47464157356 0.46606725488 0.66565521352 0.53864414178 0.62189200090 0.43988435878 0.56743866412 0.64228303717 0.73173337891 0.64417918718 1.45821868934 -247.8105281589 0.09729524125   -2 
  11 0.00000450259 0.00105028912 -25.411099154 0.14445329022 0.00442080036 0.05627094349 0.47037210162 0.43773483440 0.42664545340 0.47748422201 0.38772876299 0.39798780600 0.44323730204 0.45991608051 0.48350535759 0.49221795710 0.50507771810 0.51049016332 0.53339426440 0.47435076220 0.34119525554 0.35880723890 0.54055135467 0.46936493574 0.38408432255 0.38335086238 0.25215058019 0.43051184151 0.41585882019 0.44361713374 0.38754313785 0.38364236927 0.38295266608 0.47507222326 0.46754814496 0.66510311316 0.53942208415 0.62174755343 0.43584403224 0.56772957778 0.64153008679 0.72917080168 0.64006974701 1.47132823748 -247.6923904430 0.06517273802   -2 
  12 0.00000450260 0.00104870263 -25.460790232 0.14421498313 0.00442089169 0.05627133976 0.47041802333 0.43331664772 0.42635388108 0.47716458677 0.38651481674 0.39827613010 0.44055761000 0.46031339960 0.48382295685 0.49117747268 0.50381325834 0.50902895201 0.53150325378 0.47295876009 0.34098705352 0.35836001152 0.53771733232 0.46764466638 0.38339398334 0.38254788651 0.24930480593 0.42954116393 0.41479372818 0.44256104794 0.38610988223 0.38228479146 0.37999761528 0.47503120510 0.46842596921 0.66366093850 0.53957911300 0.62099547032 0.43211124312 0.56755354487 0.64043754437 0.72713214888 0.63668930712 1.48266372606 -247.6279954832 0.21932633013   -2 
  13 0.00000450261 0.00105237321 -25.496680406 0.14391396568 0.00442099988 0.05627170065 0.47088852525 0.42968446184 0.42611689416 0.47678826408 0.38552234954 0.39856880257 0.43825537568 0.46073183357 0.48420395451 0.49027818474 0.50277537961 0.50780251714 0.52991108038 0.47176265611 0.34081450232 0.35797664304 0.53527070115 0.46614230364 0.38280039061 0.38184301773 0.24683142350 0.42869662072 0.41386544242 0.44163846126 0.38485896866 0.38109691315 0.37743050710 0.47498031282 0.46917927562 0.66236880715 0.53969688477 0.62031672684 0.42885902327 0.56738468643 0.63947054169 0.72537519589 0.63376368245 1.49256333395 -247.5731794589 0.04632672935   -2 
  14 0.00000450263 0.00105200667 -25.586757576 0.14328621630 0.00442119060 0.05627230770 0.47292509937 0.43343512006 0.42421989103 0.47253842365 0.38526315437 0.39840513484 0.43645434598 0.46127990450 0.48543454242 0.48879905216 0.50237310215 0.50692501298 0.52889316455 0.47041133719 0.34048579812 0.35738695523 0.53279966962 0.46413485631 0.38204264715 0.38071424533 0.24380423128 0.42751890122 0.41259506183 0.44030660403 0.38323493298 0.37948754175 0.37443493265 0.47425455861 0.46930757657 0.65976653564 0.53899833276 0.61865043298 0.42483348838 0.56648122176 0.63769468790 0.72340806311 0.63058496379 1.49776991802 -247.5222157879 0.03445182704   -2 
  15 0.00000450263 0.00105332692 -25.612359100 0.14304584157 0.00442125723 0.05627246723 0.47176157515 0.43356861869 0.42430668446 0.47247686654 0.38542481585 0.39829616718 0.43660186456 0.46127164714 0.48557954328 0.48863946558 0.50247642479 0.50695009123 0.52895607662 0.47028578403 0.34041334034 0.35728027995 0.53261906862 0.46385435185 0.38192449888 0.38050253646 0.24332007855 0.42732031655 0.41238123643 0.44007203217 0.38296832616 0.37920894065 0.37399427249 0.47401889572 0.46917211247 0.65922042259 0.53873250145 0.61825082532 0.42418614858 0.56620881807 0.63731612661 0.72314122900 0.63017081833 1.49697009648 -247.5146284957 0.08538735884   -2 
  16 0.00000450264 0.00105263735 -25.665369503 0.14266508531 0.00442136069 0.05627274973 0.46961825416 0.43361168577 0.42445158357 0.47241793221 0.38569546118 0.39806630198 0.43689135017 0.46120833535 0.48578398858 0.48835092261 0.50265162307 0.50699342033 0.52907407071 0.47006539686 0.34027488803 0.35708381597 0.53232368637 0.46336319229 0.38171099719 0.38012246741 0.24247948307 0.42696502300 0.41200051464 0.43965288424 0.38249864629 0.37871643163 0.37323215844 0.47358120517 0.46890173043 0.65823922487 0.53823531840 0.61752366018 0.42305930172 0.56570444091 0.63663179000 0.72267033318 0.62945735047 1.49526057043 -247.5022388751 0.03099162682   -2 
  17 0.00000450266 0.00105202115 -25.962653807 0.14109322884 0.00442177908 0.05627412114 0.47110155076 0.43029135544 0.42499642637 0.47366638765 0.38640702830 0.39666593796 0.43861752983 0.46009246728 0.48553624733 0.48725841268 0.50323112329 0.50721120133 0.52973547641 0.46928138399 0.33951140924 0.35613074136 0.53168975091 0.46148799051 0.38074110868 0.37842289370 0.23915291366 0.42540347981 0.41035106280 0.43780714650 0.38053784238 0.37661640814 0.37031398469 0.47129497093 0.46711497303 0.65383451222 0.53556881022 0.61403941500 0.41855476935 0.56308944584 0.63342726667 0.72071529056 0.62681650302 1.48231850850 -247.4660417545 0.06144672100   -2 
  18 0.00000450266 0.00105288943 -25.981868761 0.14099155131 0.00442180649 0.05627421061 0.47119840727 0.43025571225 0.42499912737 0.47370692415 0.38641916750 0.39660083265 0.43868476417 0.46002644070 0.48550069410 0.48720358074 0.50324610466 0.50721312949 0.52975991622 0.46923760155 0.33946430179 0.35607391936 0.53165855503 0.46138637992 0.38068316222 0.37832425775 0.23896335080 0.42531229124 0.41025485556 0.43769933629 0.38042420652 0.37649387626 0.37014924591 0.47115595579 0.46700051370 0.65358282133 0.53540589469 0.61383361789 0.41829692383 0.56292957528 0.63323694330 0.72059887880 0.62666688414 1.48154880042 -247.4631141855 0.03167542340   -2 
  19 0.00000450268 0.00105363676 -26.266420524 0.14031373148 0.00442197051 0.05627523937 0.47067388492 0.43371683404 0.42369008614 0.47260085696 0.38541539210 0.39627031271 0.43802772935 0.45919160028 0.48436085181 0.48674914870 0.50261592292 0.50671158044 0.52935312875 0.46875292621 0.33890174474 0.35546073864 0.53137711507 0.46059315023 0.38005750917 0.37739614377 0.23735361453 0.42442306428 0.40933178540 0.43666365632 0.37937876807 0.37535046058 0.36878121908 0.46969265627 0.46563227958 0.65137264810 0.53367244852 0.61183261443 0.41607178632 0.56122246938 0.63135083517 0.71936823247 0.62536066039 1.47399501284 -247.4398029006 0.02762084607   -2 
  20 0.00000450268 0.00105324840 -26.308843455 0.14022930038 0.00442199003 0.05627538522 0.47060341184 0.43390511933 0.42354704576 0.47244169261 0.38526525057 0.39624467388 0.43788707688 0.45909097165 0.48419794980 0.48669459416 0.50249837346 0.50661945130 0.52926314546 0.46868697229 0.33882638319 0.35538142377 0.53133542369 0.46050520567 0.37997558906 0.37728351047 0.23716698333 0.42431241326 0.40921764654 0.43653589530 0.37925187735 0.37521087508 0.36862387086 0.46950630193 0.46544928938 0.65111718633 0.53345106013 0.61158743620 0.41581118773 0.56100284084 0.63111586628 0.71920648772 0.62520354529 1.47312788659 -247.4386118815 0.03400824202   -2 
  21 0.00000450273 0.00105638454 -27.032013482 0.13866081669 0.00442236595 0.05627788652 0.47007695065 0.43427722185 0.42182046452 0.47000181164 0.38280703709 0.39610749532 0.43518440487 0.45766913400 0.48155292213 0.48595168796 0.50033230874 0.50493940042 0.52750893533 0.46765279768 0.33762112614 0.35414083598 0.53066561447 0.45929425195 0.37868021919 0.37558491658 0.23441987219 0.42261588329 0.40747117663 0.43458381678 0.37732798968 0.37308243787 0.36632896852 0.46658249640 0.46248297519 0.64740142494 0.52997014852 0.60784892094 0.41194655947 0.55753087406 0.62748778318 0.71663294503 0.62284471921 1.46063967888 -247.4192382753 0.04821394087   -2 
  22 0.00000450275 0.00105592903 -27.202703195 0.13828939852 0.00442245553 0.05627846677 0.46990523218 0.43387989565 0.42156523041 0.46957993083 0.38234157649 0.39604672369 0.43460843276 0.45736981960 0.48100847007 0.48576310672 0.49983835844 0.50454133619 0.52708222802 0.46740598325 0.33735172042 0.35386558857 0.53048175031 0.45903268681 0.37839009154 0.37522044321 0.23385004388 0.42224542189 0.40709154554 0.43416093160 0.37691468933 0.37262571734 0.36584878321 0.46595029306 0.46183155396 0.64662839635 0.52921790571 0.60705212885 0.41113815993 0.55677552834 0.62670560262 0.71605254931 0.62232974155 1.45815802445 -247.4153785177 0.06177517983   -2 
  23 0.00000450279 0.00105892205 -27.766628721 0.13689790411 0.00442280306 0.05628041621 0.46950944598 0.43156790278 0.42121516457 0.46869210131 0.38115490380 0.39580183908 0.43291163136 0.45650490750 0.47944577470 0.48512796389 0.49827205276 0.50323877831 0.52565513834 0.46659024037 0.33649445160 0.35299474248 0.52981505204 0.45822773706 0.37746243857 0.37409480432 0.23212883662 0.42108396194 0.40590415977 0.43284219297 0.37563172631 0.37120808378 0.36439074415 0.46397730958 0.45976988926 0.64430714038 0.52687121375 0.60460007336 0.40867922290 0.55440384573 0.62427155268 0.71417999307 0.62070933700 1.45108260370 -247.3981708056 0.06362832153   -2 
  24 0.00000450281 0.00105925836 -28.147285880 0.13598730894 0.00442303160 0.05628170423 0.46916626719 0.42995059774 0.42104136733 0.46819938942 0.38046187017 0.39559066895 0.43185939085 0.45594427367 0.47847487988 0.48467728784 0.49725497756 0.50237433327 0.52470283780 0.46603618776 0.33593384839 0.35242581189 0.52933778301 0.45769835194 0.37685409275 0.37337064369 0.23104521616 0.42033032866 0.40513583959 0.43199051134 0.37480702568 0.37029861685 0.36346415525 0.46271100696 0.45844047727 0.64283468389 0.52536615328 0.60303313550 0.40712299267 0.55287748889 0.62270775097 0.71294804419 0.61965452399 1.44672509081 -247.3922453084 0.02872973092   -2 
  25 0.00000450289 0.00105915852 -29.031566593 0.13320996091 0.00442376154 0.05628481498 0.46800154299 0.42772406488 0.42230442135 0.47000621322 0.38170575970 0.39387707261 0.43178624830 0.45513584317 0.47821449841 0.48291485610 0.49568463830 0.50049650131 0.52248757615 0.46441913129 0.33482458762 0.35130751614 0.52727556656 0.45654151239 0.37558107374 0.37221798322 0.22982526256 0.41895555404 0.40378294173 0.43053550662 0.37348310383 0.36888038687 0.36224243150 0.46074250928 0.45620148811 0.64104201413 0.52305346805 0.60079350837 0.40519149861 0.55037907758 0.62023129305 0.71021858917 0.61758807377 1.44531301433 -247.3659755814 0.05458434541   -2 
  26 0.00000450289 0.00106001109 -29.127646092 0.13291645830 0.00442383968 0.05628514838 0.46804351272 0.42769969540 0.42238741478 0.47015578078 0.38185138653 0.39369666989 0.43182063811 0.45506097706 0.47822084692 0.48272449487 0.49554693403 0.50031285976 0.52226834355 0.46424449340 0.33471345957 0.35119498101 0.52703898862 0.45641792881 0.37545028283 0.37210890571 0.22973139476 0.41881906473 0.40365022508 0.43039424599 0.37335776094 0.36874822479 0.36213612728 0.46056061221 0.45598930968 0.64088874540 0.52284086998 0.60059160429 0.40503165030 0.55014313557 0.61999849028 0.70993141232 0.61737552229 1.44533310094 -247.3630099427 0.04170964865   -2 
  27 0.00000450298 0.00105918969 -30.235980999 0.13020082334 0.00442454580 0.05628871074 0.47019450029 0.43042611751 0.42194553769 0.47051778201 0.38331115114 0.39168559455 0.43264455478 0.45426039050 0.47862854714 0.48051513489 0.49440850339 0.49848908653 0.52007520483 0.46224162516 0.33358722721 0.35004380419 0.52413811511 0.45500533352 0.37407702732 0.37111316725 0.22929465276 0.41746271067 0.40236357249 0.42904955111 0.37222989475 0.36760268546 0.36134835674 0.45901250492 0.45409810596 0.63975762637 0.52105311695 0.59894618924 0.40402994241 0.54804763050 0.61793390002 0.70682277844 0.61514907920 1.44789856480 -247.3356409597  0.0292110095   -2 
  28 0.00000450296 0.00105953446 -30.020112111 0.13078373492 0.00442439007 0.05628800707 0.46957791634 0.42984521064 0.42196856175 0.47030604156 0.38292808655 0.39216369492 0.43247477363 0.45443805819 0.47854684056 0.48099582737 0.49468313826 0.49889851817 0.52056535360 0.46265671894 0.33382524346 0.35028518145 0.52472092145 0.45528708991 0.37436008771 0.37132924817 0.22943263463 0.41774679880 0.40263522068 0.42933557713 0.37247516855 0.36785638384 0.36153541186 0.45935980095 0.45451447013 0.64002198373 0.52145624301 0.59932016470 0.40429217044 0.54850765724 0.61838572272 0.70744883806 0.61559908037 1.44746860809 -247.3339389043 0.02362976610   -2 
  29 0.00000450298 0.00105882072 -30.277955588 0.13037969882 0.00442448598 0.05628875240 0.46971421562 0.43045299177 0.42164017470 0.46996178479 0.38297997717 0.39194457158 0.43264660516 0.45431598255 0.47864105177 0.48063865312 0.49458982151 0.49865188110 0.52026351268 0.46228116934 0.33363388261 0.35008378553 0.52412070721 0.45499220133 0.37410521178 0.37118145447 0.22951296446 0.41751124104 0.40241960800 0.42911739882 0.37231098684 0.36770508563 0.36147425184 0.45916921579 0.45425521245 0.63992088719 0.52124328112 0.59913470114 0.40429588268 0.54821693484 0.61809486465 0.70682823161 0.61516237902 1.44832925927 -247.3299376625 0.07141024971   -2 
  30 0.00000450304 0.00106064365 -31.089754802 0.12915148958 0.00442477957 0.05629106124 0.47009115659 0.43228780320 0.42063654074 0.46880995968 0.38304403945 0.39140869980 0.43318689736 0.45399366116 0.47895103512 0.47962995523 0.49439314475 0.49798440404 0.51943804003 0.46117235204 0.33307558072 0.34949252389 0.52231110632 0.45410132852 0.37334605098 0.37076155094 0.22984019556 0.41681785946 0.40178853447 0.42848318479 0.37184387458 0.36728456287 0.36133673056 0.45865047651 0.45352707474 0.63968088468 0.52066910028 0.59864523740 0.40440729934 0.54739800179 0.61727386856 0.70495038823 0.61384297031 1.45112321487 -247.3164577084 0.03881060957   -2 
  31 0.00000450308 0.00106040276 -31.664259884 0.12847077521 0.00442493295 0.05629261141 0.46976174525 0.43252567102 0.42012941960 0.46802555921 0.38282360030 0.39127448632 0.43339226818 0.45381204164 0.47905270977 0.47912458808 0.49434000541 0.49766623596 0.51904385054 0.46052582280 0.33274837121 0.34913935172 0.52121581386 0.45353095775 0.37287976853 0.37052315735 0.23016983941 0.41639781154 0.40141080999 0.42810841447 0.37158268003 0.36706524275 0.36130766233 0.45839669615 0.45314520981 0.63957947155 0.52039608459 0.59841492922 0.40461754681 0.54695930208 0.61682278955 0.70375598662 0.61299584631 1.45277735291 -247.3094419665 0.07874673575   -2 
  32 0.00000450317 0.00106352112 -33.031132150 0.12690517880 0.00442529126 0.05629620269 0.46899058451 0.43262179370 0.41916165484 0.46635223758 0.38222795352 0.39110017815 0.43379344164 0.45343574067 0.47924387238 0.47807932694 0.49426813361 0.49701759005 0.51823633032 0.45911062950 0.33202670127 0.34835628553 0.51878998150 0.45224718840 0.37183660611 0.37000004467 0.23098333228 0.41546028466 0.40056933344 0.42727617908 0.37100970846 0.36659300876 0.36127199701 0.45786118925 0.45232186058 0.63937736990 0.51982497214 0.59793534859 0.40516690089 0.54600730322 0.61583770708 0.70105677862 0.61107411828 1.45644352877 -247.2933709750 0.04102468067   -2 
  33 0.00000450325 0.00106536270 -34.379911973 0.12550764191 0.00442561093 0.05629959208 0.46835234812 0.43175547428 0.41862636161 0.46515390907 0.38150606599 0.39106477997 0.43389417983 0.45307329987 0.47921758592 0.47726831326 0.49417609229 0.49648710285 0.51758958435 0.45790569595 0.33138950161 0.34765907906 0.51671437687 0.45108575362 0.37090223457 0.36952785974 0.23179820530 0.41461387332 0.39980976021 0.42652529537 0.37049881218 0.36618166138 0.36125792704 0.45740508602 0.45161661980 0.63916214277 0.51934236617 0.59751202804 0.40573939321 0.54517756783 0.61496074114 0.69861185589 0.60930917554 1.45914795760 -247.2866282778 0.04076324998   -2 
  34 0.00000450320 0.00106482603 -33.539007730 0.12638149770 0.00442541248 0.05629751245 0.46920144561 0.43140794846 0.41949184335 0.46653157944 0.38181928336 0.39120823116 0.43344020092 0.45327745279 0.47893602681 0.47800004119 0.49416142773 0.49690358740 0.51812277926 0.45883508220 0.33183950806 0.34814400027 0.51830982573 0.45187797824 0.37154670930 0.36983894337 0.23132602186 0.41518347874 0.40031894439 0.42702715371 0.37084399816 0.36646897195 0.36127437162 0.45773303408 0.45213164262 0.63922778577 0.51969147895 0.59778339521 0.40542175129 0.54576217265 0.61555142930 0.70026258785 0.61046153274 1.45624645908 -247.2787742548 0.06144245146   -2 
  35 0.00000450318 0.00106357395 -33.246319635 0.12671938997 0.00442533402 0.05629677023 0.46946119085 0.43111545054 0.41986181298 0.46709308753 0.38189265674 0.39128074727 0.43320658993 0.45334224171 0.47877945231 0.47829824021 0.49414288708 0.49706638361 0.51833561843 0.45919690133 0.33200956564 0.34832599424 0.51893163049 0.45217154038 0.37178808126 0.36995332773 0.23116660049 0.41539465715 0.40050766855 0.42721297962 0.37097302561 0.36657842818 0.36128288806 0.45785986293 0.45233149787 0.63923944792 0.51982712422 0.59788332880 0.40531861127 0.54598548240 0.61577214660 0.70087574061 0.61088316762 1.45499517975 -247.2750010783 0.02662712022   -2 
  36 0.00000450316 0.00106314988 -32.859928358 0.12719670616 0.00442522391 0.05629579120 0.46969595593 0.43023990437 0.42062945467 0.46812087959 0.38187031431 0.39151858001 0.43267132051 0.45344485916 0.47840144693 0.47888294172 0.49411567732 0.49738210104 0.51875181629 0.45982310534 0.33228839193 0.34861864311 0.51998775477 0.45262304701 0.37216805258 0.37013425778 0.23100502714 0.41572275567 0.40080135008 0.42750330520 0.37118153680 0.36676572953 0.36131937311 0.45808818670 0.45268112887 0.63923898085 0.52007574064 0.59805649889 0.40524334854 0.54636399679 0.61613099065 0.70180759279 0.61150187317 1.45258287540 -247.2716496795 0.01766155177   -2 
  37 0.00000450316 0.00106418198 -32.968523760 0.12714467645 0.00442523295 0.05629606749 0.46914400371 0.43012754221 0.42060108374 0.46798554465 0.38167544637 0.39168363371 0.43253633246 0.45345240359 0.47828435627 0.47900335787 0.49415011216 0.49746271652 0.51885776548 0.45987229844 0.33229991920 0.34862258198 0.52003947077 0.45259237811 0.37216051289 0.37013893663 0.23115506743 0.41571392059 0.40079594898 0.42750101525 0.37119354423 0.36679379148 0.36136462151 0.45813973943 0.45273834974 0.63923532919 0.52013941468 0.59809629411 0.40539416729 0.54641127959 0.61615667728 0.70173858911 0.61142801638 1.45218549847 -247.2692514110 0.05069800213   -2 
  38 0.00000450318 0.00106439748 -33.221752388 0.12707258902 0.00442523904 0.05629669610 0.46785080890 0.42976340283 0.42053471149 0.46768149882 0.38118491612 0.39207386616 0.43216080181 0.45345554564 0.47796025568 0.47930849966 0.49421413882 0.49765898846 0.51912122751 0.46001378927 0.33233700919 0.34864164647 0.52021005025 0.45253234882 0.37215645120 0.37015438637 0.23151358147 0.41570341304 0.40079270152 0.42750471723 0.37122964551 0.36686849304 0.36147369766 0.45827243676 0.45289195810 0.63921530151 0.52030202480 0.59819420475 0.40575699415 0.54654072412 0.61623038920 0.70160897261 0.61127200569 1.45104761655 -247.2639870852 0.02134708452   -2 
  39 0.00000450322 0.00106558153 -33.785735663 0.12694994254 0.00442525298 0.05629816301 0.46922621165 0.42872721314 0.42063590136 0.46756845148 0.38004852327 0.39292140816 0.43089643644 0.45338503171 0.47685725008 0.48024923595 0.49423566305 0.49821511300 0.51990822146 0.46064947247 0.33255154434 0.34881166512 0.52116175495 0.45254821630 0.37231016088 0.37025686504 0.23248054449 0.41580622440 0.40090216314 0.42762859813 0.37141574135 0.36715874160 0.36178544071 0.45873787522 0.45348910072 0.63907705332 0.52085780399 0.59850391067 0.40676325217 0.54707252183 0.61657532441 0.70166613949 0.61109514457 1.44638401102 -247.2541767557 0.02143991178   -2 
  40 0.00000450322 0.00106517925 -33.741858686 0.12695219889 0.00442525464 0.05629805575 0.46910147712 0.42887460357 0.42063243927 0.46760216130 0.38016755949 0.39283404102 0.43100862151 0.45338913823 0.47695079603 0.48016842378 0.49422908615 0.49816742638 0.51984248981 0.46060363251 0.33253773710 0.34880148164 0.52109741650 0.45255161832 0.37230268713 0.37025044742 0.23240887763 0.41580171230 0.40089686243 0.42762202053 0.37140399393 0.36713924998 0.36176241313 0.45870526490 0.45344884265 0.63908466457 0.52081849336 0.59848090600 0.40668906430 0.54703705406 0.61655263773 0.70167255803 0.61111484134 1.44671590477 -247.2537309929 0.01515815474   -2 
  41 0.00000450321 0.00106511089 -33.673921799 0.12689510216 0.00442527875 0.05629792978 0.46893517291 0.42941919057 0.42067713277 0.46779114535 0.38049692988 0.39262344107 0.43125178555 0.45340336913 0.47713843935 0.48002781219 0.49420951046 0.49808854154 0.51973663064 0.46056110283 0.33253483336 0.34880480073 0.52105586092 0.45258442251 0.37231645416 0.37025203466 0.23232093385 0.41581555011 0.40090779743 0.42763067705 0.37140230616 0.36712753598 0.36173665444 0.45867770036 0.45342170612 0.63908882597 0.52078312036 0.59845785592 0.40660089517 0.54701647149 0.61654395001 0.70173938045 0.61117697810 1.44709222598 -247.2527294413 0.01346739368   -2 
  42 0.00000450321 0.00106479854 -33.652479587 0.12687025655 0.00442528913 0.05629789750 0.46890369423 0.42963208628 0.42069812029 0.46787713419 0.38063289455 0.39253573563 0.43134253725 0.45340712643 0.47720567652 0.47997702420 0.49419815102 0.49805986799 0.51969961510 0.46055383684 0.33253826187 0.34881040038 0.52105719783 0.45260154225 0.37232729427 0.37025499388 0.23229797104 0.41582505986 0.40091598755 0.42763795456 0.37140576718 0.36712828373 0.36173034187 0.45867423555 0.45342192582 0.63908636779 0.52077767432 0.59845251494 0.40657864285 0.54701840964 0.61654732669 0.70177593014 0.61120527026 1.44716804521 -247.2524991757 0.00919643804   -2 
  43 0.00000450321 0.00106475134 -33.634039807 0.12680781535 0.00442531433 0.05629790905 0.46905334035 0.42993188834 0.42076299854 0.46805984987 0.38086500165 0.39240162008 0.43147137105 0.45341782652 0.47729446769 0.47992661937 0.49417823091 0.49803373582 0.51966855294 0.46058210715 0.33256269852 0.34883733050 0.52112723244 0.45264749997 0.37236611373 0.37027070773 0.23230333853 0.41585733376 0.40094524030 0.42766598014 0.37142785625 0.36715024280 0.36173579948 0.45869755889 0.45346296698 0.63907399529 0.52080213530 0.59846170733 0.40658890188 0.54705977755 0.61658048895 0.70187373377 0.61126680724 1.44705427152 -247.2521282618 0.01290130463   -2 
  44 0.00000450322 0.00106442253 -33.626973281 0.12677253108 0.00442532906 0.05629792865 0.46915963816 0.43007804724 0.42080329804 0.46817074943 0.38100360362 0.39232138588 0.43154328972 0.45342357123 0.47734232157 0.47990106409 0.49416414003 0.49802052188 0.51965408225 0.46060698064 0.33258141562 0.34885737232 0.52118390327 0.45267913930 0.37239438433 0.37028233169 0.23231557667 0.41588052778 0.40096644314 0.42768640656 0.37144481231 0.36716806171 0.36174216416 0.45871775898 0.45349687085 0.63906333379 0.52082387040 0.59847034287 0.40660480460 0.54709321724 0.61660632866 0.70194223424 0.61130802558 1.44692952121 -247.2519187352 0.00747998705   -2 
  45 0.00000450322 0.00106435651 -33.627297137 0.12670350981 0.00442535860 0.05629801304 0.46941934204 0.43018248513 0.42089889221 0.46836818606 0.38123175619 0.39221209777 0.43165149357 0.45344533412 0.47741259893 0.47989164820 0.49414602538 0.49802060875 0.51965861399 0.46068744381 0.33263285613  0.3489104958 0.52134352830 0.45275418684 0.37246546167 0.37031439041 0.23237291671 0.41593890733 0.40102035999 0.42773916480 0.37149103444 0.36721923605 0.36176770035 0.45878014598 0.45359416400 0.63904006609 0.52089272030 0.59850294588 0.40667242113 0.54718792954 0.61667871478 0.70210277839 0.61139973913 1.44652704411 -247.2516165469 0.01084291433   -2 
  46 0.00000450322 0.00106408359 -33.631296660 0.12667002333 0.00442537394 0.05629807247 0.46953589942 0.43019790520 0.42095116931 0.46846886166 0.38135012727 0.39215866484 0.43170568540 0.45345878058 0.47744734360 0.47989303262 0.49413636895 0.49802468464 0.51966657188 0.46073997280 0.33266582464 0.34894428367 0.52144592795 0.45280047784 0.37251036934 0.37033488489 0.23241362703 0.41597571639 0.40105449884 0.42777263096 0.37152085769 0.36725269212 0.36178521499 0.45882134937 0.45365785160 0.63902494585 0.52093836065 0.59852471140 0.40671969232 0.54724963003 0.61672544928 0.70220273091 0.61145604477 1.44625690423 -247.2514581129 0.00824675175   -2 
  47 0.00000450323 0.00106402272 -33.657161367 0.12657321548 0.00442542146 0.05629830787 0.46975172762 0.43009542937 0.42111967791 0.46872888782 0.38165685368 0.39205986873 0.43184751717 0.45351935576 0.47754206665 0.47994178885 0.49412485230 0.49806771750 0.51972710480 0.46093656138 0.33278663706 0.34906711700 0.52181418757 0.45296301866 0.37267089393 0.37041137273 0.23257566023 0.41610817057 0.40117788880 0.42789423400 0.37163074183 0.36737712985 0.36185487029 0.45897653700 0.45389298506 0.63897858610 0.52111102794 0.59861150121 0.40690616335 0.54747724257 0.61689833109 0.70255197937 0.61165144463 1.44529019594 -247.2510148830 0.01119264651   -2 
  48 0.00000450323 0.00106376993 -33.673433652 0.12654178041 0.00442543953 0.05629842630 0.46976894009 0.43002738527 0.42118121220 0.46881266893 0.38176480978 0.39203432931 0.43189863410 0.45354778528 0.47757737850 0.47997157983 0.49412309473 0.49809201531 0.51976017612 0.46102864466 0.33284378730 0.34912505012 0.52198524720 0.45303804885 0.37274650523 0.37044786397 0.23265676272 0.41617067010 0.40123637577 0.42795191264 0.37168350720 0.36743726824 0.36188928683 0.45905158453 0.45400627194 0.63895706319 0.52119460555 0.59865368863 0.40699885971 0.54758666687 0.61698101210 0.70271533563 0.61174269024 1.44483530536 -247.2508102341 0.01154367892   -2 
  49 0.00000450324 0.00106392088 -33.731916517 0.12646456351 0.00442549035 0.05629881587 0.46965972071 0.42982911727 0.42133532347 0.46897507660 0.38199882913 0.39202806116 0.43202167569 0.45364521421 0.47767047984 0.48009093712 0.49413851810 0.49818636295 0.51988256105 0.46131460635 0.33302318261 0.34930652959 0.52250750536 0.45326879060 0.37298215422 0.37056453157 0.23292151516 0.41636668129 0.40142053243 0.42813390572 0.37185140427 0.36762922077 0.36200206413 0.45929132792 0.45436530444 0.63889787190 0.52146185981 0.59879186872 0.40730049477 0.54793355185 0.61724351834 0.70322014965 0.61202594155 1.44347059280 -247.2501906524 0.01155461734   -2 
  50 0.00000450325 0.00106373553 -33.760887986 0.12645182552 0.00442550591 0.05629898855 0.46957316454 0.42977272579 0.42136625428 0.46898926335 0.38204461395 0.39204870272 0.43205185296 0.45368208622 0.47769688129 0.48014336225 0.49414897932 0.49822707560 0.51993460367 0.46142598450 0.33309554890 0.34937964452 0.52271048564 0.45335942596 0.37307749601 0.37061238438 0.23303560181 0.41644628303 0.40149585214 0.42820831755 0.37192116619 0.36770947836 0.36205000089 0.45939107671 0.45451458261 0.63887435883 0.52157304961 0.59884926556 0.40742959399 0.54807747132 0.61735165360 0.70342384807 0.61214087138 1.44293563695 -247.2499560131 0.01234030379   -2 
  51 0.00000450327 0.00106407114 -33.846813784 0.12644157074 0.00442554225 0.05629948135 0.46935711091 0.42973081878 0.42139164975 0.46892727476 0.38205884903 0.39216567421 0.43209453686 0.45378119911 0.47774911645 0.48029725783 0.49419513128 0.49834669326 0.52008355300 0.46171130866 0.33328740232 0.34957338471 0.52322535389 0.45359439045 0.37333033673 0.37074226784 0.23335360391 0.41665892542 0.40169830820 0.42840851866 0.37211113482 0.36792877794 0.36218355053 0.45966253284 0.45491909613 0.63881924774 0.52187568302 0.59900774038 0.40778809992 0.54846746690 0.61764427641 0.70396204906 0.61244757844 1.44160270984 -247.2493400696 0.01174269181   -2 
  52 0.00000450327 0.00106393081 -33.893737902 0.12645913495 0.00442555380 0.05629973529 0.46930737192 0.42976488212 0.42136315422 0.46884485754 0.38200386206 0.39224312586 0.43208870277 0.45381982996 0.47775818236 0.48036774521 0.49422156194 0.49840190146 0.52015139017 0.46183038386 0.33337345125 0.34966029519 0.52344051371 0.45369602015 0.37344489857 0.37080236427 0.23350969924 0.41675603170 0.40179180091 0.42850090365 0.37220080254 0.36803303265 0.36224819249 0.45979030610 0.45510954862 0.63879582651 0.52201805644 0.59908220692 0.40796279691 0.54865077104 0.61778060350 0.70420617773 0.61258875492 1.44104542330 -247.2490389923 0.01441309293   -2 
  53 0.00000450329 0.00106434857 -33.991392977 0.12650512343 0.00442557537 0.05630026342 0.46935255443 0.42992582512 0.42127605031 0.46864163562 0.38182699977 0.39242840430 0.43205179163 0.45389091076 0.47776329342 0.48050691316 0.49428667887 0.49851304737 0.52028502304 0.46204223281 0.33353588089 0.34982448606 0.52382002242 0.45388298135 0.37366227758 0.37091950799 0.23382229818 0.41694215664 0.40197246106 0.42867955837 0.37237669885 0.36823819985 0.36237771333 0.46004003843 0.45548046406 0.63875935787 0.52229628751 0.59922992039 0.40831150746 0.54900800282 0.61804593192 0.70466925521 0.61286088945 1.44009481886 -247.2484625348 0.01039734395   -2 
  54 0.00000450330 0.00106418370 -34.011341242 0.12652413975 0.00442557668 0.05630036728 0.46942216381 0.42997960161 0.42124687113 0.46859696564 0.38176385742 0.39246732447 0.43202974578 0.45389426552 0.47775413462 0.48052287404 0.49430156521 0.49852762306 0.52030124947 0.46205618736 0.33355471693 0.34984367608 0.52384436137 0.45390094974 0.37368893918 0.37093582294 0.23387393908 0.41696626104 0.40199706081 0.42870388992 0.37240278448 0.36826924372 0.36239874466 0.46007627501 0.45553389584 0.63875915930 0.52233659113 0.59925213689 0.40836815206 0.54905951662 0.61808348094 0.70472687167 0.61289805294 1.44005000357 -247.2482791802 0.01127102085   -2 
  55 0.00000450331 0.00106441914 -34.072509997 0.12657988456 0.00442558341 0.05630070032 0.46976465175 0.43019959051 0.42116223987 0.46847871852 0.38153531273 0.39259995006 0.43194756803 0.45389623425 0.47771870030 0.48056108430 0.49436030066 0.49856822669 0.52034209488 0.46205661641 0.33359338453 0.34988357916 0.52383722964 0.45392838821 0.37374682220 0.37097788280 0.23401975011 0.41702280878 0.40205764813 0.42876411060 0.37247182861 0.36835230273 0.36245894729 0.46017008362 0.45566963324 0.63877659621 0.52244087256 0.59931416778 0.40852690027 0.54919129641 0.61817954259 0.70485321169 0.61298963851 1.44018314892 -247.2478060381 0.00529481198   -2 
  56 0.00000450332 0.00106430438 -34.102442267 0.12660015334 0.00442559133 0.05630088449 0.46980807768 0.43026990909 0.42116074842 0.46849098392 0.38142294042 0.39265901322 0.43190152987 0.45388493021 0.47769719606 0.48055831667 0.49440256455 0.49857760942 0.52034426535 0.46199122582 0.33357977476 0.34987081286 0.52370703060 0.45389690798 0.37373413353 0.37098377758 0.23406498146 0.41702009281 0.40206080595 0.42876785841 0.37248514204 0.36836997856 0.36247914575 0.46018400716 0.45568479649 0.63881389847 0.52245626546 0.59933224827 0.40857412593 0.54920802481 0.61819193913 0.70482904753 0.61299519255 1.44066720342 -247.2476298414 0.01385764543   -2 
  57 0.00000450333 0.00106468177 -34.183707232 0.12663924044 0.00442562001 0.05630140397 0.46990816225 0.43045772682 0.42118225443 0.46855786265 0.38112743974 0.39282356549 0.43178182853 0.45385710698 0.47764398876 0.48055020158 0.49452788840 0.49860546563 0.52035018558 0.46179580012 0.33353431839 0.34982780730 0.52331497463 0.45379954173 0.37368854535 0.37099742500 0.23418301972 0.41700541388 0.40206331137 0.42877238931 0.37251720021 0.36841326425 0.36253354097 0.46021471448 0.45571292420 0.63892917579 0.52249021198 0.59938135018 0.40869694258 0.54924195727 0.61821841589 0.70473944365 0.61300111246 1.44213772051 -247.2471458268 0.00642007748   -2 
  58 0.00000450335 0.00106462594 -34.240542271 0.12662619880 0.00442565771 0.05630181423 0.46975436477 0.43042819678 0.42123807520 0.46865283703 0.38101956935 0.39290056969 0.43173152537 0.45384276626 0.47762351836 0.48053644328 0.49461576535 0.49862015408 0.52034656859 0.46162995815 0.33348051341 0.34977580840 0.52297599319 0.45370465493 0.37362687322 0.37099689106 0.23424399305 0.41697324837 0.40204546883 0.42875681442 0.37252396531 0.36842554787 0.36256511291 0.46021143948 0.45569143894 0.63903487647 0.52248649563 0.59940835544 0.40875823137 0.54922808428 0.61821138080 0.70461259306 0.61297601107 1.44341051291 -247.2468498902 0.01440226380   -2 
  59 0.00000450337 0.00106496282 -34.297082449 0.12659706083 0.00442570216 0.05630224124 0.46960385687 0.43038063791 0.42130357385 0.46875695886 0.38093690533 0.39297121280 0.43169161581 0.45383250805 0.47760930707 0.48052391851 0.49470485519 0.49863600774 0.52034377511 0.46146140703 0.33342340086 0.34972052324 0.52262832575 0.45360610051 0.37356029987 0.37099522681 0.23430180721 0.41693774569 0.40202465611 0.42873850024 0.37252846080 0.36843513507 0.36259623700 0.46020433902 0.45566293591 0.63914686835 0.52247855970 0.59943522766 0.40881599862 0.54920803949 0.61820064072 0.70447466593 0.61294632945 1.44472886311 -247.2465846839 0.00627225829   -2 
  60 0.00000450336 0.00106475847 -34.286224362 0.12658117615 0.00442570297 0.05630218465 0.46966023492 0.43034088575 0.42128321689 0.46872363570 0.38100673867 0.39292888355 0.43171674613 0.45383582657 0.47761835164 0.48052243274 0.49467625863 0.49862748792 0.52033939382 0.46149297987 0.33342745283 0.34972406880 0.52269060294 0.45361824453 0.37356299170 0.37099082781 0.23428122269 0.41693623581 0.40202074582 0.42873429641 0.37252068127 0.36842540951 0.36258652192 0.46019525587 0.45565212336 0.63912923890 0.52246843453 0.59942491403 0.40879377338 0.54919653269 0.61819158791 0.70447866391 0.61294000397 1.44447989056 -247.2464762890 0.01009477099   -2 
  61 0.00000450336 0.00106470590 -34.253756547 0.12650501102 0.00442571800 0.05630205044 0.46985967071 0.43020110902 0.42122924834 0.46862725748 0.38126246032 0.39278509023 0.43181004584 0.45385108085 0.47765477319 0.48051824647 0.49458726191 0.49860124308 0.52032544371 0.46158460191 0.33343313693 0.34972817653 0.52286601561 0.45364777771 0.37356144372 0.37097452756 0.23421286034 0.41692458676 0.40200251874 0.42871552199 0.37249215510 0.36839024213 0.36255564175 0.46015964003 0.45560539710 0.63908506256 0.52242876239 0.59939183979 0.40871936883 0.54914902545 0.61815583339 0.70446877609 0.61291095287 1.44378249465 -247.2461651107 0.00418683212   -2 
  62 0.00000450336 0.00106453022 -34.246288931 0.12645781428 0.00442573538 0.05630206234 0.46978869122 0.43015456597 0.42122200087 0.46860706981 0.38138097247 0.39271433600 0.43185141830 0.45385288093 0.47766901513 0.48050697281 0.49454796082 0.49858303539 0.52031005732 0.46159773596 0.33341906937 0.34971335884 0.52288857116 0.45363819911 0.37353913125 0.37095969872 0.23417517005 0.41690326924 0.40198055679 0.42869367300 0.37246974061 0.36836416721 0.36253906629 0.46012793883 0.45555903909 0.63907966810 0.52239331317 0.59937084270 0.40867623605 0.54910390203 0.61812192535 0.70441745496 0.61287686728 1.44364219217 -247.2460617262 0.00916027101   -2 
  63 0.00000450336 0.00106457935 -34.236748838 0.12638721044 0.00442576242 0.05630209220 0.46968534047 0.43010417456 0.42121923128 0.46858804454 0.38154207511 0.39261921503 0.43190850464 0.45385559945 0.47768911338 0.48049088922 0.49449554612 0.49855784593 0.52028815684 0.46161097934 0.33339678585 0.34969002987 0.52290933400 0.45362105116 0.37350444265 0.37093802120 0.23412164688 0.41687100478 0.40194778809 0.42866114914 0.37243704896 0.36832624873 0.36251573660 0.46008129603 0.45549022176 0.63907540218 0.52234114237 0.59934096160 0.40861471249 0.54903712921 0.61807189603 0.70433788591 0.61282592749 1.44348401760 -247.2459393477 0.00292010165   -2 
  64 0.00000450337 0.00106439102 -34.248394486 0.12630812771 0.00442581333 0.05630233768 0.46956412050 0.43019637598 0.42122566680 0.46861003623 0.38157803884 0.39251194883 0.43190552797 0.45380363002 0.47765918330 0.48041029102 0.49440837106 0.49847625658 0.52020032659 0.46151643464 0.33330209563 0.34959284581 0.52273937776 0.45350785232 0.37337494552 0.37086924504 0.23400750775 0.41675908034 0.40184258805 0.42855610882 0.37234533616 0.36822436948 0.36245946635 0.45994641914 0.45529254623 0.63908211159 0.52218937097 0.59925304036 0.40847436978 0.54884339093 0.61791857155 0.70405059242 0.61266213048 1.44368414192 -247.2457328052 0.01402850793   -2 
  65 0.00000450338 0.00106456649 -34.267125533 0.12617992682 0.00442589566 0.05630273382 0.46941744109 0.43034314747 0.42123969551 0.46864865473 0.38162441527 0.39235194906 0.43189816842 0.45372282506 0.47761167368 0.48028492045 0.49427488863 0.49834934527 0.52006311671 0.46136532042 0.33315225462 0.34943904406 0.52246714649 0.45332828101 0.37316990716 0.37076057304 0.23382758287 0.41658194068 0.40167612532 0.42838991034 0.37220029787 0.36806328750 0.36237065701 0.45973312251 0.45497983399 0.63909340146 0.52194933237 0.59911412770 0.40825285725 0.54853682894 0.61767590842 0.70359522171 0.61240256205 1.44401579035 -247.2454162971 0.00560617546   -2 
  66 0.00000450339 0.00106443553 -34.297288562 0.12612869230 0.00442595106 0.05630312214 0.46969911319 0.43018746392 0.42117433968 0.46858735867 0.38150468885 0.39230457054 0.43181914139 0.45363952399 0.47753135763 0.48018259604 0.49418452327 0.49824534651 0.51994781513 0.46122225465 0.33302966990 0.34931249569 0.52222623966 0.45317455820 0.37300393613 0.37066622720 0.23368777412 0.41643422830 0.40153696040 0.42824977601 0.37207865992 0.36793003465 0.36229295532 0.45955745027 0.45472956829 0.63907322271 0.52175104189 0.59898687411 0.40807496974 0.54828665968 0.61747001336 0.70322436013 0.61218156780 1.44423233468 -247.2450219564 0.01360924200   -2 
  67 0.00000450340 0.00106464562 -34.312912052 0.12610063036 0.00442598032 0.05630332427 0.46983812883 0.43010770241 0.42114294216 0.46855600323 0.38143931786 0.39228852603 0.43177778222 0.45359944587 0.47749096647 0.48013389339 0.49414262561 0.49819534242 0.51989199768 0.46115113428 0.33296898527 0.34924976783 0.52210671458 0.45309824866 0.37292153820 0.37061901002 0.23361805477 0.41636057760 0.40146743543 0.42817972381 0.37201769378 0.36786328465 0.36225378960 0.45946967845 0.45460480245 0.63906166485 0.52165194126 0.59892272434 0.40798595577 0.54816165733 0.61736683524 0.70303957955 0.61207062192 1.44433696795 -247.2448446777 0.00454593180   -2 
  68 0.00000450343 0.00106516959 -34.397585773 0.12603727459 0.00442608738 0.05630420798 0.46937814834 0.42977639818 0.42098614182 0.46834059870 0.38105574988 0.39238950413 0.43154897875 0.45346701181 0.47730682940 0.48000407437 0.49405451946 0.49805103629 0.51972523391 0.46091071850 0.33277808843 0.34904986922 0.52173207560 0.45284907388 0.37266061755 0.37045052709 0.23339132850 0.41611391751 0.40123072055 0.42793870412 0.37180436186 0.36763259741 0.36210604144 0.45917306309 0.45419973534 0.63894694311 0.52131593521 0.59867589374 0.40768421972 0.54774365000 0.61700557666 0.70244175952 0.61167980944 1.44441919514 -247.2443293835 0.00679944095   -2 
  69 0.00000450343 0.00106506354 -34.396568975 0.12603860943 0.00442608546 0.05630419394 0.46939275575 0.42979228774 0.42098799213 0.46834360578 0.38106581200 0.39238560162 0.43155275240 0.45346893885 0.47730934825 0.48000667398 0.49405601522 0.49805390635 0.51972872768 0.46091649938 0.33278304764 0.34905497345 0.52174266639 0.45285524503 0.37266751049 0.37045403650 0.23339706051 0.41611982500 0.40123624719 0.42794421302 0.37180911541 0.36763787336 0.36210881555 0.45918010796 0.45421018431 0.63894621437 0.52132388096 0.59868037326 0.40769134261 0.54775389232 0.61701366354 0.70245739528 0.61168859345 1.44440230625 -247.2442958688 0.00317671606   -2 
  70 0.00000450343 0.00106498187 -34.405421334 0.12601091104 0.00442609930 0.05630426287 0.46959914120 0.43003100221 0.42099435160 0.46834984773 0.38113932971 0.39235697612 0.43155465545 0.45346970232 0.47730170765 0.48002088421 0.49406325313 0.49806662344 0.51974547411 0.46094866230 0.33281375389 0.34908517464 0.52182179096 0.45288983141 0.37271029230 0.37046294600 0.23342665751 0.41614788401 0.40125984738 0.42796600179 0.37182513894 0.36765762618 0.36210949594 0.45921144503 0.45426878521 0.63889099672 0.52135869136 0.59867970050 0.40772081316 0.54780362155 0.61704211287 0.70255002038 0.61171916892 1.44410167210 -247.2441645279 0.00266329983   -2 
  71 0.00000450344 0.00106490161 -34.410365800 0.12600263405 0.00442610528 0.05630430368 0.46958922532 0.43005469240 0.42099885827 0.46835304137 0.38115357918 0.39235390243 0.43155391934 0.45347012640 0.47729887774 0.48002478895 0.49406581376 0.49806970219 0.51974935810 0.46095567234 0.33282097111 0.34909210772 0.52184112322 0.45289746050 0.37272032398 0.37046353701 0.23343298535 0.41615344091 0.40126410133 0.42796961835 0.37182724319 0.36766066770 0.36210756851 0.45921728580 0.45428180467 0.63887210357 0.52136506095 0.59867605104 0.40772593260 0.54781356721 0.61704604893 0.70257101510 0.61172331447 1.44401369548 -247.2441422300 0.00524187674   -2 
  72 0.00000450345 0.00106492580 -34.466768980 0.12589639059 0.00442617888 0.05630478737 0.46943636249 0.43026321295 0.42106656480 0.46840438984 0.38130734308 0.39233486469 0.43155168563 0.45348236545 0.47727412475 0.48007392533 0.49410086137 0.49810857479 0.51979663297 0.46103423999 0.33290086072 0.34916871825 0.52205451030 0.45298190266 0.37283055472 0.37046928804 0.23350114239 0.41621381223 0.40130976157 0.42800819131 0.37184869430 0.36769225800 0.36208452421 0.45927980721 0.45442312230 0.63866186092 0.52143308967 0.59863361695 0.40777959248 0.54792037284 0.61708663594 0.70279976533 0.61176546012 1.44305080333 -247.2439171515 0.00378759630   -2 
  73 0.00000450347 0.00106477605 -34.527196654 0.12583077856 0.00442624222 0.05630528339 0.46956353715 0.43006424806 0.42107865110 0.46841640807 0.38134042117 0.39233951373 0.43154533137 0.45348513128 0.47725555637 0.48009485246 0.49411609931 0.49812415516 0.51981633981 0.46107540973 0.33295381189 0.34921889238 0.52218555376 0.45303255931 0.37290664094 0.37046550931 0.23355188095 0.41625058267 0.40133588751 0.42802788596 0.37185679264 0.36770859721 0.36205730978 0.45931767064 0.45452376017 0.63848434081 0.52147315889 0.59858445471 0.40781286604 0.54799029071 0.61710147184 0.70295698972 0.61178134024 1.44235096978 -247.2437052332 0.01371588422   -2 
  74 0.00000450348 0.00106499175 -34.577820387 0.12577257443 0.00442629699 0.05630570418 0.46968252323 0.42990090588 0.42109050349 0.46842883881 0.38136288840 0.39234709247 0.43154241733 0.45348918293 0.47724300646 0.48011239708 0.49412937956 0.49813738688 0.51983271531 0.46110860679 0.33299704763 0.34925986220 0.52229080186 0.45307368982 0.37296884593 0.37046233622 0.23359374168 0.41628056985 0.40135715874 0.42804384626 0.37186322493 0.36772180957 0.36203458054 0.45934850835 0.45460629297 0.63833884857 0.52150571465 0.59854367055 0.40783999566 0.54804736084 0.61711311176 0.70308529424 0.61179377149 1.44178830420 -247.2434947797 0.00348315693   -2 
  75 0.00000450350 0.00106494846 -34.647705158 0.12572894360 0.00442636192 0.05630627766 0.46957262809 0.42987730888 0.42105436949 0.46840152549 0.38128128017 0.39236422594 0.43153472615 0.45347931848 0.47723454352 0.48009639365 0.49411670970 0.49812276707 0.51981707038 0.46110369260 0.33301791401 0.34927882072 0.52231772348 0.45308352232 0.37300580822 0.37044834066 0.23362921943 0.41629102484 0.40136214154 0.42804298080 0.37185750974 0.36772266467 0.36200237267 0.45936009749 0.45466478934 0.63820123428 0.52151572488 0.59848713429 0.40785363466 0.54807857342 0.61709974937 0.70316249032 0.61178145286 1.44143897878 -247.2433274335 0.01304669501   -2 
  76 0.00000450355 0.00106543564 -34.816861123 0.12561561295 0.00442652294 0.05630767694 0.46932930148 0.42985897508 0.42097283446 0.46834015681 0.38107986228 0.39240887869 0.43151941115 0.45345726993 0.47721844920 0.48005634643 0.49408547221 0.49808638829 0.51977756457 0.46108780937 0.33306471134 0.34932117170 0.52237072525 0.45310310329 0.37309038012 0.37041412685 0.23371305800 0.41631359233 0.40137213476 0.42803904408 0.37184255783 0.36772327461 0.36192469122 0.45938535138 0.45480085833 0.63787717298 0.52153679044 0.59835134990 0.40788447416 0.54814953783 0.61706500140 0.70333903980 0.61174913308 1.44065116965 -247.2429476724 0.00452560553   -2 
  77 0.00000450364 0.00106588086 -35.088727409 0.12541031591 0.00442679777 0.05630999320 0.46950316781 0.43002408991 0.42087063020 0.46822734529 0.38079323226 0.39242021619 0.43146527584 0.45338348070 0.47717098672 0.47993839533 0.49398425120 0.49797755309 0.51965821578 0.46099226182 0.33307856228 0.34932951987 0.52229704668 0.45306253309 0.37314904656 0.37034155760 0.23381383459 0.41629975639 0.40134831885 0.42799499862 0.37179428045 0.36769600249 0.36179654944 0.45937597674 0.45493263763 0.63744810850 0.52151446071 0.59812963538 0.40789663639 0.54818846399 0.61696138663 0.70346755885 0.61164990749 1.43991999589 -247.2426080726 0.00937727494   -2 
  78 0.00000450363 0.00106574011 -35.086951593 0.12540984403 0.00442679713 0.05630998299 0.46950595017 0.43001935985 0.42087529620 0.46822963640 0.38080271719 0.39241585682 0.43146388972 0.45338206106 0.47716947351 0.47993708508 0.49398254438 0.49797595882 0.51965646624 0.46098959353 0.33307502074 0.34932609134 0.52228988049 0.45305891155 0.37314419276 0.37034101418 0.23381107451 0.41629693718 0.40134613658 0.42799308787 0.37179316626 0.36769449888 0.36179723166 0.45937308006 0.45492655347 0.63745625121 0.52151129395 0.59813095799 0.40789429526 0.54818373979 0.61695930154 0.70345765366 0.61164782686 1.43995034119 -247.2425414764 0.00465484729   -2 
  79 0.00000450364 0.00106544045 -35.066175797 0.12526031663 0.00442686461 0.05631012200 0.46980987849 0.42996171186 0.42112543071 0.46838077003 0.38117332925 0.39228162703 0.43143713651 0.45334865161 0.47713584172 0.47989495681 0.49392593315 0.49791970576 0.51959165571 0.46088446438 0.33294622660 0.34920088578 0.52200960129 0.45292060636 0.37297187570 0.37031281359 0.23372605857 0.41619120362 0.40126257381 0.42791680069 0.37174508704 0.36763486976 0.36180274901 0.45926427960 0.45471998273 0.63770790360 0.52139014008 0.59814987668 0.40780920590 0.54801331158 0.61686623507 0.70310419826 0.61155496404 1.44107034248 -247.2419868485 0.00383540223   -2 
  80 0.00000450364 0.00106558098 -35.066752236 0.12522951731 0.00442688725 0.05631022865 0.46959800363 0.43001450238 0.42110179153 0.46837877921 0.38120902482 0.39226407378 0.43143240926 0.45334075090 0.47712679260 0.47988155154 0.49390811208 0.49790059889 0.51956917934 0.46084903332 0.33290072399 0.34915605762 0.52191856958 0.45287109109 0.37290947152 0.37029925520 0.23369339590 0.41615027878 0.40122906424 0.42788542064 0.37172394559 0.36760958400 0.36180067483 0.45922053825 0.45464162597 0.63778433271 0.52134098606 0.59814828517 0.40777383374 0.54794597830 0.61682516156 0.70297194015 0.61151376105 1.44138257493 -247.2418411199 0.00901973269   -2 
  81 0.00000450365 0.00106548314 -35.067981745 0.12521531401 0.00442689987 0.05631029656 0.46947323365 0.43003960064 0.42107931441 0.46837084999 0.38122292354 0.39225297642 0.43142752930 0.45333401492 0.47711933761 0.47987162564 0.49389565176 0.49788741012 0.51955394582 0.46082654022 0.33287262400 0.34912830436 0.52186297249 0.45284023364 0.37287104843 0.37029024103 0.23367318113 0.41612464970 0.40120795176 0.42786552112 0.37171041325 0.36759356070 0.36179876019 0.45919310604 0.45459325777 0.63782861369 0.52131012378 0.59814589934 0.40775163126 0.54790405663 0.61679893226 0.70289044951 0.61148749098 1.44156153341 -247.2417612316 0.00291930965   -2 
  82 0.00000450367 0.00106560703 -35.097455843 0.12516594302 0.00442700072 0.05631103189 0.46958343789 0.43000172205 0.42068443491 0.46811708759 0.38104099359 0.39219022873 0.43134600961 0.45323884113 0.47701604771 0.47975164842 0.49375930202 0.49774396615 0.51939330196 0.46062122491 0.33262473359 0.34888066757 0.52140864965 0.45256230677 0.37252988286 0.37018961771 0.23348379956 0.41588265525 0.40100341617 0.42766896669 0.37157132766 0.36743317280 0.36176116953 0.45892913337 0.45415016012 0.63813541999 0.52101190867 0.59807993304 0.40753372512 0.54750829900 0.61653174294 0.70215603867 0.61121986599 1.44266369520 -247.2413962282 0.00452919505   -2 
  83 0.00000450367 0.00106566692 -35.096173175 0.12516679071 0.00442699677 0.05631100039 0.46957303245 0.42999981095 0.42071771894 0.46813515979 0.38104981679 0.39219373217 0.43134982480 0.45324347469 0.47702105817 0.47975769431 0.49376633566 0.49775132016 0.51940160778 0.46063225698 0.33263778018 0.34889360542 0.52143422338 0.45257694405 0.37254759090 0.37019425392 0.23349296307 0.41589478456 0.40101346682 0.42767854898 0.37157788021 0.36744079943 0.36176251382 0.45894207592 0.45417235124 0.63811715356 0.52102652167 0.59808215431 0.40754408474 0.54752784198 0.61654453685 0.70219365905 0.61123261508 1.44259171889 -247.2413791613 0.00286384053   -2 
  84 0.00000450367 0.00106559525 -35.097697213 0.12516505275 0.00442699801 0.05631100986 0.46951436640 0.42996340803 0.42082015436 0.46817523842 0.38105071281 0.39219480549 0.43134700506 0.45324229392 0.47702004361 0.47975912819 0.49376976774 0.49775502081 0.51940663884 0.46064348021 0.33265109737 0.34890617858 0.52147034334 0.45259146869 0.37256461203 0.37019423174 0.23349778490 0.41590328538 0.40101912751 0.42768329393 0.37157954250 0.36744342397 0.36175930608 0.45894943442 0.45418900062 0.63808175044 0.52103474725 0.59807520084 0.40754797412 0.54754030958 0.61654930976 0.70222716026 0.61123702012 1.44241846962 -247.2413400427 0.00443925612   -2 
  85 0.00000450367 0.00106565536 -35.099176693 0.12516124797 0.00442700091 0.05631102794 0.46947808908 0.42993639702 0.42090192714 0.46820740762 0.38105011220 0.39219578580 0.43134438761 0.45324089750 0.47701867375 0.47975962313 0.49377179041 0.49775714756 0.51940972961 0.46065135326 0.33266012672 0.34891455486 0.52149727456 0.45260130038 0.37257579881 0.37019316150 0.23349982022 0.41590810444 0.40102184853 0.42768531150 0.37157945458 0.36744392225 0.36175609617 0.45895294543 0.45419858985 0.63805430468 0.52103863717 0.59806846127 0.40754887698 0.54754678076 0.61655054462 0.70224835551 0.61123790125 1.44227947845 -247.2413152553 0.00153861918   -2 
  86 0.00000450368 0.00106560206 -35.106521130 0.12515251154 0.00442701521 0.05631113564 0.46949818540 0.42989961093 0.42099710104 0.46823997521 0.38103104277 0.39219068719 0.43132929032 0.45322741549 0.47700452815 0.47974872632 0.49376338031 0.49774860088 0.51940219508 0.46065322234 0.33266320691 0.34891591746 0.52152845456 0.45260339185 0.37257733846 0.37018124340 0.23348971775 0.41590049967 0.40101174052 0.42767386033 0.37156719513 0.36743157974 0.36174355980 0.45894011912 0.45418790875 0.63800372527 0.52102391869 0.59804341783 0.40753298378 0.54753119752 0.61653085368 0.70224450147 0.61121723843 1.44200374430 -247.2412836662 0.00398053255   -2 
  87 0.00000450368 0.00106565864 -35.112049721 0.12514422544 0.00442702706 0.05631122110 0.46952037103 0.42987945342 0.42105853171 0.46826179441 0.38101732060 0.39218737392 0.43131868595 0.45321783886 0.47699438153 0.47974077852 0.49375714194 0.49774217651 0.51939643656 0.46065412223 0.33266471937 0.34891614603 0.52155021367 0.45260411066 0.37257733556 0.37017201796 0.23348138604 0.41589399775 0.40100347012 0.42766461999 0.37155750135 0.36742172746 0.36173401535 0.45892956323 0.45417827727 0.63796710146 0.52101182047 0.59802447940 0.40752019561 0.54751806340 0.61651515871 0.70223902008 0.61120078358 1.44180379811 -247.2412650030 0.00188351040   -2 
  88 0.00000450369 0.00106561146 -35.136531949 0.12511208634 0.00442707854 0.05631159908 0.46958943878 0.42987946277 0.42111749811 0.46828363796 0.38096760242 0.39217226988 0.43128027913 0.45318089496 0.47695453643 0.47970655928 0.49372743143 0.49771130330 0.51936681846 0.46064623738 0.33265899468 0.34890563602 0.52160610312 0.45259336233 0.37256225764 0.37013194172 0.23344098999 0.41585831668 0.40096260064 0.42762030058 0.37151370758 0.36737641664 0.36169468536 0.45887728601 0.45412238410 0.63783971812 0.52095206020 0.59794793041 0.40746090307 0.54745026633 0.61644256470 0.70218613133 0.61112519162 1.44113011747 -247.2412110958 0.00484783892   -2 
  89 0.00000450371 0.00106568845 -35.160056799 0.12507855227 0.00442712948 0.05631196824 0.46964771802 0.42988743617 0.42115971044 0.46830070064 0.38092300856 0.39215886792 0.43124556148 0.45314720300 0.47691797169 0.47967486686 0.49369971856 0.49768235486 0.51933891528 0.46063834697 0.33265293592 0.34889503379 0.52165742430 0.45258246828 0.37254702628 0.37009355509 0.23340179099 0.41582372956 0.40092312266 0.42757756402 0.37147151061 0.36733268171 0.36165696176 0.45882670070 0.45406783658 0.63771949741 0.52089423845 0.59787481531 0.40740353317 0.54738446204 0.61637259148 0.70213374232 0.61105227732 1.44049958149 -247.2411758554 0.00314718431   -2 
  90 0.00000450377 0.00106587883 -35.267126101 0.12491182749 0.00442736655 0.05631366234 0.46942148861 0.43001123832 0.42092178336 0.46821928655 0.38080944721 0.39210906298 0.43114003768 0.45303563990 0.47679249366 0.47955614658 0.49358791906 0.49756361297 0.51921985695 0.46058278467 0.33260743051 0.34883202372 0.52178897944 0.45251271515 0.37245996501 0.36993116471 0.23322719773 0.41566646400 0.40074834899 0.42739002724 0.37128813149 0.36714124962 0.36149615575 0.45860184425 0.45381624070 0.63726176613 0.52063727077 0.59757152408 0.40715033133 0.54708837866 0.61606734207 0.70186903990 0.61073382714 1.43831380038 -247.2409193174 0.00290033266   -2 
  91 0.00000450382 0.00106614962 -35.350991352 0.12476156712 0.00442756099 0.05631501270 0.46941994932 0.42982303073 0.42063899092 0.46802768543 0.38081272808 0.39205235173 0.43109864053 0.45297919459 0.47672654929 0.47947825667 0.49350072790 0.49747186733 0.51912077919 0.46049772345 0.33254583097 0.34876187656 0.52172395173 0.45242455545 0.37237228824 0.36982164022 0.23310479182 0.41554758840 0.40062271563 0.42725655472 0.37115980183 0.36700657891 0.36138316376 0.45844077127 0.45363159818 0.63701898269 0.52045292071 0.59737270661 0.40697111678 0.54687488060 0.61585225414 0.70164389526 0.61050961881 1.43763185852 -247.2407347651 0.01056917527   -2 
  92 0.00000450385 0.00106609496 -35.400859833 0.12467627323 0.00442767425 0.05631580618 0.46941113773 0.42970793296 0.42047923090 0.46791296068 0.38081397468 0.39201620654 0.43107298547 0.45294463255 0.47668657840 0.47943100088 0.49344759475 0.49741624836 0.51906058353 0.46044473423 0.33250792224 0.34871917889 0.52167709759 0.45237038154 0.37231946904 0.36975769859 0.23303367910 0.41547751911 0.40054909071 0.42717837239 0.37108489581 0.36692800920 0.36131709975 0.45834656855 0.45352365759 0.63688077401 0.52034507903 0.59725703660 0.40686670745 0.54675011719 0.61572652801 0.70151032392 0.61037868168 1.43727285014 -247.2406231345 0.00313682035   -2 
  93 0.00000450403 0.00106638070 -35.707590155 0.12414579796 0.00442837425 0.05632070291 0.46927061969 0.42935854844 0.42033075848 0.46743963916 0.38080220178 0.39172442004 0.43089551885 0.45271501218 0.47643320243 0.47912166764 0.49308339195 0.49704277381 0.51864683909 0.46001156027 0.33221060012 0.34840522407 0.52100144116 0.45195019183 0.37195335322 0.36940878990 0.23265306430 0.41506253266 0.40013154281 0.42673683486 0.37067070771 0.36649427827 0.36094389409 0.45781841621 0.45291992892 0.63629812162 0.51973888797 0.59663965692 0.40629306427 0.54605323716 0.61502395232 0.70067201610 0.60965068762 1.43727106601 -247.2401424813 0.00798725158   -2 
  94 0.00000450405 0.00106652887 -35.735690255 0.12409761335 0.00442843828 0.05632115094 0.46926486996 0.42935076731 0.42033168650 0.46741376957 0.38079559866 0.39169925475 0.43087755528 0.45269307293 0.47640922739 0.47909331969 0.49305036636 0.49700887028 0.51860929248 0.45997170312 0.33218288764 0.34837619558 0.52093681465 0.45191111456 0.37191983807 0.36937811348 0.23262019253 0.41502550655 0.40009464036 0.42669780447 0.37063428927 0.36645621183 0.36091069556 0.45777191980 0.45286714259 0.63624962776 0.51968545350 0.59658546039 0.40624286479 0.54599206318 0.61496193425 0.70059660743 0.60958654098 1.43729131493 -247.2400855270 0.00518021779   -2 
  95 0.00000450418 0.00106667504 -35.958977356 0.12377836469 0.00442891567 0.05632461134 0.46921977965 0.42963645729 0.42052765265 0.46747565363 0.38062018281 0.39151302256 0.43068515830 0.45248514538 0.47618817253 0.47885443725 0.49278296220 0.49673527069 0.51830867183 0.45964980825 0.33195482881 0.34814125647 0.52038324370 0.45159039076 0.37165559978 0.36915727298 0.23239883303 0.41475000234 0.39982695496 0.42641431888 0.37037458917 0.36618660200 0.36066697346 0.45743916791 0.45249751487 0.63594615265 0.51930181089 0.59619787558 0.40589169332 0.54555865097 0.61451437835 0.70002775950 0.60912672440 1.43772693428 -247.2396663002 0.00235241063   -2 
  96 0.00000450420 0.00106681322 -35.988466964 0.12376561996 0.00442896646 0.05632504005 0.46928999554 0.42961417247 0.42051758444 0.46758995596 0.38055641981 0.39153469400 0.43065687425 0.45246367330 0.47616470489 0.47883992758 0.49277288007 0.49672221616 0.51829509857 0.45963238384 0.33193193057 0.34811931579 0.52033970226 0.45156010186 0.37163361107 0.36915018577 0.23240292411 0.41473574143 0.39981708437 0.42640341604 0.37036701883 0.36618008111 0.36065301891 0.45742950761 0.45249410481 0.63596246447 0.51928956076 0.59618475536 0.40588582324 0.54554927988 0.61449751802 0.69999293261 0.60911108131 1.43779520410 -247.2396050762 0.00766647138   -2 
  97 0.00000450422 0.00106677735 -36.031720303 0.12375253623 0.00442903804 0.05632565887 0.46937563208 0.42957429786 0.42049712283 0.46775364917 0.38046170287 0.39156793350 0.43061512141 0.45243231445 0.47613045802 0.47881950186 0.49275953637 0.49670451316 0.51827692672 0.45960891877 0.33189928241 0.34808819608 0.52027929254 0.45151710757 0.37160277256 0.36914164957 0.23241185838 0.41471683845 0.39980486047 0.42638976957 0.37035830990 0.36617313090 0.36063433219 0.45741839365 0.45249308273 0.63599039417 0.51927503827 0.59616880147 0.40588092060 0.54553980503 0.61447659995 0.69994586817 0.60909222614 1.43789048874 -247.2395164451 0.00227048992   -2 
  98 0.00000450425 0.00106692927 -36.095429615 0.12373278942 0.00442914811 0.05632659960 0.46918117004 0.42956453649 0.42046972878 0.46785441047 0.38038421944 0.39165055519 0.43059332781 0.45242483254 0.47611824367 0.47882961398 0.49278501662 0.49672209608 0.51829750225 0.45962013517 0.33187065215 0.34806358384 0.52025619339 0.45148444528 0.37158215952 0.36916075174 0.23246909813 0.41472294400 0.39982350159 0.42640802950 0.37038265615 0.36620286415 0.36063349773 0.45744983696 0.45255261370 0.63610016727 0.51930745886 0.59619916347 0.40592842425 0.54559129027 0.61450569740 0.69993975042 0.60912739150 1.43800143343 -247.2394053698 0.00229351071   -2 
  99 0.00000450428 0.00106685395 -36.143693450 0.12370811467 0.00442924135 0.05632736357 0.46921878588 0.42957940710 0.42046090979 0.46776191093 0.38039139103 0.39169008556 0.43060031916 0.45243613965 0.47612698396 0.47884969981 0.49281558334 0.49674886244 0.51832796081 0.45964724034 0.33186098685 0.34805726767 0.52027476810 0.45147766141 0.37158011838 0.36918883101 0.23253409800 0.41474331713 0.39985418791 0.42643914498 0.37041845071 0.36624424213 0.36064621318 0.45749549479 0.45262540414 0.63620538091 0.51935664850 0.59624572344 0.40599126475 0.54566027795 0.61455518822 0.69996637161 0.60918318004 1.43802893726 -247.2393286800 0.00915845055   -2 
 100 0.00000450434 0.00106704070 -36.239952017 0.12365142255 0.00442943222 0.05632890817 0.46932344972 0.42961907292 0.42045206931 0.46757180982 0.38041621012 0.39176772096 0.43061972864 0.45246317120 0.47614904510 0.47889324666 0.49287961196 0.49680553501 0.51839212210 0.45970476025 0.33184391554 0.34804691779 0.52031743258 0.45146740857 0.37157837138 0.36924715510 0.23266704654 0.41478658723 0.39991808352 0.42650402794 0.37049256678 0.36632968657 0.36067366670 0.45758997610 0.45277478712 0.63641907631 0.51945860005 0.59634243614 0.40612063127 0.54580244783 0.61465820434 0.70002434706 0.60929896584 1.43808133698 -247.2391724518 0.00154227188   -2 
 101 0.00000450437 0.00106707647 -36.289402530 0.12360220127 0.00442954850 0.05632979768 0.46935844554 0.42964293939 0.42048986894 0.46753747834 0.38047035731 0.39176412289 0.43064482806 0.45248440330 0.47617030512 0.47891434179 0.49290444772 0.49683109834 0.51842084088 0.45973615620 0.33184645186 0.34805204341 0.52035630033 0.45147666791 0.37158719101 0.36928015082 0.23274270788 0.41481474020 0.39995568523 0.42654232332 0.37053622783 0.36637969722 0.36069466605 0.45764439581 0.45285713150 0.63651722884 0.51951770112 0.59639730730 0.40619696658 0.54588283820 0.61471898905 0.70006781618 0.60936721160 1.43805776799 -247.2391489829 0.00309386733   -2 
 102 0.00000450438 0.00106703225 -36.303003674 0.12358810722 0.00442958154 0.05633004909 0.46936310921 0.42964827685 0.42050180508 0.46753502563 0.38048687186 0.39175938305 0.43065214990 0.45249011907 0.47617625660 0.47891932944 0.49290982001 0.49683707842 0.51842757206 0.45974424417 0.33184798717 0.34805417909 0.52036763147 0.45148016791 0.37159024146 0.36928904565 0.23276360507 0.41482257408 0.39996596163 0.42655278198 0.37054825561 0.36639348597 0.36070078161 0.45765924761 0.45287943040 0.63654192651 0.51953383917 0.59641209983 0.40621817490 0.54590472555 0.61473561317 0.70008025748 0.60938594424 1.43804640449 -247.2391409780 0.00159606924   -2 
 103 0.00000450441 0.00106702764 -36.335536795 0.12354108958 0.00442967584 0.05633073562 0.46935658566 0.42966283054 0.42054932266 0.46759866743 0.38054249345 0.39172134453 0.43067691594 0.45250650916 0.47619506834 0.47892778919 0.49291357439 0.49684549933 0.51843677687 0.45976122695 0.33185999156 0.34806670878 0.52040254795 0.45149840971 0.37160406614 0.36931017440 0.23281609091 0.41484354336 0.39999146390 0.42657872096 0.37057862976 0.36642827691 0.36071935367 0.45769556479 0.45293193231 0.63658410711 0.51957339398 0.59644703641 0.40627273492 0.54595744065 0.61477678598 0.70011631971 0.60943259444 1.43798255132 -247.2391180313 0.00110607724   -2 
 104 0.00000450442 0.00106700409 -36.341038549 0.12353247740 0.00442969389 0.05633086704 0.46935578104 0.42966439620 0.42055667693 0.46761820202 0.38055170663 0.39171128816 0.43068110472 0.45250878359 0.47619803164 0.47892781941 0.49291181877 0.49684503601 0.51843618900 0.45976279411 0.33186333319 0.34806993000 0.52040873956 0.45150284129 0.37160730588 0.36931313911 0.23282472498 0.41484694051 0.39999531513 0.42658261195 0.37058345482 0.36643384831 0.36072289358 0.45770102820 0.45293955763 0.63658645965 0.51957933449 0.59645186392 0.40628184182 0.54596528043 0.61478296957 0.70012263341 0.60943977253 1.43796457610 -247.2391159458 0.00121365030   -2 
 105 0.00000450442 0.00106701184 -36.350081616 0.12351589183 0.00442972822 0.05633111284 0.46935955541 0.42966744902 0.42056841023 0.46766552501 0.38056689563 0.39168934797 0.43068854530 0.45251223159 0.47620307566 0.47892594458 0.49290525413 0.49684142280 0.51843191286 0.45976341176 0.33187135891 0.34807739047 0.52041980111 0.45151279969 0.37161443806 0.36931713264 0.23283875427 0.41485248147 0.40000104553 0.42658835548 0.37059104784 0.36644267890 0.36072959688 0.45770906252 0.45295016603 0.63658215653 0.51958805309 0.59645818046 0.40629691085 0.54597658021 0.61479206931 0.70013373810 0.60945062785 1.43792265309 -247.2391104328 0.00094647855   -2 
 106 0.00000450442 0.00106699324 -36.349859033 0.12351616725 0.00442972946 0.05633112161 0.46936117788 0.42966674599 0.42056622694 0.46766891869 0.38056520980 0.39168756244 0.43068793643 0.45251143332 0.47620244212 0.47892455361 0.49290310265 0.49683958083 0.51842981719 0.45976190682 0.33187235803 0.34807818916 0.52041939812 0.45151368687 0.37161504378 0.36931624773 0.23283793304 0.41485201282 0.40000024056 0.42658750386 0.37059034826 0.36644193410 0.36072972009 0.45770791472 0.45294829135 0.63657705028 0.51958678189 0.59645662225 0.40629614168 0.54597484744 0.61479071720 0.70013333562 0.60944929639 1.43791659839 -247.2391091212 0.00102384758   -2 
 107 0.00000450443 0.00106699479 -36.345398241 0.12351450400 0.00442976104 0.05633133550 0.46940754312 0.42966144303 0.42052878805 0.46774588661 0.38053503074 0.39165186487 0.43067893549 0.45249807192 0.47619255547 0.47889813647 0.49286040711 0.49680333620 0.51838823762 0.45973239538 0.33189482324 0.34809644774 0.52041387105 0.45153440510 0.37162923176 0.36929899716 0.23282268785 0.41484369816 0.39998484928 0.42657120035 0.37057720629 0.36642794322 0.36073357137 0.45768566744 0.45291114015 0.63647163739 0.51956216131 0.59642599220 0.40628234127 0.54594088208 0.61476467462 0.70012752534 0.60942358045 1.43779111913 -247.2390944311 0.00076431328   -2 
 108 0.00000450444 0.00106702416 -36.341746361 0.12350999143 0.00442979748 0.05633158564 0.46934654212 0.42966183547 0.42052590593 0.46776074832 0.38052106301 0.39163064190 0.43067342087 0.45248937070 0.47618575186 0.47887949916 0.49282953987 0.49677620470 0.51835665326 0.45970865363 0.33191461627 0.34811261037 0.52040957241 0.45155226541 0.37164209973 0.36928351181 0.23280906819 0.41483632985 0.39997099897 0.42655653739 0.37056534364 0.36641531451 0.36073750775 0.45766549961 0.45287726049 0.63637721694 0.51953983267 0.59639826965 0.40627015283 0.54590995315 0.61474110933 0.70012264184 0.60940022515 1.43768475187 -247.2390852344 0.00143572966   -2 
 109 0.00000450445 0.00106700682 -36.341145036 0.12350948198 0.00442980449 0.05633163465 0.46933652297 0.42966086646 0.42052566421 0.46776031199 0.38051880026 0.39162711185 0.43067215918 0.45248760308 0.47618425511 0.47887611454 0.49282413207 0.49677135727 0.51835102752 0.45970431700 0.33191802501 0.34811537115 0.52040856147 0.45155523137 0.37164429799 0.36928058780 0.23280652016 0.41483486197 0.39996836143 0.42655374367 0.37056307876 0.36641291233 0.36073815726 0.45766169216 0.45287094482 0.63635996534 0.51953561408 0.59639304549 0.40626783399 0.54590415041 0.61473663430 0.70012153241 0.60939579575 1.43766552157 -247.2390836081 0.00059585199   -2 
 110 0.00000450446 0.00106700666 -36.336837155 0.12350375350 0.00442986744 0.05633207800 0.46935093988 0.42963939834 0.42054061442 0.46767929941 0.38051659277 0.39161741148 0.43066100175 0.45247494550 0.47617121911 0.47885731055 0.49279708099 0.49674434443 0.51831953786 0.45967657421 0.33193765500 0.34813088812 0.52039780955 0.45156978361 0.37165690624 0.36925825279 0.23278694069 0.41482232217 0.39994770345 0.42653187006 0.37054505755 0.36639389328 0.36074169361 0.45763224578 0.45282335288 0.63623928594 0.51950293841 0.59635309288 0.40624939339 0.54585979751 0.61470167416 0.70010966749 0.60936105002 1.43753996703 -247.2390752914 0.00040082858   -2 
 111 0.00000450446 0.00106701254 -36.336745482 0.12350353641 0.00442986943 0.05633209181 0.46935109903 0.42963949284 0.42054032204 0.46767834573 0.38051676790 0.39161764121 0.43066073328 0.45247471092 0.47617090319 0.47885715493 0.49279700993 0.49674414259 0.51831930336 0.45967619793 0.33193778441 0.34813096509 0.52039744003 0.45156973176 0.37165697933 0.36925775621 0.23278647427 0.41482197591 0.39994721530 0.42653135336 0.37054461077 0.36639342347 0.36074169123 0.45763156473 0.45282231245 0.63623716017 0.51950217990 0.59635219959 0.40624892109 0.54585879472 0.61470084937 0.70010923279 0.60936021239 1.43753810617 -247.2390751581 0.00024508958   -2 
 112 0.00000450448 0.00106700896 -36.335733595 0.12350101098 0.00442992187 0.05633246171 0.46933863239 0.42964972891 0.42051483294 0.46767866798 0.38052354527 0.39163137316 0.43065305658 0.45246946304 0.47616223354 0.47885915123 0.49280760728 0.49674895029 0.51832520352 0.45967401610 0.33193169191 0.34812485670 0.52038571272 0.45155809651 0.37165240925 0.36924766125 0.23277645848 0.41481293495 0.39993650660 0.42652002027 0.37053435254 0.36638273543 0.36073914213 0.45761718020 0.45280217708 0.63620974876 0.51948605574 0.59633404661 0.40623781989 0.54583833124 0.61468297063 0.70009559876 0.60934190258 1.43753210136 -247.2390735183 0.00034669305   -2 
 113 0.00000450448 0.00106701422 -36.335629076 0.12350069224 0.00442992793 0.05633250462 0.46933858322 0.42965011721 0.42051308409 0.46767900080 0.38052408134 0.39163261068 0.43065234652 0.45246897241 0.47616140680 0.47885938664 0.49280874595 0.49674952179 0.51832591178 0.45967388531 0.33193090485 0.34812408613 0.52038447570 0.45155672684 0.37165181783 0.36924662323 0.23277539300 0.41481196453 0.39993538447 0.42651883388 0.37053326012 0.36638159623 0.36073881903 0.45761567749 0.45280010791 0.63620725994 0.51948437028 0.59633217358 0.40623662013 0.54583620435 0.61468109775 0.70009409349 0.60933996982 1.43753183007 -247.2390734017 0.00024061349   -2 
 114 0.00000450450 0.00106701054 -36.335087235 0.12349910018 0.00442998521 0.05633291567 0.46934995812 0.42964082027 0.42051017272 0.46768359699 0.38052488921 0.39163878802 0.43064690252 0.45246482705 0.47615484722 0.47886073563 0.49281750420 0.49675426465 0.51833206132 0.45967352561 0.33192208940 0.34811564362 0.52037356017 0.45154293976 0.37164510048 0.36923799947 0.23276617799 0.41480328885 0.39992578192 0.42650869158 0.37052370237 0.36637164315 0.36073517716 0.45760294312 0.45278316776 0.63619128590 0.51947008125 0.59631659354 0.40622591774 0.54581844496 0.61466499339 0.70007985124 0.60932330881 1.43753313548 -247.2390725874 0.00017423752   -2 
 115 0.00000450450 0.00106701665 -36.335024838 0.12349861745 0.00443000282 0.05633303897 0.46934853714 0.42963864150 0.42051388401 0.46768411704 0.38052381544 0.39163814441 0.43064639399 0.45246425260 0.47615403162 0.47886070364 0.49281858029 0.49675497764 0.51833311139 0.45967364791 0.33191955493 0.34811324637 0.52037127673 0.45153940955 0.37164309351 0.36923611369 0.23276389978 0.41480120474 0.39992356868 0.42650636186 0.37052138027 0.36636920876 0.36073403339 0.45760000663 0.45277941460 0.63618927836 0.51946678311 0.59631314032 0.40622318315 0.54581439778 0.61466123383 0.70007623269 0.60931938880 1.43753431331 -247.2390724311 0.00040548750   -2 
 116 0.00000450452 0.00106701339 -36.334950252 0.12349769002 0.00443004808 0.05633335809 0.46934279605 0.42963310789 0.42052399178 0.46768473193 0.38052050541 0.39163553995 0.43064528281 0.45246283255 0.47615215809 0.47886030691 0.49282062539 0.49675639275 0.51833535261 0.45967391265 0.33191307296 0.34810711930 0.52036567210 0.45153052973 0.37163791704 0.36923147105 0.23275820067 0.41479598942 0.39991807468 0.42650058142 0.37051557338 0.36636311876 0.36073105103 0.45759272732 0.45277019171 0.63618495429 0.51945860558 0.59630463232 0.40621629595 0.54580439375 0.61465189695 0.70006708956 0.60930962412 1.43753722060 -247.2390720693 0.00011271532   -2 
 117 0.00000450452 0.00106701589 -36.335012208 0.12349775524 0.00443004471 0.05633333641 0.46934347469 0.42963527112 0.42052215671 0.46768374424 0.38052047036 0.39163480424 0.43064577629 0.45246317889 0.47615278449 0.47885999065 0.49281942219 0.49675568193 0.51833447946 0.45967383658 0.33191385019 0.34810785590 0.52036672944 0.45153182117 0.37163845924 0.36923223718 0.23275894903 0.41479673713 0.39991890877 0.42650146399 0.37051637327 0.36636394350 0.36073129309 0.45759382635 0.45277168256 0.63618652042 0.51945984083 0.59630601126 0.40621714557 0.54580592507 0.61465328343 0.70006823660 0.60931102484 1.43753684077 -247.2390720279 0.00018774769   -2 
 118 0.00000450451 0.00106701341 -36.335160977 0.12349793238 0.00443004128 0.05633331670 0.46934407849 0.42963912266 0.42051904342 0.46768160573 0.38052005326 0.39163293495 0.43064669588 0.45246375972 0.47615393553 0.47885922340 0.49281693190 0.49675421325 0.51833272677 0.45967366427 0.33191497246 0.34810891976 0.52036852510 0.45153385383 0.37163918141 0.36923350147 0.23276009195 0.41479790818 0.39992024702 0.42650288384 0.37051761277 0.36636521451 0.36073155283 0.45759559333 0.45277414358 0.63618956867 0.51946182473 0.59630827435 0.40621840258 0.54580840676 0.61465549330 0.70006995541 0.60931323231 1.43753611385 -247.2390719602 0.00007993262    0 
-- Found new optimum with likelihood -247.239071960219803 and gradient 0.00008

---- Best joint likelihood found -247.239071960219803 with gradient 0.00008

---- Results for /scratch/40841768/tmp9ft1mdbg 
--  Model: C
--        eps_an     theta_bar             a 
-- 0.00000450451 0.00106701341            -1 
--           S_d             b           p_b           S_b 
-- -36.335160977 0.12349793238 0.00443004128 0.05633331670 
--           r 2           r 3           r 4           r 5           r 6           r 7           r 8           r 9          r 10          r 11          r 12          r 13          r 14          r 15          r 16          r 17          r 18          r 19          r 20          r 21          r 22          r 23          r 24          r 25          r 26          r 27          r 28          r 29          r 30          r 31          r 32          r 33          r 34          r 35          r 36          r 37          r 38          r 39 
-- 0.46934407849 0.42963912266 0.42051904342 0.46768160573 0.38052005326 0.39163293495 0.43064669588 0.45246375972 0.47615393553 0.47885922340 0.49281693190 0.49675421325 0.51833272677 0.45967366427 0.33191497246 0.34810891976 0.52036852510 0.45153385383 0.37163918141 0.36923350147 0.23276009195 0.41479790818 0.39992024702 0.42650288384 0.37051761277 0.36636521451 0.36073155283 0.45759559333 0.45277414358 0.63618956867 0.51946182473 0.59630827435 0.40621840258 0.54580840676 0.61465549330 0.70006995541 0.60931323231 1.43753611385 

---- Expected P_neut(i), 0 < i < n (neutral SFS per site) 
E[P_neut(1)] = 0.0010670088
E[P_neut(2)] = 0.0002503972
E[P_neut(3)] = 0.0001528096
E[P_neut(4)] = 0.0001121744
E[P_neut(5)] = 0.0000998041
E[P_neut(6)] = 0.0000676698
E[P_neut(7)] = 0.0000596966
E[P_neut(8)] = 0.0000574380
E[P_neut(9)] = 0.0000536426
E[P_neut(10)] = 0.0000508061
E[P_neut(11)] = 0.0000464498
E[P_neut(12)] = 0.0000438201
E[P_neut(13)] = 0.0000407725
E[P_neut(14)] = 0.0000395047
E[P_neut(15)] = 0.0000326985
E[P_neut(16)] = 0.0000221348
E[P_neut(17)] = 0.0000218492
E[P_neut(18)] = 0.0000308466
E[P_neut(19)] = 0.0000253575
E[P_neut(20)] = 0.0000198272
E[P_neut(21)] = 0.0000187608
E[P_neut(22)] = 0.0000112891
E[P_neut(23)] = 0.0000192433
E[P_neut(24)] = 0.0000177800
E[P_neut(25)] = 0.0000182034
E[P_neut(26)] = 0.0000152058
E[P_neut(27)] = 0.0000144785
E[P_neut(28)] = 0.0000137468
E[P_neut(29)] = 0.0000168367
E[P_neut(30)] = 0.0000161040
E[P_neut(31)] = 0.0000218977
E[P_neut(32)] = 0.0000173212
E[P_neut(33)] = 0.0000192811
E[P_neut(34)] = 0.0000127485
E[P_neut(35)] = 0.0000166399
E[P_neut(36)] = 0.0000182184
E[P_neut(37)] = 0.0000201894
E[P_neut(38)] = 0.0000171101
E[P_neut(39)] = 0.0000393346

---- Expected P_sel(i), 0 < i < n (selected SFS per site) 
E[P_sel(1)] = 0.0008693109
E[P_sel(2)] = 0.0001865355
E[P_sel(3)] = 0.0001081035
E[P_sel(4)] = 0.0000766122
E[P_sel(5)] = 0.0000663897
E[P_sel(6)] = 0.0000440801
E[P_sel(7)] = 0.0000382178
E[P_sel(8)] = 0.0000362332
E[P_sel(9)] = 0.0000334077
E[P_sel(10)] = 0.0000312845
E[P_sel(11)] = 0.0000283133
E[P_sel(12)] = 0.0000264662
E[P_sel(13)] = 0.0000244200
E[P_sel(14)] = 0.0000234791
E[P_sel(15)] = 0.0000192957
E[P_sel(16)] = 0.0000129755
E[P_sel(17)] = 0.0000127288
E[P_sel(18)] = 0.0000178659
E[P_sel(19)] = 0.0000146062
E[P_sel(20)] = 0.0000113614
E[P_sel(21)] = 0.0000106974
E[P_sel(22)] = 0.0000064069
E[P_sel(23)] = 0.0000108723
E[P_sel(24)] = 0.0000100027
E[P_sel(25)] = 0.0000101991
E[P_sel(26)] = 0.0000084861
E[P_sel(27)] = 0.0000080498
E[P_sel(28)] = 0.0000076152
E[P_sel(29)] = 0.0000092943
E[P_sel(30)] = 0.0000088598
E[P_sel(31)] = 0.0000120079
E[P_sel(32)] = 0.0000094683
E[P_sel(33)] = 0.0000105074
E[P_sel(34)] = 0.0000069268
E[P_sel(35)] = 0.0000090151
E[P_sel(36)] = 0.0000098427
E[P_sel(37)] = 0.0000108778
E[P_sel(38)] = 0.0000091945
E[P_sel(39)] = 0.0000210835

---- alpha_dfe = 0.008545

