---- Running command
---- ./polyDFE -d /scratch/38996255/tmphglqtr17 -m C -i /scratch/38996255/tmpav8cx9yg 1 -v 1 
---- Performing inference using model C

---- Performing inference on /scratch/38996255/tmphglqtr17
----      with -i /scratch/38996255/tmpav8cx9yg 1
---- Data /scratch/38996255/tmphglqtr17 does not contain divergence counts. Using option -w.
---- No mutation variability. Using Poisson likelihood.


---- Using provided initial values

-- Starting local optimization
-- Optimizing all parameters
  it        eps_an     theta_bar           S_d             b           r 2           r 3           r 4           r 5           r 6           r 7           r 8           r 9          r 10          r 11          r 12          r 13          r 14          r 15          r 16          r 17          r 18          r 19           ln lk          grad status 
   0    0.01346766  0.0008961823 -245.56979999     0.3789762      1.115224      1.093897      1.181135      1.231855     0.9243195      1.082592     0.8650157       1.20686      1.044504     0.9301775     0.9573576      1.358432      1.004809      0.982138     0.9355796      1.145759      1.008393     0.8705163 -159.1986800443 0.77266882936   -2 
   1 0.01347465139 0.00087911447 -245.03872692 0.37708044891 1.11122808817 1.09643986880 1.17568020108 1.22813829587 0.92662472123 1.08367817858 0.86640575969 1.19990489847 1.04112544583 0.92734028783 0.96047634721 1.35998938067 1.00336162483 0.98304317028 0.93489940698 1.14341013973 1.00627406715 0.86997437230 -158.2746201193 0.72490491301   -2 
   2 0.01350001947 0.00086979631 -241.42571611 0.36382834734 1.10582353232 1.11008029652 1.16026937099 1.21804846269 0.93665117704 1.08940931183 0.87254533938 1.17631119125 1.02989303507 0.91776051679 0.97286250927 1.36706938250 0.99874244166 0.98706276155 0.93294889145 1.13547744584 0.99902211608 0.86838692059 -156.6651965439 0.43409604868   -2 
   3 0.01360783416 0.00087723504 -238.85738772 0.37177543951 1.09723380724 1.16176344841 1.09925248402 1.17479627906 0.98464309654 1.11649553585 0.90288426741 1.06779953198 0.97605883776 0.87124085012 1.03727440286 1.40274801830 0.97553117869 1.00816020134 0.92338394753 1.09561821561 0.96285571490 0.86124559914 -153.2308309238 0.32310997277   -2 
   4 0.01362004222 0.00088338435 -238.46552991 0.37150860922 1.09884314263 1.15902743240 1.09998065926 1.17438801647 0.98648183566 1.11759400262 0.90454718132 1.06236133346 0.97293260681 0.86829200499 1.04168960683 1.40499112765 0.97384138961 1.00979798177 0.92274089610 1.09255646849 0.96005521855 0.86061332683 -153.0671522804 0.33287272872   -2 
   5 0.01372698883 0.00088842100 -237.35745168 0.37705878031 1.10723856886 1.11425116663 1.11710659359 1.17635709944 0.99233700500 1.12057898043 0.91370098321 1.02793202203 0.95104152764 0.84690048652 1.07254588048 1.41880426235 0.96044528111 1.02155775751 0.91745509774 1.06848558063 0.93802379927 0.85504563156 -152.1731498414 0.20785699350   -2 
   6 0.01377971062 0.00088313856 -235.74308405 0.37213034656 1.10251678392 1.10730806093 1.12378343600 1.17925927257 0.98960565616 1.11866546968 0.91417132268 1.02297944540 0.94631163776 0.84148145912 1.07957688591 1.42091453132 0.95624645958 1.02472370660 0.91556540449 1.06095866704 0.93051140039 0.85263086289 -151.9399921015 0.11554656935   -2 
   7 0.01381066854 0.00088101071 -235.61034974 0.37269147996 1.09943456362 1.10808966458 1.12583581878 1.18076098490 0.98685887816 1.11679168199 0.91340947923 1.02290531711 0.94500143831 0.83953282774 1.08152709957 1.42092211015 0.95435520373 1.02588684540 0.91458437582 1.05756831811 0.92685858512 0.85129321786 -151.8912401347 0.19735250571   -2 
   8 0.01399633834 0.00088468767 -234.48460428 0.37453249399 1.08515931167 1.11613091724 1.13757741299 1.19009652074 0.97110557125 1.10617603672 0.90880111103 1.02417942969 0.93834160210 0.82896906786 1.09220662423 1.42077780555 0.94378101763 1.03258266745 0.90902789657 1.03846612943 0.90608552016 0.84354798556 -151.6915051712 0.18964776783   -2 
   9 0.01400776032 0.00088711322 -234.32673312 0.37413351261 1.08652146401 1.11638020491 1.13729436470 1.19011495983 0.97073993974 1.10589959925 0.90856776739 1.02450401940 0.93825589531 0.82867628619 1.09240060542 1.42067199232 0.94340681573 1.03278508351 0.90877725450 1.03770163618 0.90519948916 0.84313523610 -151.6570077419 0.10811869160   -2 
  10 0.01411988783 0.00088616715 -233.98968133 0.37472534250 1.10333387231 1.11419885395 1.12769466130 1.18569125695 0.96885048399 1.10375434787 0.90581525542 1.02791540933 0.93828079404 0.82701611833 1.09147423176 1.41825717722 0.94060533043 1.03330307643 0.90640979122 1.03171503819 0.89801683002 0.83915059388 -151.5357228020 0.06401866519   -2 
  11 0.01420387718 0.00088388558 -233.81562194 0.37453441437 1.10065262256 1.11412213749 1.12453287716 1.18377805354 0.96893056224 1.10339201405 0.90452642423 1.03012236794 0.93876206585 0.82651037645 1.09043770073 1.41689126490 0.93928553704 1.03339413468 0.90509615350 1.02847754934 0.89364420046 0.83646260860 -151.5040700079 0.17746287568   -2 
  12 0.01452556333 0.00088573524 -232.83842245 0.37235969505 1.09091968615 1.11484896887 1.11442725080 1.17756020599 0.96970493859 1.10252296173 0.90005503780 1.03846615340 0.94075746156 0.82482773476 1.08669687564 1.41210755625 0.93457273871 1.03379591380 0.90033463245 1.01668600807 0.87760535342 0.82648272281 -151.3933945705 0.12017792754   -2 
  13 0.01503879061 0.00089378626 -232.78883100 0.37556585895 1.08194381372 1.11360656195 1.10524542843 1.17021796561 0.97023252271 1.10092141846 0.89395081737 1.04863578144 0.94306757934 0.82230105898 1.08096177556 1.40501600513 0.92776902608 1.03380248242 0.89331743073 0.99972579654 0.85446882971 0.81120543431 -151.2638833205 0.12002971448   -2 
  14 0.01514898772 0.00089225781 -232.85770983 0.37628358508 1.08225478186 1.11226288594 1.10506834539 1.16931594965 0.96987395060 1.10031095281 0.89292395731 1.04949958694 0.94312470683 0.82172381795 1.07979003227 1.40358543743 0.92647778734 1.03351436664 0.89193986562 0.99657866395 0.85016888543 0.80797931868 -151.2354913120 0.15272516913   -2 
  15 0.01641870362 0.00089428345 -232.18610767 0.37615486822 1.10179762656 1.09651796922 1.11479069990 1.16525298884 0.96476901797 1.09360200259 0.88399364982 1.05283698448 0.94207960976 0.81565450450 1.06798181956 1.38941131292 0.91362597356 1.02926926509 0.87779733552 0.96524877352 0.80706916766 0.77316501399 -150.9492485227 0.11350148729   -2 
  16 0.01876072474 0.00089133430 -231.82562086 0.37235574949 1.08770438179 1.10255258988 1.13566956418 1.17360760018 0.95733849522 1.08659287631 0.87889500373 1.04165990241 0.93603736273 0.80765370276 1.05525317812 1.37473436491 0.89857812833 1.01927804966 0.85848393090 0.92726480121 0.75094068845 0.71885474605 -150.6124045538 0.21243821685   -2 
  17 0.01862814230 0.00089778527 -232.32291878 0.37456520701 1.08987802094 1.10379763128 1.13188158218 1.17340701898 0.95842739708 1.08776386681 0.88017120437 1.04151479285 0.93622290082 0.80844139266 1.05687641348 1.37668993686 0.90014852747 1.01957303402 0.85992259166 0.93063468862 0.75517159961 0.72159339406 -150.5009629136 0.20305315048   -2 
  18 0.01858610274 0.00089760433 -232.81692394 0.37656487211 1.09038651216 1.10443893282 1.12892850783 1.17315953861 0.95898155830 1.08839230807 0.88103042769 1.04093358361 0.93611220614 0.80883475953 1.05783451970 1.37783657139 0.90103132124 1.01945984298 0.86057789121 0.93245286368 0.75726637451 0.72239919356 -150.4498685628 0.07831870195   -2 
  19 0.01870337039 0.00090055456 -233.68848390 0.37684554600 1.09137749971 1.11080275911 1.11190441780 1.17363272964 0.96257240373 1.09272960212 0.88760764080 1.03429583222 0.93428182144 0.81088032225 1.06385454112 1.38515970790 0.90595878349 1.01672338678 0.86277752683 0.94120855569 0.76516061200 0.71917448815 -150.3479316647 0.16037934274   -2 
  20 0.01875169713 0.00089828971 -234.00962207 0.37695722966 1.09108449619 1.11216442701 1.10707591244 1.17365646340 0.96358230558 1.09398079741 0.88968744844 1.03203382616 0.93360833403 0.81151369166 1.06577252906 1.38746786476 0.90755189758 1.01571944170 0.86346230570 0.94406443981 0.76771264526 0.71785562913 -150.3164657290 0.09081221285   -2 
  21 0.01888985770 0.00089551834 -234.21639639 0.37476683530 1.09048161665 1.11315480823 1.10178649532 1.17405804794 0.96541868105 1.09631565637 0.89388675486 1.02745674926 0.93221299385 0.81286359297 1.06974622494 1.39220090607 0.91092669910 1.01341450153 0.86490265063 0.95007165612 0.77299687004 0.71414547779 -150.2746247127 0.08147030131   -2 
  22 0.01893053277 0.00089758601 -234.30510073 0.37470493442 1.09085210048 1.11225289015 1.10424255523 1.17433078643 0.96545836193 1.09640772932 0.89430205247 1.02701462903 0.93205829713 0.81307950471 1.07025697798 1.39276877239 0.91143926498 1.01297059788 0.86513820499 0.95099410826 0.77380309931 0.71301228977 -150.2555930241 0.13022457593   -2 
  23 0.01917139401 0.00089884958 -235.32299122 0.37669690702 1.09136106924 1.10556221086 1.11951970358 1.17527716577 0.96500886073 1.09618275865 0.89599346715 1.02467635173 0.93108920696 0.81408651559 1.07263570667 1.39528191749 0.91402196312 1.01034287955 0.86628016487 0.95580484808 0.77803179148 0.70627446198 -150.1686234945 0.08225989103   -2 
  24 0.01929310175 0.00089521126 -235.33051825 0.37557241413 1.09121775005 1.10454742993 1.12413718247 1.17558985556 0.96462347620 1.09581497894 0.89627382483 1.02411896887 0.93077631427 0.81442537273 1.07331392912 1.39590603756 0.91492763987 1.00918208736 0.86657038084 0.95761053418 0.77960563108 0.70281137798 -150.1369354317 0.12617409649   -2 
  25 0.01938548776 0.00089512574 -235.20670067 0.37427518781 1.09161934629 1.10465331629 1.12697441609 1.17599120026 0.96443784659 1.09562899410 0.89644967106 1.02390840919 0.93064081263 0.81469021405 1.07378627574 1.39634408999 0.91557119247 1.00838792195 0.86675720178 0.95888217528 0.78070411008 0.70019358133 -150.1158353192 0.05818042444   -2 
  26 0.02037069880 0.00089762547 -236.36459734 0.37607439918 1.09867841855 1.12322534169 1.12752598413 1.18018880653 0.96337558610 1.09403152899 0.89573798741 1.02600525106 0.93085465288 0.81671449932 1.07609966630 1.39791448006 0.92011391884 1.00160750694 0.86691445464 0.96847341322 0.78889287959 0.67258063232 -149.9810465604 0.17650482559   -2 
  27 0.02052885580 0.00089507260 -236.55387833 0.37647583897 1.09894055391 1.12491167237 1.12715869471 1.18070477891 0.96327925938 1.09385063673 0.89560560932 1.02636620062 0.93091154887 0.81698275112 1.07637571982 1.39806961971 0.92071934039 1.00060105764 0.86686333306 0.96973946887 0.78998657434 0.66830439349 -149.9496148718 0.09813627873   -2 
  28 0.02095423720 0.00089183634 -236.02630733 0.37381886191 1.09760222466 1.12262027884 1.12526000244 1.18249802641 0.96435241490 1.09474930694 0.89567871342 1.02807374329 0.93164821775 0.81766003996 1.07698797204 1.39853963154 0.92187098445 0.99863147012 0.86642543063 0.97163739167 0.79167866841 0.65677906274 -149.8753337119 0.08691196788   -2 
  29 0.02131201684 0.00089234226 -235.69077898 0.37266339819 1.09653864102 1.11914815680 1.12375818886 1.18394217101 0.96559597785 1.09587954149 0.89587628797 1.02964735008 0.93241647371 0.81817778305 1.07742878003 1.39891446274 0.92262660041 0.99722129900 0.86593508633 0.97264536013 0.79259935524 0.64720134428 -149.8495563300 0.14962625929   -2 
  30 0.02236420169 0.00089147997 -235.44970262 0.37358513538 1.09284426270 1.10712379711 1.11932040040 1.18724373782 0.96926008901 1.09926581053 0.89644012311 1.03405947091 0.93464165297 0.81942935734 1.07836949889 1.39965515886 0.92429904532 0.99340828954 0.86420826962 0.97444110657 0.79429652090 0.62015800947 -149.7518653767 0.17409390597   -2 
  31 0.02296801257 0.00089603113 -235.29527368 0.37458208246 1.09207131144 1.10182114738 1.11760422477 1.18878364794 0.97129358739 1.10118831322 0.89681888690 1.03642282001 0.93589035139 0.82003415330 1.07879739841 1.39997829093 0.92500600452 0.99140454887 0.86310525865 0.97493204137 0.79474643126 0.60532754702 -149.6969552259 0.11408331345   -2 
  32 0.02336464702 0.00089709153 -235.35991455 0.37669882998 1.09222229389 1.10051603517 1.11718084187 1.18866000558 0.97212679828 1.10200570262 0.89692886008 1.03746919308 0.93648048927 0.82013450330 1.07872268777 1.39974492907 0.92497316443 0.99010818031 0.86205091035 0.97433746881 0.79415174937 0.59536123117 -149.6632893937 0.09797274686   -2 
  33 0.02373809275 0.00090048177 -234.99484577 0.37778451606 1.09409681417 1.10336308537 1.11834073161 1.18736752952 0.97233566919 1.10229040813 0.89696003546 1.03781980437 0.93678281502 0.81986245041 1.07824664232 1.39902929214 0.92427069764 0.98894995934 0.86059250914 0.97244637692 0.79224876211 0.58533331678 -149.6280823510 0.15272223705   -2 
  34 0.02489142218 0.00089959128 -233.66426430 0.38099672781 1.09907170930 1.11498375675 1.12273524504 1.18169996408 0.97186249678 1.10211611942 0.89672168019 1.03779114835 0.93714562945 0.81844507204 1.07611323917 1.39597237245 0.92118775094 0.98538128093 0.85550308910 0.96494179050 0.78471485812 0.55502280433 -149.5194774590 0.17865615453   -2 
  35 0.02631656614 0.00089980443 -231.16267053 0.38114276938 1.10457636468 1.12941073208 1.12889903521 1.17567709162 0.97115025264 1.10176860565 0.89655486252 1.03738555106 0.93742798375 0.81657469142 1.07346636737 1.39224529023 0.91709556421 0.98129422503 0.84912750778 0.95491642293 0.77456394740 0.52038425516 -149.4111235681 0.16730431969   -2 
  36 0.02688228845 0.00089540417 -230.00862927 0.38068120427 1.10487482427 1.13306117030 1.13112482019 1.17420962343 0.97078880592 1.10150717625 0.89652508836 1.03698430760 0.93739338408 0.81572861955 1.07237749870 1.39074594631 0.91524388870 0.97974475552 0.84638532834 0.95023792216 0.76975491132 0.50702279350 -149.3582855168 0.13473062578   -2 
  37 0.02730806078 0.00089511019 -228.73302634 0.37912247310 1.10409918873 1.13353197685 1.13298243850 1.17494936578 0.97076516515 1.10150271298 0.89675090334 1.03661799823 0.93734697026 0.81506215740 1.07167199154 1.38982516583 0.91362416586 0.97871735644 0.84401732404 0.94572689516 0.76498147142 0.49645546697 -149.3151448017 0.11609017057   -2 
  38 0.02794139889 0.00089178417 -226.95595011 0.37904612823 1.09968200596 1.12791499437 1.13489794587 1.17944385608 0.97093821122 1.10153523138 0.89738867131 1.03569940602 0.93702641303 0.81387558756 1.07069128279 1.38864911449 0.91058582299 0.97730698824 0.83965758708 0.93663989844 0.75513185922 0.47922784760 -149.2459870325 0.19864859067   -2 
  39 0.02893658033 0.00089598209 -224.09323258 0.37945162608 1.09392726691 1.11778271395 1.13766165217 1.18835596101 0.97161720000 1.10190584106 0.89869196396 1.03432789752 0.93654258183 0.81206686866 1.06940045995 1.38719935688 0.90569575027 0.97525974116 0.83256115478 0.92155849331 0.73862924682 0.45267580990 -149.1321746547 0.18091995543   -2 
  40 0.02987203632 0.00089800783 -221.94507290 0.38308421776 1.08960913102 1.10802734814 1.13854724077 1.19654118491 0.97211350258 1.10199689314 0.89980867007 1.03283559444 0.93584541409 0.81027370653 1.06817151511 1.38583414775 0.90089428929 0.97321942721 0.82555143529 0.90668514657 0.72216738800 0.42830465070 -149.0382806043 0.12925982416   -2 
  41 0.03011203681 0.00090186760 -221.30291503 0.38436263353 1.09081613407 1.10713807825 1.13766128466 1.19806359114 0.97224654286 1.10193918744 0.90005375030 1.03241879222 0.93554253785 0.80977710983 1.06789264793 1.38554566295 0.89949565607 0.97253622028 0.82337781968 0.90209343508 0.71678471525 0.42122576692 -149.0035226407 0.12781054243   -2 
  42 0.03039860234 0.00090253995 -220.56663376 0.38712374243 1.09419482975 1.10807980289 1.13433134845 1.19821059722 0.97211021266 1.10142384980 0.90007345962 1.03167362214 0.93482657911 0.80901861869 1.06745035819 1.38505549179 0.89745535811 0.97131986033 0.82008145980 0.89523602227 0.70834182075 0.41114977251 -148.9548783573 0.11922118682   -2 
  43 0.03075897436 0.00090486848 -218.70509121 0.38786616422 1.10180191982 1.11437300182 1.12747237738 1.19562314624 0.97180554097 1.10038974210 0.89979294622 1.03063582924 0.93348761404 0.80793556199 1.06692893850 1.38449666491 0.89438835185 0.96911871268 0.81474141366 0.88417220559 0.69389181723 0.39542757906 -148.8777382687 0.18284809895   -2 
  44 0.03101801785 0.00090144520 -217.30598435 0.38836655145 1.10603852875 1.11949826710 1.12207072393 1.19271237941 0.97141985332 1.09941492519 0.89939610915 1.02980742109 0.93234339671 0.80709407871 1.06650492121 1.38401995692 0.89204427111 0.96728671362 0.81057904853 0.87557291828 0.68245045023 0.38348586904 -148.8206744173 0.09737507734   -2 
  45 0.03112792823 0.00090088122 -216.25727243 0.38692144285 1.10499084409 1.12273806362 1.12084280511 1.19047228430 0.97140061952 1.09907486930 0.89911400026 1.02967269465 0.93177746483 0.80680824898 1.06648763644 1.38403495797 0.89098848485 0.96618394607 0.80833116692 0.87071325527 0.67527119209 0.37653048672 -148.7872993561 0.09352497418   -2 
  46 0.03116504701 0.00089902155 -215.89889995 0.38676063823 1.10239448083 1.12373236306 1.12115644079 1.18903302637 0.97139396309 1.09892369357 0.89888221250 1.02971947667 0.93150079133 0.80673669578 1.06654367918 1.38411481870 0.89059090135 0.96557877502 0.80726492194 0.86828717380 0.67130111742 0.37289425465 -148.7704390063 0.08863751647   -2 
  47 0.03120655591 0.00090138636 -215.25307803 0.38674762397 1.09409437673 1.12475947906 1.12485731871 1.18575955979 0.97168107880 1.09895495641 0.89832040129 1.03033289046 0.93106564501 0.80687399051 1.06700119619 1.38471351723 0.89014826737 0.96419724659 0.80508906899 0.86290421696 0.66139520336 0.36421500686 -148.7309051370 0.08147940978   -2 
  48 0.03120791642 0.00090139867 -215.27679998 0.38765540412 1.09177561520 1.12384166602 1.12644868058 1.18464244746 0.97167485298 1.09889973217 0.89801484372 1.03057121199 0.93091058332 0.80696238278 1.06716188310 1.38489888535 0.89013215950 0.96370312100 0.80444600147 0.86120239336 0.65785100386 0.36118634355 -148.7174695587 0.07512238316   -2 
  49 0.03119720223 0.00090391323 -215.34928607 0.38846905355 1.09119156440 1.12187591409 1.12839234116 1.18381291137 0.97163779207 1.09886593193 0.89764781213 1.03089581072 0.93080202514 0.80712941126 1.06737213299 1.38512450678 0.89030508947 0.96322734248 0.80394447994 0.85970439092 0.65414407671 0.35805366263 -148.7039831908 0.05036995591   -2 
  50 0.03117039865 0.00090353057 -215.55713898 0.38898609022 1.09329929773 1.11798800601 1.12968668503 1.18334800098 0.97125818424 1.09858035860 0.89705152211 1.03111934990 0.93065586447 0.80731857019 1.06748551586 1.38515704757 0.89073428964 0.96276169871 0.80371495972 0.85876498802 0.65051811669 0.35501619459 -148.6917831105 0.07463475581   -2 
  51 0.03114523011 0.00090440032 -215.64359631 0.38865576019 1.09580601552 1.11486193118 1.13056879741 1.18324305104 0.97091631568 1.09834545036 0.89654090324 1.03131440169 0.93056216728 0.80750628267 1.06758559601 1.38517526461 0.89119805517 0.96240858789 0.80363012584 0.85820469152 0.64753017425 0.35250789299 -148.6820133015 0.04386485136   -2 
  52 0.03112900403 0.00090290689 -215.73985150 0.38801699339 1.09696528488 1.11362736954 1.13027515976 1.18344448910 0.97055635520 1.09808188796 0.89615736119 1.03132802120 0.93048578187 0.80760973237 1.06757348006 1.38505819998 0.89159943210 0.96222469169 0.80373459331 0.85826571599 0.64580444406 0.35103572690 -148.6759322458 0.03814918920   -2 
  53 0.03112131387 0.00090300268 -215.80370176 0.38750714648 1.09737629449 1.11365293961 1.12987425898 1.18374758471 0.97037512837 1.09796136534 0.89597730230 1.03132224266 0.93046877637 0.80767443821 1.06756421503 1.38498627120 0.89187102313 0.96217041891 0.80387549237 0.85850719017 0.64499331693 0.35032120111 -148.6734353276 0.03179695594   -2 
  54 0.03109189175 0.00090170047 -216.60910221 0.38657632772 1.09696728002 1.11627524694 1.12665725338 1.18552967245 0.96940929455 1.09729278550 0.89514837967 1.03107679680 0.93038440809 0.80793027360 1.06739146899 1.38444994689 0.89330197940 0.96204816091 0.80487030988 0.86052961997 0.64172500562 0.34732722182 -148.6639816895 0.05321264929   -2 
  55 0.03107529983 0.00090274237 -217.22084408 0.38618878567 1.09673413514 1.11819957985 1.12477332251 1.18671170234 0.96885518919 1.09692427810 0.89466568121 1.03091924121 0.93035772678 0.80810652469 1.06728917874 1.38411728165 0.89428352521 0.96200918333 0.80561125428 0.86203406326 0.63967022530 0.34539693644 -148.6580004008 0.05067734341   -2 
  56 0.03106233877 0.00090311776 -218.04656217 0.38648971721 1.09622134434 1.11976231200 1.12309984078 1.18764766789 0.96829801047 1.09653284286 0.89418646902 1.03069152062 0.93030616519 0.80825554726 1.06714176571 1.38372275895 0.89529396980 0.96197274866 0.80644697448 0.86373410108 0.63762684030 0.34341642821 -148.6516132561 0.02399926654   -2 
  57 0.03106021641 0.00090392992 -218.57932357 0.38662112550 1.09603643182 1.12008440480 1.12266469973 1.18789703838 0.96805211319 1.09635193491 0.89396198045 1.03052615995 0.93027098788 0.80832111927 1.06703652655 1.38347718100 0.89588635596 0.96196182319 0.80701709290 0.86487181017 0.63648798680 0.34222954444 -148.6499971966 0.02527089161   -2 
  58 0.03109993814 0.00090399435 -220.55042583 0.38594380461 1.09567508430 1.11551045197 1.12517554833 1.18579070877 0.96769236356 1.09591984999 0.89355378979 1.02958885960 0.92997042176 0.80824554850 1.06641210133 1.38239499592 0.89761153226 0.96188857035 0.80934798853 0.86943845549 0.63324391678 0.33815260697 -148.6385875471 0.06665588741   -2 
  59 0.03112173523 0.00090498459 -221.43959648 0.38526334618 1.09569819680 1.11345821953 1.12646602042 1.18474296293 0.96756742558 1.09574735094 0.89339358569 1.02914477660 0.92982415090 0.80819485029 1.06611038551 1.38188540067 0.89840107526 0.96185525021 0.81046438398 0.87164688404 0.63174397714 0.33621335018 -148.6335069760 0.02080118143   -2 
  60 0.03114345955 0.00090423675 -221.77230341 0.38451785918 1.09568233811 1.11342408475 1.12647236153 1.18392878862 0.96749514026 1.09559192725 0.89334669803 1.02884140389 0.92962251363 0.80800844369 1.06584635009 1.38154408015 0.89840671500 0.96175942937 0.81079143918 0.87249247712 0.63134393799 0.33539116210 -148.6311796148 0.01465950088   -2 
  61 0.03117935129 0.00090471655 -222.18912880 0.38418755199 1.09598859629 1.11473308984 1.12576866434 1.18303122117 0.96744973338 1.09540053877 0.89335981578 1.02847065319 0.92927894994 0.80762998130 1.06545398981 1.38111756864 0.89794538264 0.96158034866 0.81086613484 0.87310047867 0.63132496412 0.33462871875 -148.6293392172 0.03849219788   -2 
  62 0.03124350532 0.00090447868 -222.98468620 0.38397046304 1.09630991783 1.11689148127 1.12441278612 1.18147499971 0.96733241877 1.09502446110 0.89336221137 1.02780055655 0.92864578142 0.80693303365 1.06473695664 1.38033993434 0.89705324895 0.96124122268 0.81093283618 0.87407339306 0.63135307102 0.33332550213 -148.6262640280 0.01211264724   -2 
  63 0.03131303356 0.00090560190 -223.76522072 0.38408664640 1.09591210028 1.11621288877 1.12392937664 1.18155825995 0.96727040326 1.09477469930 0.89337014158 1.02734632885 0.92804863262 0.80618380753 1.06405036928 1.37966679227 0.89572327907 0.96083314982 0.81058438507 0.87426423107 0.63178250187 0.33215409537 -148.6240132296 0.02133180529   -2 
  64 0.03137882529 0.00090540589 -224.43068220 0.38383832258 1.09526187651 1.11498527723 1.12360120226 1.18181176504 0.96714710417 1.09449522032 0.89331774873 1.02693111808 0.92747564278 0.80545890676 1.06338301004 1.37900409895 0.89437682094 0.96039205370 0.81013856571 0.87423583563 0.63224227953 0.33104829806 -148.6220184358 0.04046380361   -2 
  65 0.03152525670 0.00090616041 -225.80013394 0.38270966952 1.09405871658 1.11227743082 1.12306316889 1.18250522817 0.96687857948 1.09389595813 0.89318630736 1.02605303945 0.92622669597 0.80385940869 1.06191554804 1.37754951370 0.89135469515 0.95938364499 0.80908162388 0.87405556450 0.63329817283 0.32857713378 -148.6175181552 0.01063070722   -2 
  66 0.03160035436 0.00090613331 -226.60694063 0.38197906963 1.09408873413 1.11167409684 1.12285383221 1.18234956176 0.96642909842 1.09331825677 0.89281372860 1.02553570925 0.92551040686 0.80294780466 1.06101861789 1.37657275177 0.88953603505 0.95855453450 0.80815105320 0.87344610146 0.63390065311 0.32698029685 -148.6164713033 0.01595760812   -2 
  67 0.03165315330 0.00090605464 -227.35554241 0.38178697054 1.09436700131 1.11186913367 1.12270478722 1.18183708900 0.96591249602 1.09273041466 0.89233431404 1.02511897587 0.92495537337 0.80224560617 1.06028642217 1.37571863619 0.88808026495 0.95773738034 0.80720974902 0.87264046251 0.63434858770 0.32557475263 -148.6151754228 0.03162633921   -2 
  68 0.03173624995 0.00090702897 -228.56559448 0.38135700212 1.09498483293 1.11252937949 1.12254358116 1.18092652045 0.96506142313 1.09177444538 0.89150681617 1.02446984895 0.92408537671 0.80113481082 1.05911579639 1.37433356158 0.88573821790 0.95635457595 0.80560051645 0.87119419455 0.63505927244 0.32322772653 -148.6130263026 0.01055550466   -2 
  69 0.03177690393 0.00090720148 -229.65923797 0.38062244648 1.09337880169 1.11380265197 1.12228805237 1.17935350744 0.96425405450 1.09089749542 0.89034069810 1.02402226722 0.92359951091 0.80051130378 1.05829311332 1.37312296301 0.88419711595 0.95467984182 0.80352694093 0.86863705450 0.63524985094 0.32054887422 -148.6108924173 0.01392201523   -2 
  70 0.03178060627 0.00090760977 -229.85702160 0.38050175439 1.09320791238 1.11383121393 1.12221061361 1.17909192418 0.96413188547 1.09076015630 0.89011564830 1.02395399215 0.92354683671 0.80044933380 1.05818301801 1.37292699275 0.88401467100 0.95435670705 0.80310808529 0.86805538271 0.63522531912 0.32000966916 -148.6104908009 0.01776826164   -2 
  71 0.03178954929 0.00090871641 -231.19486365 0.38031039907 1.09227951278 1.11281413242 1.12137973186 1.17744577578 0.96337576488 1.08989279427 0.88862601669 1.02349944808 0.92330037978 0.80023038900 1.05760187341 1.37173183763 0.88325150275 0.95226327195 0.80034264609 0.86398710022 0.63481669898 0.31647268354 -148.6080001766 0.01637783158   -2 
  72 0.03178798725 0.00090856837 -231.60310212 0.37961604672 1.09238677120 1.11155849173 1.12078819185 1.17705863914 0.96307842721 1.08953017768 0.88805439464 1.02321841432 0.92320264251 0.80024690362 1.05743003906 1.37126170522 0.88328500232 0.95142411476 0.79916904174 0.86206467742 0.63439870234 0.31485082327 -148.6060674967 0.01312434919   -2 
  73 0.03178743672 0.00090839067 -231.66993645 0.37960128196 1.09240726890 1.11133410836 1.12067433556 1.17704836924 0.96303285842 1.08947359229 0.88798893454 1.02315720838 0.92318114019 0.80025969665 1.05741169669 1.37119773379 0.88334284805 0.95132206408 0.79901568840 0.86178370990 0.63430012303 0.31460757639 -148.6058557207 0.01002752920   -2 
  74 0.03178341530 0.00090889952 -231.92817326 0.37973490065 1.09282439845 1.11038718741 1.12016243002 1.17745708507 0.96288867805 1.08927471076 0.88787418588 1.02279111887 0.92306897019 0.80041565132 1.05741571294 1.37100154791 0.88400524024 0.95103576571 0.79847266265 0.86053727588 0.63359245339 0.31345153264 -148.6049290980 0.00818755430   -2 
  75 0.03178338693 0.00090913838 -232.00148494 0.37957397347 1.09270111415 1.11022528748 1.11991494509 1.17784931703 0.96279731350 1.08915525986 0.88791171753 1.02246988152 0.92295635728 0.80056435755 1.05744835524 1.37090708181 0.88471459944 0.95096109728 0.79822466808 0.85973244931 0.63288813372 0.31258681397 -148.6044137810 0.02142509147   -2 
  76 0.03178489016 0.00090882385 -232.16826385 0.37937034108 1.09222411828 1.10998293804 1.11939897402 1.17859629312 0.96257976036 1.08888490223 0.88800215785 1.02177155163 0.92269786168 0.80086998282 1.05750524089 1.37070039607 0.88624144051 0.95083199877 0.79774497944 0.85808172693 0.63136000550 0.31077268410 -148.6033266933 0.00875987539   -2 
  77 0.03180232504 0.00090924299 -232.29776314 0.37960828174 1.09198128331 1.11082852923 1.11951795709 1.17856492778 0.96238472748 1.08872120476 0.88816472862 1.02124948014 0.92244766500 0.80109479238 1.05752322296 1.37057785962 0.88763285453 0.95088653175 0.79759574343 0.85695158428 0.62980596409 0.30911928563 -148.6023725652 0.00893538610   -2 
  78 0.03185267761 0.00090891514 -232.23889197 0.37938160083 1.09226414821 1.11206711730 1.12016952641 1.17766226913 0.96214848854 1.08862510108 0.88839136646 1.02080693850 0.92213598192 0.80127593122 1.05746810328 1.37047568716 0.88925903256 0.95111537547 0.79771121607 0.85591270390 0.62759661313 0.30688958377 -148.6011718276 0.01041054499   -2 
  79 0.03186580007 0.00090872336 -232.23228103 0.37943685540 1.09236365059 1.11212280175 1.12028207414 1.17748449307 0.96212436717 1.08863339721 0.88842600572 1.02078090871 0.92209601855 0.80129011994 1.05745076529 1.37047057185 0.88948730944 0.95117281594 0.79776555538 0.85579071593 0.62719436562 0.30648590516 -148.6009603406 0.01284372297   -2 
  80 0.03197264173 0.00090907451 -232.09848996 0.37976580757 1.09350886071 1.11197232219 1.12113666709 1.17643394589 0.96212745002 1.08888510708 0.88867909752 1.02090003201 0.92194475475 0.80133388386 1.05734698497 1.37055649109 0.89075714214 0.95165395268 0.79828930958 0.85526674640 0.62447059457 0.30375009934 -148.5994920842 0.01120827040   -2 
  81 0.03215536086 0.00090900726 -231.75127217 0.37990460448 1.09434458661 1.11133012143 1.12205362560 1.17547501812 0.96229364465 1.08940049935 0.88903108795 1.02136722259 0.92185922173 0.80132724485 1.05720128563 1.37077122616 0.89225367753 0.95241268774 0.79916239013 0.85475745183 0.62034015762 0.29957716848 -148.5982276873 0.01453635659   -2 
  82 0.03220807628 0.00090855219 -231.62641664 0.37989960365 1.09386087200 1.11126798482 1.12194005265 1.17572818739 0.96239798772 1.08954329542 0.88908536352 1.02158306995 0.92191309433 0.80129171226 1.05717948824 1.37084319526 0.89236367205 0.95256861832 0.79935959534 0.85473810059 0.61932504982 0.29850452547 -148.5973820819 0.02544876212   -2 
  83 0.03231707499 0.00090864073 -231.31754381 0.37972696137 1.09279822057 1.11133736483 1.12158779352 1.17659749415 0.96267821425 1.08986650076 0.88919271455 1.02209423630 0.92208779980 0.80121269688 1.05716715212 1.37102336262 0.89241458247 0.95286007876 0.79973881683 0.85477449908 0.61733073468 0.29635694082 -148.5957980241 0.01555342797   -2 
  84 0.03232291875 0.00090884690 -231.34758714 0.38010149403 1.09296974454 1.11147271050 1.12132717158 1.17695692549 0.96270746819 1.08982998600 0.88914347002 1.02215189221 0.92215775526 0.80117288862 1.05718239583 1.37101705643 0.89209361028 0.95277499643 0.79967976785 0.85486198142 0.61734729095 0.29627703737 -148.5947985206 0.01494346145   -2 
  85 0.03232555827 0.00090913945 -231.33398152 0.38015885507 1.09309369396 1.11156178613 1.12122117877 1.17715045601 0.96273079844 1.08981769260 0.88912174291 1.02218595192 0.92219963803 0.80115456777 1.05719587201 1.37101899733 0.89191656093 0.95272659897 0.79964556170 0.85491145832 0.61737060545 0.29624578798 -148.5945295479 0.00891924868   -2 
  86 0.03235737013 0.00090873345 -231.02003238 0.38017655820 1.09392243110 1.11226947086 1.11984821290 1.17931997546 0.96293749110 1.08953586423 0.88876259685 1.02254066833 0.92270758876 0.80086815877 1.05732884702 1.37095167733 0.88940356209 0.95196571647 0.79910972951 0.85555635289 0.61779887861 0.29592079921 -148.5928565291 0.00671921439   -2 
  87 0.03239360135 0.00090863953 -230.68166144 0.38039990103 1.09292228624 1.11219493889 1.12048889258 1.18001209096 0.96332870888 1.08956799351 0.88859893100 1.02295740195 0.92324651467 0.80064767230 1.05757405398 1.37104725531 0.88680800600 0.95109317761 0.79855963011 0.85626711874 0.61833635365 0.29554542863 -148.5918370782 0.01573972383   -2 
  88 0.03240229074 0.00090884594 -230.58799006 0.38041148651 1.09277262476 1.11217406863 1.12068578147 1.18011702593 0.96342843101 1.08959226034 0.88857316217 1.02305766991 0.92337257768 0.80060112267 1.05763753141 1.37107930131 0.88620394883 0.95088639941 0.79842901982 0.85643716699 0.61846929017 0.29545203318 -148.5915951908 0.00598359467   -2 
  89 0.03242578757 0.00090879418 -230.31537962 0.38059411291 1.09339781782 1.11168834741 1.12144490497 1.17916324787 0.96362819771 1.08976048399 0.88862988744 1.02321892723 0.92357161941 0.80052407397 1.05779921158 1.37119290351 0.88481299650 0.95031288642 0.79805140819 0.85685137517 0.61887927729 0.29512786290 -148.5910392388 0.00334020266   -2 
  90 0.03242808645 0.00090881402 -230.26225859 0.38055686533 1.09339498596 1.11176495597 1.12142939631 1.17898776856 0.96363829764 1.08980994685 0.88868034504 1.02321151676 0.92355322213 0.80054088643  1.0578174026 1.37122215646 0.88478575664 0.95027870043 0.79800848906 0.85688067862 0.61892772782 0.29506653433 -148.5909846814 0.00649553078   -2 
  91 0.03243282716 0.00090861952 -230.15894026 0.38054115667 1.09332275961 1.11193763159 1.12134284079 1.17859259865 0.96364610985 1.08991497932 0.88879713257 1.02318043505 0.92349491980 0.80058297457 1.05785110066 1.37128323146 0.88477383679 0.95021555048 0.79791492313 0.85693390466 0.61903099876 0.29492523515 -148.5908857489 0.00464559733   -2 
  92 0.03243275848 0.00090880115 -230.16229546 0.38061991933 1.09332652505 1.11195602553 1.12131540553 1.17863427451 0.96364380991 1.08992780922 0.88881968891 1.02317141513 0.92347719449 0.80059920108 1.05785328446 1.37129505142 0.88484493681 0.95023541183 0.79791265365 0.85692575693 0.61903872733 0.29490108494 -148.5908093325 0.00433019564   -2 
  93 0.03243277503 0.00090878737 -230.16291840 0.38066317581 1.09331047319 1.11195511506 1.12129187472 1.17865142265 0.96363867504 1.08993222141 0.88883198227 1.02316308487 0.92346385352 0.80060833022 1.05785272144 1.37129975557 0.88488862393 0.95024626803 0.79790962611 0.85691969055 0.61904379852 0.29488420135 -148.5907862504 0.00249708601   -2 
  94 0.03243544057 0.00090885033 -229.86937143 0.38080857543 1.09294464118 1.11199602728 1.12063173964 1.17924889314 0.96349943579 1.09013953381 0.88930740303 1.02289443623 0.92300424985 0.80095989434 1.05785872967 1.37150496887 0.88648839350 0.95063665281 0.79779280560 0.85670600354 0.61924944875 0.29422580302 -148.5904340896 0.00444606590   -2 
  95 0.03243595565 0.00090873633 -229.83146482 0.38082559620 1.09296519826 1.11198252839 1.12061960713 1.17926216021 0.96348304044 1.09015170003 0.88934806377 1.02286871655 0.92296025170 0.80099680822 1.05785722748 1.37152323849 0.88666478868 0.95067750332 0.79778037690 0.85667970614 0.61927595837 0.29413822498 -148.5903942837 0.00545410012   -2 
  96 0.03243887655 0.00090857077 -229.63023249 0.38080139499 1.09331978847 1.11194773087 1.12080176480 1.17920308701 0.96343658529 1.09019635212 0.88949750211 1.02279116545 0.92281037740 0.80115533239 1.05785822103 1.37160647246 0.88741460393 0.95085145936 0.79773536899 0.85656701754 0.61940272010 0.29372141448 -148.5902257553 0.00460533878   -2 
  97 0.03244210094 0.00090862209 -229.53258258 0.38099689103 1.09354280316 1.11200831346 1.12117831989 1.17904112975 0.96345920343 1.09021377521 0.88953178701 1.02281500081 0.92280870576 0.80123772707 1.05787641033 1.37166317725 0.88778595693 0.95094469101 0.79772507606 0.85651168322 0.61948908447 0.29341816258 -148.5900537867 0.00482333598   -2 
  98 0.03244341721 0.00090870285 -229.49529455 0.38102420431 1.09358604920 1.11204928300 1.12131344827 1.17899500316 0.96347889750 1.09022336259 0.88953548494 1.02283769745 0.92282665570 0.80126022058 1.05788776592 1.37168441580 0.88787658285 0.95097072907 0.79772548078 0.85649913865 0.61951514285 0.29332141284 -148.5900203640 0.00420317845   -2 
  99 0.03245572781 0.00090849345 -229.21737603 0.38110124626 1.09341615269 1.11239264588 1.12225241890 1.17867584092 0.96368747497 1.09028852808 0.88947606602 1.02310433245 0.92309760158 0.80137313972 1.05799835310 1.37183451566 0.88826296343 0.95111211586 0.79774966758 0.85644397720 0.61968318062 0.29262009866 -148.5897826080 0.00305156032   -2 
 100 0.03247228995 0.00090831715 -228.91650901 0.38122449025 1.09332708505 1.11267742391 1.12283427666 1.17858901585 0.96395843046 1.09040670627 0.88940370618 1.02346513731 0.92348673836 0.80147315305 1.05816455497 1.37202846728 0.88849249106 0.95125193148 0.79778766088 0.85641307663 0.61985945553 0.29182265521 -148.5896788279 0.00566913250   -2 
 101 0.03248465126 0.00090842091 -228.71764023 0.38132690453 1.09341927548 1.11280587049 1.12297685104 1.17868376373 0.96414492746 1.09051455748 0.88937392553 1.02371991972 0.92376696868 0.80153383137 1.05829666435 1.37217536614 0.88857121997 0.95134189492 0.79781706058 0.85640507307 0.61997245244 0.29128003770 -148.5895555341 0.01050278681   -2 
 102 0.03253720732 0.00090821664 -227.93657711 0.38191042504 1.09382834328 1.11316638172 1.12320490541 1.17920753176 0.96487754617 1.09096284813 0.88926734290 1.02475085462 0.92491405289 0.80176650213 1.05884884691 1.37277734424 0.88879753749 0.95169664991 0.79793563608 0.85637930459 0.62042452193 0.28904305536 -148.5890564877 0.00661704984   -2 
 103 0.03257164819 0.00090796105 -227.43514759 0.38200045504 1.09410550562 1.11322248176 1.12292491084 1.17978579608 0.96521114486 1.09127617757 0.88933374224 1.02526425956 0.92549478583 0.80189506363 1.05920170890 1.37315322402 0.88878889503 0.95188229240 0.79801147361 0.85638338843 0.62064724527 0.28771014999 -148.5887332239 0.00661347528   -2 
 104 0.03257737132 0.00090783878 -227.36726596 0.38204246623 1.09411794211 1.11321169472 1.12284635116 1.17989265750 0.96523910966 1.09132575678 0.88936563181 1.02531855559 0.92555834091 0.80191258485 1.05925621443 1.37320983308 0.88876637810 0.95190440013 0.79802387266 0.85638632631 0.62067150421 0.28750464093 -148.5886829390 0.00439692599   -2 
 105 0.03260988270 0.00090795972 -227.06990397 0.38228083251 1.09409664308 1.11313967783 1.12227663737 1.18065415402 0.96518470439 1.09163185771 0.88978207060 1.02535654702 0.92561837458 0.80199471012 1.05955070612 1.37351227502 0.88845618711 0.95196009535 0.79810580956 0.85643750093 0.62068880832 0.28648646992 -148.5884355278 0.00331306307   -2 
 106 0.03263110653 0.00090791286 -226.89444447 0.38237551340 1.09402377049 1.11311254624 1.12203093111 1.18103293062 0.96509326263 1.09179783161 0.89009054532 1.02529073844 0.92555455491 0.80203764299 1.05971520616 1.37367769518 0.88820566048 0.95195907726 0.79815946518 0.85647244281 0.62065122288 0.28585886197 -148.5883753396 0.00431944453   -2 
 107 0.03264003719 0.00090795721 -226.82435416 0.38236926647 1.09400698864 1.11313084427 1.12202932480 1.18111218226 0.96504350567 1.09184858949 0.89022778217 1.02522932617 0.92548631863 0.80205212900 1.05976947412 1.37373136766 0.88808441743 0.95194084726 0.79818223720 0.85648663731 0.62061155742 0.28560638905 -148.5883303955 0.00563861967   -2 
 108 0.03266877031 0.00090776227 -226.63223236 0.38239481365 1.09392000937 1.11319344299 1.12217013781 1.18119054507 0.96485773268 1.09195862402 0.89066200909 1.02496933380 0.92519323980 0.80208698941 1.05990676092 1.37386192027 0.88766632605 0.95184558499 0.79825091160 0.85652572330 0.62043959183 0.28481017944 -148.5881939700 0.00492315158   -2 
 109 0.03268761630 0.00090794920 -226.54722670 0.38248520833 1.09399948177 1.11328866350 1.12246530669 1.18104869507 0.96476971967 1.09197512335 0.89090830970 1.02476793884 0.92494795787 0.80210400991 1.05995083032 1.37390325513 0.88738356977 0.95174412621 0.79828861175 0.85654000474 0.62026671746 0.28429225791 -148.5880591961 0.00842720985   -2 
 110 0.03270307069 0.00090792149 -226.49366073 0.38259862092 1.09405020046 1.11334881660 1.12271731981 1.18088413982 0.96470479567 1.09196726546 0.89108846013 1.02459727285 0.92473711798 0.80211384898 1.05997017874 1.37391944534 0.88715147435 0.95164949481 0.79831389414 0.85654507717 0.62010832014 0.28386776705 -148.5879543567 0.00300897994   -2 
 111 0.03272480134 0.00090780496 -226.44571845 0.38252752152 1.09417332949 1.11338911273 1.12309762213 1.18044261457 0.96479072932 1.09183284622 0.89112429443 1.02440829474 0.92444112854 0.80211339660 1.05986716600 1.37382318883 0.88687748368 0.95144099997 0.79829613976 0.85649080421 0.61973120821 0.28326276595 -148.5878260021 0.00320837745   -2 
 112 0.03274876423 0.00090806517 -226.48815410 0.38256767937 1.09420745178 1.11338287127 1.12325472266 1.18007515169 0.96503303172 1.09163514150 0.89095490344 1.02430985608 0.92419217454 0.80210320320 1.05965426173 1.37363348146 0.88665880725 0.95117053038 0.79821156570 0.85636397393 0.61916734531 0.28257556735 -148.5876824108 0.00927361876   -2 
 113 0.03277282162 0.00090808641 -226.54690852 0.38263657851 1.09417615916 1.11334079271 1.12334269996 1.17973237186 0.96526906009 1.09142946743 0.89075969549 1.02421947647 0.92395336122 0.80208741457 1.05942821443 1.37342937061 0.88644808943 0.95089442145 0.79811530631 0.85622497632 0.61858503045 0.28188526412 -148.5875496426 0.00588318184   -2 
 114 0.03278366619 0.00090809066 -226.57003802 0.38246558308 1.09404859847 1.11327447833 1.12313000979 1.17982378804 0.96532352153 1.09137035749 0.89061531123 1.02423852234 0.92392610043 0.80206646747 1.05931175939 1.37332105972 0.88640294508 0.95077371289 0.79803065859 0.85612002369 0.61826770594 0.28156721846 -148.5873488700 0.00859111979   -2 
 115 0.03279048422 0.00090793143 -226.60300833 0.38240352807 1.09393358624 1.11320503312 1.12293792938 1.17991586614 0.96533336625 1.09133372117 0.89051031898 1.02425665161 0.92392281373 0.80204675529 1.05923265294 1.37324417309 0.88638275855 0.95069599123 0.79796636711 0.85604228030 0.61805479851 0.28136388494 -148.5872409252 0.00535654159   -2 
 116 0.03281808414 0.00090826870 -226.87024767 0.38241509985 1.09365852312 1.11291238492 1.12186940935 1.18068483182 0.96518301824 1.09126981449 0.89001142289 1.02442985655 0.92408083512 0.80192459794 1.05890285146 1.37290720755 0.88640404147 0.95038893528 0.79761473227 0.85562727564 0.61706873664 0.28050023235 -148.5868072025 0.00460920097   -2 
 117 0.03282083428 0.00090835456 -226.89769570 0.38238715455 1.09367492884 1.11289654232 1.12181205840 1.18073068907 0.96514829854 1.09126453203 0.88996568950 1.02444369946 0.92410237784 0.80190660188 1.05887200417 1.37287115310 0.88641122580 0.95035690589 0.79757388297 0.85557750310 0.61696381942 0.28041192451 -148.5867770300 0.00444536399   -2 
 118 0.03285356814 0.00090824395 -227.31622226 0.38203766884 1.09411964459 1.11271559921 1.12168915252 1.18071848997 0.96442581633 1.09114625250 0.88944800041 1.02450915321 0.92439046630 0.80159424005 1.05850291533 1.37236494470 0.88653762402 0.94993623636 0.79700089441 0.85486217800 0.61562614796 0.27933255331 -148.5864148460 0.00587414207   -2 
 119 0.03287504682 0.00090832646 -227.64521949 0.38200814979 1.09417918174 1.11270929713 1.12184774802 1.18050400065 0.96400016174 1.09106006973 0.88919407445 1.02449496516 0.92453600438 0.80137964145 1.05829740918 1.37205458710 0.88661750028 0.94966935696 0.79662563057 0.85438732065 0.61476659233 0.27864026703 -148.5861918237 0.01103333750   -2 
 120 0.03289122189 0.00090862383 -227.88311251 0.38194311434 1.09419492401 1.11274322629 1.12201139329 1.18032276002 0.96371476426 1.09100073915 0.88903156964 1.02447492022 0.92463266501 0.80122200690 1.05815712714 1.37183572301 0.88667582851 0.94947572718 0.79634875964 0.85403544874 0.61413274642 0.27812771207 -148.5860274066 0.00459005692   -2 
 121 0.03292033863 0.00090873098 -228.26333386 0.38167304352 1.09361977240 1.11282819667 1.12234780786 1.17977580893 0.96349483206 1.09085321647 0.88894853617 1.02429589390 0.92462007117 0.80095907579 1.05799066739 1.37152190962 0.88671908685 0.94917326422 0.79589525931 0.85345136403 0.61312658634 0.27728752431 -148.5857907179 0.00427362561   -2 
 122 0.03292299234 0.00090867972 -228.29866256 0.38166840804 1.09358395197 1.11280837430 1.12233877037 1.17972060564 0.96350525559 1.09083027636 0.88895880431 1.02426188643 0.92459299105 0.80093763008 1.05798144510 1.37149929699 0.88671139495 0.94915032866 0.79585841420 0.85340375382 0.61305223702 0.27721901540 -148.5857666076 0.00381533590   -2 
 123 0.03296337319 0.00090899009 -228.75800760 0.38150140324 1.09363774225 1.11231205729 1.12176446569 1.17895632496 0.96414098502 1.09041584446 0.88939542690 1.02354808463 0.92385011902 0.80067174598 1.05795496876 1.37128762825 0.88644646765 0.94888871456 0.79537691202 0.85277637783 0.61217628712 0.27629045893 -148.5854515569 0.00268922262   -2 
 124 0.03296946197 0.00090896701 -228.80550685 0.38140229579 1.09360161981 1.11230770741 1.12167502865 1.17896520740 0.96418335297 1.09034511943 0.88943936969 1.02343333203 0.92369925799 0.80064056085 1.05793809606 1.37125338508 0.88635558716 0.94885582315 0.79531611138 0.85269563277 0.61208534283 0.27615655529 -148.5854116117 0.00325995711   -2 
 125 0.03297160395 0.00090891017 -228.82505082 0.38138558665 1.09357673326 1.11231373810 1.12164345305 1.17898796597 0.96418317486 1.09031751457 0.88944754252 1.02339169460 0.92363899969 0.80063060278 1.05792784835 1.37123890878 0.88631255155 0.94884444309 0.79529640770 0.85266907638 0.61206079193 0.27610943609 -148.5853981241 0.00228159844   -2 
 126 0.03298725375 0.00090902149 -228.97092860 0.38135552235 1.09344887395 1.11254092417 1.12150915773 1.17944354800 0.96402108041 1.09012579661 0.88943092228 1.02310421353 0.92313697367 0.80058362552 1.05781605237 1.37112918509 0.88587074591 0.94877297817 0.79518180896 0.85250509144 0.61197916687 0.27576145461 -148.5853102965 0.00148242852   -2 
 127 0.03298670096 0.00090903662 -228.96017475 0.38134238072 1.09351619725 1.11246851201 1.12155659207 1.17938520824 0.96399977607 1.09014778539 0.88940503510 1.02313585146 0.92316965666 0.80058990149 1.05780878367 1.37112854341 0.88586479908 0.94876930153 0.79519076448 0.85251198571 0.61200337229 0.27576661715 -148.5852996159 0.00271028185   -2 
 128 0.03298607726 0.00090898626 -228.95037148 0.38134217396 1.09359257112 1.11236249308 1.12161847599 1.17930143078 0.96396314703 1.09017553059 0.88936396158 1.02317812969 0.92321078887 0.80059791887 1.05779477980 1.37112399651 0.88584823769 0.94876186926 0.79520221350 0.85251987640 0.61203926101 0.27576925986 -148.5852866092 0.00099353498   -2 
 129 0.03298580374 0.00090903999 -228.94675742 0.38137212885 1.09359406804 1.11230667280 1.12169347369 1.17922668027 0.96389903363 1.09021576474 0.88929308250 1.02323889353 0.92325617484 0.80061222256 1.05776524333 1.37111274889 0.88578809205 0.94874733827 0.79521817123 0.85253059622 0.61210846198 0.27575090243 -148.5852762061 0.00123832662   -2 
 130 0.03298575984 0.00090901902 -228.94432087 0.38137846131 1.09356578108 1.11229826937 1.12171266083 1.17920124188 0.96386857055 1.09023063016 0.88925819807 1.02326471398 0.92327380918 0.80061840950 1.05774916783 1.37110482719 0.88575336773 0.94873943413 0.79522502889 0.85253540399 0.61214525932 0.27573823173 -148.5852720086 0.00184190769   -2 
 131 0.03298569132 0.00090903012 -228.92623827 0.38136084692 1.09344824971 1.11230631462 1.12177096852 1.17912666014 0.96375534314 1.09028761996 0.88912227511 1.02336551545 0.92334039109 0.80064373385 1.05768535749 1.37107346416 0.88560811338 0.94870810022 0.79525243197 0.85255555614 0.61229957524 0.27568164379 -148.5852567966 0.00091812011   -2 
 132 0.03298571293 0.00090901723 -228.93125605 0.38137392665 1.09350045152 1.11232784735 1.12170266633 1.17917201744 0.96378840696 1.09026101288 0.88914778269 1.02333619690 0.92331916361 0.80063703331 1.05769224283 1.37107133455 0.88561587564 0.94870959006 0.79524708786 0.85255256220 0.61229691211 0.27567714121 -148.5852515776 0.00164794160   -2 
 133 0.03298574391 0.00090903912 -228.93307375 0.38137460217 1.09354429900 1.11235042939 1.12164799076 1.17921292782 0.96381669449 1.09024003962 0.88916836973 1.02331310149 0.92330219837 0.80063210067 1.05769755185 1.37106969516 0.88561927303 0.94871051471 0.79524334331 0.85255060309 0.61229911045 0.27567113861 -148.5852476824 0.00075535288   -2 
 134 0.03298590937 0.00090900732 -228.93282174 0.38135850142 1.09355539007 1.11238367124 1.12157016475 1.17927833210 0.96385987860 1.09020536074 0.88919616629 1.02327642095 0.92327335176 0.80062454841 1.05770116851 1.37106301294 0.88560838382 0.94870777328 0.79523919354 0.85254781280 0.61232305205 0.27564896842 -148.5852432159 0.00070142262   -2 
 135 0.03298602747 0.00090902342 -228.93306768 0.38135383210 1.09354395846 1.11239392874 1.12155633744 1.17930160656 0.96387627914 1.09019400501 0.88920653709 1.02326306065 0.92326197769 0.80062221690 1.05770195443 1.37106054036 0.88559852642 0.94870574276 0.79523880261 0.85254701438 0.61234104955 0.27563440533 -148.5852415183 0.00124676390   -2 
 136 0.03298677435 0.00090902767 -228.94142222 0.38135892379 1.09344130161 1.11242816412 1.12150185286 1.17941286173 0.96395951999 1.09013136976 0.88925933357 1.02318798713 0.92319683872 0.80060866613 1.05770244373 1.37104360979 0.88553290354 0.94869058526 0.79523762991 0.85254175700 0.61245538528 0.27554291399 -148.5852321330 0.00090898235   -2 
 137 0.03298778363 0.00090908546 -228.94905714 0.38136031160 1.09343344836 1.11238959891 1.12153861126 1.17943276973 0.96400232315 1.09009168106 0.88929335546 1.02312879710 0.92313896723 0.80059689361 1.05769476803 1.37102546280 0.88544670540 0.94866559899 0.79523979089 0.85253343933 0.61260702221 0.27542087183 -148.5852214913 0.00299127200   -2 
 138 0.03298989797 0.00090908545 -228.96834646 0.38137831743 1.09341670800 1.11229102809 1.12161683676 1.17944431880 0.96407318851 1.09001361603 0.88935393056 1.02301131586 0.92302279391 0.80057204471 1.05767498234 1.37098539632 0.88526756366 0.94861152549 0.79524344357 0.85251485591 0.61292118073 0.27516636708 -148.5852002323 0.00163614077   -2 
 139 0.03299108928 0.00090906032 -228.96675331 0.38133240017 1.09344418648 1.11226540518 1.12164830504 1.17938355425 0.96405810049 1.09000700063 0.88935531752 1.02298567967 0.92299022811 0.80056338020 1.05765960136 1.37096878948 0.88518815856 0.94858273882 0.79524326912 0.85250473856 0.61307482589 0.27503166254 -148.5851837287 0.00194502770   -2 
 140 0.03299153475 0.00090902123 -228.96853358 0.38132686886 1.09345050294 1.11226071870 1.12165255986 1.17934947534 0.96404151566 1.09001030087 0.88934889059 1.02298329767 0.92298400318 0.80056075859 1.05765253497 1.37096290613 0.88516253853 0.94857208003 0.79524236951 0.85250078831 0.61312825309 0.27498174515 -148.5851785980 0.00144584995   -2 
 141 0.03299464099 0.00090907007 -228.98842244 0.38133953107 1.09352468454 1.11234617266 1.12163728306 1.17904733543 0.96383378918 1.09011683520 0.88924197581 1.02306064154 0.92301868271 0.80055710152 1.05760154744 1.37094274446 0.88503990367 0.94850852219 0.79523171181 0.85247638595 0.61345653321 0.27463836663 -148.5851454822 0.00097188739   -2 
 142 0.03299655351 0.00090907302 -228.99837140 0.38133615398 1.09335401668 1.11235305950 1.12157535661 1.17903241672 0.96373659189 1.09018530183 0.88915625081 1.02315255410 0.92309083277 0.80056212625 1.05757881819 1.37093990171 0.88504433515 0.94849476351 0.79521745531 0.85245883623 0.61356740527 0.27445714310 -148.5851305841 0.00197205265   -2 
 143 0.03299709422 0.00090910342 -228.99979850 0.38132939013 1.09331761890 1.11235224372 1.12155887481 1.17903749564 0.96371357798 1.09020286469 0.88913266237 1.02317900500 0.92311258104 0.80056371965 1.05757319641 1.37093938054 0.88504962553 0.94849216834 0.79521311699 0.85245368737 0.61359433446 0.27440678307 -148.5851265716 0.00085727525   -2 
 144 0.03299987047 0.00090911143 -229.01363045 0.38133134336 1.09337012962 1.11219190551 1.12145163254 1.17921117280 0.96367893796 1.09020415042 0.88901628807 1.02328828410 0.92322824437 0.80056200751 1.05754675048 1.37091547614 0.88515711292 0.94849678847 0.79517658656 0.85241394687 0.61362731141 0.27416443030 -148.5851078614 0.00083502228   -2 
 145 0.03300074843 0.00090912249 -229.01634856 0.38132635613 1.09338818132 1.11216355871 1.12143296074 1.17925540079 0.96367686009 1.09019837094 0.88898775434 1.02331368849 0.92325815502 0.80056056014 1.05754031752 1.37090766590 0.88519215068 0.94849836903 0.79516544563 0.85240218598 0.61362896078 0.27409355525 -148.5851061353 0.00108002941   -2 
 146 0.03300281106 0.00090908930 -229.02322779 0.38132116086 1.09341216297 1.11214252459 1.12141800997 1.17932471777 0.96368658937 1.09017114697 0.88893854445 1.02335110426 0.92331101932 0.80055450909 1.05752829366 1.37088759582 0.88527287743 0.94850083675 0.79514015216 0.85237632711 0.61361506894 0.27394060355 -148.5851009145 0.00161807860   -2 
 147 0.03300614442 0.00090909880 -229.03127745 0.38130450051 1.09344626654 1.11215083489 1.12142087192 1.17941121257 0.96371262152 1.09012616082 0.88887603616 1.02339749252 0.92338372512 0.80054467212 1.05751354445 1.37085844738 0.88539842748 0.94850470047 0.79510168396 0.85233738765 0.61358298056 0.27370593641 -148.5850932730 0.00158812155   -2 
 148 0.03301135866 0.00090906567 -229.04746229 0.38130708163 1.09345800806 1.11221091230 1.12145586424 1.17948233635 0.96375828245 1.09005830733 0.88880855461 1.02344106056 0.92346826039 0.80052842888 1.05749663702 1.37081798487 0.88557474630 0.94850787022 0.79504634450 0.85228165886 0.61351966141 0.27336650785 -148.5850822522 0.00212074106   -2 
 149 0.03301595354 0.00090909994 -229.05865701 0.38130414868 1.09346422877 1.11228340443 1.12150259860 1.17951549725 0.96379963170 1.09000882851 0.88876861898 1.02346679836 0.92352708099 0.80051555848 1.05748724570 1.37078944258 0.88571494477 0.94850963936 0.79500188062 0.85223664647 0.61345982316 0.27308609781 -148.5850730956 0.00157616597   -2 
 150 0.03302108778 0.00090908577 -229.07079942 0.38131619573 1.09344458540 1.11236243211 1.12156242121 1.17948825596 0.96383671273 1.08997392809 0.88875910982 1.02346814937 0.92355767676 0.80050281259 1.05748460530 1.37076896967 0.88583347308 0.94850754088 0.79496025640 0.85219337095 0.61338732702 0.27281308960 -148.5850631183 0.00186103615   -2 
 151 0.03302833089 0.00090911348 -229.08264855 0.38131890340 1.09342451317 1.11246638037 1.12164817812 1.17942845703 0.96388398908 1.08994017763 0.88876447822 1.02345929377 0.92358414790 0.80048708773 1.05748612775 1.37074860859 0.88597888000 0.94850338914 0.79490662192 0.85213653010 0.61328389225 0.27245093139 -148.5850544679 0.00150006780   -2 
 152 0.03304167976 0.00090905192 -229.06960375 0.38125731005 1.09345572285 1.11240422486 1.12169983639 1.17916783230 0.96387840587 1.09001834500 0.88892544999 1.02334388534 0.92346933697 0.80047624922 1.05752459129 1.37077973139 0.88600855503 0.94847709203 0.79485292394 0.85206572823 0.61309070864 0.27200996733 -148.5850166675 0.00250106227   -2 
 153 0.03304167994 0.00090906673 -229.07607320 0.38130014843 1.09345290152 1.11239130698 1.12168052949 1.17918273206 0.96386893861 1.09002526035 0.88893119603 1.02333938905 0.92345744589 0.80047796184 1.05752518009 1.37078351848 0.88598344193 0.94847538563 0.79485654176 0.85206839007 0.61308951278 0.27202955473 -148.5850000632 0.00255409754   -2 
 154 0.03304196095 0.00090912797 -229.07707392 0.38131651815 1.09345807030 1.11238454421 1.12166810102 1.17919494203 0.96386207947 1.09003479103 0.88894063016 1.02333423058 0.92344510251 0.80047997904 1.05752735047 1.37078889250 0.88596099662 0.94847383325 0.79485923234 0.85206981960 0.61308449045 0.27203900082 -148.5849916591 0.00105010408   -2 
 155 0.03304960520 0.00090915237 -229.05403605 0.38134911424 1.09339215708 1.11222540763 1.12147174979 1.17925940731 0.96374120060 1.09015859013 0.88909726841 1.02321331081 0.92322482665 0.80049750508 1.05755231610 1.37085133298 0.88562286910 0.94843356067 0.79487912713 0.85206408528 0.61295408524 0.27207349412 -148.5849587027 0.00270809616   -2 
 156 0.03305137445 0.00090918850 -229.04557432 0.38134164995 1.09338487312 1.11220147421 1.12143761885 1.17927093304 0.96371722074 1.09018409171 0.88913124692 1.02318697112 0.92317626202 0.80050142429 1.05755753836 1.37086463086 0.88554598698 0.94842379404 0.79488354909 0.85206240735 0.61292254325 0.27208054271 -148.5849509164 0.00129804350   -2 
 157 0.03305373074 0.00090914608 -229.03249199 0.38131966570 1.09337487783 1.11220535769 1.12142766508 1.17925644860 0.96369574911 1.09019438025 0.88916061203 1.02315339308 0.92311825571 0.80050308078 1.05755727734 1.37087053112 0.88544557023 0.94840543107 0.79488676195 0.85205645566 0.61287241648 0.27208629029 -148.5849424587 0.00083143528   -2 
 158 0.03305598740 0.00090912713 -229.02177031 0.38130830518 1.09337690527 1.11223077533 1.12144076580 1.17923174575 0.96368418931 1.09019293313 0.88918042113 1.02312444503 0.92306836525 0.80050343498 1.05755406083 1.37087103588 0.88535093731 0.94838542317 0.79488870992 0.85204886526 0.61281906873 0.27209005574 -148.5849396717 0.00123086237   -2 
 159 0.03306158209 0.00090916207 -229.00772034 0.38134496417 1.09341482161 1.11233988981 1.12153352797 1.17914827420 0.96368602664 1.09015689837 0.88920286585 1.02306521817 0.92296612141 0.80050080668 1.05753706412 1.37085722084 0.88512342873 0.94832921117 0.79488950885 0.85202305663 0.61266839924 0.27209420347 -148.5849251542 0.00059299259   -2 
 160 0.03306218111 0.00090914610 -229.00645469 0.38134763255 1.09341240361 1.11233573008 1.12154550261 1.17914694675 0.96369835959 1.09014560253 0.88919453346 1.02306769648 0.92296874826 0.80049950397 1.05753276114 1.37085113885 0.88510789603 0.94832208475 0.79488680505 0.85201601776 0.61264480525 0.27209237906 -148.5849238603 0.00115361296   -2 
 161 0.03306750180 0.00090914074 -228.98854360 0.38133830031 1.09340917893 1.11229016333 1.12166144646 1.17915916168 0.96383181270 1.09004124158 0.88910684204 1.02310855208 0.92301849055 0.80048826739 1.05749376223 1.37079460228 0.88498821170 0.94825863412 0.79485900835 0.85194767870 0.61242334691 0.27207227544 -148.5849128758 0.00074186055   -2 
 162 0.03307017765 0.00090917163 -228.98614407 0.38136227397 1.09341897702 1.11228104036 1.12166841673 1.17917821576 0.96388567012 1.09000571635 0.88906258309 1.02313764464 0.92305881112 0.80048195728 1.05747674002 1.37076903135 0.88495003538 0.94822780319 0.79483915536 0.85190863892 0.61230189102 0.27205746903 -148.5849084672 0.00061658006   -2 
 163 0.03307302916 0.00090914237 -228.98096752 0.38136143560 1.09342285059 1.11229927008 1.12158658785 1.17920514387 0.96389593310 1.09000843430 0.88902802264 1.02317217787 0.92311376353 0.80047405719 1.05746575050 1.37075122475 0.88494815549 0.94819983982 0.79480896224 0.85186133254 0.61216271664 0.27203375465 -148.5849034228 0.00181136369   -2 
 164 0.03307592732 0.00090915614 -228.97403305 0.38135198307 1.09343299142 1.11232298073 1.12150518973 1.17923411732 0.96390268036 1.09001684724 0.88899633024 1.02320764798 0.92317007498 0.80046655591 1.05745643618 1.37073567328 0.88495065836 0.94817251536 0.79477807908 0.85181324096 0.61202093100 0.27200878382 -148.5848986558 0.00057908500   -2 
 165 0.03307548450 0.00090916177 -228.97784255 0.38136273971 1.09342804807 1.11231502966 1.12153387902 1.17922188575 0.96388664089 1.09002571432 0.88901061274 1.02319717199 0.92315649802 0.80046773491 1.05746133945 1.37074258298 0.88496043601 0.94817880303 0.79478219567 0.85181981911 0.61204204031 0.27200987560 -148.5848972979 0.00067358152   -2 
 166 0.03307531401 0.00090917609 -228.97905662 0.38136414978 1.09342702458 1.11231205652 1.12155027432 1.17921533860 0.96387549480 1.09003316508 0.88901981657 1.02319167332 0.92314966837 0.80046835059 1.05746474274 1.37074718810 0.88496831429 0.94818220387 0.79478360644 0.85182220912 0.61205012756 0.27200923791 -148.5848966431 0.00047802948   -2 
 167 0.03307493880 0.00090916560 -228.98356963 0.38136042697 1.09341199347 1.11229525389 1.12161169726 1.17918047030 0.96380795335 1.09007603649 0.88906611389 1.02316402703 0.92311977336 0.80046923932 1.05748158437 1.37076899893 0.88501786118 0.94819598504 0.79478382401 0.85182533786 0.61206708340 0.27199891407 -148.5848943344 0.00052273366   -2 
 168 0.03307490611 0.00090917082 -228.98385779 0.38135718790 1.09341282410 1.11229469569 1.12161801829 1.17917627748 0.96379705373 1.09008356222 0.88907403212 1.02315979995 0.92311526432 0.80046940374 1.05748463615 1.37077284657 0.88502791853 0.94819847848 0.79478327595 0.85182528962 0.61206841987 0.27199632395 -148.5848939885 0.00036991875   -2 
 169 0.03307497820 0.00090915217 -228.98660223 0.38134832304 1.09342309216 1.11230006885 1.12160631420 1.17916754011 0.96375706668 1.09011075327 0.88910303022 1.02314360445 0.92309992218 0.80046905685 1.05749590153 1.37078632856 0.88507781510 0.94820842982 0.79477633744 0.85182074784 0.61206305380 0.27198022724 -148.5848927493 0.00051038691   -2 
 170 0.03307506972 0.00090915980 -228.98869034 0.38134509732 1.09343260347 1.11230662312 1.12159437172 1.17916653989 0.96373734018 1.09012556161 0.88911905660 1.02313567835 0.92309237951 0.80046898642 1.05750256144 1.37079415283 0.88510958299 0.94821467616 0.79477143051 0.85181726063 0.61205747080 0.27196914800 -148.5848921130 0.00061433861   -2 
 171 0.03307532325 0.00090915916 -228.99536062 0.38134996480 1.09344621350 1.11231905933 1.12156365656 1.17916808381 0.96370433222 1.09015018753 0.88914723793 1.02312178219 0.92307932895 0.80046859351 1.05751455209 1.37080781494 0.88517397538 0.94822672668 0.79476042558 0.85180903250 0.61204298035 0.27194504634 -148.5848908429 0.00037101502   -2 
 172 0.03307550095 0.00090917149 -228.99746732 0.38135051818 1.09344547342 1.11232290896 1.12155495670 1.17917384571 0.96370327195 1.09015280960 0.88915213960 1.02312057895 0.92307804066 0.80046867210 1.05751727062 1.37081064679 0.88519589865 0.94823061317 0.79475604227 0.85180521693 0.61203478579 0.27193461802 -148.5848903828 0.00058662667   -2 
 173 0.03307625938 0.00090917682 -229.00618088 0.38135726302 1.09342823034 1.11232965588 1.12152540425 1.17919678349 0.96371127411 1.09015195622 0.88916144361 1.02311962846 0.92307679595 0.80046851933 1.05752383932 1.37081648247 0.88527154737 0.94824310703 0.79473941877 0.85178994750 0.61200131294 0.27189476731 -148.5848887970 0.00060424839   -2 
 174 0.03307751063 0.00090918730 -229.01427947 0.38134723820 1.09340722391 1.11233219154 1.12149892898 1.17922811489 0.96373590048 1.09014034117 0.88916460498 1.02312321153 0.92307984180 0.80046827001 1.05752948636 1.37082000465 0.88537113781 0.94825804060 0.79471588160 0.85176679912 0.61194979286 0.27183521029 -148.5848867537 0.00091791628   -2 
 175 0.03307835044 0.00090917050 -229.01953104 0.38134229218 1.09339588473 1.11232894157 1.12148726035 1.17924326654 0.96375236478 1.09012961804 0.88916301818 1.02312609168 0.92308243056 0.80046769901 1.05753128297 1.37081994688 0.88542914234 0.94826586073 0.79470119414 0.85175180489 0.61191654726 0.27179708399 -148.5848854282 0.00056356066   -2 
 176 0.03307999392 0.00090916599 -229.02540508 0.38132665876 1.09341332800 1.11231598500 1.12150045223 1.17925102427 0.96378371407 1.09010336733 0.88914795615 1.02313546861 0.92309094474 0.80046622925 1.05752859754 1.37081319121 0.88550379352 0.94827289549 0.79467862560 0.85172631799 0.61185871813 0.27173067215 -148.5848833435 0.00085446124   -2 
 177 0.03308137687 0.00090914740 -229.03155872 0.38132433461 1.09343176041 1.11230392809 1.12151845466 1.17924908023 0.96380612219 1.09008089669 0.88913224763 1.02314315567 0.92309819837 0.80046457401 1.05752421218 1.37080533510 0.88555273087 0.94827590489 0.79466156801 0.85170624993 0.61181268877 0.27167761188 -148.5848817125 0.00089426847   -2 
 178 0.03308432276 0.00090916632 -229.04343324 0.38132488276 1.09348164963 1.11229006118 1.12157019619 1.17923621844 0.96384639928 1.09003875756 0.88909718334 1.02316046334 0.92311460977 0.80046142788 1.05751332322 1.37078797362 0.88563097119 0.94827775462 0.79462970940 0.85166742740 0.61172069529 0.27157041885 -148.5848784389 0.00069867467   -2 
 179 0.03308542375 0.00090916081 -229.04782094 0.38133071629 1.09348761128 1.11229141511 1.12158728801 1.17922710737 0.96385308918 1.09002828692 0.88908482099 1.02316572759 0.92311978360 0.80046011090 1.05750847578 1.37078127981 0.88564366490 0.94827566240 0.79462029931 0.85165527881 0.61169052478 0.27153443853 -148.5848773615 0.00080141598   -2 
 180 0.03308948225 0.00090919488 -229.05829494 0.38133922157 1.09349272329 1.11231872335 1.12164590425 1.17919241339 0.96386137445 1.09000605289 0.88904440290 1.02318388487 0.92313762985 0.80045602069 1.05749092288 1.37075916600 0.88565510560 0.94826297996 0.79459186083 0.85161663549 0.61158949456 0.27141127652 -148.5848738363 0.00099188188   -2 
 181 0.03309603607 0.00090917974 -229.07010076 0.38133934620 1.09346967365 1.11236151688 1.12171084216 1.17913921260 0.96385501206 1.08998482783 0.88898680074 1.02320735705 0.92316123927 0.80044876727 1.05746259629 1.37072482084 0.88563952691 0.94823691160 0.79455070448 0.85155888871 0.61143703236 0.27122203458 -148.5848685676 0.00176076922   -2 
 182 0.03310419749 0.00090920104 -229.07985449 0.38132159895 1.09344670235 1.11241291248 1.12177659990 1.17908322126 0.96384226719 1.08996732321 0.88892194721 1.02323457246 0.92318857934 0.80044015714 1.05742936292 1.37068507972 0.88560819318 0.94820319153 0.79450161116 0.85148915495 0.61125224267  0.2709903326 -148.5848619924 0.00110178783   -2 
 183 0.03311317423 0.00090916979 -229.08841646 0.38130480435 1.09343086186 1.11242533192 1.12177767513 1.17905123201 0.96381236717 1.08996599329 0.88887119542 1.02325125376 0.92320668117 0.80042919791 1.05739696374 1.37064629060 0.88554251774 0.94816148239 0.79445120713 0.85141590838 0.61106242135 0.27074438003 -148.5848550067 0.00179446041   -2 
 184 0.03312814221 0.00090918579 -229.10067138 0.38127456016 1.09342564350 1.11243230473 1.12175495403 1.17901748493 0.96376059273 1.08997320571 0.88879879601 1.02327407521 0.92323197158 0.80041103062 1.05734673564 1.37058613395 0.88542223801 0.94809080768 0.79436904044 0.85129550111 0.61075209650 0.27033766893 -148.5848461478 0.00182879469   -2 
 185 0.03317161961 0.00090928800 -229.15135602 0.38128547400 1.09346165217 1.11235922768 1.12157714279 1.17899219307 0.96360625361 1.09001498674 0.88864338349 1.02330498817 0.92327233641 0.80035354226 1.05721437382 1.37042402822 0.88503302677 0.94787680041 0.79413482005 0.85094837081 0.60987588761 0.26916631095 -148.5848140777 0.00099790953   -2 
 186 0.03315989878 0.00090929670 -229.13754870 0.38129004938 1.09344444841 1.11234677726 1.12160724198 1.17903587922 0.96366650534 1.08999920411 0.88872626506 1.02326712512 0.92323283814 0.80036385487 1.05726048671 1.37047459861 0.88512889715 0.94792745956 0.79419866476 0.85103976559 0.61012535100 0.26947761258 -148.5848086005 0.00170978846   -2 
 187 0.03315207931 0.00090927116 -229.12968155 0.38130113232 1.09342820726 1.11232841083 1.12161826406 1.17906995514 0.96370793158 1.08998725826 0.88878941180 1.02323471850 0.92319965714 0.80036915312 1.05729265554 1.37050885651 0.88518924564 0.94795908133 0.79424124677 0.85110016528 0.61029514383 0.26968496667 -148.5848045300 0.00069527457   -2 
 188 0.03314646817 0.00090928188 -229.12036092 0.38130340694 1.09343362823 1.11229538903 1.12159159108 1.17912051352 0.96374192172 1.08998250102 0.88886937000 1.02318664306 0.92315096795 0.80036854453 1.05732391913 1.37053994185 0.88521391855 0.94797361400 0.79427359304 0.85114321628 0.61043366138 0.26983288416 -148.5848012020 0.00113061000   -2 
 189 0.03314380616 0.00090926529 -229.11632551 0.38130799040 1.09343417802 1.11227692816 1.12157261876 1.17914493818 0.96375654580 1.08998041673 0.88891119052 1.02315993453 0.92312398224 0.80036731818 1.05733923039 1.37055490276 0.88522161644 0.94797863359 0.79428913860 0.85116350445 0.61050219439 0.26990299999 -148.5847995716 0.00043938335   -2 
 190 0.03314142915 0.00090926393 -229.10904732 0.38130493498 1.09343939910 1.11226816740 1.12153947526 1.17916882417 0.96376300013 1.08998454390 0.88896509332 1.02312328792 0.92308601507 0.80036364254 1.05735617008 1.37057178069 0.88520929243 0.94797541267 0.79430519740 0.85118242396 0.61057754298 0.26996557479 -148.5847983054 0.00053071154   -2 
 191 0.03314076032 0.00090925516 -229.10713766 0.38130672891 1.09343880737 1.11226723977 1.12152851752 1.17917368102 0.96376266613 1.08998645792 0.88898203671 1.02311104349 0.92307307679 0.80036206728 1.05736102293 1.37057670005 0.88520161119 0.94797283783 0.79431015997 0.85118789782 0.61060161081 0.26998312112 -148.5847979100 0.00039061230   -2 
 192 0.03313913314 0.00090926371 -229.10025659 0.38131130777 1.09343694696 1.11228010869 1.12150301329 1.17917878658 0.96375400343 1.08999730602 0.88903115131 1.02307513798 0.92303344265 0.80035674562 1.05737415597 1.37059096551 0.88516333621 0.94795918541 0.79432502269 0.85120242622 0.61067428243 0.27002545145 -148.5847968678 0.00038979944   -2 
 193 0.03313893010 0.00090925798 -229.09929308 0.38131328919 1.09343417841 1.11228221875 1.12150144776 1.17917673845 0.96375111683 1.08999916505 0.88903716734 1.02307027151 0.92302753226 0.80035578574 1.05737546820 1.37059260740 0.88515449281 0.94795591216 0.79432740253 0.85120432920 0.61068624942 0.27003056342 -148.5847966408 0.00034515566   -2 
 194 0.03313775666 0.00090925999 -229.08879142 0.38131707438 1.09341558142 1.11230437160 1.12151221448 1.17914985520 0.96372424432 1.09001605753 0.88907104455 1.02304145520 0.92298894517 0.80034925196 1.05738140663 1.37060298659 0.88507422299 0.94792554133 0.79434582349 0.85121690558 0.61077780725 0.27005884101 -148.5847953448 0.00022708384   -2 
 195 0.03313790476 0.00090926595 -229.08868514 0.38131558102 1.09342257950 1.11229357633 1.12151637022 1.17915141497 0.96372728751 1.09001367078 0.88906092381 1.02304863086 0.92299596818 0.80035018431 1.05737868835 1.37060050105 0.88507452884 0.94792603158 0.79434498758 0.85121526915 0.61077528284 0.27005386087 -148.5847950642 0.00051159821   -2 
 196 0.03313838722 0.00090925955 -229.08912915 0.38131615880 1.09344020144 1.11225589470 1.12152925264 1.17915390819 0.96373587038 1.09000500502 0.88902590362 1.02307217872 0.92301875450 0.80035285122 1.05736870769 1.37059140155 0.88507143448 0.94792603411 0.79434259285 0.85120980804 0.61077032839 0.27003709026 -148.5847942057 0.00022826878   -2 
 197 0.03313930199 0.00090926641 -229.08806580 0.38131753441 1.09343308723 1.11223677031 1.12154779882 1.17915302662 0.96374669451 1.08999382628 0.88896594856 1.02311232459 0.92305673413 0.80035683769 1.05735065870 1.37057566096 0.88504920260 0.94791939384 0.79434023216 0.85120132831 0.61077583040 0.27000294695 -148.5847932837 0.00033262201   -2 
 198 0.03313973245 0.00090926369 -229.08759555 0.38131895616 1.09342592867 1.11223445433 1.12155313993 1.17915152813 0.96375019109 1.08998926326 0.88894046843 1.02312903173 0.92307266791 0.80035828133 1.05734269418 1.37056855532 0.88503740805 0.94791553204 0.79433912892 0.85119745869 0.61077962805 0.26998653594 -148.5847930531 0.00035998593   -2 
 199 0.03314037774 0.00090927073 -229.08588013 0.38131792228 1.09341355147 1.11224664681 1.12155482772 1.17914862424 0.96375273770 1.08998502027 0.88890988650 1.02314906983 0.92309205369 0.80035968577 1.05733258746 1.37055940901 0.88501767382 0.94790876068 0.79433758267 0.85119210633 0.61078775599 0.26996120965 -148.5847925490 0.00043694879   -2 
 200 0.03314106153 0.00090926594 -229.08443653 0.38131918923 1.09339977832 1.11226397636 1.12155148707 1.17914415773 0.96375317586 1.08998143931 0.88888261891 1.02316601426 0.92310900953 0.80036038217 1.05732293310 1.37055028458 0.88499575824 0.94790067903 0.79433579016 0.85118641251 0.61079757262 0.26993385270 -148.5847921101 0.00034738910   -2 
 201 0.03314190569 0.00090927520 -229.08175363 0.38131894329 1.09339802459 1.11229351503 1.12153698053 1.17913891463 0.96374879874 1.08998181889 0.88886779248 1.02317378441 0.92311870267 0.80035935729 1.05731582125 1.37054253685 0.88496744185 0.94788945194 0.79433341740 0.85117954134 0.61081311233 0.26989842740 -148.5847913772 0.00068363820   -2 
 202 0.03314303933 0.00090926669 -229.07904979 0.38132309939 1.09339726003 1.11232806624 1.12151403321 1.17913108836 0.96374072605 1.08998312416 0.88885464005 1.02317865605 0.92312692917 0.80035700439 1.05730767080 1.37053294008 0.88492937328 0.94787375971 0.79432999862 0.85116999381 0.61083482301 0.26985025760 -148.5847903569 0.00044936480   -2 
 203 0.03314488245 0.00090927717 -229.07335779 0.38132488441 1.09341324900 1.11235911568 1.12148222402 1.17912419208 0.96372648398 1.08999033039 0.88885674213 1.02317197177 0.92312692484 0.80035154953 1.05730115606 1.37052296117 0.88487109504 0.94784862881 0.79432454058 0.85115389395 0.61087201617 0.26977037723 -148.5847890337 0.00076000824   -2 
 204 0.03314633704 0.00090926598 -229.06970627 0.38132965103 1.09342241724 1.11236788183 1.12146118018 1.17911999433 0.96371527415 1.08999640649 0.88886526698 1.02316170069 0.92312223055 0.80034655887 1.05729786022 1.37051651735 0.88482732153 0.94782903398 0.79432015037 0.85114065336 0.61090130610 0.26970683952 -148.5847878468 0.00070578094   -2 
 205 0.03315041552 0.00090928115 -229.05741330 0.38133200951 1.09344466305 1.11235239273 1.12142930769 1.17911985623 0.96369047377 1.09001696898 0.88891023411 1.02312268056 0.92309772248 0.80033223074 1.05729632102 1.37050572276 0.88471501202 0.94777692696 0.79430840615 0.85110285281 0.61098252726 0.26952710886 -148.5847849109 0.00085570959   -2 
 206 0.03315149083 0.00090926938 -229.05524455 0.38133609452 1.09343718536 1.11233498116 1.12143062719 1.17912173458 0.96368666057 1.09002110654 0.88892612300 1.02310991646 0.92308787442 0.80032827370 1.05729749711 1.37050434196 0.88469024440 0.94776418123 0.79430517580 0.85109242232 0.61100261841 0.26947883999 -148.5847835967 0.00084374522   -2 
 207 0.03315508836 0.00090929243 -229.04639481 0.38133881397 1.09339131226 1.11225507330 1.12147052443 1.17913905079 0.96368663708 1.09003386325 0.88899111257 1.02306378306 0.92304769607 0.80031601752 1.05730749607 1.37050658941 0.88462456536 0.94772608300 0.79429457604 0.85105715099 0.61106566694 0.26931456000 -148.5847795293 0.00040892079   -2 
 208 0.03315529170 0.00090928593 -229.04673086 0.38134094878 1.09338419632 1.11225152732 1.12147800815 1.17913959384 0.96369019048 1.09003119985 0.88899529215 1.02306075261 0.92304296516 0.80031537251 1.05730876340 1.37050767502 0.88462836785 0.94772537753 0.79429326661 0.85105489815 0.61106678400 0.26930327426 -148.5847791536 0.00054536315   -2 
 209 0.03315670539 0.00090930200 -229.04812458 0.38134400024 1.09333676021 1.11224357727 1.12155579938 1.17914656469 0.96373235240 1.09000121533 0.88902751993 1.02304026621 0.92300148916 0.80031226997 1.05732235682 1.37052174834 0.88468962971 0.94772859334 0.79428158492 0.85103878137 0.61106355105 0.26921591841 -148.5847766561 0.00047074306   -2 
 210 0.03315638282 0.00090929027 -229.04788371 0.38134191763 1.09335815184 1.11224901194 1.12153246103 1.17914350392 0.96372300258 1.09000624489 0.88901852968 1.02304566426 0.92301027353 0.80031315276 1.05731929584 1.37051894970 0.88468238720 0.94772938032 0.79428330130 0.85104242122 0.61106131013 0.26923445106 -148.5847761429 0.00043237368   -2 
 211 0.03315626086 0.00090929297 -229.04758971 0.38133914434 1.09337187117 1.11225423577 1.12152250095 1.17914243578 0.96372037383 1.09000734385 0.88901455410 1.02304836132 0.92301323836 0.80031378504 1.05731846409 1.37051862237 0.88468446108 0.94773095919 0.79428346309 0.85104381964 0.61105846321 0.26924051199 -148.5847758366 0.00034734305   -2 
 212 0.03315605797 0.00090928224 -229.04846931 0.38133821065 1.09339634755 1.11226549701 1.12150396711 1.17913945803 0.96371749714 1.09000630579 0.88900644010 1.02305365524 0.92301670587 0.80031513644 1.05731741660 1.37051902029 0.88469823988 0.94773619841 0.79428253296 0.85104594491 0.61104923486 0.26924849543 -148.5847753738 0.00033286689   -2 
 213 0.03315591546 0.00090928609 -229.04927371 0.38133697099 1.09341112939 1.11227574223 1.12149429188 1.17913854677 0.96371751682 1.09000496421 0.88900074363 1.02305823632 0.92301869264 0.80031657602 1.05731745719 1.37052062283 0.88471428080 0.94774164770 0.79428151486 0.85104758353 0.61103999989 0.26925311620 -148.5847750887 0.00038356428   -2 
 214 0.03315561491 0.00090927909 -229.05273168 0.38133953719 1.09342779258 1.11229562084 1.12147923268 1.17913723146 0.96371976122 1.09000049854 0.88898840741 1.02306835318 0.92302174408 0.80032007785 1.05731836793 1.37052543956 0.88475792698 0.94775568705 0.79427862407 0.85105113918 0.61101569863 0.26926155920 -148.5847744637 0.00045952562   -2 
 215 0.03315530441 0.00090928702 -229.05598306 0.38133828392 1.09343552273 1.11231480615 1.12147194017 1.17913857937 0.96372446468 1.08999622637 0.88897637024 1.02307993980 0.92302478099 0.80032451178 1.05732065830 1.37053243568 0.88481115472 0.94777279486 0.79427547550 0.85105528887 0.61098629320 0.26926992168 -148.5847738613 0.00052920848   -2 
 216 0.03315499157 0.00090927595 -229.06023888 0.38133789407 1.09342602135 1.11232578796 1.12147313363 1.17914114142 0.96373056332 1.08999154726 0.88896478016 1.02309202953 0.92302715722 0.80032954578 1.05732408088 1.37054105521 0.88487441691 0.94779293409 0.79427182680 0.85105977658 0.61095061117 0.26927831598 -148.5847730099 0.00056531729   -2 
 217 0.03315469484 0.00090928005 -229.06377188 0.38133264254 1.09341172001 1.11233090017 1.12148290650 1.17914595386 0.96373785408 1.08998803829 0.88895511590 1.02310439772 0.92302942581 0.80033509380 1.05732876652 1.37055114738 0.88494229261 0.94781483320 0.79426826143 0.85106450677 0.61091162894 0.26928652878 -148.5847722799 0.00030088334   -2 
 218 0.03315462390 0.00090927378 -229.06564975 0.38133166671 1.09340190246 1.11231809331 1.12149652358 1.17914844782 0.96374004608 1.08998786593 0.88895492950 1.02310750921 0.92302926217 0.80033721762 1.05733175476 1.37055571997 0.88497134572 0.94782465211 0.79426694992 0.85106636812 0.61089259445 0.26928918176 -148.5847719484 0.00039852878   -2 
 219 0.03315459223 0.00090927864 -229.06688119 0.38132937500 1.09339605502 1.11230301411 1.12151192320 1.17915122977 0.96374157816 1.08998879693 0.88895692418 1.02310924609 0.92302879156 0.80033898273 1.05733488757 1.37055991095 0.88499559275 0.94783309304 0.79426598388 0.85106798524 0.61087548141 0.26929103326 -148.5847716631 0.00020008974   -2 
 220 0.03315464119 0.00090927733 -229.06809232 0.38133104926 1.09339790305 1.11228678594 1.12152395578 1.17915179101 0.96374035793 1.08999062918 0.88896234537 1.02310706981 0.92302720388 0.80033939394 1.05733732372 1.37056186071 0.88500694438 0.94783739881 0.79426552056 0.85106887599 0.61086365831 0.26929110078 -148.5847714926 0.00024053091   -2 
 221 0.03315469261 0.00090928139 -229.06846785 0.38133105978 1.09340135370 1.11227819752 1.12153079440 1.17915202660 0.96373929770 1.08999222680 0.88896666569 1.02310488107 0.92302605799 0.80033945129 1.05733881018 1.37056281850 0.88501182500 0.94783939076 0.79426535032 0.85106935977 0.61085683108 0.26929077501 -148.5847714047 0.00014201109   -2 
 222 0.03315489589 0.00090927758 -229.06885106 0.38133149484 1.09341139265 1.11226713668 1.12153851458 1.17915029491 0.96373397074 1.08999590586 0.88897914297 1.02309642543 0.92302237382 0.80033839875 1.05734138246 1.37056287149 0.88501284510 0.94784095840 0.79426508667 0.85107008890 0.61084364360 0.26928846809 -148.5847712587 0.00023313100   -2 
 223 0.03315505967 0.00090927974 -229.06875552 0.38133052642 1.09341830319 1.11226264610 1.12154279376 1.17914931876 0.96373020576 1.08999875794 0.88898846879 1.02309016987 0.92301973161 0.80033758374 1.05734322544 1.37056279452 0.88501213816 0.94784160440 0.79426494001 0.85107061769 0.61083433398 0.26928652106 -148.5847711672 0.00017269461   -2 
 224 0.03315570210 0.00090927211 -229.06852889 0.38132973644 1.09342580347 1.11226764152 1.12154470198 1.17914546590 0.96371831424 1.09000734474 0.88901852439 1.02306871206 0.92301091468 0.80033425470 1.05734799164 1.37056082720 0.88500129357 0.94784043476 0.79426438365 0.85107231869 0.61080437497 0.26927834038 -148.5847708906 0.00033617999   -2 
 225 0.03315596527 0.00090927657 -229.06821016 0.38132875621 1.09342714138 1.11227254218 1.12154446640 1.17914479338 0.96371465793 1.09001060566 0.88902943643 1.02306109761 0.92300787794 0.80033308095 1.05734969835 1.37056012713 0.88499627912 0.94783969128 0.79426419078 0.85107293035 0.61079294616 0.26927492176 -148.5847707391 0.00021027172   -2 
 226 0.03315670160 0.00090927873 -229.06841654 0.38133225138 1.09341668169 1.11229181205 1.12153668244 1.17914503049 0.96370929576 1.09001631611 0.88905139320 1.02304541714 0.92300158289 0.80033029886 1.05735264922 1.37055753734 0.88497963237 0.94783639700 0.79426344275 0.85107383644 0.61076452205 0.26926500147 -148.5847704506 0.00016360631   -2 
 227 0.03315667491 0.00090928076 -229.06813429 0.38133109177 1.09341696212 1.11228991727 1.12153643208 1.17914575602 0.96371117584 1.09001521371 0.88904777996 1.02304787808 0.92300259253 0.80033064292 1.05735196767 1.37055762292 0.88497996370 0.94783622532 0.79426343687 0.85107347175 0.61076651293 0.26926524792 -148.5847704019 0.00018612385   -2 
 228 0.03315664968 0.00090927540 -229.06726508 0.38132851436 1.09341314294 1.11227906482 1.12153159202 1.17914945146 0.96372245904 1.09000780832 0.88902659773 1.02306125481 0.92300797566 0.80033217571 1.05734723930 1.37055705511 0.88497821082 0.94783367950 0.79426300519 0.85107088114 0.61077411050 0.26926467068 -148.5847701985 0.00016196519   -2 
 229 0.03315669401 0.00090928149 -229.06698856 0.38132955602 1.09341068262 1.11227427297 1.12152705471 1.17915256097 0.96373252991 1.09000146021 0.88900817258 1.02307320917 0.92301269221 0.80033340313 1.05734312126 1.37055632623 0.88497443425 0.94783049528 0.79426251599 0.85106854054 0.61077929068 0.26926291027 -148.5847700643 0.00022955749   -2 
 230 0.03315673149 0.00090928101 -229.06709368 0.38133136727 1.09340889107 1.11227249161 1.12152442133 1.17915360784 0.96373727029 1.08999807843 0.88899868900 1.02307915810 0.92301497817 0.80033391756 1.05734086131 1.37055573052 0.88497190235 0.94782854591 0.79426219834 0.85106724190 0.61078170363 0.26926170149 -148.5847699985 0.00008709832    0 
-- Found new optimum with likelihood -148.584769998521239 and gradient 0.00009

---- Best joint likelihood found -148.584769998521239 with gradient 0.00009

---- Results for /scratch/38996255/tmphglqtr17 
--  Model: C
--        eps_an     theta_bar             a 
-- 0.03315673149 0.00090928101            -1 
--           S_d             b           p_b           S_b 
-- -229.06709368 0.38133136727             0             1 
--           r 2           r 3           r 4           r 5           r 6           r 7           r 8           r 9          r 10          r 11          r 12          r 13          r 14          r 15          r 16          r 17          r 18          r 19 
-- 1.09340889107 1.11227249161 1.12152442133 1.17915360784 0.96373727029 1.08999807843 0.88899868900 1.02307915810 0.92301497817 0.80033391756 1.05734086131 1.37055573052 0.88497190235 0.94782854591 0.79426219834 0.85106724190 0.61078170363 0.26926170149 

---- Expected P_neut(i), 0 < i < n (neutral SFS per site) 
E[P_neut(1)] = 0.0008795595
E[P_neut(2)] = 0.0004816485
E[P_neut(3)] = 0.0003274542
E[P_neut(4)] = 0.0002479887
E[P_neut(5)] = 0.0002092314
E[P_neut(6)] = 0.0001431145
E[P_neut(7)] = 0.0001400717
E[P_neut(8)] = 0.0001003499
E[P_neut(9)] = 0.0001021293
E[P_neut(10)] = 0.0000839280
E[P_neut(11)] = 0.0000673908
E[P_neut(12)] = 0.0000808121
E[P_neut(13)] = 0.0000973792
E[P_neut(14)] = 0.0000604145
E[P_neut(15)] = 0.0000626611
E[P_neut(16)] = 0.0000520945
E[P_neut(17)] = 0.0000551897
E[P_neut(18)] = 0.0000463135
E[P_neut(19)] = 0.0000426076

---- Expected P_sel(i), 0 < i < n (selected SFS per site) 
E[P_sel(1)] = 0.0003196060
E[P_sel(2)] = 0.0001214982
E[P_sel(3)] = 0.0000687323
E[P_sel(4)] = 0.0000463041
E[P_sel(5)] = 0.0000358751
E[P_sel(6)] = 0.0000229597
E[P_sel(7)] = 0.0000212716
E[P_sel(8)] = 0.0000145741
E[P_sel(9)] = 0.0000142879
E[P_sel(10)] = 0.0000113574
E[P_sel(11)] = 0.0000088725
E[P_sel(12)] = 0.0000103719
E[P_sel(13)] = 0.0000122449
E[P_sel(14)] = 0.0000075322
E[P_sel(15)] = 0.0000078283
E[P_sel(16)] = 0.0000066681
E[P_sel(17)] = 0.0000073848
E[P_sel(18)] = 0.0000075147
E[P_sel(19)] = 0.0000123357

---- alpha_dfe = 0.000000

