---- Running command
---- ./polyDFE -d /scratch/38995931/tmpqa7k7ica -m C -i /scratch/38995931/tmpowwlnsf6 1 -v 1 
---- Performing inference using model C

---- Performing inference on /scratch/38995931/tmpqa7k7ica
----      with -i /scratch/38995931/tmpowwlnsf6 1
---- Data /scratch/38995931/tmpqa7k7ica does not contain divergence counts. Using option -w.
---- No mutation variability. Using Poisson likelihood.


---- Using provided initial values

-- Starting local optimization
-- Optimizing all parameters
  it        eps_an     theta_bar           S_d             b           r 2           r 3           r 4           r 5           r 6           r 7           r 8           r 9          r 10          r 11          r 12          r 13          r 14          r 15          r 16          r 17          r 18          r 19           ln lk          grad status 
   0    0.01346766  0.0008961823 -245.56979999     0.3789762      1.115224      1.093897      1.181135      1.231855     0.9243195      1.082592     0.8650157       1.20686      1.044504     0.9301775     0.9573576      1.358432      1.004809      0.982138     0.9355796      1.145759      1.008393     0.8705163 -160.6198575031 1.82835665953   -2 
   1 0.01347103036 0.00091607977 -244.32654310 0.37418198484 1.11743703608 1.09241829958 1.17939802461 1.23461123920 0.92413400633 1.08502102809 0.86651832270 1.21014847150 1.04764237066 0.92874454448 0.95748645651 1.35845683152 1.00622488855 0.98304317282 0.93611378070 1.14527424419 1.00878456941 0.87121205563 -158.1059870048 0.50733945092   -2 
   2 0.01354219446 0.00090511235 -239.36564047 0.36318564763 1.09302586990 1.01922032500 1.10726173800 1.26719361353 0.90547251038 1.12473844381 0.89191762596 1.27188295733 1.11109596959 0.88899651111 0.95324828382 1.34691126969 1.03260584802 0.99816930721 0.94350631988 1.12752460034 1.01284036220 0.88401537290 -153.9518948520 0.51913122229   -2 
   3 0.01356849213 0.00091782461 -240.08174837 0.37562184556 1.09038711669 1.00196565201 1.08299206838 1.27670650951 0.89554688091 1.14269105194 0.90475399155 1.30300224499 1.14532660828 0.86658257359 0.95022715617 1.33950193289 1.04768648230 1.00657861789 0.94789765830 1.11717382297 1.01519060990 0.89190782071 -152.4735570022 0.40620519548   -2 
   4 0.01357221550 0.00092432663 -239.66381259 0.37571930488 1.09174793424 1.00300029261 1.08186009898 1.27709938853 0.89411264106 1.14506770131 0.90678000489 1.30770565451 1.15091786530 0.86261696963 0.94964694739 1.33815089548 1.05043727304 1.00809453633 0.94876627755 1.11529148660 1.01563870800 0.89343338861 -152.2958686878 0.27482774532   -2 
   5 0.01361349318 0.00091006469 -233.24810000 0.37593897546 1.10782678579 1.05346302312 1.09440948976 1.25775747876 0.87436658276 1.16240237606 0.92872940505 1.35759582433 1.21943112619 0.80674549060 0.93894301023 1.31552622226 1.08792277068 1.02779917068 0.96048254188 1.08667022713 1.02069752270 0.91540146770 -150.8567463235 0.12717153246   -2 
   6 0.01361781209 0.00090797544 -232.59550810 0.37818164221 1.10765032158 1.05160739284 1.10052322220 1.25998222373 0.87610642024 1.16232416214 0.92988085787 1.35840021484 1.22189998277 0.80318655514 0.93867261693 1.31513161739 1.09172105145 1.03020227823 0.96217036895 1.08423798979 1.02160357278 0.91851512518 -150.7817717033 0.26058305879   -2 
   7 0.01363033880 0.00091298469 -230.01327546 0.38180630373 1.10863296269 1.04605051477 1.11918943599 1.26798394249 0.88227396313 1.16215767841 0.93310067744 1.36001811049 1.22792888737 0.79397100441 0.93832987394 1.31486061996 1.10261434527 1.03724946797 0.96719290798 1.07772460575 1.02440229782 0.92767325357 -150.5935422031 0.15139454796   -2 
   8 0.01364525627 0.00090634058 -225.73225305 0.38020226273 1.10864622506 1.04061770750 1.13402057208 1.27680376178 0.89018608381 1.16149751809 0.93575440756 1.35950549290 1.23113330534 0.78608127805 0.93867432723 1.31609203178 1.11385927183 1.04490095674 0.97275787229 1.07144516322 1.02770063383 0.93818184945 -150.4335770040 0.08555118770   -2 
   9 0.01365061881 0.00090222585 -223.23252597 0.38228662217 1.11088953720 1.04333201947 1.13210771780 1.28019041386 0.89484506101 1.16182594913 0.93671515932 1.35832126795 1.23021574250 0.78426279913 0.93991648617 1.31880095639 1.11942149828 1.04926049004 0.97608876396 1.06919894465 1.03010875711 0.94502023562 -150.3761261432 0.26350500401   -2 
  10 0.01366977418 0.00090215919 -213.14425101 0.38791445423 1.12204572102 1.05657689995 1.12348201667 1.29356685236 0.91309756120 1.16411638199 0.94067244359 1.35447829425 1.22657236639 0.77845942599 0.94529585333 1.33026626201 1.14085731274 1.06629424471 0.98918719744 1.06134450823 1.03973881366 0.97203303955 -150.1278462640 0.10872128956   -2 
  11 0.01367388380 0.00089918452 -209.87733749 0.39007663588 1.12350238816 1.06024773683 1.12114695030 1.29687568542 0.91815894190 1.16538467373 0.94201764490 1.35396124259 1.22560359686 0.77735054551 0.94730154586 1.33432438787 1.14740457013 1.07170494160 0.99347861984 1.05930755394 1.04296740851 0.98100890073 -150.1021105653 0.10433878114   -2 
  12 0.01367563680 0.00089788272 -203.60616646 0.39255530700 1.12293054139 1.06555404679 1.11970406918 1.30102458501 0.92510251389 1.16926874942 0.94482733853 1.35534448867 1.22496400126 0.77725902324 0.95156828181 1.34240923454 1.15803916340 1.08102488845 1.00121878313 1.05703650660 1.04899821158 0.99720677670 -150.0514471010 0.13254883935   -2 
  13 0.01367340753 0.00089363883 -197.84750052 0.39582491785 1.12087305030 1.06914450702 1.11970928978 1.30380847644 0.93038590219 1.17348499471 0.94759363819 1.35767633579 1.22492317566 0.77802586063 0.95585841803 1.35028673333 1.16749057273 1.08961035196 1.00854290167 1.05552985133 1.05481579339 1.01270046433 -150.0134177554 0.11553596882   -2 
  14 0.01365684506 0.00089426559 -190.10782637 0.40063008701 1.11859489340 1.07056908706 1.12506585863 1.30545740944 0.93379232968 1.18089070935 0.95186059833 1.36429936519 1.22723190502 0.78162193249 0.96232771717 1.36132526101 1.17807770132 1.10016875505 1.01815795077 1.05567352339 1.06289203942 1.03314195003 -149.9404628879 0.20223553072   -2 
  15 0.01363172374 0.00088974387 -181.77101595 0.40760606357 1.11606074123 1.07058317894 1.13234405174 1.30639302357 0.93619369636 1.18954953113 0.95676886274 1.37280040118 1.23062263641 0.78656529104 0.96985620072 1.37385471502 1.18927370151 1.11178050498 1.02899104878 1.05659381728 1.07217805713 1.05650990573 -149.8627819179 0.10785733492   -2 
  16 0.01359023796 0.00088948104 -175.80592049 0.41134399013 1.12105435891 1.06866711113 1.14109395718 1.30665029337 0.93396523388 1.19611468246 0.96059403915 1.38200185876 1.23630246513 0.79275709900 0.97542885222 1.38188242157 1.19376118810 1.11792691872 1.03558974772 1.06021259627 1.07869228072 1.07092705402 -149.7916500250 0.20794557054   -2 
  17 0.01353535020 0.00088355555 -169.34681817 0.41671401001 1.12705750759 1.06607853671 1.15124827660 1.30680444332 0.93045509862 1.20346939847 0.96497088115 1.39313740637 1.24359807016 0.80056012704 0.98182122600 1.39071676786 1.19790413670 1.12434900487 1.04281495196 1.06518996098 1.08612555552 1.08692818595 -149.7154806466 0.07431396651   -2 
  18 0.01344132211 0.00088217896 -164.95331864 0.41912451236 1.13340187011 1.07154022770 1.15690528335 1.31240783367 0.92567103762 1.20784946038 0.96882160769 1.40455585805 1.25498782976 0.81041635836 0.98630651671 1.39435146660 1.19456266193 1.12450011158 1.04512192468 1.07529233612 1.09088173505 1.09192099198 -149.6440852491 0.21724874163   -2 
  19 0.01333395993 0.00087585495 -160.55676133 0.42302358953 1.13897976661 1.07760603659 1.16236615553 1.31874541987 0.92052049137 1.21234423551 0.97298940761 1.41698771880 1.26780329870 0.82153616710 0.99111057327 1.39795082577 1.19035387659 1.12418878871 1.04729358159 1.08697897056 1.09596033245 1.09661059953 -149.5696242712 0.07197814091   -2 
  20 0.01324734755 0.00087778781 -158.79317510 0.42642618318 1.13629030131 1.08237988266 1.16304594809 1.32518635098 0.92146737811 1.21476250249 0.97585880286 1.42305885221 1.27610012172 0.82858967465 0.99369682892 1.39926059745 1.18684464768 1.12257560870 1.04731215275 1.09655654031 1.09856208298 1.09555750364 -149.5240674665 0.09088417135   -2 
  21 0.01321952113 0.00087637549 -158.36016456 0.42725377911 1.13500006835 1.08330225155 1.16281140527 1.32695102432 0.92224664410 1.21532418956 0.97665520748 1.42440995815 1.27835065060 0.83057188363 0.99436389765 1.39950533959 1.18576268356 1.12194173133 1.04715301659 1.09958157979 1.09925103090 1.09475466384 -149.5122609788 0.07786186410   -2 
  22 0.01311657078 0.00087466141 -156.79926254 0.42690428287 1.13154714011 1.08524286281 1.16136143879 1.33281696458 0.92700921033 1.21709399754 0.97938685663 1.42768221255 1.28539092759 0.83697657222 0.99643406906 1.40013246267 1.18221481927 1.11943293567 1.04618204528 1.11066617880 1.10146208512 1.09039344917 -149.4767312218 0.04787170646   -2 
  23 0.01300855691 0.00087274295 -156.17847231 0.42809377569 1.13510357845 1.08285399649 1.15992266283 1.33455174047 0.93347638678 1.21791287435 0.98125512795 1.42738267843 1.28900803542 0.84126154553 0.99770371258 1.40037321757 1.17985285977 1.11696051447 1.04480865513 1.12109579889 1.10332399624 1.08423112308 -149.4522018842 0.12090550701   -2 
  24 0.01296374817 0.00087397966 -155.90394723 0.42815532693 1.13699155777 1.08200664254 1.15963440098 1.33510496273 0.93618174742 1.21828873079 0.98200309897 1.42713908955 1.29028436405 0.84288049787 0.99820959411 1.40052901558 1.17904366159 1.11601841629 1.04427114287 1.12535862105 1.10410471836 1.08164358411 -149.4372495444 0.02756999003   -2 
  25 0.01285268301 0.00087336581 -155.88125383 0.42848825347 1.13870388829 1.08076953259 1.16137828782 1.33255514901 0.94094980576 1.21860156003 0.98273225259 1.42439558853 1.28967140139 0.84432899352 0.99876026759 1.40102447536 1.17885695699 1.11457981301 1.04320796591 1.13399536685 1.10581167203 1.07501858127 -149.4262044837 0.04316773705   -2 
  26 0.01282566113 0.00087387964 -155.87587793 0.42830537070 1.13881914264 1.08074514559 1.16191821498 1.33194118212 0.94185270667 1.21868109451 0.98285180310 1.42373224766 1.28934368439 0.84452155938 0.99886518054 1.40118128669 1.17895087910 1.11433258507 1.04299840603 1.13593489106 1.10623070478 1.07347072993 -149.4237460397 0.03277515716   -2 
  27 0.01272388458 0.00087317840 -156.07855727 0.42769013610 1.13666679593 1.08153425820 1.16387327413 1.32946847308 0.94353274298 1.21873273859 0.98284064825 1.42114107333 1.28707474290 0.84433878627 0.99900358716 1.40178681335 1.17990009654 1.11387064725 1.04240728863 1.14218965554 1.10775359279 1.06800456985 -149.4158850521 0.02904058105   -2 
  28 0.01269863040 0.00087397120 -156.19105917 0.42758419942 1.13625008025 1.08189600813 1.16407713548 1.32918127863 0.94328585843 1.21869122953 0.98270969660 1.42067635217 1.28634037412 0.84402852370 0.99896782678 1.40194173058 1.18030878225 1.11394933047 1.04235776052 1.14328357970 1.10813594737 1.06691242505 -149.4136444479 0.04240392587   -2 
  29 0.01259423490 0.00087477625 -156.85455455 0.42786381512 1.13430606749 1.08310844113 1.16414829368 1.32821870210 0.94121803574 1.21826705636 0.98189220402 1.41888434543 1.28299943713 0.84233241332 0.99866120670 1.40246550550 1.18214904475 1.11448656031 1.04224267238 1.14707056556 1.10967916914 1.06276880890 -149.4051922575 0.03252113039   -2 
  30 0.01239651990 0.00087522401 -158.01485265 0.42593506538 1.13336537759 1.08341524637 1.16223858516 1.32746045992 0.93540477900 1.21693174749 0.97983389924 1.41631661208 1.27673155151 0.83834115793 0.99771515376 1.40304226977 1.18575584183 1.11601314381 1.04229665731 1.15205941401 1.11254170574 1.05630181192 -149.3917197495 0.04124157386   -2 
  31 0.01236961542 0.00087472212 -158.21724404 0.42582223818 1.13339978465 1.08309089290 1.16179639373 1.32735099695 0.93459671574 1.21666837272 0.97951450106 1.41603791590 1.27598655629 0.83777065508 0.99753897119 1.40302351219 1.18617189792 1.11622651674 1.04231498474 1.15247724912 1.11290423871 1.05562037287 -149.3896974287 0.03034675551   -2 
  32 0.01223847564 0.00087573046 -159.29953744 0.42490835462 1.13588240441 1.07940089959 1.15890277280 1.32725150591 0.93097730675 1.21507044312 0.97787303278 1.41557730996 1.27358897237 0.83494391480 0.99643403037 1.40231619675 1.18763970903 1.11738378887 1.04258293241 1.15244724405 1.11451294284 1.05407103209 -149.3803840060 0.02382227128   -2 
  33 0.01218207346 0.00087554742 -159.84834928 0.42455322196 1.13572906742 1.07782607202 1.15773842708 1.32700248936 0.92987047304 1.21424160260 0.97715721258 1.41556479804 1.27312196529 0.83380973666 0.99583758542 1.40166650832 1.18786171626 1.11780630444 1.04272107602 1.15156258886 1.11505754088 1.05423612293 -149.3778026132 0.04841322626   -2 
  34 0.01198778117 0.00087749266 -161.72195389 0.42265641420 1.13454077182 1.07298802234 1.15412243670 1.32609012523 0.92657359424 1.21139403559 0.97475488777 1.41571912833 1.27204396285 0.83002286652 0.99371805220 1.39919537464 1.18829975365 1.11921683222 1.04324018473 1.14783297583 1.11684616063 1.05556206538 -149.3690112008 0.03670526621   -2 
  35 0.01195150874 0.00087687387 -162.14245089 0.42242798917 1.13297669869 1.07337429921 1.15397915609 1.32529485045 0.92657365982 1.21080355207 0.97434258804 1.41548309252 1.27215190561 0.82953621132 0.99322755904 1.39840752910 1.18783416971 1.11921910045 1.04325846554 1.14654344575 1.11696682377 1.05658145788 -149.3639558253 0.06551067098   -2 
  36 0.01181882652 0.00087832011 -163.59751192 0.42077575214 1.12739411492 1.07621326031 1.15422253008 1.32215282752 0.92724884678 1.20878367038 0.97297492332 1.41449694309 1.27290859399 0.82802698243 0.99141761918 1.39534621666 1.18568918531 1.11902931132 1.04329097174 1.14137302904 1.11726518527 1.06109413283 -149.3468252987 0.03117443001   -2 
  37 0.01168064637 0.00087956541 -165.33101453 0.42032743754 1.13109737519 1.07810791909 1.15478218398 1.31793830067 0.92929463975 1.20683850840 0.97177783207 1.41167492295 1.27366635200 0.82758710165 0.98934334039 1.39133844901 1.18132871905 1.11747255130 1.04271720164 1.13461999634 1.11677220935 1.06866582647 -149.3292659516 0.03798111758   -2 
  38 0.01163921920 0.00087838570 -165.78227688 0.41962580804 1.13207369290 1.07790273669 1.15478273265 1.31711650470 0.92986980968 1.20641712654 0.97150198039 1.41068368898 1.27376197282 0.82764947908 0.98875764135 1.39017707265 1.17981984186 1.11682797864 1.04244893172 1.13258322788 1.11650346755 1.07133606855 -149.3243954851 0.05358379159   -2 
  39 0.01159700284 0.00087832850 -166.17504748 0.41848717267 1.13307016736 1.07750165180 1.15481817464 1.31667448140 0.93045375527 1.20615355838 0.97130952839 1.40971149158 1.27383758547 0.82782624830 0.98821891150 1.38909112659 1.17825269794 1.11612783305 1.04215717862 1.13056865161 1.11620188385 1.07425052583 -149.3199348487 0.02300738064   -2 
  40 0.01160454826 0.00087850719 -166.13250710 0.41897152611 1.13212009540 1.07708306160 1.15467977996 1.31741710957 0.93019217534 1.20644302729 0.97146697786 1.40993721491 1.27368744372 0.82797470660 0.98841857994 1.38947906157 1.17851145122 1.11616760794 1.04215783986 1.13111025156 1.11619250389 1.07400269811 -149.3182371070 0.02613508467   -2 
  41 0.01160782544 0.00087909171 -166.09191011 0.41909442939 1.13150473727 1.07671374710 1.15458377835 1.31807473917 0.93001349217 1.20670296131 0.97160624127 1.41007119632 1.27356254886 0.82813902778 0.98856355485 1.38975414041 1.17861473330 1.11614180268 1.04213387994 1.13144296543 1.11615862559 1.07404713023 -149.3172185784 0.01715173561   -2 
  42 0.01160983776 0.00087891814 -166.02105691 0.41908751669 1.13007659733 1.07543890200 1.15414683259 1.31971201561 0.92951436854 1.20734271715 0.97194439512 1.41017967539 1.27310981807 0.82867732749 0.98887578505 1.39033581183 1.17856771275 1.11586214621 1.04195937510 1.13206641309 1.11595391643 1.07477681554 -149.3155175581 0.01684778256   -2 
  43 0.01160940110 0.00087908835 -165.99121366 0.41897766925 1.12993755708 1.07512848616 1.15402350052 1.32013705654 0.92937189853 1.20752701285 0.97204599153 1.41018101552 1.27296033255 0.82886521232 0.98896562184 1.39049792101 1.17850753096 1.11574215926 1.04188926632 1.13223067585 1.11587570913 1.07511034506 -149.3151100818 0.01336091536   -2 
  44 0.01160423461 0.00087859540 -165.94643856 0.41877734643 1.13024438934 1.07427591774 1.15352450410 1.32109621312 0.92887176644 1.20801305126 0.97233109152 1.40999614062 1.27235996109 0.82955859788 0.98922021317 1.39094157620 1.17811334342 1.11518407979 1.04156856804 1.13268179271 1.11553096985 1.07661305527 -149.3140393643 0.01523100406   -2 
  45 0.01159849743 0.00087884335 -165.93586770 0.41873465596 1.13083369963 1.07399456109 1.15326614187 1.32155734403 0.92855400866 1.20832400751 0.97253125007 1.40982654937 1.27192538206 0.83010672507 0.98940275436 1.39124562778 1.17776394331 1.11472109370 1.04130921582 1.13299458987 1.11525293751 1.07792828785 -149.3133008432 0.02190542187   -2 
  46 0.01158675146 0.00087867539 -165.97053795 0.41895016132 1.13180637968 1.07372857540 1.15286295636 1.32207559991 0.92802333548 1.20878133863 0.97284765569 1.40947385498 1.27115416503 0.83108351020 0.98970371587 1.39173480337 1.17709376082 1.11385678362 1.04082605666 1.13352065944 1.11473344326 1.08040439159 -149.3120437608 0.01275121558   -2 
  47 0.01157197377 0.00087908181 -166.00542067 0.41902717008 1.13210543709 1.07443239330 1.15299251455 1.32187240764 0.92781369673 1.20900002144 0.97306895220 1.40919920597 1.27064476333 0.83194522506 0.98994537749 1.39208646703 1.17647249750 1.11306883952 1.04039956151 1.13394776385 1.11425489774 1.08295934827 -149.3109862617 0.02583013995   -2 
  48 0.01155183400 0.00087881712 -166.06917301 0.41918381924 1.13212949747 1.07542622368 1.15323331688 1.32139365150 0.92761433169 1.20918091870 0.97330588998 1.40884511860 1.27004851945 0.83301030421 0.99022744537 1.39248010654 1.17567876678 1.11206905797 1.03985806474 1.13446250776 1.11364226598 1.08628709720 -149.3096599160 0.01634774949   -2 
  49 0.01153054458 0.00087869295 -166.07478007 0.41886655162 1.13170493331 1.07638138275 1.15371857286 1.32074833625 0.92768381365 1.20919525612 0.97345014947 1.40864687188 1.26975681123 0.83386138843 0.99044271130 1.39274525072 1.17505097837 1.11126984203 1.03943084114 1.13487029663 1.11314501923 1.08937522509 -149.3084797359 0.01396791841   -2 
  50 0.01152481190 0.00087843531 -166.08547938 0.41882810080 1.13152289971 1.07648585439 1.15384554159 1.32056745234 0.92775959001 1.20914339457 0.97345088978 1.40863238068 1.26976326478 0.83400020329 0.99047102316 1.39276591443 1.17494414300 1.11113242677 1.03935728838 1.13493645195 1.11305775283 1.09006017800 -149.3082262479 0.01007119046   -2 
  51 0.01149008877 0.00087843625 -166.13520793 0.41849878989 1.13069667200 1.07622465697 1.15470506358 1.31973031907 0.92867045303 1.20858316635 0.97326270220 1.40893026340 1.27047208926 0.83423024584 0.99047990150 1.39261453779 1.17479777575 1.11090671754 1.03924679373 1.13507158437 1.11290929735 1.09316638122 -149.3071667592 0.01757551474   -2 
  52 0.01147814416 0.00087823991 -166.18362249 0.41860399083 1.13058444973 1.07599915288 1.15485909422 1.31951749588 0.92896325707 1.20836833624 0.97316527649 1.40903951712 1.27075156670 0.83421214699 0.99045155854 1.39251631665 1.17480811535 1.11091212079 1.03925082526 1.13507594421 1.11291588702 1.09404607428 -149.3065817645 0.01884561618   -2 
  53 0.01144243379 0.00087884057 -166.31147897 0.41886260216 1.13083432527 1.07530896234 1.15514294691 1.31915454576 0.92980518476 1.20778120009 0.97286574179 1.40941971879 1.27165817788 0.83401987214 0.99034086438 1.39219446253 1.17496280052 1.11108765007 1.03935134323 1.13504449152 1.11305348509 1.09636517769 -149.3051691157 0.01181825871   -2 
  54 0.01138705408 0.00087857067 -166.37325388 0.41835904349 1.13185182782 1.07457175435 1.15449500183 1.31938591290 0.93050495800 1.20713389305 0.97237194019 1.40985412991 1.27286544022 0.83328567098 0.99004944109 1.39158766849 1.17547387292 1.11177880102 1.03972527606 1.13484445786 1.11360176340 1.09878656746 -149.3032718005 0.02383274447   -2 
  55 0.01136706521 0.00087815753 -166.41498160 0.41830504412 1.13207297722 1.07437267421 1.15421736507 1.31948646321 0.93068565435 1.20693068229 0.97219912643 1.40997763404 1.27325024695 0.83300282546 0.98993905326 1.39136974999 1.17566386196 1.11204487441 1.03987061031 1.13476784141 1.11381888172 1.09957910737 -149.3026366391 0.01398530366   -2 
  56 0.01124856497 0.00087870829 -166.73154716 0.41863417464 1.13195927899 1.07507126147 1.15275436992 1.32073721376 0.93085292689  1.2065762514 0.97150073759 1.41047112705 1.27486961986 0.83124357927 0.98936052604 1.39036521900 1.17695837778 1.11392777912 1.04096567142 1.13439674216 1.11547253836 1.10315364034 -149.2993622568 0.02004392802   -2 
  57 0.01121340820 0.00087897983 -166.77549312 0.41840873997 1.13175022942 1.07536707506 1.15254244405 1.32101713344 0.93076854375 1.20660204096 0.97137114753 1.41054902699 1.27517392749 0.83077229924 0.98922012723 1.39014768279 1.17732256562 1.11448049534 1.04130737883 1.13432237254 1.11600616936 1.10406852337 -149.2983856383 0.02822479024   -2 
  58 0.01110902130 0.00087816061 -166.91573588 0.41778034097 1.13070329847 1.07611722898 1.15212317848 1.32153611679 0.93028398177 1.20677710662 0.97105670668 1.41060300007 1.27575688100 0.82944116212 0.98882389566 1.38957743520 1.17832955082 1.11607106307 1.04231797663 1.13413576223 1.11762983755 1.10657772080 -149.2956110727 0.01498535668   -2 
  59 0.01104502302 0.00087824488 -167.08388910 0.41818101160 1.13095233377 1.07583790286 1.15297626882 1.32081678284 0.92955549394 1.20724568560 0.97123595573 1.41022482265 1.27511531342 0.82911093461 0.98878258708 1.38968406813 1.17864245356 1.11676203715 1.04289605097 1.13427534533 1.11874881292 1.10754680117 -149.2932563246 0.03580224412   -2 
  60 0.01099602895 0.00087892835 -167.17411694 0.41826086050 1.13128671505 1.07562411198 1.15372835707 1.32024043498 0.92899857906 1.20765063072 0.97142408236 1.40992729600 1.27455127289 0.82892639646 0.98878428276 1.38983132973 1.17885678710 1.11726467076 1.04333880057 1.13442349489 1.11962649246 1.10824446840 -149.2915210350 0.02011060077   -2 
  61 0.01088499070 0.00087830664 -167.23565474 0.41749338864 1.13163050955 1.07477105777 1.15523315477 1.31861809411 0.92772980589 1.20850711845 0.97200647428 1.40903755929 1.27273499566 0.82892764766 0.98892293918 1.39043279933 1.17904472769 1.11809472879 1.04423371569 1.13497338348 1.12164016915 1.10949252895 -149.2877762564 0.01979477185   -2 
  62 0.01087172936 0.00087802915 -167.25854472 0.41751124722 1.13156170320 1.07468912287 1.15527888219 1.31846538218 0.92761625845 1.20856538585 0.97207433337 1.40892749207 1.27250170008 0.82897451140 0.98895130244 1.39052143192 1.17903289939 1.11815429261 1.04432171242 1.13506514112 1.12187589079 1.10962246633 -149.2873564630 0.01392393181   -2 
  63 0.01078038761 0.00087879507 -167.43086138 0.41794631052 1.13062387227 1.07487766560 1.15425993216 1.31835212703 0.92749492500 1.20859732954 0.97261142159 1.40835780737 1.27092103040 0.82992073396 0.98936187002 1.39144149754 1.17862875572 1.11815376530 1.04475259651 1.13607959809 1.12348611333 1.11036097365 -149.2846841202 0.01889366881   -2 
  64 0.01074200326 0.00087914446 -167.44921828 0.41777609923 1.13033961263 1.07497188167 1.15370032053 1.31842556334 0.92754580860 1.20851087308 0.97279797378 1.40815625565 1.27033253612 0.83038892306 0.98954679963 1.39182598091 1.17840747873 1.11808143157 1.04489548100 1.13655247280 1.12414571641 1.11067117891 -149.2837308478 0.02871288838   -2 
  65 0.01062286088 0.00087845171 -167.51051524 0.41723482066 1.12940925011 1.07506891000 1.15174832536 1.31865156049 0.92776957292 1.20803070408 0.97326031770 1.40751081752 1.26858539767 0.83189603898 0.99009829497 1.39294646681 1.17762537837 1.11773785279 1.04526622884 1.13805311825 1.12615110659 1.11163790112 -149.2808564480 0.01171940319   -2 
  66 0.01063284262 0.00087855622 -167.53360582 0.41750690633 1.13020290645 1.07482464297 1.15225821032 1.31862049929 0.92783030637 1.20789759162 0.97302557491 1.40765744321 1.26908356952 0.83174390523 0.98999791193 1.39268676659 1.17765490754 1.11767521757 1.04516373667 1.13793647406 1.12590295023 1.11166641715 -149.2801936185 0.01012314137   -2 
  67 0.01063392422 0.00087867847 -167.52698160 0.41748460226 1.13042750121 1.07477028239 1.15241389099 1.31863581341 0.92787014352 1.20784306231 0.97294820173 1.40771157276 1.26925084528 0.83172485130 0.98997507822 1.39261561484 1.17765029471 1.11764222930 1.04513237073 1.13793182536 1.12585270602 1.11170680933 -149.2800515661 0.00878519941   -2 
  68 0.01063476583 0.00087833983 -167.50550441 0.41738067982 1.13114207386 1.07449931194 1.15303493383 1.31869402242 0.92807008316 1.20752617279 0.97255650236 1.40794351072 1.27002847690 0.83168374823 0.98987033931 1.39227864613 1.17758190371 1.11744342309 1.04497255477 1.13796507049 1.12565851209 1.11195423925 -149.2796319452 0.00492503370   -2 
  69 0.01063014186 0.00087851191 -167.50286690 0.41737851629 1.13094169560 1.07464519219 1.15345553756 1.31892096042 0.92835934112 1.20728130875 0.97219626317 1.40825564597 1.27089399713 0.83174055526 0.98980803527 1.39199430236 1.17749601839 1.11720435467 1.04480560079 1.13812311565 1.12551584247 1.11236569767 -149.2793523735 0.01388065661   -2 
  70 0.01062481712 0.00087838878 -167.51114775 0.41744224317 1.13066109371 1.07478561203 1.15383786855 1.31913890448 0.92865431248 1.20702214896 0.97181587302 1.40857261958 1.27179450108 0.83180300836 0.98974065517 1.39169152773 1.17739881761 1.11694443658 1.04462410169 1.13829509306 1.12536488451 1.11281280484 -149.2790594966 0.00347724753   -2 
  71 0.01061948118 0.00087828848 -167.50845676 0.41744167746 1.13057981091 1.07488470342 1.15390607835 1.31925744756 0.92883285700 1.20690672765 0.97159525041 1.40877381958 1.27236657306 0.83186629576 0.98970696023 1.39150834774 1.17733066221 1.11675670950 1.04449374971 1.13844629860 1.12527415437 1.11318726809 -149.2789959228 0.00675432872   -2 
  72 0.01061377872 0.00087833123 -167.49896509 0.41740467014 1.13058361186 1.07498210076 1.15390883198 1.31936197699 0.92899126278 1.20683146829 0.97141113375 1.40895829800 1.27288151153 0.83193486708 0.98968297729 1.39135195816 1.17726967112 1.11658069254 1.04437194337 1.13860304934 1.12519659047 1.11356902816 -149.2789179851 0.00492230090   -2 
  73 0.01059881779 0.00087815189 -167.48745159 0.41740585489 1.13079990953 1.07509267200 1.15362253197 1.31947467628 0.92923844242 1.20679086289 0.97112197632 1.40927328857 1.27379444748 0.83210287968 0.98965574954 1.39108181203 1.17714533767 1.11621136141 1.04411644099 1.13897899734 1.12506273308 1.11448789287 -149.2787576314 0.00731705026   -2 
  74 0.01059191596 0.00087823617 -167.47869291 0.41739061254 1.13093812966 1.07512652451 1.15348240531 1.31950707692 0.92931661562 1.20681714133 0.97104436100 1.40938402815 1.27410676610 0.83217844172 0.98965610499 1.39100067259 1.17710364905 1.11607215878 1.04402092740 1.13914503069 1.12502299679 1.11489337589 -149.2786746739 0.00581275397   -2 
  75 0.01056361055 0.00087816902 -167.46899434 0.41749859251 1.13136568648 1.07507715627 1.15287513803 1.31947059745 0.92942582733 1.20708099703 0.97096864694 1.40961821017 1.27480951760 0.83245909455 0.98970093719 1.39085189572 1.17699205215 1.11564438698 1.04373100492 1.13976883076 1.12495548073  1.1164513938 -149.2784212721 0.00779122498   -2 
  76 0.01055794072 0.00087829448 -167.45660199 0.41744779651 1.13133228872 1.07505690041 1.15285850868 1.31944946393 0.92939467490 1.20717322129 0.97103373944 1.40960604100 1.27476791330 0.83250420895 0.98972758273 1.39089070395 1.17699868880 1.11562020445 1.04371783882 1.13987315505 1.12498113292 1.11672463325 -149.2782836068 0.01060080980   -2 
  77 0.01050352906 0.00087797174 -167.38377037 0.41720308281 1.13030187059 1.07466404267 1.15293794220 1.31906898652 0.92886276883 1.20807234268 0.97186529402 1.40920814926 1.27369602388 0.83286681316 0.99000857173 1.39143738316 1.17712544562 1.11557453611 1.04372419430 1.14076938836 1.12534173178 1.11918792043 -149.2771242961 0.01146226633   -2 
  78 0.01044402613 0.00087800224 -167.37419344 0.41742074053 1.12969920134 1.07431886036 1.15313117316 1.31867430164 0.92825883863 1.20886947021 0.97276701978 1.40868280468 1.27230327974 0.83319611674 0.99030834216 1.39208445777 1.17730438664 1.11566436340 1.04383212861 1.14165636178 1.12584003681 1.12174636536 -149.2762336843 0.01942448694   -2 
  79 0.01041771447 0.00087834047 -167.36262695 0.41747429675 1.12963675653 1.07422579570 1.15323403074 1.31853877522 0.92801578437 1.20916857213 0.97314521732 1.40845901210 1.27169290933 0.83332895121 0.99043832630 1.39237286216 1.17739335899 1.11573386260 1.04390205505 1.14203032868 1.12608471765 1.12285044518 -149.2757956994 0.00914102887   -2 
  80 0.01035587358 0.00087821238 -167.35798977 0.41766879013 1.13090438097 1.07430542019 1.15327848728 1.31839793702 0.92765047971 1.20906870702 0.97362227292 1.40793230768 1.27037516381 0.83344682781 0.99063008619 1.39290616268 1.17761736666 1.11612951964 1.04423320388 1.14264176799 1.12684684299 1.12505387710 -149.2748462259 0.01249701459   -2 
  81 0.01033545760 0.00087828014 -167.33648480 0.41757402998 1.13129360274 1.07441953517 1.15329929982 1.31843744660 0.92760656098 1.20893842684 0.97370642498 1.40781329437 1.27004098790 0.83346196480 0.99068159250 1.39306111076 1.17770308183 1.11630552775 1.04437801434 1.14280590107 1.12713533593 1.12572001380 -149.2745344035 0.01398714322   -2 
  82 0.01029010520 0.00087771038 -167.29884470 0.41735845510 1.13181001897 1.07472132117 1.15329803662 1.31860857466 0.92761897106 1.20847285896 0.97374709404 1.40762261664 1.26947261987 0.83344775113 0.99076287602 1.39334444032 1.17789786774 1.11675741132 1.04474809459 1.14309727741 1.12782631146 1.12708790626 -149.2738634297 0.00992143205   -2 
  83 0.01018063653 0.00087780098 -167.28859222 0.41716346755 1.13121287546 1.07577084543 1.15347274623 1.31964326612 0.92832604814 1.20702616003 0.97329736031 1.40782411375 1.26930677433 0.83328780710 0.99089618298 1.39384918896 1.17847174288 1.11817043867 1.04591722243 1.14355202973 1.12978283954 1.12995532600 -149.2722770108 0.02981512698   -2 
  84 0.01009832659 0.00087737879 -167.31522102 0.41721660208 1.13063630816 1.07642554019 1.15356351702 1.32036300114 0.92886939699 1.20594881943 0.97291484003 1.40800167126 1.26927043310 0.83315587348 0.99098365904 1.39419706632 1.17889784269 1.11924364243 1.04681061874 1.14387359799 1.13127911035 1.13209603407 -149.2710609449 0.01254213867   -2 
  85 0.01002460869 0.00087783307 -167.37893942 0.41749836144 1.13054372869 1.07629867713 1.15364106262 1.32068459530 0.92937764313 1.20543318886 0.97252039888 1.40837687256 1.26976178890 0.83305345158 0.99105321937 1.39441599054 1.17927080446 1.12020189723 1.04764844716 1.14411718765 1.13269496276 1.13390193859 -149.2700541616 0.01262969558   -2 
  86 0.00998136942 0.00087757480 -167.41064513 0.41757235903 1.13063141333 1.07579557298 1.15361132854 1.32057767203 0.92960693480 1.20541444575 0.97227867500 1.40865093337 1.27028223114 0.83300322031 0.99107905880 1.39446821344 1.17945727083 1.12072028221 1.04813153503 1.14423639906 1.13354081243 1.13489556151 -149.2694762601 0.02243547192   -2 
  87 0.00983505169 0.00087760545 -167.45066351 0.41735287355 1.13125315443 1.07391361339 1.15353928634 1.32002103074 0.93033270325 1.20571389116 0.97150264244 1.40967258105 1.27230347026 0.83286716433 0.99117678702 1.39460590272 1.18007916326 1.12244939810 1.04977859097 1.14464849529 1.13645218515 1.13824421967 -149.2675446273 0.00950217694   -2 
  88 0.00982177527 0.00087721699 -167.44289236 0.41719995728 1.13103901259 1.07411994666 1.15346397423 1.31974242573 0.93016549348 1.20608555473 0.97154763859 1.40967220184 1.27252540397 0.83290153683 0.99117828143 1.39453585917 1.18006187861 1.12246418767 1.04985380616 1.14471449885 1.13666975520 1.13850682717 -149.2671135633 0.01468837514   -2 
  89 0.00981098993 0.00087724776 -167.43014428 0.41703328392 1.13089398320 1.07441073269 1.15341741839 1.31949887958 0.92998102107 1.20648564880 0.97162643320 1.40965962679 1.27271989460 0.83294800391 0.99118371091 1.39446757283 1.18003443363 1.12244129047 1.04989779128 1.14478260516 1.13683716747 1.13871466499 -149.2667827196 0.00913954264   -2 
  90 0.00978415363 0.00087738304 -167.48704076 0.41717829675 1.13056622766 1.07544333341 1.15325720382 1.31875719663 0.92922859887 1.20783942004 0.97199800769 1.40947291607 1.27317950418 0.83313955661 0.99118871642 1.39418843074 1.17985728277 1.12215901707 1.04988226895 1.14500646417 1.13717051633 1.13918677371 -149.2660146652 0.00404298596   -2 
  91 0.00977602455 0.00087751180 -167.50601818 0.41720063536 1.13094606937 1.07530355544 1.15327995214 1.31878013735 0.92895739640 1.20819532387 0.97220427887 1.40932927087 1.27321186781 0.83325317733 0.99119028685 1.39405407649 1.17973982272 1.12191563754 1.04977942068 1.14511696792 1.13720293648 1.13931059459 -149.2658632517 0.00886042682   -2 
  92 0.00977031323 0.00087741067 -167.52346099 0.41723164475 1.13117681137 1.07515420538 1.15329194161 1.31881338695 0.92876836462 1.20841834881 0.97235036555 1.40921708771 1.27321685192 0.83333584726 0.99118896401 1.39395288896 1.17964963293 1.12172813932 1.04969561318 1.14519696413 1.13721589968 1.13939506069 -149.2657592999 0.00414770605   -2 
  93 0.00976364139 0.00087730958 -167.52534302 0.41710820520 1.13124887624 1.07491305512 1.15335363150 1.31898543537 0.92861999326 1.20855674531 0.97252933506 1.40909335853 1.27317359624 0.83345133089 0.99119265069 1.39384084014 1.17953723407 1.12146645367 1.04956627015 1.14531310994 1.13720283661 1.13949806163 -149.2656533765 0.00294869669   -2 
  94 0.00975671065 0.00087724246 -167.54581260 0.41707438009 1.13103992766 1.07472277421 1.15342735209 1.31922361592 0.92856962448 1.20853529487 0.97268765369 1.40898977448 1.27308148314 0.83357707563 0.99119880684 1.39374248061 1.17942476559 1.12117622143 1.04941135480 1.14545135598 1.13716576606 1.13961614317 -149.2655888013 0.00618372246   -2 
  95 0.00975015080 0.00087735488 -167.56478303 0.41704013648 1.13084917296 1.07458812126 1.15349821010 1.31944713627 0.92854832687 1.20848647657 0.97282787844 1.40890479885 1.27299100733 0.83369569842 0.99120630063 1.39365853934 1.17932376184 1.12090554405 1.04926505245 1.14558571456 1.13712951602 1.13973232275 -149.2655269473 0.00386219210   -2 
  96 0.00974646794 0.00087737914 -167.58869558 0.41710187843 1.13076782671 1.07459886580 1.15348636832 1.31948972672 0.92857757007 1.20838252698 0.97286105106 1.40887046331 1.27292450441 0.83374866648 0.99120493626 1.39362228628 1.17927438456 1.12076667715 1.04918337712 1.14565780640 1.13710465452 1.13980282595 -149.2654757955 0.00431463199   -2 
  97 0.00974348617 0.00087749267 -167.60407355 0.41712407477 1.13074699823 1.07464979890 1.15346329600 1.31949234314 0.92861941951 1.20827680102 0.97286993932 1.40885332690 1.27286965499 0.83378591147 0.99120306934 1.39360103975 1.17924028944 1.12066405859 1.04912045359 1.14571495918 1.13708515574 1.13986324845 -149.2654433325 0.00311688033   -2 
  98 0.00972872624 0.00087745914 -167.66588692 0.41708288615 1.13081743283 1.07504782454 1.15316866826 1.31916401738 0.92890599532 1.20758042219 0.97273993540 1.40880116833 1.27256686664 0.83390256949 0.99116874823 1.39352855258 1.17909865884 1.12023015344 1.04882693552 1.14596366015 1.13698348353 1.14017629735 -149.2653042607 0.00439091190   -2 
  99 0.00972672293 0.00087749895 -167.67035157 0.41704701505 1.13083727965 1.07507906626 1.15313978520 1.31911782856 0.92894124591 1.20750160276 0.97271445951 1.40879931550 1.27253282623 0.83391248443 0.99116377081 1.39352430752 1.17908449205 1.12018432027 1.04879352766 1.14599336040 1.13697292668 1.14022147037 -149.2652821922 0.00280229907   -2 
 100 0.00972299787 0.00087740808 -167.68042520 0.41696911316 1.13084532420 1.07501464127 1.15310786947 1.31901301177 0.92897762529 1.20740743145 0.97263448784 1.40879975846 1.27248719962 0.83390532523 0.99114840298 1.39352720213 1.17907039777 1.12014244088 1.04875185247 1.14602858548 1.13696158302 1.14031126133 -149.2652481111 0.00220118865   -2 
 101 0.00971202585 0.00087752286 -167.73906254 0.41689097056 1.13084490548 1.07454012433 1.15314995042 1.31876006115 0.92897763324 1.20737600130 0.97233125760 1.40882898928 1.27244319233 0.83380613725 0.99109382371 1.39358426992 1.17908226703 1.12018578314 1.04871538190 1.14606984558 1.13697305488 1.14060456028 -149.2651668366 0.00629892538   -2 
 102 0.00970544302 0.00087749556 -167.78079585 0.41688207943 1.13081289130 1.07426760062 1.15316494070 1.31861255645 0.92896438311 1.20736431069 0.97214903755 1.40883821829 1.27241696609 0.83374104136 0.99105820396 1.39361461317 1.17908864237 1.12021860367 1.04869710030 1.14608873458 1.13698139353 1.14078012625 -149.2651177966 0.00263831459   -2 
 103 0.00969598726 0.00087766194 -167.84875961 0.41691054659 1.13067103189 1.07419260825 1.15314160259 1.31852660160 0.92887285391 1.20741688676 0.97193492497 1.40880984572 1.27239888383 0.83362480651 0.99100102919 1.39363904030 1.17910043442 1.12031836492 1.04870544534 1.14608637135 1.13701516543 1.14103407106 -149.2650577678 0.00335274447   -2 
 104 0.00968594920 0.00087761331 -167.91418779 0.41687999130 1.13048764015 1.07427226744 1.15305918674 1.31848788666 0.92873352586 1.20747785224 0.97174707745 1.40873675372 1.27237497116 0.83349078736 0.99093287724 1.39363660380 1.17910350794 1.12043970057 1.04872754658 1.14606271799 1.13705981208 1.14129722789 -149.2650012905 0.00740459914   -2 
 105 0.00966643902 0.00087772407 -168.02571705 0.41671957437 1.13021467912 1.07450506242 1.15289722955 1.31845507606 0.92845908679 1.20760088483 0.97141666299 1.40858588719 1.27233289002 0.83323262736 0.99080258107 1.39362310971 1.17910854822 1.12068315267 1.04877976006 1.14601123068 1.13715604451 1.14180867070 -149.2648661482 0.00378376220   -2 
 106 0.00965456654 0.00087763947 -168.09458570 0.41663250211 1.13016936316 1.07461926257 1.15278140405 1.31843888720 0.92829533505 1.20764069802 0.97126123853 1.40847073872 1.27229515344 0.83308239153 0.99072231699 1.39358960155 1.17909970311 1.12082224630 1.04881424669 1.14597047815 1.13722134414 1.14211320515 -149.2648236387 0.00411341742   -2 
 107 0.00963913429 0.00087767053 -168.17973146 0.41650809109 1.13029724681 1.07472518536 1.15264747434 1.31843504880 0.92810808169 1.20765687926 0.97112428641 1.40831244952 1.27224067353 0.83290435276 0.99062421527 1.39352551931 1.17907969610 1.12099178777 1.04886478684 1.14591366285 1.13731850166 1.14250521962 -149.2647685294 0.00480162895   -2 
 108 0.00962066880 0.00087760160 -168.29047517 0.41642956789 1.13052010985 1.07476892936 1.15250161358 1.31842249085 0.92791184354 1.20763243901 0.97101524298 1.40811496587 1.27216501619 0.83270922975 0.99051115737 1.39342743263 1.17904472458 1.12117654996 1.04892655569 1.14584269925 1.13744337238 1.14297002546 -149.2647052234 0.00432302985   -2 
 109 0.00960704071 0.00087770090 -168.37101000 0.41638301880 1.13071041784 1.07473568710 1.15244325998 1.31841937925 0.92781380632 1.20758377614 0.97099549655 1.40798242079 1.27210943403 0.83259178113 0.99043927792 1.39334531757 1.17901433405 1.12129527641 1.04897653170 1.14579536916 1.13754721595 1.14331262101 -149.2646578872 0.00413509114   -2 
 110 0.00959317973 0.00087769816 -168.45649549 0.41637358124 1.13082121004 1.07461504344 1.15242600771 1.31840199651 0.92776398659 1.20749351522 0.97103463098 1.40785944468 1.27204767099 0.83250230840 0.99037727576 1.39324807194 1.17897490887 1.12138998056 1.04902856930 1.14575245596 1.13766270768 1.14365783050 -149.2646118196 0.00450322153   -2 
 111 0.00956930352 0.00087786938 -168.58618151 0.41627526111 1.13085187714 1.07433133842 1.15249137484 1.31836869183 0.92777775175 1.20729288185 0.97120414616 1.40769242539 1.27194641119 0.83240896184 0.99029736838 1.39307273155 1.17890058855 1.12151003385 1.04912349956 1.14569791554 1.13788313100 1.14425215880 -149.2645267027 0.00747595792   -2 
 112 0.00954427451 0.00087778770 -168.72117090 0.41617727973 1.13072257874 1.07400765099 1.15256574069 1.31830039659 0.92782836514 1.20705371685 0.97141378352 1.40753088064 1.27183331062 0.83234074729 0.99022256786 1.39287992265 1.17881342842 1.12160443400 1.04921943841 1.14565009489 1.13812088042 1.14487135371 -149.2644030172 0.00588390714   -2 
 113 0.00951717448 0.00087784745 -168.85077587 0.41599312845 1.13050410860 1.07372281599 1.15265225898 1.31821257480 0.92792114470 1.20679408894 0.97166329840 1.40738830265 1.27171617851 0.83230347653 0.99015707908 1.39267747331 1.17871715735 1.12167669961 1.04932209155 1.14561769578 1.13838974823 1.14554316573 -149.2643116383 0.00294872110   -2 
 114 0.00950683273 0.00087778295 -168.89377588 0.41594544343 1.13032957557 1.07375768757 1.15261718397 1.31812012436 0.92798027528 1.20669948738 0.97174861681 1.40737030088 1.27166872974 0.83234254675 0.99015054992 1.39260884444 1.17867116538 1.12164529532 1.04934906734 1.14563706119 1.13850385815 1.14579405141 -149.2642740931 0.00494576092   -2 
 115 0.00949167475 0.00087784650 -168.94827163 0.41586056601 1.13010226622 1.07388484285 1.15254423552 1.31797289260 0.92807795596 1.20657437735 0.97186656684 1.40736717330 1.27160356521 0.83242694455 0.99015169155 1.39251866650 1.17860295237 1.12157358211 1.04938445369 1.14568399359 1.13867914826 1.14616180517 -149.2642204038 0.00306954289   -2 
 116 0.00947599935 0.00087786312 -169.00375729 0.41587366283 1.13001781305 1.07408968436 1.15238613498 1.31778159185 0.92816600004 1.20647311886 0.97193565351 1.40739256864 1.27153415138 0.83256825130 0.99016976296 1.39244412570 1.17852402133 1.12143256651 1.04940273088 1.14577251851 1.13887316662 1.14653620719 -149.2641652117 0.00382611414   -2 
 117 0.00946808414 0.00087793248 -169.02526904 0.41586560926 1.13003781706 1.07419120651 1.15230346495 1.31769310471 0.92820462372 1.20643576284 0.97195622446 1.40741290032 1.27150248728 0.83265085720 0.99018357422 1.39241477458 1.17848496531 1.12134945498 1.04940904005 1.14582769736 1.13897514340 1.14672521689 -149.2641428535 0.00288358312   -2 
 118 0.00944910357 0.00087784903 -169.05659370 0.41584262432 1.13030011531 1.07431707772 1.15208541977 1.31751510026 0.92824108609 1.20640277455 0.97191411849 1.40747259589 1.27143266691 0.83289191929 0.99023044701 1.39237733105 1.17839021444 1.12109071244 1.04940409045 1.14600516950 1.13923232829 1.14717246267 -149.2640807100 0.00359133195   -2 
 119 0.00944307599 0.00087787209 -169.05984945 0.41581567210 1.13039164903 1.07433167488 1.15203918359 1.31748557077 0.92824443372 1.20640897947 0.97188840264 1.40749561892 1.27141766645 0.83297344327 0.99024922932 1.39237616951 1.17836457965 1.12100570464 1.04940205363 1.14607062119 1.13931734690 1.14731646835 -149.2640627015 0.00266524570   -2 
 120 0.00942775676 0.00087774650 -169.05512544 0.41576764778 1.13052052403 1.07420298370 1.15202434373 1.31752466850 0.92820035119 1.20648864376 0.97175791545 1.40755352004 1.27140567645 0.83319240782 0.99030874345 1.39241655385 1.17831770027 1.12077964143 1.04939302903 1.14627442539 1.13954283417 1.14768804712 -149.2640145607 0.00352954783   -2 
 121 0.00941712326 0.00087778175 -169.04714739 0.41574510556 1.13055965762 1.07409648997 1.15206565816 1.31760012402 0.92816055591 1.20656805055 0.97165677216 1.40759692128 1.27141365539 0.83334401406 0.99035593760 1.39246437139 1.17829801791 1.12063139422 1.04939029695 1.14642980336 1.13970457455 1.14795305697 -149.2639838470 0.00431100263   -2 
 122 0.00939317019 0.00087774608 -169.03528912 0.41578927198 1.13050310787 1.07383514092 1.15220675016 1.31780886283 0.92805261850 1.20676235403 0.97141456184 1.40768310085 1.27144781297 0.83367398778 0.99046454032 1.39259276535 1.17827039872 1.12031536408 1.04938822880 1.14679460060 1.14007255175 1.14855970258 -149.2639159956 0.00280242314   -2 
 123 0.00939070381 0.00087781003 -169.03003702 0.41579824528 1.13045014737 1.07384834974 1.15223882034 1.31783864064 0.92804283056 1.20678350759 0.97139702815 1.40768600627 1.27146338345 0.83369454795 0.99047666541 1.39261736076 1.17828137700 1.12030535505 1.04939464375 1.14683801954 1.14011294458 1.14862997149 -149.2639006200 0.00302926207   -2 
 124 0.00938540049 0.00087782827 -169.01792409 0.41585570348 1.13024815832 1.07391962511 1.15231246406 1.31789412718 0.92801841716 1.20681879989 0.97136807160 1.40767308912 1.27150854300 0.83371284879 0.99050027306 1.39268139039 1.17832307768 1.12031817834 1.04941634765 1.14693642709 1.14020076463 1.14879032995 -149.2638702340 0.00183850412   -2 
 125 0.00938157850 0.00087780713 -168.98331565 0.41583083188 1.13013718683 1.07404136430 1.15235695116 1.31790815943 0.92800655364 1.20682186871 0.97137836640 1.40763254613 1.27156771186 0.83366882766 0.99051369180 1.39275160480 1.17839544240 1.12041066239 1.04945354798 1.14701652089 1.14026942041 1.14892964988 -149.2638445499 0.00304878269   -2 
 126 0.00937953184 0.00087773961 -168.96499579 0.41583565955 1.13009718040 1.07409992461 1.15237172321 1.31790654876 0.92800033150 1.20681762971 0.97138795218 1.40760539885 1.27160085124 0.83363588698 0.99051939241 1.39279068371 1.17843942943 1.12047258804 1.04947638673 1.14705944503 1.14030654239 1.14900739151 -149.2638315589 0.00219436296   -2 
 127 0.00936259074 0.00087764978 -168.78794351 0.41598892994 1.13037672281 1.07450290816 1.15243758948 1.31785505890 0.92799844335 1.20675609695 0.97155857197 1.40737444027 1.27192471158 0.83325356744 0.99056827423 1.39316096654 1.17889636393 1.12117867453 1.04972586837 1.14742819561 1.14063738222 1.14971614383 -149.2637290821 0.00180688336   -2 
 128 0.00935684656 0.00087759623 -168.72317817 0.41607795955 1.13045661406 1.07433439405 1.15246618136 1.31792500922 0.92806135372 1.20679959755 0.97165188979 1.40742207023 1.27202665679 0.83315321997 0.99060391551 1.39328546093 1.17905887418 1.12145096640 1.04983874595 1.14754947269 1.14076530446 1.14998553469 -149.2636951473 0.00453033233   -2 
 129 0.00935204296 0.00087763602 -168.66370656 0.41612585799 1.13052310936 1.07418390361 1.15249822243 1.31799956903 0.92812394775 1.20684855521 0.97173518592 1.40748282242 1.27211245578 0.83307730055 0.99063819976 1.39339072881 1.17919555620 1.12168108974 1.04993761666 1.14765158776 1.14087549617 1.15021505729 -149.2636663107 0.00188164691   -2 
 130 0.00934850509 0.00087755726 -168.61118131 0.41611794078 1.13045106975 1.07407691722 1.15252371908 1.31808086579 0.92819350724 1.20692010073 0.97180131483 1.40760066425 1.27215889674 0.83306172356 0.99067602394 1.39345621349 1.17928335728 1.12183978028 1.05002186407 1.14772266487 1.14096419064 1.15039339120 -149.2636443331 0.00125038449   -2 
 131 0.00934707697 0.00087758569 -168.59029597 0.41613169595 1.13039378045 1.07409887527 1.15253934869 1.31812529308 0.92823501717 1.20697459558 0.97182840647 1.40770153060 1.27216420494 0.83309481476 0.99070282060 1.39347213670 1.17930485180 1.12188710430 1.05006426098 1.14774868076 1.14100716196 1.15047213880 -149.2636358238 0.00267104971   -2 
 132 0.00934414765 0.00087755793 -168.55113203 0.41618738566 1.13026773209 1.07415859613 1.15256492023 1.31820971701 0.92831993051 1.20708935851 0.97188054212 1.40792048810 1.27216695156 0.83317681809 0.99076038395 1.39349779112 1.17934101093 1.12197467471 1.05015266560 1.14779944377 1.14109681706 1.15063521030 -149.2636188965 0.00120098497   -2 
 133 0.00933831301 0.00087744350 -168.45903466 0.41626201381 1.13053932688 1.07442379813 1.15260904501 1.31829835291 0.92846432169 1.20731775420 0.97195517128 1.40839272244 1.27213540918 0.83348060183 0.99090889699 1.39350746984 1.17934654516 1.12204796053 1.05034411538 1.14788492362 1.14130098540 1.15097386520 -149.2635817313 0.00076977906   -2 
 134 0.00933782380 0.00087744521 -168.45016121 0.41626336358 1.13055866970 1.07443532723 1.15262457618 1.31830919628 0.92847403590 1.20733369230 0.97196262141 1.40842064850 1.27214033473 0.83351140767 0.99092393814 1.39351278656 1.17934763821 1.12205013058 1.05036140950 1.14789379580 1.14132105752 1.15100398623 -149.2635805326 0.00098885696   -2 
 135 0.00933511477 0.00087736965 -168.40249936  0.4162864106 1.13062523353 1.07444919139 1.15274142539 1.31837296308 0.92851520018 1.20740451821 0.97200530217 1.40852618586 1.27219211084 0.83369759314 0.99101463558 1.39355624784 1.17935482819 1.12204725169 1.05046008824 1.14794782391 1.14144086487 1.15117478196 -149.2635738836 0.00099811537   -2 
 136 0.00933488768 0.00087739874 -168.39914453 0.41629568689 1.13061399628 1.07444269148 1.15275674729 1.31838400976 0.92851608870 1.20740536744 0.97201133785 1.40851557780 1.27220918228 0.83371445673 0.99102424454 1.39356900054 1.17935963418 1.12204497666 1.05046932227 1.14795625617 1.14145416027 1.15119121886 -149.2635711988 0.00128298458   -2 
 137 0.00933454982 0.00087740784 -168.39572162 0.41632011310 1.13058018371 1.07442463506 1.15277704474 1.31839934577 0.92851407385 1.20740113084 0.97202044660 1.40848547803 1.27224062880 0.83373896969 0.99103904046 1.39359223421 1.17936859241 1.12203959029 1.05048276896 1.14797058079 1.14147537814 1.15121651697 -149.2635677306 0.00061790433   -2 
 138 0.00933420518 0.00087738645 -168.38665805 0.41631076489 1.13053117611 1.07439479508 1.15278453394 1.31841225134 0.92850310749 1.20738057430 0.97203134013 1.40840831211 1.27229513246 0.83376019899 0.99105573156 1.39363313986 1.17938650979 1.12202837822 1.05049553977 1.14799283291 1.14150256340 1.15124420827 -149.2635641521 0.00075842115   -2 
 139 0.00933410594 0.00087739329 -168.38390927 0.41630763675 1.13052438608 1.07438855182 1.15278546005 1.31841537853 0.92849981402 1.20737434344 0.97203449788 1.40838500883 1.27231137322 0.83376564280 0.99106050614 1.39364567021 1.17939224700 1.12202500967 1.05049911498 1.14799971743 1.14151075586 1.15125224873 -149.2635635021 0.00048880848   -2 
 140 0.00933364554 0.00087740636 -168.37631838 0.41632702663 1.13054532442 1.07437230591 1.15276696585 1.31841258235 0.92847962263 1.20733879913 0.97204499025 1.40826853744 1.27238289036 0.83378185926 0.99107886417 1.39370419481 1.17942038589 1.12200633791 1.05051176813 1.14803308727 1.14155004453 1.15128762915 -149.2635610267 0.00033596522   -2 
 141 0.00933365307 0.00087739844 -168.37637258 0.41632511699 1.13054536045 1.07437563971 1.15276640008 1.31841099887 0.92848042589 1.20734041716 0.97204391180 1.40827445190 1.27237884931 0.83378033212 0.99107759465 1.39370175448 1.17941952142 1.12200679144 1.05051098645 1.14803216619 1.14154886249 1.15128624783 -149.2635608612 0.00029350972   -2 
 142 0.00933363907 0.00087739621 -168.37571682 0.41632090528 1.13054868918 1.07438240505 1.15276508786 1.31840861504 0.92848124622 1.20734207809 0.97204278740 1.40827983209 1.27237543515 0.83377836249 0.99107667383 1.39370076887 1.17941975939 1.12200680628 1.05051041471 1.14803264653 1.14154916946 1.15128626435 -149.2635606834 0.00015048211   -2 
 143 0.00933359774 0.00087739152 -168.37498463 0.41631877508 1.13055420264 1.07439227799 1.15276236413 1.31840457980 0.92848188894 1.20734367115 0.97204125821 1.40828499989 1.27237201892 0.83377548953 0.99107595843 1.39370110818 1.17942113228 1.12200615570  1.0505099239 1.14803469472 1.14155110947 1.15128756856 -149.2635606080 0.00018219325   -2 
 144 0.00933349015 0.00087739029 -168.37429989 0.41632320788 1.13056342041 1.07440732697 1.15275804553 1.31839861401 0.92848270864 1.20734573494 0.97203904775 1.40829049819 1.27236890007 0.83377056739 0.99107514732 1.39370467617 1.17942544486 1.12200433073 1.05050983061 1.14804052516 1.14155649241 1.15129167951 -149.2635603965 0.00023531158   -2 
 145 0.00933342045 0.00087739340 -168.37367500 0.41632501443 1.13056844200 1.07441549242 1.15275620474 1.31839584530 0.92848332110 1.20734711715 0.97203797867 1.40829358267 1.27236757342 0.83376772620 0.99107477573 1.39370729363 1.17942833473 1.12200327410 1.05050988728 1.14804437324 1.14156008209 1.15129455169 -149.2635603251 0.00012779932   -2 
 146 0.00933320236 0.00087739164 -168.37049773 0.41632209591 1.13055259736 1.07440525186 1.15276212154 1.31840174762 0.92848495591 1.20734980818 0.97203891133 1.40829348643 1.27237255168 0.83376364334 0.99107626739 1.39371828975 1.17943781185 1.12200092117 1.05051323695 1.14805624280 1.14157085843 1.15130436132 -149.2635600516 0.00027796410   -2 
 147 0.00933310242 0.00087738751 -168.36944343 0.41632332795 1.13054691745 1.07440056501 1.15276409108 1.31840388076 0.92848544499 1.20735062716 0.97203923243 1.40829307796 1.27237467388 0.83376190512 0.99107689827 1.39372293764 1.17944184237 1.12199987036 1.05051463781 1.14806138489 1.14157569538 1.15130875951 -149.2635599459 0.00023080659   -2 
 148 0.00933258927 0.00087739457 -168.36455570 0.41633391954 1.13053790902 1.07438305555 1.15277249378 1.31841396202 0.92848793265 1.20735439050 0.97204138353 1.40829094904 1.27238560377 0.83375440402 0.99108015374 1.39374538948 1.17946136546 1.12199555676 1.05052101421 1.14808667289 1.14160012217 1.15133255106 -149.2635595164 0.00022947060   -2 
 149 0.00933249287 0.00087739686 -168.36324309 0.41633288878 1.13054342941 1.07438464774 1.15277214452 1.31841418039 0.92848814411 1.20735455640 0.97204186553 1.40829067051 1.27238703499 0.83375365083 0.99108102618 1.39374819367 1.17946398346 1.12199513634 1.05052192864 1.14809051623 1.14160409471 1.15133666242 -149.2635593833 0.00034384563   -2 
 150 0.00933206316 0.00087738126 -168.35809231 0.41633152085 1.13057025632 1.07439558659 1.15276657408 1.31841137196 0.92848799636 1.20735374924 0.97204349070 1.40828881128 1.27239184129 0.83375098585 0.99108418062 1.39375807965 1.17947375458 1.12199361956 1.05052566796 1.14810605774 1.14162058379 1.15135419460 -149.2635588562 0.00018841719   -2 
 151 0.00933167540 0.00087738294 -168.35542648 0.41634090003 1.13057985211 1.07441249962 1.15276482720 1.31841089900 0.92848932653 1.20735508799 0.97204638296 1.40829123822 1.27239568990 0.83375193481 0.99108790237 1.39376368251 1.17947999249 1.12199520147 1.05052921725 1.14811727606 1.14163382446 1.15136902002 -149.2635585190 0.00025072148   -2 
 152 0.00933156059 0.00087738663 -168.35437776 0.41634150378 1.13058007995 1.07441713356 1.15276547913 1.31841161041 0.92849007973 1.20735604765 0.97204753352 1.40829270330 1.27239696102 0.83375270850 0.99108921383 1.39376509130 1.17948159908 1.12199613901 1.05053040090 1.14812027279 1.14163755288 1.15137346342 -149.2635584280 0.00023878542   -2 
 153 0.00933056014 0.00087737519 -168.34541297 0.41634240475 1.13055261909 1.07444469848 1.15277483654 1.31841992087 0.92849762772 1.20736591470 0.97205830349 1.40830831015 1.27240704350 0.83376225908 0.99110093727 1.39377393090 1.17949263985 1.12200704407 1.05054074514 1.14814272210 1.14166717832 1.15141268777 -149.2635577379 0.00022598290   -2 
 154 0.00933031791 0.00087737091 -168.34406220 0.41634684216 1.13055476867 1.07444054905 1.15277751484 1.31842245479 0.92849954370 1.20736854998 0.97206065024 1.40831224467 1.27240916249 0.83376523821 0.99110317001 1.39377531304 1.17949447613 1.12201056712 1.05054337787 1.14814679507 1.14167341866 1.15142170408 -149.2635575322 0.00043998822   -2 
 155 0.00932938284 0.00087737799 -168.33820790 0.41635936134 1.13057268781 1.07442038708 1.15278971636 1.31843422550 0.92850770362 1.20737981844 0.97207001545 1.40832842870 1.27241788705 0.83377750782 0.99111220513 1.39378086405 1.17950146943 1.12202526823 1.05055399167 1.14816189132 1.14169711288 1.15145729595 -149.2635568351 0.00033509402   -2 
 156 0.00932924146 0.00087737836 -168.33661488 0.41635538367 1.13057517338 1.07441812022 1.15279096176 1.31843586924 0.92850888497 1.20738147398 0.97207122197 1.40833056711 1.27241920251 0.83377951533 0.99111337023 1.39378175440 1.17950231819 1.12202782951 1.05055574815 1.14816365346 1.14170021365 1.15146262590 -149.2635565771 0.00040139281   -2 
 157 0.00932908613 0.00087736780 -168.33512431 0.41635177963 1.13057556098 1.07441553630 1.15279111238 1.31843675801 0.92850975448 1.20738276533 0.97207207565 1.40833223310 1.27242030153 0.83378162822 0.99111441480 1.39378248913 1.17950293224 1.12203065468 1.05055767912 1.14816515836 1.14170318738 1.15146833046 -149.2635563163 0.00009563320    0 
-- Found new optimum with likelihood -149.263556316304602 and gradient 0.00010

---- Best joint likelihood found -149.263556316304602 with gradient 0.00010

---- Results for /scratch/38995931/tmpqa7k7ica 
--  Model: C
--        eps_an     theta_bar             a 
-- 0.00932908613 0.00087736780            -1 
--           S_d             b           p_b           S_b 
-- -168.33512431 0.41635177963             0             1 
--           r 2           r 3           r 4           r 5           r 6           r 7           r 8           r 9          r 10          r 11          r 12          r 13          r 14          r 15          r 16          r 17          r 18          r 19 
-- 1.13057556098 1.07441553630 1.15279111238 1.31843675801 0.92850975448 1.20738276533 0.97207207565 1.40833223310 1.27242030153 0.83378162822 0.99111441480 1.39378248913 1.17950293224 1.12203065468 1.05055767912 1.14816515836 1.14170318738 1.15146833046 

---- Expected P_neut(i), 0 < i < n (neutral SFS per site) 
E[P_neut(1)] = 0.0008696788
E[P_neut(2)] = 0.0004918576
E[P_neut(3)] = 0.0003118406
E[P_neut(4)] = 0.0002510340
E[P_neut(5)] = 0.0002298048
E[P_neut(6)] = 0.0001351970
E[P_neut(7)] = 0.0001507970
E[P_neut(8)] = 0.0001062896
E[P_neut(9)] = 0.0001366313
E[P_neut(10)] = 0.0001116381
E[P_neut(11)] = 0.0000671634
E[P_neut(12)] = 0.0000727829
E[P_neut(13)] = 0.0000946004
E[P_neut(14)] = 0.0000744955
E[P_neut(15)] = 0.0000671749
E[P_neut(16)] = 0.0000594293
E[P_neut(17)] = 0.0000616352
E[P_neut(18)] = 0.0000597574
E[P_neut(19)] = 0.0000608606

---- Expected P_sel(i), 0 < i < n (selected SFS per site) 
E[P_sel(1)] = 0.0003320974
E[P_sel(2)] = 0.0001282898
E[P_sel(3)] = 0.0000667379
E[P_sel(4)] = 0.0000473093
E[P_sel(5)] = 0.0000394872
E[P_sel(6)] = 0.0000216062
E[P_sel(7)] = 0.0000227264
E[P_sel(8)] = 0.0000152476
E[P_sel(9)] = 0.0000187876
E[P_sel(10)] = 0.0000147872
E[P_sel(11)] = 0.0000086139
E[P_sel(12)] = 0.0000090616
E[P_sel(13)] = 0.0000114743
E[P_sel(14)] = 0.0000088296
E[P_sel(15)] = 0.0000078525
E[P_sel(16)] = 0.0000068696
E[P_sel(17)] = 0.0000071025
E[P_sel(18)] = 0.0000071723
E[P_sel(19)] = 0.0000087236

---- alpha_dfe = 0.000000

