---- Running command
---- ./polyDFE -d /scratch/40841107/tmpm34j3fcg -m C -i /scratch/40841107/tmp3o4oa0di 1 -v 1 
---- Performing inference using model C

---- Performing inference on /scratch/40841107/tmpm34j3fcg
----      with -i /scratch/40841107/tmp3o4oa0di 1
---- Data /scratch/40841107/tmpm34j3fcg does not contain divergence counts. Using option -w.
---- No mutation variability. Using Poisson likelihood.


---- Using provided initial values

-- Starting local optimization
-- Optimizing all parameters
  it        eps_an     theta_bar           S_d             b           p_b           S_b           r 2           r 3           r 4           r 5           r 6           r 7           r 8           r 9          r 10          r 11          r 12          r 13          r 14           ln lk          grad status 
   0 0.00000450123  0.0008663822 -44.346810000     0.1221405    0.01060767    0.09636954     0.6268517     0.6514728     0.6820074     0.5848618     0.7565646     0.6523473     0.6349214     0.7005902     0.6139579     0.6324166     0.6421517     0.7478784       1.22486 -117.5174539362 0.43876766648   -2 
   1 0.00000450122 0.00087902678 -44.110079296 0.12132771411 0.01060930700 0.09636943069 0.63923025880 0.64216353874 0.67176094646 0.58085786490 0.74846915747 0.65399849966 0.63978200755 0.70351973546 0.61501043158 0.63295696184 0.64597255561 0.75036289080 1.20850994077 -116.5820843539 0.77792113959   -2 
   2 0.00000450121 0.00086709549 -43.665416602 0.12025130470 0.01061154796 0.09636850873 0.66418909606 0.61800408945 0.64536037650 0.56976474773 0.72702597029 0.65712671377 0.65140461441 0.71009181558 0.61706204426 0.63372256935 0.65530057395 0.75606069246 1.16612801864 -114.7428694280 0.23909560786   -2 
   3 0.00000450121 0.00087081393 -42.943993494 0.11809091070 0.01061600474 0.09636750802 0.63165764006 0.61707979038 0.63379857505 0.56001371112 0.70926469602 0.65933451573 0.66379431388 0.71682092848 0.61907914565 0.63414521887 0.66740178771 0.76294839377 1.11610052851 -113.7231499735 0.12253210760   -2 
   4 0.00000450121 0.00087357275 -42.851555098 0.11787958438 0.01061643079 0.09636715528 0.63385276920 0.61715139958 0.63397649310 0.55928223299 0.70836585458 0.65871146570 0.66387828088 0.71660265017 0.61881194061 0.63376752947 0.66813140380 0.76308640223 1.11166134415 -113.6776659292 0.17471034666   -2 
   5 0.00000450120 0.00086895192 -42.432319605 0.11721869889 0.01061776282 0.09636492206 0.64479240669 0.61657752316 0.63464917851 0.55522901942 0.70359673969 0.65473977760 0.66341130235 0.71469795504 0.61695866284 0.63137903679 0.67143484845 0.76324963515 1.08871980579 -113.5049650342 0.06315320316   -2 
   6 0.00000450120 0.00086722939 -42.025512563 0.11669219258 0.01061886733 0.09636272083 0.63791252968 0.61727379354 0.63616376892 0.55423187042 0.70298203404 0.65215934984 0.66215981465 0.71283143076 0.61529252681 0.62930835254 0.67347803084 0.76289950315 1.07452359065 -113.4392560057 0.13606054734   -2 
   7 0.00000450120 0.00086964239 -41.834503138 0.11641125232 0.01061945759 0.09636175170 0.63554654155 0.61757391428 0.63677187147 0.55391418619 0.70284549812 0.65113722381 0.66162207719 0.71205286760 0.61458748030 0.62842908490 0.67432936382 0.76273708846 1.06875444818 -113.4161372858 0.04200840618   -2 
   8 0.00000450120 0.00086885461 -41.856113775 0.11648320785 0.01061931061 0.09636179305 0.63658535810 0.61721882335 0.63635976421 0.55397907647 0.70285544642 0.65130613715 0.66160591834 0.71210485288 0.61464140405 0.62851380386 0.67407295072 0.76265972647 1.06995571722 -113.4129226524 0.04088951248   -2 
   9 0.00000450120 0.00086942054 -41.833103805 0.11653141277 0.01061921949 0.09636154426 0.63843667519 0.61652052359 0.63558850683 0.55408111110 0.70289554607 0.65141016511 0.66139081508 0.71198120506 0.61453799409 0.62842396681 0.67373444888 0.76241451458 1.07102255316 -113.4076980360 0.02827920131   -2 
  10 0.00000450120 0.00086874282 -41.780505757 0.11656852702 0.01061915497 0.09636108766 0.63921285013 0.61593342459 0.63494731840 0.55410795329 0.70288669546 0.65132458198 0.66106171604 0.71170506720 0.61429867434 0.62816996699 0.67350571153 0.76211350262 1.07115250701 -113.4050929383 0.03342224344   -2 
  11 0.00000450120 0.00086946195 -41.589128513 0.11658938013 0.01061914883 0.09635962668 0.64048299048 0.61468434907 0.63347395079 0.55420936142 0.70293523918 0.65101671151 0.66011524294 0.71087639861 0.61355680860 0.62735875337 0.67298503233 0.76126257238 1.07087765344 -113.3993675654 0.03930719324   -2 
  12 0.00000450121 0.00086853172 -41.261730114 0.11664482979 0.01061909857 0.09635707401 0.64057994630 0.61319249414 0.63156867627 0.55424689905 0.70289967039 0.65039567841 0.65859472280 0.70949678956 0.61230589810 0.62597825664 0.67221539937 0.75987960114 1.06982042870 -113.3913517565 0.06137679438   -2 
  13 0.00000450121 0.00087013786 -40.582468987 0.11667436271 0.01061916809 0.09635187729 0.63958170288 0.61111395303 0.62858430738 0.55428676550 0.70282918683 0.64919476495 0.65576169355 0.70688843364 0.60989141322 0.62329149366 0.67080464065 0.75723415045 1.06743937224 -113.3760127684 0.05591863531   -2 
  14 0.00000450122 0.00086924505 -40.022482595 0.11675294234 0.01061911753 0.09634743392 0.63724513552 0.61028467221 0.62710023600 0.55402811566 0.70245817394 0.64814855994 0.65369952841 0.70491744667 0.60801963917 0.62119566481 0.66971256210 0.75518254639 1.06515885932 -113.3639159354 0.06306215460   -2 
  15 0.00000450123 0.00087061194 -39.512354052 0.11679519597 0.01061913145 0.09634339334 0.63494174679 0.61030203790 0.62664141308 0.55364438943 0.70197616032 0.64727308135 0.65218857180 0.70341269366 0.60652635940 0.61950431135 0.66884001177 0.75353641995 1.06306046504 -113.3533671768 0.04345179193   -2 
  16 0.00000450123 0.00086961769 -39.089360096 0.11692042933 0.01061896205 0.09633984719 0.63307577947 0.61104333079 0.62738985885 0.55291562874 0.70112253788 0.64654508363 0.65145227206 0.70254791895 0.60557116565 0.61840029605 0.66822062853 0.75245098640 1.06117472834 -113.3450974800 0.05277855944   -2 
  17 0.00000450124 0.00087044263 -38.663687152 0.11704616858 0.01061879381 0.09633625570 0.63201030127 0.61214679971 0.62877146544 0.55206295261 0.70014698942 0.64592634233 0.65113166203 0.70202503336 0.60487753059 0.61757076626 0.66772738323 0.75163218182 1.05938574671 -113.3371727111 0.04416299864   -2 
  18 0.00000450125 0.00086882607 -38.085905669 0.11736603516 0.01061827056 0.09633107750 0.63201577275 0.61352684532 0.63114885370 0.55065593365 0.69855333969 0.64520356616 0.65134069925 0.70184205277 0.60435947561 0.61689946358 0.66722039248 0.75094281459 1.05709311646 -113.3267496297 0.05572274425   -2 
  19 0.00000450126 0.00086931700 -37.632426828 0.11763191439 0.01061783592 0.09632696541 0.63294733707 0.61443497454 0.63301574035 0.54967161675 0.69746109215 0.64483559630 0.65186205989 0.70203259810 0.60423313194 0.61667136925 0.66697748877 0.75069687875 1.05561202595 -113.3187309160 0.04629215442   -2 
  20 0.00000450127 0.00086730641 -36.965914283 0.11820918850 0.01061683982 0.09632057732 0.63523516266 0.61482859525 0.63507898996 0.54853246163 0.69623800946 0.64465723885 0.65322722626 0.70290085876 0.60457827789 0.61691366363 0.66690104154 0.75089783558 1.05410754120 -113.3073016202 0.05716891433   -2 
  21 0.00000450128 0.00086801592 -36.492187106 0.11864852332 0.01061608718 0.09631598375 0.63695671070 0.61477232071 0.63602023983 0.54818076882 0.69592564925 0.64488993987 0.65452874997 0.70389702210 0.60518188513 0.61747409547 0.66709687810 0.75144254444 1.05370740845 -113.2977173362 0.06476845458   -2 
  22 0.00000450133 0.00086401144 -34.388761338 0.12110860114 0.01061184540 0.09629429318 0.64239697994 0.61305343666 0.63787374243 0.54795157785 0.69613951339 0.64688350543 0.66116114278 0.70935577794 0.60892235827 0.62113301604 0.66868469775 0.75506233602 1.05390649147 -113.2597683161 0.09704871909   -2 
  23 0.00000450135 0.00086656972 -33.799651500 0.12184772710 0.01061060082 0.09628805127 0.64172836967 0.61317090186 0.63769728271 0.54882421129 0.69730794426 0.64797030428 0.66299666107 0.71110794910 0.61033627966 0.62258382873 0.66955522662 0.75657891314 1.05524199006 -113.2305300527 0.14696636023   -2 
  24 0.00000450140 0.00086248094 -32.144554244 0.12450539895 0.01060609617 0.09626922256 0.63493610857 0.61380828853 0.63546512811 0.55248836695 0.70198156759 0.65156209581 0.66771690398 0.71606311701 0.61475566508 0.62724052028 0.67258384554 0.76153007097 1.06089620171 -113.1162205851 0.13306887788   -2 
  25 0.00000450143 0.00086452266 -31.256606118 0.12596781826 0.01060367781 0.09625883541 0.63203309810 0.61462708882 0.63434930088 0.55481760693 0.70491042730 0.65368747625 0.67004897471 0.71869511704 0.61724977722 0.62990596773 0.67445742081 0.76441919646 1.06464809581 -113.0813151273 0.06275959690   -2 
  26 0.00000450155 0.00085789826 -27.896240403 0.13369772909 0.01059111907 0.09621451490 0.63926020780 0.62029408363 0.63148127812 0.56497590832 0.71711112639 0.66136597036 0.67182123607 0.72444748279 0.62600392293 0.64012516783 0.68384410551 0.77643323168 1.08681405300 -112.9533309291 0.18144061078   -2 
  27 0.00000450159 0.00085926119 -26.839156575 0.13633127834 0.01058704571 0.09619966926 0.64214590862 0.62236439994 0.63130027616 0.56828395739 0.72110925161 0.66397812341 0.67241302353 0.72636571569 0.62892740116 0.64354889116 0.68710972467 0.78051218940 1.09444425863 -112.9104793401 0.06379790340   -2 
  28 0.00000450166 0.00085903571 -24.902603932 0.14160183209 0.01057919256 0.09617116019 0.64640960919 0.62552470949 0.63710167297 0.57208803987 0.72599175713 0.66830049287 0.67342046860 0.72944707769 0.63367290600 0.64921823314 0.69357322801 0.78775895226 1.10838838794 -112.8649127181 0.18287386183   -2 
  29 0.00000450179 0.00085186571 -22.192378088 0.15029955137 0.01056688107 0.09612715579 0.65155614001 0.62982450176 0.64704176150 0.57716801040 0.73265565453 0.67470233375 0.67506035240 0.73407938134 0.64074527910 0.65770286437 0.70355393606 0.79875467012 1.12954443462 -112.7866346259 0.07755311422   -2 
  30 0.00000450187 0.00085192368 -20.376471108 0.15639432735 0.01055894611 0.09609610569 0.64929741948 0.63186863443 0.65638434223 0.57815167019 0.73475295980 0.67888055460 0.67876739820 0.73840339279 0.64507944046 0.66268759719 0.71055525512 0.80578180116 1.14148942610 -112.7250284206 0.14583150634   -2 
  31 0.00000450193 0.00084828370 -19.309267589 0.16041001594 0.01055390250 0.09607656947 0.64717072481 0.63270382758 0.66181808109 0.57831405791 0.73557746964 0.68130738621 0.68144121159 0.74120725191 0.64761505077 0.66556627801 0.71482152119 0.80995678729 1.14821694498 -112.6877888401 0.06016295518   -2 
  32 0.00000450203 0.00084445981 -17.295407915 0.16833207641 0.01054459951 0.09603802541 0.64408325027 0.63303507262 0.66828615325 0.57707790168 0.73558967220 0.68536717640 0.68915985896 0.74771456703 0.65180673259 0.66998040465 0.72245213329 0.81694573774 1.15697021906 -112.6476794551 0.10491855899   -2 
  33 0.00000450207 0.00084553710 -16.676230308 0.17088732884 0.01054176538 0.09602560787 0.64425299436 0.63308011272 0.66903403891 0.57666998832 0.73557282016 0.68652274003 0.69197773078 0.74994240177 0.65300960063 0.67116381405 0.72467618041 0.81892499294 1.15889072180 -112.6248044129 0.11081069476   -2 
  34 0.00000450224 0.00083867392 -14.019648293 0.18381503736 0.01052811499 0.09596676382 0.64824684728 0.63205659657 0.66556056328 0.57453016462 0.73504922463 0.69072298511 0.70592325471 0.76037429604 0.65770192729 0.67539217339 0.73367185190 0.82663174248 1.16341703271 -112.5131843269 0.05234856532   -2 
  35 0.00000450221 0.00083822871 -14.369357819 0.18201318524 0.01052996677 0.09597524893 0.64755494846 0.63266464178 0.66411493995 0.57582632118 0.73603024986 0.68962994035 0.70309029716 0.75834646463 0.65666499474 0.67429872692 0.73141386896 0.82475328723 1.16130607187 -112.4997147178 0.09367377759   -2 
  36 0.00000450218 0.00084150810 -14.911002577 0.17919056083 0.01053298319 0.09598837514 0.64702086711 0.63393499402 0.66115179293 0.57832438213 0.73803391504 0.68782013293 0.69854830539 0.75512279259 0.65494801928 0.67241878956 0.72753842064 0.82154768945 1.15738674804 -112.4763462415 0.04047264722   -2 
  37 0.00000450218 0.00084063456 -14.906514596 0.17920340616 0.01053299363 0.09598841617 0.64718574042 0.63369791654 0.66067361242 0.57833241355 0.73801318764 0.68765671194 0.69849020454 0.75503519515 0.65479742281 0.67221141219 0.72722877391 0.82126292833 1.15676738971 -112.4728779179 0.04142039777   -2 
  38 0.00000450219 0.00084130722 -14.844865213 0.17900503094 0.01053359767 0.09598916356 0.64962319249 0.63171948309 0.65613956462 0.57861134570 0.73805346010 0.68613140453 0.69807644994 0.75429317079 0.65329617855 0.67008341309 0.72399825362 0.81831910025 1.15033355273 -112.4532871197 0.02728820160   -2 
  39 0.00000450220 0.00084136174 -14.757884222 0.17855935537 0.01053471767 0.09599076338 0.64614825601 0.63075281193 0.65353830610 0.57835421520 0.73746925418 0.68422874959 0.69726546824 0.75308924627 0.65120876994 0.66718402583 0.71969102435 0.81433795548 1.14233872765 -112.4381923259 0.04971098151   -2 
  40 0.00000450220 0.00084226198 -14.738600588 0.17843656782 0.01053499683 0.09599114263 0.64556455706 0.63063552279 0.65323942399 0.57825588892 0.73730654504 0.68387079206 0.69708173056 0.75283389199 0.65079494991 0.66661514611 0.71885560138 0.81355976764 1.14084619570 -112.4352924155 0.01693607356   -2 
  41 0.00000450221 0.00084197245 -14.680176976 0.17802611645 0.01053598822 0.09599308065 0.64509593162 0.63045760351 0.65555704713 0.57653296011 0.73526405130 0.68278397777 0.69567111138 0.75135380316 0.64938265658 0.66492771201 0.71669129088 0.81135850138 1.13810056839 -112.4289848497 0.00980622079   -2 
  42 0.00000450221 0.00084213569 -14.677017171 0.17799826010 0.01053605667 0.09599324875 0.64518313520 0.63044273791 0.65562227619 0.57644443276 0.73516411132 0.68275287903 0.69558492372 0.75126941378 0.64932196626 0.66486599808 0.71663011946 0.81128369429 1.13809986782 -112.4288259567 0.00824279282   -2 
  43 0.00000450222 0.00084190208 -14.665239257 0.17789777727 0.01053635258 0.09599421954 0.64574788341 0.63027518328 0.65562095884 0.57603177482 0.73470906736 0.68266816164 0.69513144422 0.75084113913 0.64907716866 0.66466470871 0.71651969268 0.81106862303 1.13855201461 -112.4282933890 0.00440283486   -2 
  44 0.00000450222 0.00084204269 -14.659153481 0.17783634876 0.01053656055 0.09599505852 0.64570966420 0.63024167889 0.65538540120 0.57592340862 0.73460153719 0.68270127517 0.69490857198 0.75063566536 0.64899781688 0.66464450236 0.71662128154 0.81108213179 1.13916778591 -112.4281069314 0.01050944891   -2 
  45 0.00000450223 0.00084186342 -14.651202143 0.17776154090 0.01053684643 0.09599631136 0.64557121646 0.63017775646 0.65501739620 0.57577717738 0.73445531270 0.68274361492 0.69458921490 0.75033988001 0.64888456878 0.66461976273 0.71677806666 0.81110886417 1.14006509727 -112.4278545668 0.00169384774   -2 
  46 0.00000450224 0.00084191491 -14.649780494 0.17776412765 0.01053693324 0.09599695686 0.64542264472 0.63017839791 0.65499903653 0.57583714575 0.73451368239 0.68273603644 0.69457730676 0.75031852169 0.64887677980 0.66463903925 0.71685554484 0.81115018743 1.14024290308 -112.4278257614 0.00245814975   -2 
  47 0.00000450224 0.00084187959 -14.649402872 0.17776847431 0.01053696237 0.09599720789 0.64537903856 0.63017521476 0.65499477938 0.57585925719 0.73453458467 0.68273059155 0.69457572981 0.75031290889 0.64887419798 0.66464588122 0.71688268182 0.81116472363 1.14029686541 -112.4278177036 0.00109049426   -2 
  48 0.00000450226 0.00084187861 -14.645769906 0.17784686230 0.01053728543 0.09600028461 0.64543275883 0.63015091525 0.65506660404 0.57610918490 0.73477052232 0.68265629556 0.69464990336 0.75033511959 0.64887547958 0.66473212602 0.71715743684 0.81132615045 1.14064902239 -112.4277748126 0.00143022879   -2 
  49 0.00000450226 0.00084184572 -14.645197014 0.17786070465 0.01053733723 0.09600078958 0.64544756272 0.63015514830 0.65507777287 0.57613430264 0.73479540058 0.68265157597 0.69466332319 0.75034289959 0.64887864623 0.66474552925 0.71719429325 0.81134947166 1.14069026590 -112.4277709230 0.00137747527   -2 
  50 0.00000450228 0.00084182827 -14.640887877 0.17794541575 0.01053768847 0.09600411237 0.64559639644 0.63024690332 0.65516248329 0.57622187654 0.73489599299 0.68267311038 0.69476583543 0.75042502367 0.64892214769 0.66483515013 0.71739612078 0.81149205532 1.14088437465 -112.4277504388 0.00125756189   -2 
  51 0.00000450230 0.00084177467 -14.637788937 0.17799867347 0.01053792684 0.09600632492 0.64563650941 0.63031418183 0.65521333399 0.57623888929 0.73492930510 0.68271907405 0.69483548656 0.75049308415 0.64896460336 0.66489415989 0.71750048274 0.81157747622 1.14097245362 -112.4277407722 0.00234452346   -2 
  52 0.00000450230 0.00084177467 -14.637788937 0.17799867347 0.01053792684 0.09600632492 0.64563650941 0.63031418183 0.65521333399 0.57623888929 0.73492930510 0.68271907405 0.69483548656 0.75049308415 0.64896460336 0.66489415989 0.71750048274 0.81157747622 1.14097245362 -112.4277407722           NAN   -8 
  53 0.00000450230 0.00084181520 -14.637559069 0.17799777215 0.01053793688 0.09600638665 0.64562942246 0.63031641363 0.65521478029 0.57623414844 0.73492654465 0.68272709343 0.69483802347 0.75049797375 0.64896902785 0.66489617292 0.71749773164 0.81157853067 1.14096964962 -112.4277341603 0.00133083544   -2 
  54 0.00000450231 0.00084182384 -14.635010325 0.17800172808 0.01053806787 0.09600734492 0.64547603027 0.63031490063 0.65520947668 0.57614665325 0.73486410128 0.68283261220 0.69486251232 0.75055807091 0.64902689739 0.66491786717 0.71744609851 0.81158352493 1.14090960492 -112.4277080574 0.00088402865   -2 
  55 0.00000450231 0.00084182438 -14.633112580 0.17800619270 0.01053816555 0.09600807233 0.64543129747 0.63030631092 0.65520070899 0.57609230911 0.73482333791 0.68289404582 0.69487494356 0.75059351483 0.64906338053 0.66493055239 0.71740915029 0.81158459016 1.14086595330 -112.4277039309 0.00114683175   -2 
  56 0.00000450232 0.00084184463 -14.630290392 0.17801523751 0.01053831048 0.09600917181 0.64550462661 0.63028457187 0.65518207843 0.57604452148 0.73478333675 0.68294166295 0.69488060896 0.75062312646 0.64910050410 0.66494144211 0.71736168208 0.81158128306 1.14080982237 -112.4276914639 0.00214424475   -2 
  57 0.00000450232 0.00084180497 -14.628193182 0.17802412420 0.01053842097 0.09601003046 0.64555714501 0.63026670315 0.65516668775 0.57601222979 0.73475514421 0.68297111570 0.69488259114 0.75064182269 0.64912596147 0.66494824400 0.71732612975 0.81157761173 1.14076705756 -112.4276840156 0.00067271703   -2 
  58 0.00000450233 0.00084176664 -14.625194815 0.17804045723 0.01053859147 0.09601139655 0.64550512695 0.63030338449 0.65518787450 0.57608474309 0.73481022891 0.68291055485 0.69487100685 0.75061926834 0.64911898489 0.66494591282 0.71732127645 0.81157510048 1.14077610212 -112.4276733934 0.00221475071   -2 
  59 0.00000450234 0.00084179466 -14.622599688 0.17805256552 0.01053873644 0.09601253943 0.64547579363 0.63033322268 0.65520661558 0.57614336502 0.73485572797 0.68286385673 0.69486325960 0.75060250982 0.64911406430 0.66494497003 0.71731894183 0.81157439744 1.14078593011 -112.4276651869 0.00081291347   -2 
  60 0.00000450237 0.00084175997 -14.614067620 0.17810239257 0.01053922760 0.09601650126 0.64560820883 0.63030518083 0.65521689750 0.57622391118 0.73492184262 0.68278464410 0.69485398658 0.75057098849 0.64910164981 0.66494633111 0.71732712497 0.81158055971 1.14082371532 -112.4276448323 0.00094392521   -2 
  61 0.00000450238 0.00084172220 -14.611538117 0.17811804695 0.01053938269 0.09601776241 0.64556166326 0.63030166140 0.65521525971 0.57619998037 0.73490936560 0.68281285385 0.69486718108 0.75058526744 0.64910854172 0.66495464720 0.71733947848 0.81159244740 1.14084307416 -112.4276361247 0.00261525689   -2 
  62 0.00000450240 0.00084176804 -14.602722712 0.17816610153 0.01053991577 0.09602203988 0.64541690293 0.63030033697 0.65521555297 0.57611492911 0.73486658075 0.68292202900 0.69491816098 0.75064201690 0.64913669601 0.66498669927 0.71738553632 0.81163747253 1.14091553297 -112.4276084632 0.00112896020   -2 
  63 0.00000450243 0.00084178934 -14.595500830 0.17820901699 0.01054036175 0.09602564964 0.64550465973 0.63028884109 0.65520094391 0.57605863115 0.73482981238 0.68299399416 0.69494818176 0.75068373909 0.64915980166 0.66501035597 0.71741865355 0.81167062787 1.14095861331 -112.4275835363 0.00297405402   -2 
  64 0.00000450246 0.00084173420 -14.587666946 0.17825868839 0.01054085163 0.09602964115 0.64559662219 0.63027403208 0.65518316213 0.57600029205 0.73479043247 0.68306762611 0.69497847010 0.75072717296 0.64918427131 0.66503530634 0.71745361984 0.81170572029 1.14100308046 -112.4275762018 0.00135173089   -2 
  65 0.00000450246 0.00084173420 -14.587666946 0.17825868839 0.01054085163 0.09602964115 0.64559662219 0.63027403208 0.65518316213 0.57600029205 0.73479043247 0.68306762611 0.69497847010 0.75072717296 0.64918427131 0.66503530634 0.71745361984 0.81170572029 1.14100308046 -112.4275762018           NAN   -8 
  66 0.00000450246 0.00084170681 -14.587554010 0.17826033824 0.01054086244 0.09602973658 0.64558144285 0.63027844771 0.65518710748 0.57601075666 0.73479791622 0.68306117361 0.69497707634 0.75072596150 0.64918478055 0.66503564215 0.71745349811 0.81170603815 1.14100258247 -112.4275727806 0.00133221621   -2 
  67 0.00000450246 0.00084171975 -14.586180618 0.17826763926 0.01054096615 0.09603055944 0.64548659224 0.63032643340 0.65522924711 0.57610349840 0.73486783323 0.68301340232 0.69497078551 0.75072126128 0.64919279249 0.66504199785 0.71745618981 0.81171303592 1.14100891613 -112.4275627981 0.00066638956   -2 
  68 0.00000450247 0.00084172651 -14.584342667 0.17828098777 0.01054110496 0.09603168840 0.64555299871 0.63032999464 0.65524642668 0.57616830304 0.73491679094 0.68297438794 0.69496587521 0.75071791647 0.64920165471 0.66504941489 0.71745974060 0.81172147415 1.14101502059 -112.4275555652 0.00166900463   -2 
  69 0.00000450247 0.00084172651 -14.584342667 0.17828098777 0.01054110496 0.09603168840 0.64555299871 0.63032999464 0.65524642668 0.57616830304 0.73491679094 0.68297438794 0.69496587521 0.75071791647 0.64920165471 0.66504941489 0.71745974060 0.81172147415 1.14101502059 -112.4275555652 0.00166900463   -5 
  70 0.00000450247 0.00084170159 -14.584307450 0.17828225868 0.01054110978 0.09603173602 0.64555057873 0.63032858825 0.65524540029 0.57616757352 0.73491619239 0.68297424466 0.69496581550 0.75071787159 0.64920180779 0.66504956138 0.71745983469 0.81172167105 1.14101513025 -112.4275529674 0.00036444791   -2 
  71 0.00000450269 0.00084154870 -14.531677924 0.17867772947 0.01054521617 0.09606511528 0.64551006656 0.63030963298 0.65527131278 0.57611322511 0.73507846106 0.68329440877  0.6952964639 0.75106408268 0.64956617430 0.66539463494 0.71778034086 0.81215967580 1.14164178796 -112.4274700412 0.00480254762   -2 
  72 0.00000450276 0.00084158827 -14.513107906 0.17881293238 0.01054665968 0.09607680942 0.64551476783 0.63031635951 0.65528991814 0.57610510015 0.73513870103 0.68340293071 0.69540942958 0.75118332209 0.64969101424 0.66551381486 0.71789225460 0.81231116272 1.14185796726 -112.4274402297 0.00169936789   -2 
  73 0.00000450306 0.00084139974 -14.440460108 0.17932419651 0.01055231634 0.09612244782 0.64579344831 0.63057094296 0.65551835492 0.57632726277 0.73537295094 0.68363574190 0.69569147919 0.75151408132 0.65004173926 0.66587949067 0.71827000689 0.81278516115 1.14250635280 -112.4273482740 0.00373588324   -2 
  74 0.00000450311 0.00084130170 -14.428563272 0.17940890555 0.01055325134 0.09612999503 0.64581995438 0.63060989417 0.65555810839 0.57637164158 0.73541281062 0.68366811044 0.69573224750 0.75156361384 0.65009324891 0.66593511938 0.71832979419 0.81285781403 1.14260485160 -112.4273315952 0.00168971535   -2 
  75 0.00000450323 0.00084125789 -14.399414981 0.17958145768 0.01055553361 0.09614811600 0.64570148400 0.63070009714 0.65571484941 0.57659594688 0.73556107944 0.68369897003 0.69578120962 0.75164212223 0.65014910570 0.66602094987 0.71845495147 0.81297619813 1.14276376764 -112.4272867401 0.00168069630   -2 
  76 0.00000450324 0.00084122035 -14.396164353 0.17960043793 0.01055579359 0.09615017640 0.64569051337 0.63070133203 0.65572713555 0.57662057230 0.73557664897 0.68369937493 0.69578301355 0.75164731247 0.65015003522 0.66602631738 0.71846652439 0.81298438757 1.14277455887 -112.4272829231 0.00102384815   -2 
  77 0.00000450331 0.00084118858 -14.378120991 0.17967966025 0.01055725942 0.09616156221 0.64574436503 0.63061898450 0.65573569000 0.57674456468 0.73565842235 0.68367846447 0.69575833879 0.75164078014 0.65009350522 0.66600631430 0.71850271057 0.81297012324 1.14275727153 -112.4272629195 0.00100374525   -2 
  78 0.00000450332 0.00084116461 -14.376145757 0.17968822693 0.01055742868 0.09616287543 0.64574521282 0.63061158854 0.65573068975 0.57674959228 0.73566232639 0.68367581181 0.69575448368 0.75163823966 0.65008463603 0.66600129860 0.71850423757 0.81296502925 1.14275158002 -112.4272612504 0.00085755596   -2 
  79 0.00000450340 0.00084117035 -14.359650754 0.17974362542 0.01055891059 0.09617422009 0.64572348565 0.63060478062 0.65564284398 0.57669462962 0.73564480946 0.68366323384 0.69572220699 0.75160792568 0.64999233582 0.66593626889 0.71849441702 0.81289296472 1.14267443745 -112.4272423555 0.00149127869   -2 
  80 0.00000450340 0.00084114561 -14.358316307 0.17974891882 0.01055904130 0.09617522819 0.64571608966 0.63060383730 0.65563558819 0.57668552371 0.73563950328 0.68366181642 0.69571933564 0.75160467078 0.64998482967 0.66593017680 0.71849195802 0.81288598213 1.14266717222 -112.4272399271 0.00045134355   -2 
  81 0.00000450342 0.00084115464 -14.355687007 0.17975755002 0.01055940384 0.09617801290 0.64566978172 0.63061422450 0.65564526282 0.57662472557 0.73559403517 0.68366342108 0.69572076302 0.75159840854 0.64998171828 0.66591743538 0.71847224312 0.81286909615 1.14265692848 -112.4272367580 0.00022356639   -2 
  82 0.00000450343 0.00084115086 -14.355409845 0.17975928567 0.01055955388 0.09617917779 0.64568732023 0.63060176186 0.65564973109 0.57660410619 0.73557324059 0.68366129987 0.69572190115 0.75159512249 0.64998915139 0.66591512008 0.71845801117 0.81286438928 1.14265741620 -112.4272360654 0.00025795265   -2 
  83 0.00000450343 0.00084115498 -14.355378662 0.17975932108 0.01055957928 0.09617937334 0.64568931157 0.63060044297 0.65565038767 0.57660180946 0.73557077433 0.68366105379 0.69572217715 0.75159474852 0.64999055283 0.66591493719 0.71845581885 0.81286387040 1.14265740613 -112.4272359902 0.00009632348    0 
-- Found new optimum with likelihood -112.427235990248761 and gradient 0.00010

---- Best joint likelihood found -112.427235990248761 with gradient 0.00010

---- Results for /scratch/40841107/tmpm34j3fcg 
--  Model: C
--        eps_an     theta_bar             a 
-- 0.00000450343 0.00084115498            -1 
--           S_d             b           p_b           S_b 
-- -14.355378662 0.17975932108 0.01055957928 0.09617937334 
--           r 2           r 3           r 4           r 5           r 6           r 7           r 8           r 9          r 10          r 11          r 12          r 13          r 14 
-- 0.64568931157 0.63060044297 0.65565038767 0.57660180946 0.73557077433 0.68366105379 0.69572217715 0.75159474852 0.64999055283 0.66591493719 0.71845581885 0.81286387040 1.14265740613 

---- Expected P_neut(i), 0 < i < n (neutral SFS per site) 
E[P_neut(1)] = 0.0008411515
E[P_neut(2)] = 0.0002715614
E[P_neut(3)] = 0.0001768103
E[P_neut(4)] = 0.0001378755
E[P_neut(5)] = 0.0000970021
E[P_neut(6)] = 0.0001031214
E[P_neut(7)] = 0.0000821521
E[P_neut(8)] = 0.0000731513
E[P_neut(9)] = 0.0000702454
E[P_neut(10)] = 0.0000546745
E[P_neut(11)] = 0.0000509220
E[P_neut(12)] = 0.0000503616
E[P_neut(13)] = 0.0000525967
E[P_neut(14)] = 0.0000686572

---- Expected P_sel(i), 0 < i < n (selected SFS per site) 
E[P_sel(1)] = 0.0006602313
E[P_sel(2)] = 0.0001899845
E[P_sel(3)] = 0.0001155499
E[P_sel(4)] = 0.0000859894
E[P_sel(5)] = 0.0000584080
E[P_sel(6)] = 0.0000603763
E[P_sel(7)] = 0.0000469931
E[P_sel(8)] = 0.0000410209
E[P_sel(9)] = 0.0000387145
E[P_sel(10)] = 0.0000296732
E[P_sel(11)] = 0.0000272574
E[P_sel(12)] = 0.0000266214
E[P_sel(13)] = 0.0000274852
E[P_sel(14)] = 0.0000355000

---- alpha_dfe = 0.021849

