---- Running command
---- ./polyDFE -d /scratch/40841832/tmp5z3eeh03 -m C -i /scratch/40841832/tmp28szp5c8 1 -v 1 
---- Performing inference using model C

---- Performing inference on /scratch/40841832/tmp5z3eeh03
----      with -i /scratch/40841832/tmp28szp5c8 1
---- Data /scratch/40841832/tmp5z3eeh03 does not contain divergence counts. Using option -w.
---- No mutation variability. Using Poisson likelihood.


---- Using provided initial values

-- Starting local optimization
-- Optimizing all parameters
  it        eps_an     theta_bar           S_d             b           p_b           S_b           r 2           r 3           r 4           r 5           r 6           r 7           r 8           r 9          r 10          r 11          r 12          r 13          r 14          r 15          r 16          r 17          r 18          r 19          r 20          r 21          r 22          r 23          r 24          r 25          r 26          r 27          r 28          r 29          r 30          r 31          r 32          r 33          r 34          r 35          r 36          r 37          r 38          r 39           ln lk          grad status 
   0 0.00000450288   0.001050261 -26.884510000     0.1464485   0.004419742    0.05627203     0.4932568     0.4490162      0.411058     0.4293708     0.4059378     0.3950674     0.4836194     0.4412304     0.4459431     0.5171633     0.4880109      0.499798     0.5114526     0.4705895     0.3840001     0.3914661     0.4942643     0.4410675     0.4295933     0.3836019     0.3386893     0.4566943     0.4425798     0.4623484      0.424307     0.4116725     0.4906384     0.4335386     0.4045893     0.5819833     0.4816641     0.5724359     0.5396078     0.5300813       0.62822     0.8578236      0.810246      2.052769 -271.3437401215 1.27464284665   -2 
   1 0.00000450288 0.00103167956 -26.935167175 0.14686138528 0.00441961318 0.05627199561 0.49451740118 0.44863065514 0.41064335918 0.43029727870 0.40447473322 0.39518177417 0.48293259947 0.44015620796 0.44639031371 0.51672555583 0.48891236663 0.50086077214 0.51065843312 0.47139479182 0.38338772523 0.39106933526 0.49433438388 0.44132051731 0.42953157191 0.38360191379 0.33888778718 0.45610730707 0.44251638572 0.46188669579 0.42418494244 0.41173189437 0.49042962347 0.43372539550 0.40441399847 0.58149753230 0.48159562381 0.57235609610 0.53983516331 0.52933591507 0.62891295914 0.85793610217 0.81003134520 2.05439678604 -270.1528471874 0.65243475260   -2 
   2 0.00000450289 0.00104841805 -27.065737635 0.14761219237 0.00441934478 0.05627189418 0.52133189507 0.44995993397 0.40920818674 0.44546701661 0.38858454470 0.39856448128 0.47665014433 0.42837040830 0.45382999323 0.51309350545 0.50227789506 0.51630080650 0.50200505202 0.48309762156 0.37629425025 0.38669533038 0.49631012674 0.44542063619 0.42946416472 0.38416097159 0.34189076410 0.44927390091 0.44233279761 0.45660491372 0.42314534093 0.41299293029 0.48838878938 0.43665687660 0.40256923849 0.57605023875 0.48125980680 0.57206213704 0.54343397596 0.52035538981 0.63876630059 0.86077881526 0.80846701506 2.08114452952 -266.6999518354 1.45170190094   -2 
   3 0.00000450290 0.00102573700 -27.301842640 0.14913688236 0.00441883577 0.05627173900 0.54644995958 0.45069919425 0.40728960968 0.46216590491 0.37151876207 0.40216079148 0.46952678486 0.41536463631 0.46214847439 0.50885634820 0.51756569907 0.53408295903 0.49225373056 0.49656424767 0.36830133554 0.38170013488 0.49845905911 0.45005458682 0.42931618773 0.38474628960 0.34531809151 0.44152262347 0.44206147189 0.45057541594 0.42190676886 0.41439395729 0.48600153373 0.43998881411 0.40042392430 0.56980398882 0.48082260574 0.57165522799 0.54752045028 0.51018664960 0.65013703538 0.86390090292 0.80656819401 2.11114581630 -263.7512701159 0.53293503279   -2 
   4 0.00000450294 0.00103305569 -27.717388356 0.14973023719 0.00441847367 0.05627176116 0.51255261167 0.45838431077 0.41014863950 0.48913395071 0.34747856441 0.41139921510 0.46033444284 0.39332870135 0.48159729745 0.50326408189 0.55284637794 0.57551147698 0.47395177059 0.52918838606 0.35149546900 0.37137562528 0.50494423107 0.46219140484 0.43005061474 0.38697734121 0.35438092552 0.42463598067 0.44236478604 0.43741827046 0.41973308319 0.41855567833 0.48128323287 0.44896303701 0.39583725423 0.55628553738 0.48059143487 0.57179249433 0.55854808417 0.48699178180 0.67957082706 0.87341979867 0.80389929052 2.18569755743 -259.4275805137 0.23638558951   -2 
   5 0.00000450294 0.00102648426 -27.787362506 0.14992371632 0.00441838893 0.05627174821 0.51211487051 0.45718057109 0.41058941431 0.48575878169 0.34824693109 0.41169006405 0.46064738859 0.39255167366 0.48273158755 0.50322830304 0.55520100583 0.57854621997 0.47257577002 0.53235144517 0.34962234782 0.37022214868 0.50575833268 0.46372090111 0.43021506687 0.38732720740 0.35569305642 0.42253490800 0.44246832919 0.43574144362 0.41948544276 0.41919222853 0.48070748098 0.45029521306 0.39521138774 0.55456024844 0.48061304836 0.57188636602 0.56017722532 0.48377226246 0.68375562805 0.87478062827 0.80367765571 2.19284742242 -259.2153940947 0.51425474235   -2 
   6 0.00000450297 0.00103398704 -28.205261908 0.15031471447 0.00441806090 0.05627171520 0.51442202198 0.44857473969 0.41484670448 0.45787412246 0.35705966768 0.41381653698 0.46453814688 0.38825568107 0.49102168314 0.50384198360 0.57249176858 0.60112936617 0.46301257045 0.55684652284 0.33576935867 0.36168130853 0.51232852121 0.47587034576 0.43170920240 0.39022073198 0.36620619534 0.40677616640 0.44346488913 0.42310589301 0.41771989321 0.42433890247 0.47644312162 0.46097840295 0.39046511077 0.54155032637 0.48094560335 0.57284016481 0.57323809607 0.45943068476 0.71738837609 0.88579314979 0.80233023538 2.24818647270 -257.7369620495 0.12815121616   -2 
   7 0.00000450298 0.00102736833 -28.376736853 0.15063672373 0.00441786221 0.05627157951 0.51734252774 0.45312657693 0.41347627904 0.45684239323 0.36284357391 0.41263131869 0.46701171352 0.39067491422 0.48993206658 0.50508065417 0.57140529100 0.60086011407 0.46226977473 0.56058220498 0.33179915512 0.35924014075 0.51422578335 0.47961545854 0.43236586080 0.39137800202 0.37035669786 0.40141036130 0.44396846223 0.41864993188 0.41716035787 0.42647310488 0.47499191341 0.46534529368 0.38859227047 0.53694305421 0.48119814397 0.57337093367 0.57852944327 0.44979377139 0.73030886815 0.88982112586 0.80214973440 2.25709929449 -257.5070111618 0.43993797683   -2 
   8 0.00000450299 0.00103137787 -28.552344127 0.15077550880 0.00441769820 0.05627143135 0.52109132139 0.45886669813 0.41203257518 0.45644537061 0.36979308521 0.41129988029 0.47004838410 0.39380075835 0.48856339960 0.50668456758 0.56985175528 0.60017270786  0.4616488526 0.56470422005 0.32732100351 0.35649126326 0.51647760392 0.48402030639 0.43318505220 0.39277493871 0.37530896102 0.39527775246 0.44460545870 0.41353786776 0.41654472690 0.42902885840 0.47334562016 0.47056186620 0.38642531765  0.5316533988 0.48153602299 0.57404915423 0.58484649993 0.43871742300 0.74574794457 0.89462902686 0.80203206213 2.26715308345 -257.2458362122 0.10858305111   -2 
   9 0.00000450299 0.00103051039 -28.729999297 0.15062220297 0.00441758953 0.05627124455 0.51469159903 0.45856528411 0.41260122360 0.46536311369 0.37322510735 0.41058705725 0.47241901481 0.39883071992 0.48587434156 0.50897281525 0.56460431720 0.59435443287 0.46388073838 0.56362890271 0.32473549564 0.35506131199 0.51818311543 0.48718019749 0.43426185372 0.39429388911 0.38008050223 0.39048055318 0.44554647688 0.40940196615 0.41629978874 0.43174505828 0.47225847649 0.47583619725 0.38447289748 0.52741653344 0.48219422382 0.57512496951 0.59118099834 0.42796868006 0.75979045283 0.89920608148 0.80271547397 2.26726495839 -257.0429337144 0.13266748681   -2 
  10 0.00000450300 0.00103242704 -28.741175763 0.15057005885 0.00441759048 0.05627122644 0.51467823317 0.45837049752 0.41272849488 0.46617374829 0.37330948028 0.41057950754 0.47256039282 0.39927353870 0.48564934328 0.50917421355 0.56410484872 0.59375459271 0.46417215663 0.56335617175 0.32459773060 0.35499802263 0.51830438140 0.48739239023 0.43436523129 0.39442936102 0.38047924283 0.39012978732 0.44564122325 0.40909202023 0.41629651025 0.43198575946 0.47219168408 0.47629072816 0.38431484583 0.52710182141 0.48226633589 0.57523609561 0.59172397383 0.42705343252 0.76091705950 0.89958436023 0.80281083708 2.26692457373 -257.0269022025 0.08697140192   -2 
  11 0.00000450300 0.00103125608 -28.842431296 0.15049573834 0.00441751066 0.05627105125 0.51875493131 0.45478669162 0.41378468218 0.47063392274 0.37129757218 0.41084647260 0.47241852972 0.40177502083 0.48414955828 0.51016208869 0.56038377264 0.58889515978 0.46680628953 0.55963052787 0.32458849022 0.35517180887 0.51860981590 0.48789923852 0.43500586293 0.39522065093 0.38267396898 0.38857838336 0.44627693278 0.40762276896 0.41639954639 0.43344207921 0.47199321258 0.47895101063 0.38341011671 0.52562923395 0.48279697222 0.57600970631 0.59486481655 0.42146775482 0.76660491184 0.90149769815 0.80362319225 2.26037690218 -256.9462891423 0.04472780319   -2 
  12 0.00000450300 0.00103316391 -28.872578909 0.15035204877 0.00441750784 0.05627097388 0.51858083425 0.45506269616 0.41409271379 0.47019612728 0.36967262327 0.41122012669 0.47191313640 0.40211659990 0.48399515226 0.51028388994 0.55952645009 0.58748427340 0.46799625543 0.55768277899 0.32516865589 0.35562535552 0.51847450678 0.48757124762 0.43522722409 0.39544929052 0.38315109660 0.38856838501 0.44653022732 0.40752226680 0.41654432098 0.43387868762 0.47211610935 0.47965949596 0.38320836467 0.52555490090 0.48304534462 0.57633763985 0.59567475122 0.41981709821 0.76741036298 0.90183331557 0.80407199802 2.25659581341 -256.9292311353 0.13762137839   -2 
  13 0.00000450301 0.00103203648 -28.965972237 0.15008143091 0.00441746708 0.05627075766 0.51760813609 0.45580402947 0.41475145606 0.46868655154 0.36536027252 0.41216469557 0.47048837564 0.40287393841 0.48360202199 0.51051061560 0.55733272081 0.58384498882 0.47109963031 0.55252717077 0.32676013922 0.35685333364 0.51805351881 0.48661434158 0.43578302019 0.39602219233 0.38433883086 0.38860950270 0.44717823345 0.40730876240 0.41692474810 0.43499428961 0.47244954617 0.48146237920 0.38268811437 0.52540959734 0.48368893216 0.57718235619 0.59772740152 0.41556100008 0.76929802178 0.90261421716 0.80523530802 2.24641457356 -256.8868350821 0.02258134142   -2 
  14 0.00000450301 0.00103280328 -29.045303326 0.14965791607 0.00441745485 0.05627046135 0.51735843657 0.45593144379 0.41234831088 0.46530948786 0.36636572905 0.41170362208 0.46983036534 0.40086264978 0.48427791806 0.50939021601 0.55871212407 0.58510161201 0.47146153519 0.55084930491 0.32866076378 0.35810804277 0.51707399091 0.48485894752 0.43575623436 0.39596521011 0.38394855096 0.38985677561 0.44734626974 0.40813075446 0.41724244909 0.43518159236 0.47292942776 0.48155197202 0.38259112840 0.52628809322 0.48402025160 0.57750471294 0.59769281816 0.41374656436 0.76663400992 0.90158909848 0.80577941903 2.24128284133 -256.8672582215 0.03354664024   -2 
  15 0.00000450301 0.00103236371 -29.051650390 0.14964516363 0.00441744986 0.05627044083 0.51732291170 0.45590006031 0.41227831057 0.46520685415 0.36640982270 0.41167024601 0.46979460240 0.40075586376 0.48429980464 0.50932486671 0.55877345747 0.58516259314 0.47146286850 0.55076912158 0.32876264914 0.35817294209 0.51701409762 0.48475713986 0.43574814036 0.39595622325 0.38391810181 0.38992781887 0.44734990002 0.40817740242 0.41725690492 0.43518565401 0.47295306393 0.48154743349 0.38258435958 0.52633681552 0.48403453318 0.57751624027 0.59767884262 0.41364595536 0.76646356138 0.90151685579 0.80579959502 2.24100415568 -256.8663718875 0.01760058076   -2 
  16 0.00000450302 0.00103265381 -29.171517610 0.14932851592 0.00441735754 0.05626999967 0.51721267024 0.45473394359 0.41349782569 0.46655990171 0.36691758337 0.41104085280 0.46941464701 0.39924039707 0.48432156610 0.50828446113 0.55947818578 0.58606951504 0.47099099215 0.54995030093 0.33042895341 0.35917801454 0.51591214605 0.48295757358 0.43545921431 0.39566405393 0.38315870167 0.39124509314 0.44728225332 0.40905197507 0.41744527970 0.43509683341 0.47331163851 0.48121524358 0.38245349338 0.52722495974 0.48419306952 0.57757057512 0.59711657537 0.41193935150 0.76291506131 0.89991053956 0.80591976754 2.23699059897 -256.8569412023 0.01145719491   -2 
  17 0.00000450302 0.00103228225 -29.193903412 0.14930332732 0.00441733353 0.05626992040 0.51725858203 0.45495633379 0.41353925832 0.46669880122 0.36686248935 0.41101617710 0.46941201589 0.39920314417 0.48426105373  0.5082324747 0.55943808980 0.58606143912 0.47089109774 0.54993383610 0.33057497006 0.35925499277 0.51579787179 0.48277830851 0.43540397843 0.39561009130 0.38304444559 0.39138954108 0.44725102739 0.40914740136 0.41745127926 0.43506143825 0.47333567433 0.48114183095 0.38242963494 0.52731653749 0.48419251109 0.57754843735 0.59700783474 0.41172573271 0.76246298979 0.89968722287 0.80588710272 2.23670142676 -256.8562790884 0.02799361673   -2 
  18 0.00000450303 0.00103257680 -29.279907614 0.14917291734 0.00441724636 0.05626960560 0.51754055794 0.45597130247 0.41367504140 0.46723404545 0.36661786684 0.41096164760 0.46943894938 0.39913765529 0.48401754652 0.50808189119 0.55924526136 0.58599374101 0.47049954665 0.54991948015 0.33111612820 0.35953569567 0.51537684876 0.48211463676 0.43518814349 0.39539849831 0.38259858772 0.39194350967 0.44712530539 0.40951445138 0.41747072528 0.43491802383 0.47342412401 0.48084864960 0.38233675154 0.52766733212 0.48418557766 0.57745577513 0.59657645563 0.41090129981 0.76072289908 0.89882678068 0.80574894480 2.23572948380 -256.8538085035 0.00846943522   -2 
  19 0.00000450304 0.00103272243 -29.477715248 0.14882826200 0.00441706217 0.05626891209 0.51731334255 0.45627488877 0.41325786908 0.46713955370 0.36601136314 0.41125695481 0.46974767311 0.39982659824 0.48356064100 0.50835156419 0.55851884474 0.58541657899 0.46984750857 0.55033646215 0.33167437136 0.35975563293 0.51492237961 0.48137402419 0.43478390649 0.39499226996 0.38179554060 0.39276543277 0.44682961995 0.41006537825 0.41743040412 0.43457647134 0.47348312815 0.48022560652 0.38214655811 0.52816628462 0.48408715530 0.57717914357 0.59569813773 0.40945817076 0.75792451794 0.89740797289 0.80532047570 2.23557343218 -256.8512787066 0.01973204398   -2 
  20 0.00000450305 0.00103304422 -29.502453240 0.14877572737 0.00441704080 0.05626882311 0.51731028689 0.45626366841 0.41321457759 0.46711133932 0.36594950300 0.41129346056 0.46978271309 0.39991462339 0.48351186415 0.50838961198 0.55843347763 0.58534474973 0.46977539285 0.55038975207 0.33173039263 0.35977486210 0.51487584337 0.48129728793 0.43473591345 0.39494351644 0.38170039789 0.39285833957 0.44679272546 0.41012774131 0.41742344735 0.43453362534 0.47348727583 0.48014912650 0.38212277230 0.52822173325 0.48407291495 0.57714313960 0.59559112833 0.40928494911 0.75760190419 0.89724332195 0.80526477568 2.23557787695 -256.8509444066 0.01121648488   -2 
  21 0.00000450306 0.00103325935 -29.662109673 0.14843807401 0.00441690386 0.05626825493 0.51738415507 0.45527931458 0.41303257180 0.46660692614 0.36577827109 0.41142978186 0.46985491922 0.40039285616 0.48331727572 0.50861592264 0.55798269361 0.58488811407 0.46947663701 0.55066319365 0.33181976694 0.35973781841 0.51473724786 0.48107680847 0.43447727930 0.39467606511 0.38121531307 0.39322439630 0.44656122237 0.41037058680 0.41733749504 0.43426654569 0.47344226372 0.47970914132 0.38197275169 0.52841348169 0.48394310220 0.57688952584 0.59499066574 0.40837297596 0.75612228602 0.89644680004 0.80487298603 2.23578249261 -256.8491868672 0.00849954258   -2 
  22 0.00000450306 0.00103349650 -29.675542553 0.14839959081 0.00441689332 0.05626820215 0.51737009639 0.45526532735 0.41305238858 0.46656741905 0.36580863590 0.41140714809 0.46982133401 0.40038593690 0.48332285677 0.50861019829 0.55797458920 0.58486296343 0.46948238816 0.55065485947 0.33177802475 0.35970552704 0.51474868158 0.48110215349 0.43446404727 0.39466154194 0.38119851543 0.39320876807 0.44654180789 0.41035845099 0.41732089087 0.43424477580 0.47342291982 0.47968150824 0.38195894657 0.52839523343 0.48392308836 0.57686213844 0.59495613301 0.40833161777 0.75610951806 0.89642593792 0.80483126924 2.23576924688 -256.8489872686 0.01571067428   -2 
  23 0.00000450310 0.00103382536 -30.054618156 0.14746188722 0.00441657370 0.05626675299 0.51659204645 0.45508793895 0.41362578118 0.46545572527 0.36676705964 0.41058429715 0.46867672200 0.39992429985 0.48351913439 0.50827751747 0.55784417994 0.58420102892 0.46974721323 0.55022920057 0.33040989753 0.35868467121 0.51512901950 0.48196163502 0.43413020925 0.39429524925 0.38085236323 0.39254687427 0.44600429705 0.40985761608 0.41681531999 0.43365050311 0.47281097550 0.47897165116 0.38157234279 0.52771747850 0.48332648403 0.57607807315 0.59408950686 0.40738982230 0.75628201792 0.89604764917 0.80363802583 2.23505387501 -256.8442406495 0.01363867328   -2 
  24 0.00000450310 0.00103366638 -30.042327458 0.14757127266 0.00441656301 0.05626678270 0.51752954588 0.45526591876 0.41324882467 0.46591304318 0.36644131033 0.41069527598 0.46885800157 0.39986290972 0.48340853132 0.50820094332 0.55782211271 0.58427048824 0.46968223386 0.55014668309 0.33045805999 0.35872437811 0.51503378698 0.48185393824 0.43414317946 0.39431730654 0.38090883035 0.39248490178 0.44602343934 0.40980397384 0.41681222249 0.43367764810 0.47279997406 0.47902579215 0.38157754519 0.52766555467 0.48332560852 0.57609481816 0.59416195657 0.40752467486 0.75640991834 0.89607415717 0.80366929284 2.23458009550 -256.8425038398 0.00713046683   -2 
  25 0.00000450310 0.00103390694 -30.047783618 0.14757096613 0.00441655355 0.05626675211 0.51747926808 0.45532727864 0.41318358987 0.46604691276 0.36635991476 0.41072670892 0.46890919946 0.39983228547 0.48338236658 0.50817137692 0.55782378131 0.58429423218 0.46967120745 0.55010759116 0.33043904196 0.35871351456 0.51501125817 0.48183973163 0.43414393181 0.39432018515 0.38092874685 0.39243622972 0.44601959855 0.40976477252 0.41679761569 0.43367503969 0.47277864701 0.47903304444 0.38156995090 0.52762247427 0.48330929241 0.57608239817 0.59417422434 0.40756281449 0.75648728590 0.89608666500 0.80365382787 2.23439689361 -256.8422907322 0.01579856260   -2 
  26 0.00000450310 0.00103388352 -30.076861117 0.14758257849 0.00441650347 0.05626660475 0.51714921154 0.45555818702 0.41289700113 0.46660738253 0.36599889503 0.41085473258 0.46912260319 0.39968792636 0.48326011889 0.50803108272 0.55782367633 0.58439032348 0.46961855751 0.54992434556 0.33034452588 0.35865739325 0.51490743790 0.48177630274 0.43414324345 0.39432954047 0.38101581865 0.39221036155 0.44599747476 0.40958258672 0.41672713310 0.43365860974 0.47267685437 0.47906067992 0.38153232991 0.52742134122 0.48323048460 0.57601983228 0.59422338134 0.40773105264 0.75683552748 0.89613654596 0.80357411482 2.23354849230 -256.8414440700 0.00509083329   -2 
  27 0.00000450311 0.00103393963 -30.133008941 0.14753244192 0.00441642045 0.05626631343 0.51710720256 0.45551253747 0.41274925954 0.46698448794 0.36561266025 0.41098201466 0.46934582914 0.39948154900 0.48310143573 0.50783283640 0.55781817797 0.58450518148 0.46954441099 0.54964611323 0.33016360725 0.35854551997 0.51475360002 0.48169268695 0.43413452278 0.39433689673 0.38115273965 0.39182160262 0.44594958163 0.40926799223 0.41659857491 0.43361876197 0.47249427124 0.47909224825 0.38146010522 0.52707142887 0.48308517475 0.57589916443 0.59428754468 0.40800203769 0.75741070974 0.89620804475 0.80341818016 2.23228740624 -256.8409950954 0.01108610395   -2 
  28 0.00000450311 0.00103414107 -30.146419382 0.14751129151 0.00441640194 0.05626624036 0.51712993426 0.45548962115 0.41273774533 0.46703329536 0.36554197078 0.41100560453 0.46938780489 0.39943809874 0.48306919068 0.50779124247 0.55781704503 0.58452882916 0.46952838686 0.54958489419 0.33012053321 0.35851874764 0.51471926501 0.48167441024 0.43413220880 0.39433829180 0.38118457829 0.39172971756 0.44593789190 0.40919344730 0.41656779423 0.43360882973 0.47245072319 0.47909905732 0.38144253575 0.52698837426 0.48305020129 0.57587002239 0.59430186363 0.40806616750 0.75754517004 0.89622415676 0.80338060514 2.23200971606 -256.8408617619 0.00860099052   -2 
  29 0.00000450312 0.00103418329 -30.266344277 0.14729596876 0.00441624399 0.05626559309 0.51746895237 0.45509295518 0.41286880166 0.46686866642 0.36520576337 0.41108045246 0.46955148850 0.39913489082 0.48284720854 0.50749516921 0.55777702864 0.58464108160 0.46939803056 0.54912614554 0.32976138496 0.35828961661 0.51444959194 0.48152959059 0.43409845319 0.39433586316 0.38142678633 0.39097938934 0.44582863920 0.40858045428 0.41630582616 0.43351359458 0.47208424831 0.47913637983 0.38128805721 0.52630211808 0.48275068592 0.57561486948 0.59439478417 0.40858124016 0.75859279354 0.89631962990 0.80304928799 2.22993431924 -256.8398698835 0.01035566360   -2 
  30 0.00000450312 0.00103442238 -30.292320934 0.14723390134 0.00441621213 0.05626544769 0.51748657437 0.45504810372 0.41291281258 0.46678265377 0.36518119202 0.41107860639 0.46955663003 0.39908721369 0.48281277716 0.50744725468 0.55776503267 0.58465001253 0.46937267908 0.54904469836 0.32968889502 0.35824244979 0.51439782215 0.48150082502 0.43408914519 0.39433302247 0.38147281081 0.39082737759 0.44580421197 0.40845515754 0.41625070412 0.43349180968 0.47200790777 0.47914085016 0.38125440074 0.52616117084 0.48268705952 0.57555997865 0.59440944815 0.40868606779 0.75879461833 0.89633161155 0.80297786064 2.22956017725 -256.8396831763 0.01298385835   -2 
  31 0.00000450315 0.00103450838 -30.474020627 0.14680093709 0.00441599157 0.05626443784 0.51724528752 0.45487215400 0.41321417395 0.46599298227 0.36519084926 0.41097182112 0.46944381464 0.39882712143 0.48261799127 0.50717333493 0.55764819659 0.58462313944 0.46920056147 0.54855652436 0.32921871373 0.35792950699 0.51406519795 0.48130736739 0.43400973055 0.39429745708 0.38174901731 0.38984453957 0.44562946708 0.40763870303 0.41588101434 0.43333426494 0.47150057747 0.47914868421 0.38102274774 0.52523860007 0.48225805364 0.57518391514 0.59447605632 0.40935936469 0.76003159581 0.89635760947 0.80248537314 2.22729394726 -256.8384968881 0.00914402084   -2 
  32 0.00000450315 0.00103469023 -30.468852568 0.14680429610 0.00441599854 0.05626446088 0.51723566550 0.45494281330 0.41316781550 0.46603351990 0.36523508640 0.41095062745 0.46940680356 0.39885984169 0.48263774557 0.50720153296 0.55763941033 0.58459267024 0.46920605930 0.54859914142 0.32924554400 0.35794428492 0.51408374805 0.48131354973 0.43400550200 0.39429163378 0.38172357375 0.38989942572 0.44563165683 0.40768132939 0.41589562472 0.43333547734 0.47152267044 0.47913858979 0.38102909423 0.52528483166 0.48227383498 0.57519519345 0.59445923560 0.40931954250 0.75992877645 0.89633156722 0.80249879372 2.22747388816 -256.8383267706 0.01313834519   -2 
  33 0.00000450314 0.00103445444 -30.446879051 0.14682347599 0.00441602619 0.05626455542 0.51705075597 0.45549045289 0.41276350499 0.46628441715 0.36561715270 0.41073488178 0.46904710119 0.39911514633 0.48278019273 0.50741158019 0.55753257232 0.58430035324 0.46922752117 0.54891883897 0.32943272743 0.35803909984 0.51420644586 0.48134105670 0.43395281103 0.39423044377 0.38151939884 0.39028491579 0.44562728422 0.40797389768 0.41598330109 0.43332489261 0.47166232693 0.47904321397 0.38105808741 0.52559715967 0.48236527846 0.57525014457 0.59430809115 0.40902999740 0.75912491768 0.89608693781 0.80255685080 2.22880337496 -256.8372805172 0.00528133738   -2 
  34 0.00000450315 0.00103456959 -30.458430288 0.14677542071 0.00441600926 0.05626445905 0.51733498241 0.45534422192 0.41274111669 0.46624560076 0.36589603919 0.41056817705 0.46877114947 0.39929390278 0.48287282751 0.50755049485 0.55742771483 0.58404619527 0.46922105022 0.54913792744 0.32954406618 0.35808171921 0.51427234917 0.48133628842 0.43388310932 0.39415805481 0.38134892671 0.39052164931 0.44558989084 0.40814145842 0.41600984249 0.43328311437 0.47171973822 0.47893927176 0.38104590821 0.52576615071 0.48238488643 0.57523899374 0.59415404737 0.40883036336 0.75848990004 0.89583157341 0.80252677600 2.22967241773 -256.8368140997 0.01425152889   -2 
  35 0.00000450315 0.00103437175 -30.464637373 0.14675931642 0.00441599960 0.05626441417 0.51741714782 0.45527458456 0.41273873623 0.46622173527 0.36599976574 0.41050301135 0.46866404297 0.39936146419 0.48290649109 0.50760205250 0.55738453174 0.58394464891 0.46921668676 0.54922174130 0.32958705273 0.35809727302 0.51429655494 0.48133273334 0.43385373758 0.39412777867 0.38127969980 0.39061438852 0.44557329373 0.40820655646 0.41601879914 0.43326482071 0.47174072124 0.47889604497 0.38103961572 0.52583125756 0.48239073687 0.57523220973 0.59409034296 0.40875012247 0.75823418244 0.89572615743 0.80251134322 2.23000300955 -256.8366317342 0.00455678835   -2 
  36 0.00000450315 0.00103453139 -30.500158005 0.14667805180 0.00441594671 0.05626417477 0.51707988780 0.45510997183 0.41294385060 0.46609524954 0.36611141086 0.41043186522 0.46853771166 0.39947322455 0.48295755119 0.50768320637 0.55730088970 0.58374819301 0.46919683472 0.54938303097 0.32967841848 0.35812036609 0.51433823456 0.48131066804 0.43376397151 0.39403513093 0.38108908099 0.39082812454 0.44551093395 0.40834940625 0.41602015437 0.43319663781 0.47176895285 0.47876240422 0.38100264525 0.52596609034 0.48237812477 0.57518370543 0.59389776791 0.40853572705 0.75755732122 0.89542025002 0.80242800601 2.23059817514 -256.8362468594 0.00512738296   -2 
  37 0.00000450315 0.00103446301 -30.509520705 0.14666220735 0.00441593207 0.05626411394 0.51703217905 0.45508723668 0.41297966681 0.46606730677 0.36611858179 0.41042196012 0.46852063798 0.39948807046 0.48296173950 0.50769215490 0.55728327565 0.58371125992 0.46919017986 0.54940847456 0.32969509255 0.35812299299 0.51434327212 0.48130363055 0.43374325501 0.39401388591 0.38104752834 0.39087035373 0.44549553171 0.40837688954 0.41601813074 0.43317999520 0.47177212968 0.47873181769 0.38099280222 0.52599107889 0.48237270194 0.57517017949 0.59385412629 0.40848880642 0.75741322487 0.89535194768 0.80240562657 2.23068633383 -256.8362065155 0.00583737701   -2 
  38 0.00000450317 0.00103472591 -30.595183722 0.14651454781 0.00441579742 0.05626355280 0.51693383579 0.45503539853 0.41321991398 0.46586261378 0.36606929631 0.41038997181 0.46846466937 0.39955124577 0.48295749413 0.50771431849 0.55715341809 0.58345949968 0.46912544675 0.54955785993 0.32981316196 0.35813097065 0.51436219067 0.48123463450 0.43356760998 0.39383360671 0.38070596802 0.39119245079 0.44535854757 0.40858178012 0.41598774582 0.43303230283 0.47178069208 0.47847112882 0.38090053071 0.52617078334 0.48231180615 0.57504113365 0.59348464332 0.40809960151 0.75625039322 0.89478334655 0.80219694761 2.23115166665 -256.8358601616 0.00878490507   -2 
  39 0.00000450317 0.00103461851 -30.627601939 0.14646512182 0.00441574563 0.05626334334 0.51694603175 0.45503304907 0.41327015597 0.46580178833 0.36603498602 0.41038271279 0.46845416621 0.39955979981 0.48294615411 0.50770956776 0.55710865787 0.58338025162 0.46909933268 0.54959446806 0.32984922172 0.35813010795 0.51436220921 0.48120709759 0.43350497970 0.39376939817 0.38058712980 0.39129822650 0.44530822532 0.40864789062 0.41597378792 0.43297822003 0.47177932921 0.47837813795 0.38086573346 0.52622702714 0.48228673925 0.57499185737 0.59335348239 0.40796248062 0.75585174250 0.89458373812 0.80211814359 2.23124809676 -256.8357366427 0.00881522655   -2 
  40 0.00000450318 0.00103486772 -30.740803384 0.14628244834 0.00441556474 0.05626260173 0.51719328279 0.45510795448 0.41332692960 0.46566634591 0.36587723240 0.41038095775 0.46845996063 0.39954765938 0.48288384597 0.50765933484 0.55697407215 0.58316132038 0.46900715448 0.54966629349 0.32995192695 0.35811707191 0.51434393411 0.48110864434 0.43329778778 0.39355620368 0.38019956988 0.39162518018 0.44513654657 0.40884875304 0.41591818025 0.43279340902 0.47176204998 0.47806733112 0.38074338574 0.52639218792 0.48219298559 0.57481772760 0.59291695155 0.40750665371 0.75457069652 0.89393008291 0.80184280044 2.23135656947 -256.8353460642 0.00765178066   -2 
  41 0.00000450319 0.00103475819 -30.775134438 0.14622954700 0.00441550947 0.05626237726 0.51725651712 0.45513922255 0.41328999032 0.46565911260 0.36582290853 0.41038440739 0.46847102336 0.39952621641 0.48285538630 0.50762979008 0.55694188501 0.58311975162 0.46897866156 0.54966094185 0.32997063783 0.35810806727 0.51432896472 0.48107780798 0.43324193125 0.39349842582 0.38009833327 0.39170066446 0.44508760051 0.40889319503 0.41589824367 0.43274063970 0.47175063239 0.47798215090 0.38070675104 0.52642547305 0.48216215237 0.57476509501 0.59279831592 0.40738246050 0.75424632004 0.89375778698 0.80176104253 2.23128088828 -256.8352368216 0.00931926766   -2 
  42 0.00000450321 0.00103503573 -30.900032881 0.14601636990 0.00441530988 0.05626154437 0.51747704929 0.45528871467 0.41305619294 0.46572409922 0.36562183538 0.41041300637 0.46853942531 0.39941400654 0.48273766143 0.50749714919 0.55685146631 0.58303144641 0.46887758366 0.54958540181 0.33001302770 0.35806549456 0.51425644554 0.48096546738 0.43305479600 0.39330320381 0.37976405306 0.39192661532 0.44491643473 0.40902116799 0.41581933995 0.43255516183 0.47169633755 0.47769056578 0.38057365824 0.52651195858 0.48204457142 0.57457367658 0.59239450792 0.40695654450 0.75320100654 0.89318727163 0.80146733564 2.23077722931 -256.8348469747 0.00816836473   -2 
  43 0.00000450321 0.00103494124 -30.957379104 0.14591716781 0.00441521826 0.05626116031 0.51746456892 0.45532888082 0.41292040857 0.46578387188 0.36553985501 0.41042505630 0.46857168472 0.39934529582 0.48267620912 0.50742317474 0.55682148420 0.58302174487 0.46883181119 0.54951632692 0.33001412528 0.35803899334 0.51421053632 0.48091332979 0.43298045151 0.39322491284 0.37963649464 0.39199397761 0.44484343635 0.40905478739 0.41577890095 0.43247571198 0.47166245833 0.47757150341 0.38051364868 0.52652619166 0.48198745167 0.57448690121 0.59223137100 0.40678256162 0.75282150175 0.89296699883 0.80133652294 2.23040801519 -256.8346791591 0.01193083128   -2 
  44 0.00000450324 0.00103534638 -31.113839742 0.14562392245 0.00441497062 0.05626009797 0.51734208416 0.45541369712 0.41254697606 0.46598427148 0.36533873845 0.41046029493 0.46866334020 0.39914302333 0.48250590574 0.50721201218 0.55675782565 0.58303533066 0.46871038117 0.54929093164 0.32999612952 0.35795921940 0.51407220803 0.48077179280 0.43279208972 0.39302495703 0.37931873988 0.39213581748 0.44465106356 0.40911758442 0.41566364435 0.43226536282 0.47155962972 0.47726351532 0.38035059688 0.52653552277 0.48182760412 0.57425118106 0.59181164685 0.40633073929 0.75190366935 0.89241573515 0.80098440372 2.22924876811 -256.8342179780 0.00794713418   -2 
  45 0.00000450325 0.00103528459 -31.189045400 0.14548041140 0.00441485095 0.05625958071 0.51719606665 0.45536731820 0.41241685534 0.46605681554 0.36527573870 0.41045890202 0.46868120836 0.39903493874 0.48241967752 0.50710151829 0.55673203161 0.58306257304 0.46865099403 0.54914315224 0.32996023294 0.35791012140 0.51398735582 0.48070137451 0.43271730005 0.39294495989 0.37920438174 0.39214803479 0.44456610687 0.40910868113 0.41560110448 0.43217224908 0.47149573728 0.47713724577 0.38027338802 0.52650019221 0.48174518923 0.57413853109 0.59164271749 0.40614603100 0.75161014979 0.89220924920 0.80081955594 2.22853046964 -256.8340035322 0.01374630272   -2 
  46 0.00000450327 0.00103582608 -31.376902295 0.14510167955 0.00441455364 0.05625827287 0.51685238091 0.45520470215 0.41215715203 0.46621552021 0.36515263589 0.41044284957 0.46870551421 0.39876210779 0.48220609997 0.50682410523 0.55667340277 0.58314688998 0.46850360225 0.54874666373 0.32984882458 0.35777916570 0.51376193980 0.48052432110 0.43254368222 0.39275836257 0.37894986897 0.39213303397 0.44436000204 0.40905456572 0.41543884785 0.43194583577 0.47132412840 0.47683912049 0.38008087458 0.52637926404 0.48153426023 0.57385720157 0.59124683549 0.40570955065 0.75099671732 0.89174100166 0.80041090952 2.22662073950 -256.8335113678 0.01062747813   -2 
  47 0.00000450327 0.00103556405 -31.378474791 0.14510234306 0.00441454852 0.05625825393 0.51693478719 0.45515587410 0.41222883470 0.46614521876 0.36517895081 0.41041428647 0.46866362364 0.39876071731 0.48220204927 0.50681949344 0.55666114106 0.58313624453 0.46849702033 0.54872073481 0.32982491463 0.35776776151 0.51374370131 0.48051748842 0.43255190771 0.39276800165 0.37897805415 0.39208406257 0.44436231793 0.40901912050 0.41542968433 0.43194901615 0.47130839483 0.47685320189 0.38007908887 0.52634211795 0.48152585181 0.57385291563 0.59126881977 0.40573342569 0.75110814716 0.89177777296 0.80040698975 2.22650892604 -256.8332350154 0.01627401453   -2 
  48 0.00000450328 0.00103564332 -31.386319287 0.14506848793 0.00441452117 0.05625811239 0.51756093122 0.45488320833 0.41274242356 0.46569265151 0.36537311917 0.41023182093 0.46839069513 0.39876140728 0.48218694901 0.50680035676 0.55658948535 0.58307526758 0.46845911948 0.54855091469 0.32966143661 0.35769165527 0.51362356892 0.48047532513 0.43261317022 0.39283808594 0.37917693113 0.39174552579 0.44438153260 0.40877462318 0.41536808646 0.43197343313 0.47120145021 0.47695381501 0.38006786150 0.52608628228 0.48146937088 0.57382616057 0.59142510568 0.40590029126 0.75189000759 0.89204109609 0.80038501370 2.22577054820 -256.8319059280 0.00803636659   -2 
  49 0.00000450328  0.0010357929 -31.407768258 0.14497661772 0.00441446095 0.05625779311 0.51690571486 0.45494763203 0.41316980788 0.46531094508 0.36564162032 0.41000202480 0.46803504458 0.39877340648 0.48217698969 0.50678320051 0.55649028396 0.58298927582 0.46840095567 0.54827857489 0.32936641206 0.35755491831 0.51341796410 0.48040249612 0.43272469317 0.39296680288 0.37954511527 0.39111728243 0.44441628059 0.40831812616 0.41525161558 0.43201745534 0.47100066091 0.47713974310 0.38004417734 0.52560748670 0.48136061363 0.57377374492 0.59171363387 0.40621552374 0.75332700457 0.89251699756 0.80034142993 2.22455991607 -256.8305905608 0.00682758145   -2 
  50 0.00000450328 0.00103560360 -31.412876868 0.14497049989 0.00441444652 0.05625773376 0.51693477177 0.45496556681 0.41308896898 0.46534000733 0.36563736920 0.40998876462 0.46801603220 0.39876776038 0.48216783071 0.50677332095 0.55647366353 0.58297271308 0.46838875547 0.54824512411 0.32932536612 0.35753398292 0.51338847857 0.48038839620 0.43273474072 0.39298069457 0.37959282400 0.39102701833 0.44441710225 0.40825075194 0.41523188116 0.43202029052 0.47096864572 0.47716214711 0.38003813645 0.52553583958 0.48134126651 0.57376154562 0.59174914946 0.40626067930 0.75351356818 0.89256912076 0.80032780958 2.22440692754 -256.8304255555 0.01424232958   -2 
  51 0.00000450329 0.00103576203 -31.446310216 0.14490256348 0.00441435029 0.05625730799 0.51730232935 0.45512874871 0.41244795708 0.46563202523 0.36558256549 0.40992825366 0.46792849550 0.39873152693 0.48210977910 0.50671042155 0.55636994848 0.58286769190 0.46830884458 0.54802928900 0.32904582898 0.35739159648 0.51319178102 0.48029339568 0.43280342413 0.39307637524 0.37992223148 0.39040472467 0.44442291647 0.40778521598 0.41509541802 0.43204004773 0.47074744713 0.47731731981 0.37999606616 0.52504055029 0.48120696807 0.57367718530 0.59199476421 0.40657657131 0.75479628442 0.89292461757 0.80023381695 2.22340860289 -256.8293679879 0.00418422622   -2 
  52 0.00000450330 0.00103597047 -31.463657394 0.14486412381 0.00441430207 0.05625708674 0.51709649300 0.45507257851 0.41236061529 0.46573959308 0.36551064588 0.40995701658 0.46797373314 0.39871303656 0.48208724732 0.50668611189 0.55634554069 0.58283838830 0.46828047952 0.54798301456 0.32895309057 0.35734090225 0.51313179238 0.48025609063 0.43281559404 0.39310159854 0.38003166595 0.39017811861 0.44441694763 0.40761025779 0.41503898721 0.43204050597 0.47065984482 0.47736616265 0.37997452895 0.52485223562 0.48114884130 0.57363675127 0.59207328183 0.40670041608 0.75521274161 0.89301483586 0.80018520107 2.22317168459 -256.8291855184 0.01062001905   -2 
  53 0.00000450330 0.00103588878 -31.475535716 0.14484342227 0.00441426920 0.05625694165 0.51695671719 0.45502522831 0.41231732603 0.46579720246 0.36546104148 0.40997555526 0.46800391764 0.39869937753 0.48207088367 0.50666863938 0.55632892733 0.58281840283 0.46826137014 0.54795503064 0.32889555559 0.35730871580 0.51309410947 0.48023145701 0.43282104761 0.39311565397 0.38009812621 0.39003646387 0.44441166125 0.40750020387 0.41500256487 0.43203946927 0.47060388240 0.47739507277 0.37996003683 0.52473343148 0.48111106992 0.57360971818 0.59212014107 0.40677796747 0.75546572496 0.89306546103 0.80015211365 2.22302707053 -256.8290709882 0.00312673450   -2 
  54 0.00000450331 0.00103598276 -31.519296744 0.14477262767 0.00441414329 0.05625638861 0.51702475584 0.45479122708 0.41259193451 0.46569424547 0.36528058835 0.41005096279 0.46813756786 0.39863764838 0.48200458238 0.50659898019 0.55628517115 0.58275912349 0.46819889326 0.54793327158 0.32877206558 0.35722511071 0.51301386594 0.48015116428 0.43278998467 0.39311501615 0.38022123296 0.38968776858 0.44436759498 0.40721295113 0.41488874367 0.43201030856 0.47044093876 0.47743423883 0.37990195626 0.52441595925 0.48098636948 0.57350689439 0.59219092448 0.40698337053 0.75592027382 0.89306314450 0.80001636211 2.22285043364 -256.8288199107 0.00282009593   -2 
  55 0.00000450331 0.00103592339 -31.523622111 0.14476689538 0.00441413064 0.05625633410 0.51703240771 0.45480339592 0.41260407581 0.46567685731 0.36527379109 0.41005180288 0.46814088483 0.39863248071 0.48199910178 0.50659312224 0.55628138211 0.58275421957 0.46819378559 0.54793382250 0.32876626975 0.35721969648 0.51300962503 0.48014460947 0.43278417619 0.39311163096 0.38022442224 0.38966749212 0.44436202204 0.40719470058 0.41487973239 0.43200592373 0.47042898636 0.47743325385 0.37989625932 0.52439508921 0.48097594234 0.57349730490 0.59219052501 0.40699649021 0.75593097166 0.89305154422 0.80000313327 2.22284624797 -256.8288036553 0.00421303231   -2 
  56 0.00000450332 0.00103597846 -31.571440257 0.14468626037 0.00441398874 0.05625570724 0.51715882128 0.45505905783 0.41270868627 0.46547609412 0.36523572645 0.41004937204 0.46815777518 0.39858152245 0.48194645733 0.50653589881 0.55624678569 0.58270808863 0.46814271596 0.54795314829 0.32872000924 0.35716775120 0.51297545868 0.48007656442 0.43271202520 0.39306506676 0.38023694509 0.38947680122 0.44429652884 0.40701558599 0.41478415177 0.43195286539 0.47030537186 0.47740986615 0.37983194109 0.52418735470 0.48086309855 0.57339097904 0.59216705966 0.40712823783 0.75595890591 0.89289010789 0.79985544151 2.22285667568 -256.8286400280 0.00270694635   -2 
  57 0.00000450334 0.00103602115 -31.638664579 0.14456569368 0.00441378911 0.05625482032 0.51713747595 0.45526749737 0.41272890213 0.46531575622 0.36524166032 0.41002525041 0.46814031267 0.39852902206 0.48189298721 0.50647558934 0.55620871692 0.58265760668 0.46808397179 0.54798266307 0.32868239534 0.35711026742 0.51294385645 0.47999404095 0.43260857037 0.39299158001 0.38022028617 0.38927577281 0.44420525801 0.40681438771 0.41466456957 0.43187593185 0.47015565739 0.47735988364 0.37974463590 0.52394893455 0.48071813848 0.57325056821 0.59210718310 0.40727889786 0.75587002885 0.89263713746 0.79965965386 2.22288670743 -256.8285407098 0.00442950429   -2 
  58 0.00000450335 0.00103623716 -31.685346435 0.14447517369 0.00441364965 0.05625419303 0.51708617260 0.45527722955 0.41269455291 0.46528235192 0.36526335855 0.41000278206 0.46811366960 0.39850230839 0.48186553225 0.50644330348 0.55618560410 0.58262792433 0.46804900385 0.54799774570 0.32866577869 0.35707650875 0.51292621527 0.47994278096 0.43253839071 0.39293876691 0.38019601980 0.38916377393 0.44414331290 0.40669623969 0.41458832694 0.43182212637 0.47006235476 0.47731873275 0.37968558961 0.52380636340 0.48062388220 0.57315769435 0.59205542112 0.40736763751 0.75576373028 0.89245746171 0.79953018395 2.22288513194 -256.8284494718 0.01143938786   -2 
  59 0.00000450340 0.00103629860 -31.877742838 0.14412187787 0.00441307724 0.05625163723 0.51682945608 0.45518041854 0.41250706147 0.46519639481 0.36535283344 0.40989908518 0.46798496448 0.39839585219 0.48175373398 0.50631201784 0.55608465635 0.58250221504 0.46790650976 0.54804431670 0.32860318541 0.35694203585 0.51285194884 0.47973605632 0.43225315671 0.39272123148 0.38008498505 0.38873143980 0.44389108913 0.40623419276 0.41428323355 0.43160157569 0.46969108238 0.47714391629 0.37944614120 0.52324598329 0.48024538471 0.57278237878 0.59183377879 0.40771115676 0.75529325461 0.89172224858 0.79900644022 2.22281798723 -256.8280007443 0.00967559783   -2 
  60 0.00000450341 0.00103652132 -31.922616002 0.14403614568 0.00441294269 0.05625103219 0.51682010907 0.45512558984 0.41246209578 0.46519893589 0.36536933749 0.40987349720 0.46795102434 0.39837338034 0.48172884165 0.50628275655 0.55605863322 0.58247140421 0.46787397944 0.54804618042 0.32859001223 0.35691207165 0.51283264374 0.47968941819 0.43218851935 0.39267043228 0.38005462157 0.38864117998 0.44383305966 0.40613533034 0.41421493344  0.4315499142 0.46960883996 0.47710037683 0.37939089328 0.52312478058 0.48015992782 0.57269672359 0.59177789251 0.40778244881 0.75517178251 0.89155333003 0.79888693837 2.22276336954 -256.8278831050 0.00683543255   -2 
  61 0.00000450345 0.00103666467 -32.089621000 0.14374029585 0.00441243812 0.05624878399 0.51695621882 0.45476683805 0.41228341950 0.46527918741 0.36538686798 0.40976118493 0.46779579798 0.39829190040 0.48162930052 0.50616845490 0.55593570869 0.58233586569 0.46774955937 0.54799395852 0.32854349934 0.35680509935 0.51274241970 0.47952060740 0.43195886758 0.39248219448 0.37991963938 0.38836066190 0.44362200818 0.40581604436 0.41397732397 0.43135751412 0.46932716261 0.47692460418 0.37919054917 0.52272623912 0.47985968582 0.57238973145 0.59154932228 0.40799381365 0.75467080926 0.89094529300 0.79845776090 2.22231246713 -256.8275738885 0.00384208624   -2 
  62 0.00000450346 0.00103678769 -32.111567447 0.14370154703 0.00441236803 0.05624847172 0.51699572816 0.45474098503 0.41228019851 0.46530265845 0.36536563694 0.40974369234 0.46776956538 0.39828239577 0.48161334558 0.50615124066 0.55590816098 0.58230872866 0.46773158041 0.54795802369 0.32853698299 0.35679249397 0.51272036576 0.47950034387 0.43193460140 0.39245822323 0.37989222719 0.38834832764 0.44359649735 0.40579594638 0.41395334828 0.43133175875 0.46930086462 0.47689475953 0.37916600818 0.52269731707 0.47982784266 0.57235421406 0.59150934991 0.40799530497 0.75458660796 0.89087739373 0.79840788392 2.22212866366 -256.8275343989 0.00694907311   -2 
  63 0.00000450350 0.00103689573 -32.275143963 0.14343586045 0.00441184111 0.05624614600 0.51724561280 0.45458549926 0.41228446278 0.46547786040 0.36515594369 0.40960360798 0.46755913774 0.39820946320 0.48148343147 0.50601351706 0.55567581437 0.58208339351 0.46759176883 0.54762913092 0.32848588014 0.35670078413 0.51253301365 0.47935234195 0.43176686764 0.39228237595 0.37966952788 0.38830750292 0.44341212658 0.40569291649 0.41379122106 0.43114025496 0.46912866467 0.47665985643 0.37898874188 0.52253250402 0.47960882013 0.57210165338 0.59119303405 0.40794853240 0.75392919660 0.89040102374 0.79805206353 2.22050278359 -256.8272259687 0.00545700569   -2 
  64 0.00000450354 0.00103733565 -32.426459947 0.14317433860 0.00441134148 0.05624391934 0.51709175810 0.45465355236 0.41233349342 0.46554956908 0.36493955518 0.40949062822 0.46738799332 0.39814437085 0.48136079257 0.50588452674 0.55544743744 0.58186265196 0.46746015988 0.54726078989 0.32843228923 0.35661949104 0.51232998727 0.47922241345 0.43163600328 0.39212738005 0.37943925993 0.38834626811 0.44325256153 0.40566971212 0.41366754824 0.43096456998 0.46900653463 0.47642438524 0.37883305942 0.52245825084 0.47943513228 0.57188759909 0.59087382611 0.40780785548 0.75329491557 0.89001681530 0.79774972437 2.21872092181 -256.8269483760 0.01580477203   -2 
  65 0.00000450357 0.00103727615 -32.532247567 0.14299893514 0.00441099247 0.05624237042 0.51694136537 0.45470529330 0.41235989281 0.46557343674 0.36479016039 0.40941245985 0.46727147189 0.39809655523 0.48127283310 0.50579213975 0.55528687322 0.58170686764 0.46736687250 0.54700034662 0.32839302384 0.35656239874 0.51218490362 0.47913158675 0.43154720238 0.39202052871 0.37927737873 0.38837987937 0.44314265191 0.40566051453 0.41358423256 0.43084265493 0.46892521684 0.47625903154 0.37872598128 0.52241424836 0.47931766897 0.57174081539 0.59064963251 0.40769804974 0.75285539640 0.88975616817 0.79754196277 2.21746433473 -256.8266815187 0.00466673844   -2 
  66 0.00000450357 0.00103737527 -32.532868321 0.14299151941 0.00441098604 0.05624233468 0.51693924036 0.45471409062 0.41234737918 0.46552654797 0.36480237911 0.40941853983 0.46728298056 0.39809378199 0.48127131687 0.50579021883 0.55528864811 0.58170690355 0.46736481469 0.54699697695 0.32838914028 0.35656114663 0.51217848062 0.47913063017 0.43155089746 0.39202164338 0.37927319044 0.38839170337 0.44314376171 0.40567269840 0.41358822328 0.43084192709 0.46893082706 0.47625456822 0.37872674907 0.52242725014 0.47932230186 0.57174301995 0.59064351911 0.40767436774 0.75285591955 0.88976640580 0.79754448226 2.21744718471 -256.8266433243 0.00571063632   -2 
  67 0.00000450358 0.00103732091 -32.540004834 0.14293292809 0.00441091281 0.05624195186 0.51687334389 0.45477584463 0.41218341028 0.46496881753 0.36494107711 0.40948170424 0.46740966920 0.39805517072 0.48124681293 0.50576110452 0.55530472926 0.58170226216 0.46733716994 0.54695910606 0.32834155076 0.35654492708 0.51210185963 0.47911719735 0.43159340485 0.39203523583 0.37922647754 0.38852705582 0.44315702148 0.40581389653 0.41363525353 0.43083443870 0.46899636518 0.47620409233 0.37873729247 0.52257841030 0.47937789306 0.57176980173 0.59057466828 0.40739566819 0.75287125076 0.88988750362 0.79757442739 2.21725842623 -256.8263605515 0.00201931965   -2 
  68 0.00000450358 0.00103726459 -32.540007808 0.14294167312 0.00441090578 0.05624192925 0.51692010605 0.45472783654 0.41221794400 0.46508602012 0.36492284849 0.40947001866 0.46739207118 0.39805204680 0.48124237306 0.50575652908 0.55529893337 0.58169689784 0.46733342474 0.54695779837 0.32833753891 0.35654242781 0.51209763258 0.47911394219 0.43159342694 0.39203513442 0.37922415889 0.38853203272 0.44315659692 0.40582040763 0.41363719945 0.43083342734 0.46899884878 0.47620074769 0.37873805775 0.52258530552 0.47938097599 0.57177022303 0.59057035073 0.40737324279 0.75287432291 0.88989007548 0.79757352128 2.21725036897 -256.8263333127 0.00411705428   -2 
  69 0.00000450358 0.00103731402 -32.539892188 0.14294543414 0.00441089945 0.05624190427 0.51695370831 0.45469803696 0.41224191296 0.46516419643 0.36491247563 0.40946324217 0.46738208001 0.39804961104 0.48123939450 0.50575334992 0.55529573704 0.58169364667 0.46733059297 0.54695682062 0.32833376495 0.35654045541 0.51209344655 0.47911160239 0.43159459788 0.39203559067 0.37922170882 0.38853874453 0.44315682255 0.40582843786 0.41363986462 0.43083274962 0.46900232962 0.47619745858 0.37873904088 0.52259389861 0.47938471802 0.57177141905 0.59056603167 0.40735048053 0.75287757293 0.88989509655 0.79757392637 2.21724367256 -256.8263149098 0.00153307137   -2 
  70 0.00000450358 0.00103726041 -32.541376984 0.14295081520 0.00441084502 0.05624165994 0.51694528894 0.45465184214 0.41229074201 0.46532802772 0.36490385438 0.40945133749 0.46737185549 0.39803014932 0.48122181538 0.50573351767 0.55528767163 0.58167997488 0.46731117139 0.54694502580 0.32830233478 0.35652680961 0.51205407990 0.47909751541 0.43161306384 0.39204261490 0.37919749473 0.38861074268 0.44316266023 0.40590925223 0.41366743355 0.43082820164 0.46903921001 0.47616784363 0.37874791755 0.52268065162 0.47942057578 0.57178628054 0.59052654746 0.40715398782 0.75290171357 0.88995603140 0.79758582737 2.21717547639 -256.8262723666 0.00451146344   -2 
  71 0.00000450358 0.00103732223 -32.541953525 0.14295129188 0.00441081643 0.05624152846 0.51694233929 0.45463704785 0.41231308628 0.46540088415 0.36490159735 0.40944692028 0.46736884045 0.39802082239 0.48121376146 0.50572426971 0.55528471180 0.58167404880 0.46730169652 0.54693953276 0.32828605865 0.35651994736 0.51203395340 0.47909063738 0.43162322225 0.39204661800 0.37918488546 0.38864922614 0.44316607653 0.40595238773 0.41368230870 0.43082604760 0.46905907484 0.47615242402 0.37875279518 0.52272700948 0.47943985803 0.57179452609 0.59050596930 0.40704981146 0.75291487306 0.88998901977 0.79759277917 2.21714274775 -256.8262509458 0.00220420688   -2 
  72 0.00000450360 0.00103728316 -32.546259336 0.14294852159 0.00441064903 0.05624075795 0.51687567904 0.45469333533 0.41233306428 0.46549283051 0.36491509912 0.40944174761 0.46737759158 0.39797824410 0.48117980213 0.50568396074 0.55527717313 0.58165086361 0.46725596429 0.54691224241 0.32819943172 0.35648440541 0.51192943027 0.47905653956 0.43168011774 0.39206942010 0.37911555833 0.38886363937 0.44318599295 0.40619247092 0.41376555034 0.43081481883 0.46917013076 0.47606772316 0.37878032266 0.52298520802 0.47954774973 0.57184136574 0.59039295956 0.40646606705 0.75298594988 0.89017215629 0.79763369847 2.21698385906 -256.8261605512 0.00376576467   -2 
  73 0.00000450360 0.00103734018 -32.546820611 0.14294632718 0.00441062096 0.05624062653 0.51687673368 0.45470603499 0.41233144690 0.46548969662 0.36491869675 0.40944258441 0.46738065930 0.39797304573 0.48117608131 0.50567929091 0.55527711980 0.58164858778 0.46724981591 0.54690880506 0.32818623470 0.35647915437 0.51191414827 0.47905174765 0.43168923707 0.39207320906 0.37910476364 0.38889782984 0.44318936572 0.40623082772 0.41377898164 0.43081321835 0.46918798878 0.47605446169 0.37878487929 0.52302649686 0.47956519605 0.57184906908 0.59037527294 0.40637168371 0.75299737112 0.89020121912 0.79764058476 2.21696299223 -256.8261454086 0.00285887140   -2 
  74 0.00000450361 0.00103729408 -32.550410874 0.14293751589 0.00441047626 0.05623995647 0.51693388196 0.45476595594 0.41227672526 0.46532882401 0.36493969667 0.40945293386 0.46740013347 0.39795785912 0.48116702163 0.50566650813 0.55527960642 0.58164329385 0.46722731459 0.54689577147 0.32812951293 0.35645674714 0.51185254808 0.47903221578 0.43172869162 0.39208984261 0.37905611261 0.38905175172 0.44320428503 0.40640438342 0.41383980751 0.43080579350 0.46926859121 0.47599416097 0.37880585373 0.52321329292 0.47964495340 0.57188369675 0.59029504605 0.40592881438 0.75304651286 0.89032740702 0.79767123538 2.21688494491 -256.8260783233 0.00183495647   -2 
  75 0.00000450361 0.00103732495 -32.550485735 0.14293609632 0.00441047001 0.05623992614 0.51693700892 0.45476394205 0.41227335530 0.46531409989 0.36494073743 0.40945440157 0.46740146099 0.39795946969 0.48116868936 0.50566822988 0.55528058092 0.58164457348 0.46722822805 0.54689646988 0.32812917743 0.35645674845 0.51185318994 0.47903250783 0.43172926032 0.39209021778 0.37905538041 0.38905464814 0.44320467162 0.40640783717 0.41384112738 0.43080576065 0.46927025434 0.47599310936 0.37880644700 0.52321703654 0.47964681429 0.57188451286 0.59029367940 0.40591687829 0.75304729909 0.89032902841 0.79767204281 2.21688827591 -256.8260743447 0.00167227668   -2 
  76 0.00000450361 0.00103731651 -32.551879066 0.14292685220 0.00441041155 0.05623964666 0.51694246845 0.45471551101 0.41223419116 0.46514763186 0.36494704097 0.40946830415 0.46741129070 0.39798140258 0.48118943116 0.50569047054 0.55528956264 0.58165915261 0.46724273457 0.54690568202 0.32813489184 0.35646013402 0.51187198378 0.47903863886 0.43172785347 0.39209098100 0.37905421382 0.38906241528 0.44320583069 0.40641925224 0.41384602555 0.43080585761 0.46927572273 0.47598978285 0.37880966825 0.52322949194 0.47965523705 0.57188738889 0.59028975573 0.40584240191 0.75304620385 0.89032323715 0.79767435146 2.21693723977 -256.8260496475 0.00056156591   -2 
  77 0.00000450362 0.00103732910 -32.552205132 0.14292480499 0.00441039773 0.05623958147 0.51693734357 0.45470940752 0.41222943992 0.46512474342 0.36494721052 0.40947040991 0.46741217814 0.39798662991 0.48119396713 0.50569554423 0.55529096295 0.58166215808 0.46724669620 0.54690786241 0.32813790363 0.35646149547 0.51187834818 0.47904051581 0.43172606573 0.39209050513 0.37905508926 0.38905999503 0.44320548941 0.40641731127 0.41384547580 0.43080589526 0.46927472462 0.47599033875 0.37880985125 0.52322740066 0.47965514209 0.57188691882 0.59029064887 0.40583334673 0.75304407037 0.89031753210 0.79767362720 2.21694946594 -256.8260487155 0.00081822312   -2 
  78 0.00000450362 0.00103731953 -32.552704033 0.14292289750 0.00441037967 0.05623949699 0.51692794370 0.45470341222 0.41222484816 0.46510262510 0.36494663473 0.40947225885 0.46741238964 0.39799294030 0.48119918456 0.50570151349 0.55529212126 0.58166542132 0.46725168089 0.54691035223 0.32814225372 0.35646333318 0.51188691792 0.47904289640 0.43172313641 0.39208956091 0.37905654645 0.38905524740 0.44320472155 0.40641302821 0.41384405608 0.43080585989 0.46927250169 0.47599144744 0.37880980812 0.52322275379 0.47965415339 0.57188576903 0.59029233329 0.40582490841 0.75304047907 0.89030838824 0.79767202211 2.21696402190 -256.8260475661 0.00060386009   -2 
  79 0.00000450362 0.00103733499 -32.553505903 0.14291978884 0.00441034914 0.05623935485 0.51691520098 0.45469978070 0.41222149510 0.46508305359 0.36494470067 0.40947402916 0.46741149628 0.39800258955 0.48120676764 0.50571042615 0.55529319576 0.58166995806 0.46725980767 0.54691409806 0.32815036352 0.35646661697 0.51190181836 0.47904690226 0.43171731171 0.39208750528 0.37905962590 0.38904457876 0.44320296928 0.40640285773 0.41384052474 0.43080573630 0.46926725315 0.47599406932 0.37880930350 0.52321169858 0.47965107104 0.57188301211 0.59029618405 0.40581649598 0.75303316450 0.89029041400 0.79766834789 2.21698687962 -256.8260461639 0.00085375966   -2 
  80 0.00000450362 0.00103732372 -32.554504238 0.14291722010 0.00441031419 0.05623919284 0.51690328887 0.45469744502 0.41221893296 0.46506858100 0.36494187776 0.40947499642 0.46740959153 0.39801239339 0.48121412947 0.50571927649 0.55529358848 0.58167409158 0.46726836315 0.54691769056 0.32815954105 0.35647019873 0.51191819304 0.47905112390 0.43171034525 0.39208491217 0.37906317219 0.38903157444 0.44320070119  0.4063902959 0.41383604245 0.43080545142 0.46926069982 0.47599713665 0.37880849246 0.52319801159 0.47964697295 0.57187946045 0.59030068084 0.40580912700 0.75302428682 0.89026911106 0.79766361960 2.21700959630 -256.8260447565 0.00077106974   -2 
  81 0.00000450363 0.00103734220 -32.556808902 0.14291152825 0.00441023122 0.05623880792 0.51689301069 0.45469862736 0.41221735630 0.46505525613 0.36493484293 0.40947551873 0.46740407856 0.39803255424 0.48122861320 0.50573712364 0.55529325972 0.58168184427 0.46728689447 0.54692491975 0.32818095498 0.35647836523 0.51195513373 0.47906044219 0.43169358068 0.39207845857 0.37907168191 0.38899943604 0.44319497337 0.40635890288 0.41382467842 0.43080460797 0.46924426412 0.47600463823 0.37880616718 0.52316375866 0.47963623251 0.57187043735 0.59031163318 0.40579654711 0.75300260008 0.89021801005 0.79765171732 2.21705617957 -256.8260413366 0.00113872151   -2 
  82 0.00000450363 0.00103732308 -32.558365704 0.14290904933 0.00441017831 0.05623856431 0.51689260972 0.45470019742 0.41221720915 0.46505388867 0.36493026110 0.40947482382 0.46740005396 0.39804325020 0.48123583467 0.50574632656 0.55529219968 0.58168535619 0.46729727880 0.54692851528 0.32819391718 0.35648315122 0.51197682954 0.47906571178 0.43168299743 0.39207423059 0.37907686348 0.38897896808 0.44319116162 0.40633877940 0.41381726092 0.43080389768 0.46923363153 0.47600922171 0.37880449738 0.52314175947 0.47962908855 0.57186446341 0.59031833156 0.40579016829 0.75298870051 0.89018593911 0.79764379652 2.21708049085 -256.8260392213 0.00101347034   -2 
  83 0.00000450364 0.00103733167 -32.562342393 0.14290276707 0.00441003975 0.05623792586 0.51691107428 0.45470850670 0.41222046289 0.46506741057 0.36491952951 0.40947184133 0.46738993016 0.39806645412 0.48125068115 0.50576587928 0.55528860667 0.58169214076 0.46732140127 0.54693623542 0.32822623649 0.35649490366 0.51202922564 0.47907828781 0.43165614849 0.39206327210 0.37909001519 0.38892608445 0.44318120000 0.40628647728 0.41379783128 0.43080190947 0.46920593042 0.47602095993 0.37879990440 0.52308452617 0.47961009838 0.57184877067 0.59033544226 0.40577712945 0.75295296921 0.89010454093 0.79762305862 2.21713383053 -256.8260351110 0.00065395864   -2 
  84 0.00000450365 0.00103731298 -32.563139622 0.14290315876 0.00441001449 0.05623781035 0.51692050758 0.45471037849 0.41222313136 0.46508231195 0.36491975904 0.40947021975 0.46738920835 0.39806391779 0.48124786844 0.50576313005 0.55528708087 0.58169013554 0.46732112628 0.54693518834 0.32822915258 0.35649568661 0.51203159202 0.47907860980 0.43165299891 0.39206163825 0.37909144075 0.38891875001 0.44317959367 0.40627885499 0.41379475778 0.43080134790 0.46920175383 0.47602231557 0.37879887878 0.52307609926 0.47960677667 0.57184616660 0.59033738404 0.40577830703 0.75294805789 0.89009511879 0.79761983974 2.21712856648 -256.8260334993 0.00129770986   -2 
  85 0.00000450365 0.00103732500 -32.565407588 0.14290342240 0.00440993767 0.05623745803 0.51695248910 0.45471795894 0.41223312909 0.46513281125 0.36492211038 0.40946561141 0.46738836253 0.39805373681 0.48123758453 0.50575265643 0.55528281521 0.58168334738 0.46731859280 0.54693145395 0.32823681525 0.35649764418 0.51203584409 0.47907900995 0.43164451145 0.39205704919 0.37909550059 0.38889772491 0.44317503723 0.40625676853 0.41378581716 0.43079973402 0.46918967963 0.47602627988 0.37879580114 0.52305166639 0.47959693700 0.57183863013 0.59034300135 0.40578363495 0.75293431233 0.89006947094 0.79761069410 2.21710786920 -256.8260289749 0.00044097605   -2 
  86 0.00000450366 0.00103733055 -32.567790762 0.14290262191 0.00440985417 0.05623707679 0.51693225360 0.45472335788 0.41224324338 0.46517573282 0.36493037959 0.40946314658 0.46739302942 0.39803388176 0.48122106041 0.50573405068 0.55528036059 0.58167391151 0.46730807108 0.54692510339 0.32823824411 0.35649727648 0.51202561606 0.47907629473 0.43164123643 0.39205414650 0.37909793375 0.38888298600 0.44317189216 0.40624003146 0.41377872297 0.43079835045 0.46918053259 0.47602916596 0.37879275989 0.52303301983 0.47958820210 0.57183274862 0.59034681831 0.40579687150 0.75292615405 0.89005870687 0.79760436446 2.21706743835 -256.8260263684 0.00035886797   -2 
  87 0.00000450366 0.00103734010 -32.568028978 0.14290196392 0.00440984387 0.05623702984 0.51693054227 0.45472268891 0.41224312069 0.46517491288 0.36493142117 0.40946328943 0.46739390003 0.39803146986 0.48121931759 0.50573189811 0.55528040836 0.58167296658 0.46730629020 0.54692430129 0.32823761749 0.35649695679 0.51202300971 0.47907567478 0.43164156148 0.39205407274 0.37909796399 0.38888232997 0.44317175835 0.40623905586 0.41377825105 0.43079823861 0.46917999873 0.47602930557 0.37879245242 0.52303191064 0.47958746824 0.57183236869 0.59034695764 0.40579916718 0.75292603469 0.89005949813 0.79760407308 2.21706180330 -256.8260260902 0.00058246162   -2 
  88 0.00000450367 0.00103734286 -32.571646783 0.14289397888 0.00440969714 0.05623635904 0.51690330467 0.45470603158 0.41223516089 0.46514434018 0.36494460578 0.40946512520 0.46740524484 0.39799693948 0.48119457522 0.50570099300 0.55528066123 0.58165896818 0.46727913243 0.54691195478 0.32822619783 0.35649128445 0.51198189901 0.47906551517 0.43164764366 0.39205341766 0.37909728516 0.38887592271 0.44317013639 0.40622793169 0.41377234382 0.43079644959 0.46917367469 0.47603027014 0.37878803694 0.52301907606 0.47957767027 0.57182745317 0.59034749913 0.40583321685 0.75292600247 0.89007513373 0.79760047643 2.21697639269 -256.8260214584 0.00072261994   -2 
  89 0.00000450367 0.00103735619 -32.572483922 0.14289175567 0.00440966167 0.05623619660 0.51690068500 0.45470286292 0.41223317186 0.46513704283 0.36494716492 0.40946542381 0.46740746948 0.39798932366 0.48118912960 0.50569413787 0.55528058404 0.58165575020 0.46727282137 0.54690903602 0.32822333966 0.35648985497 0.51197216427 0.47906302836 0.43164911266 0.39205325838 0.37909701311 0.38887460583 0.44316973744 0.40622549471 0.41377098410 0.43079598033 0.46917224647 0.47603037968 0.37878696587 0.52301623866 0.47957537540 0.57182628597 0.59034746472 0.40584134979 0.75292603240 0.89007897506 0.79759959052 2.21695651681 -256.8260209130 0.00042545241   -2 
  90 0.00000450368 0.00103735454 -32.575486665 0.14288442551 0.00440953670 0.05623562624 0.51691754926 0.45469642984 0.41222397162 0.46511267584 0.36494902176 0.40946370056 0.46740887778 0.39796878697 0.48117394777 0.50567487968 0.55527764559 0.58164478107 0.46725264744 0.54689854503 0.32821239404 0.35648403942 0.51193993189 0.47905357735 0.43165351087 0.39205222765 0.37909481566 0.38887147780 0.44316779565 0.40621867823 0.41376643120 0.43079363538 0.46916764040 0.47602929453 0.37878293681 0.52300802459 0.47956760945 0.57182183807 0.59034542970 0.40586835934 0.75292563406 0.89009135805 0.79759560173 2.21689015507 -256.8260194477 0.00036633454   -2 
  91 0.00000450368 0.00103736014 -32.575354169 0.14288453989 0.00440954156 0.05623564822 0.51691738594 0.45469801810 0.41222469859 0.46511524609 0.36494795973 0.40946345649 0.46740792637 0.39797090774 0.48117543990 0.50567672255 0.55527744732 0.58164547683 0.46725404125 0.54689909353 0.32821281821 0.35648421483 0.51194191173 0.47905395431 0.43165316203 0.39205219643 0.37909474388 0.38887179727 0.44316779580 0.40621920276 0.41376665370 0.43079363528 0.46916788427 0.47602913231 0.37878306879 0.52300860817 0.47956798418 0.57182196913 0.59034524747 0.40586693074 0.75292552798 0.89009053529 0.79759559168 2.21689421778 -256.8260192778 0.00036075058   -2 
  92 0.00000450368 0.00103734996 -32.575042041 0.14288462094 0.00440955370 0.05623570321 0.51691731410 0.45471305350 0.41222917024 0.46513687310 0.36493487530 0.40945917653 0.46739592198 0.39798926437 0.48118781441 0.50569195982 0.55527326375 0.58164944558 0.46726350158 0.54690152859 0.32821380208 0.35648401644 0.51195417907 0.47905480010 0.43165022747 0.39205123271 0.37909283411 0.38887447697 0.44316685898 0.40622305078 0.41376755339 0.43079257628 0.46916902055 0.47602648281 0.37878307357 0.52301261556 0.47956955069 0.57182170294 0.59034191653 0.40585916138 0.75292360623 0.89008429851 0.79759372179 2.21691808285 -256.8260182069 0.00019214058   -2 
  93 0.00000450368 0.00103735329 -32.575113746 0.14288428000 0.00440955023 0.05623568675 0.51691912401 0.45471385928 0.41222950506 0.46513858902 0.36493306205 0.40945856881 0.46739421501 0.39799169018 0.48118942205 0.50569391937 0.55527253458 0.58164980343 0.46726445428 0.54690161377 0.32821351094 0.35648373787 0.51195515025 0.47905458500 0.43164989531 0.39205102686 0.37909236124 0.38887493825 0.44316661802 0.40622358255 0.41376756397 0.43079227622 0.46916908592 0.47602591021 0.37878290567 0.52301312546 0.47956955295 0.57182148540 0.59034116567 0.40585883061 0.75292327744 0.89008375349 0.79759324838 2.21691993145 -256.8260181262 0.00027778277   -2 
  94 0.00000450368 0.00103734705 -32.575644254 0.14288286314 0.00440952831 0.05623558365 0.51692717486 0.45471475013 0.41223014307 0.46514350562 0.36492539549 0.40945584911 0.46738687281 0.39800152321 0.48119580622 0.50570171974 0.55526910272 0.58165085194 0.46726785106 0.54690148371 0.32821164963 0.35648216512 0.51195814342 0.47905313983 0.43164852710 0.39205000297 0.37909002755 0.38887696562 0.44316538686 0.40622578316 0.41376740633 0.43079074724 0.46916918222 0.47602315175 0.37878192916 0.52301516269 0.47956921570 0.57182025439 0.59033753062 0.40585840427 0.75292167277 0.89008166796 0.79759081064 2.21692501845 -256.8260178217 0.00016189350   -2 
  95 0.00000450368 0.00103735182 -32.576095740 0.14288171094 0.00440950959 0.05623549624 0.51692861600 0.45471341958 0.41223015653 0.46514331355 0.36492267285 0.40945490834 0.46738410380 0.39800561487 0.48119841491 0.50570491262 0.55526753291 0.58165113033 0.46726898223 0.54690114255 0.32821017561 0.35648107308 0.51195862023 0.47905202504 0.43164797967 0.39204941244 0.37908858693 0.38887812810 0.44316463780 0.40622691442 0.41376718858 0.43078977688 0.46916912109 0.47602148829 0.37878120700 0.52301614867 0.47956876324 0.57181940579 0.59033530912 0.40585918726 0.75292078878 0.89008114284 0.79758928824 2.21692551302 -256.8260177022 0.00035411949   -2 
  96 0.00000450369 0.00103734848 -32.577737261 0.14287814786 0.00440944367 0.05623518921 0.51693021125 0.45470788271 0.41222969045 0.46514088430 0.36491446648 0.40945195718 0.46737557520 0.39801812020 0.48120625026 0.50571455966 0.55526237590 0.58165168348 0.46727218417 0.54689972744 0.32820503687 0.35647729956 0.51195947487 0.47904809956 0.43164620429 0.39204739102 0.37908370022 0.38888193361 0.44316206393 0.40623055180 0.41376634864 0.43078645145 0.46916879994 0.47601586152 0.37877868633 0.52301926269 0.47956707531 0.57181644125 0.59032778123 0.40586225203 0.75291776283 0.89007951096 0.79758405485 2.21692525488 -256.8260173118 0.00019547725   -2 
  97 0.00000450369 0.00103735297 -32.579468152 0.14287457022 0.00440937389 0.05623486548 0.51692782028 0.45470370879 0.41222899003 0.46513689705 0.36490890307 0.40944982835 0.46736939841 0.39802770302 0.48121203200 0.50572180573 0.55525798711 0.58165172607 0.46727436759 0.54689810226 0.32819990278 0.35647357786 0.51195928455 0.47904416243 0.43164460887 0.39204540917 0.37907894509 0.38888546203 0.44315951883 0.40623383897 0.41376539142 0.43078315536 0.46916833378 0.47601037901 0.37877610553 0.52302199727 0.47956521095 0.57181342565 0.59032043713 0.40586582708 0.75291477018 0.89007807969 0.79757880553 2.21692243965 -256.8260171227 0.00024253667   -2 
  98 0.00000450370 0.00103734856 -32.580480875 0.14287297315 0.00440933398 0.05623468161 0.51692418966 0.45470300078 0.41222824631 0.46513398267 0.36490810143 0.40944924325 0.46736803046 0.39802996793 0.48121305837 0.50572328665 0.55525622412 0.58165114060 0.46727456307 0.54689697882 0.32819726464 0.35647167256 0.51195832442 0.47904207831 0.43164383318 0.39204435582 0.37907655375 0.38888698792 0.44315816201 0.40623519529 0.41376474915 0.43078141885 0.46916790517 0.47600760091 0.37877468303 0.52302302530 0.47956405920 0.57181174681 0.59031671521 0.40586796422 0.75291310258 0.89007731513 0.79757599523 2.21691821001 -256.8260169518 0.00047271945   -2 
  99 0.00000450371 0.00103736708 -32.584501386 0.14286622359 0.00440917258 0.05623393754 0.51691087456 0.45470314766 0.41222550655 0.46512250400 0.36490789890 0.40944790051 0.46736537189 0.39803544624 0.48121472873 0.50572632822 0.55525031433 0.58164833652 0.46727427615 0.54689244331 0.32818707296 0.35646434226 0.51195363105 0.47903401332 0.43164094797 0.39204027056 0.37906736211 0.38889261249 0.44315288110 0.40624010462 0.41376210498 0.43077464972 0.46916605345 0.47599688470 0.37876904305 0.52302661213 0.47955936334 0.57180510203 0.59030235036 0.40587671490 0.75290655834 0.89007441475 0.79756501982 2.21689900433 -256.8260160877 0.00047127811   -2 
 100 0.00000450372 0.00103736555 -32.588010841 0.14286092669 0.00440903305 0.05623329500 0.51690224896 0.45470343168 0.41222283884 0.46511321367 0.36490870620 0.40944683288 0.46736403974 0.39803784233 0.48121447142 0.50572696905 0.55524555524 0.58164532710 0.46727321726 0.54688829972 0.32817858577 0.35645819714 0.51194904259 0.47902718008 0.43163843751 0.39203674742 0.37905967778 0.38889696629 0.44314834319 0.40624384509 0.41375970009 0.43076888686 0.46916426093 0.47598788503 0.37876419533 0.52302918949 0.47955520711 0.57179933467 0.59029029982 0.40588410417 0.75290082122 0.89007165196 0.79755561413 2.21688027058 -256.8260150116 0.00048199156   -2 
 101 0.00000450373 0.00103738474 -32.592081703 0.14285464729 0.00440886805 0.05623253484 0.51690420946 0.45470471651 0.41222010260 0.46510554244 0.36491153792 0.40944600662 0.46736455357 0.39803616663 0.48121109659 0.50572402311 0.55524105733 0.58164097946 0.46727054405 0.54688328872 0.32816948785 0.35645153348 0.51194286571 0.47901967681 0.43163553879 0.39203271426 0.37905131337 0.38890102922 0.44314317076 0.40624721353 0.41375669232 0.43076239115 0.46916182519 0.47597797990 0.37875861312 0.52303116502 0.47955020419 0.57179261604 0.59027706327 0.40589236045 0.75289402626 0.89006802937 0.79754489464 2.21685498102 -256.8260141625 0.00083307204   -2 
 102 0.00000450378 0.00103739584 -32.608237020 0.14283128540 0.00440821737 0.05622953866 0.51691804300 0.45470792104 0.41220894009 0.46507853705 0.36492320416 0.40944238272 0.46736741853 0.39802494315 0.48119447714 0.50570844998 0.55522384779 0.58162255310 0.46725829883 0.54686306030 0.32813463365 0.35642583083 0.51191764191 0.47899055497 0.43162393875 0.39201680620 0.37901905358 0.38891563658 0.44312283175 0.40625914047 0.41374452094 0.43073701672 0.46915169991 0.47593963746 0.37873670060 0.52303754889 0.47953026799 0.57176606828 0.59022586634 0.40592406064 0.75286690471 0.89005266739 0.79750284712 2.21675078663 -256.8260092679 0.00039001222   -2 
 103 0.00000450377 0.00103739579 -32.604927791 0.14283579182 0.00440834851 0.05623014205 0.51691568855 0.45470657093 0.41221202018 0.46508699690 0.36492049474 0.40944307867 0.46736693809 0.39802581388 0.48119706239 0.50571051052 0.55522787113 0.58162616762 0.46726030667 0.54686729209 0.32814244738 0.35643150813 0.51192274333 0.47899695163 0.43162628512 0.39202012824 0.37902610565 0.38891195279 0.44312710044 0.40625604976 0.41374690885 0.43074239120 0.46915356620 0.47594791845 0.37874126695 0.52303558193 0.47953430447 0.57177155304 0.59023694631 0.40591707543 0.75287237974 0.89005530616 0.79751168457 2.21677159335 -256.8260089968 0.00038859594   -2 
 104 0.00000450377 0.00103739579 -32.604927791 0.14283579182 0.00440834851 0.05623014205 0.51691568855 0.45470657093 0.41221202018 0.46508699690 0.36492049474 0.40944307867 0.46736693809 0.39802581388 0.48119706239 0.50571051052 0.55522787113 0.58162616762 0.46726030667 0.54686729209 0.32814244738 0.35643150813 0.51192274333 0.47899695163 0.43162628512 0.39202012824 0.37902610565 0.38891195279 0.44312710044 0.40625604976 0.41374690885 0.43074239120 0.46915356620 0.47594791845 0.37874126695 0.52303558193 0.47953430447 0.57177155304 0.59023694631 0.40591707543 0.75287237974 0.89005530616 0.79751168457 2.21677159335 -256.8260089968           NAN   -8 
 105 0.00000450377 0.00103738797 -32.604986635 0.14283568871 0.00440834509 0.05623012589 0.51691603216 0.45470578692 0.41221254911 0.46508948452 0.36492021539 0.40944296002 0.46736702198 0.39802425479 0.48119608994 0.50570923153 0.55522824987 0.58162587024 0.46725971321 0.54686726371 0.32814302025 0.35643183931 0.51192255703 0.47899727745 0.43162620523 0.39202013587 0.37902646224 0.38891127089 0.44312713516 0.40625540415 0.41374675707 0.43074249580 0.46915331170 0.47594824500 0.37874128499 0.52303490599 0.47953419283 0.57177151689 0.59023740571 0.40591664190 0.75287220327 0.89005471889 0.79751176217 2.21677052949 -256.8260087630 0.00048100123   -2 
 106 0.00000450378 0.00103738560 -32.605730138 0.14283117249 0.00440828237 0.05622982634 0.51692872969 0.45469543927 0.41222409093 0.46513627427 0.36491618087 0.40944190513 0.46736977584 0.39799652246 0.48117931393 0.50568683529 0.55523628832 0.58162151809 0.46724947996 0.54686758575 0.32815388726 0.35643827523 0.51191974209 0.47900378459 0.43162512502 0.39202058561 0.37903332947 0.38889894972 0.44312811359 0.40624375324 0.41374422360 0.43074470461 0.46914893507 0.47595459106 0.37874181268 0.52302277361 0.47953242134 0.57177121022 0.59024628401 0.40590881271 0.75286951143 0.89004469224 0.79751374356 2.21675433545 -256.8260061128 0.00022061492   -2 
 107 0.00000450378 0.00103739478 -32.606044867 0.14283012257 0.00440826010 0.05622972208 0.51692114967 0.45470020188 0.41222349016 0.46513445838 0.36491605851 0.40944201038 0.46737027159 0.39799199805 0.48117682001 0.50568320006 0.55523773847 0.58162083202 0.46724727861 0.54686769742 0.32815681522 0.35644000505 0.51191907068 0.47900543910 0.43162483734 0.39202070420 0.37903527319 0.38889542307 0.44312838079 0.40624037736 0.41374347626 0.43074533598 0.46914766120 0.47595640879 0.37874195962 0.52301924809 0.47953187768 0.57177110516 0.59024881868 0.40590637966 0.75286862021 0.89004200629 0.79751426277 2.21675053641 -256.8260057366 0.00059498849   -2 
 108 0.00000450378 0.00103739005 -32.606616401 0.14282882784 0.00440822333 0.05622955101 0.51690877690 0.45470723859 0.41222196152 0.46513031623 0.36491574609 0.40944200624 0.46737081946 0.39798484795 0.48117280619 0.50567738778 0.55523980061 0.58161956735 0.46724366363 0.54686772193 0.32816148345 0.35644273415 0.51191788408 0.47900800127 0.43162429954 0.39202083778 0.37903836890 0.38888965623 0.44312874805 0.40623485076 0.41374221100 0.43074630518 0.46914553392 0.47595929421 0.37874216134 0.52301346095 0.47953093588 0.57177085760 0.59025284916 0.40590237783 0.75286707472 0.89003751480 0.79751501082 2.21674395005 -256.8260051737 0.00021120842   -2 
 109 0.00000450379 0.00103739475 -32.608928855 0.14282464899 0.00440807415 0.05622886208 0.51691692846 0.45471339784 0.41221307758 0.46510522023 0.36491445352 0.40944079589 0.46737023308 0.39796542722 0.48116161971 0.50566097564 0.55524343223 0.58161446430 0.46723150238 0.54686642819 0.32817714950 0.35645161838 0.51191299754 0.47901571518 0.43162176575 0.39202077448 0.37904892673 0.38886851815 0.44312942608 0.40621445967 0.41373715789 0.43074927246 0.46913726965 0.47596910378 0.37874255033 0.52299195341 0.47952695552 0.57176921626 0.59026657192 0.40588705620 0.75286057527 0.89002018184 0.79751667351 2.21671707710 -256.8260041054 0.00017768900   -2 
 110 0.00000450379 0.00103739340 -32.608503398 0.14282541811 0.00440810161 0.05622898881 0.51691575216 0.45470850740 0.41221580194 0.46511276003 0.36491465727 0.40944085200 0.46736995321 0.39797098471 0.48116472175 0.50566552267 0.55524191111 0.58161550838 0.46723440735 0.54686643920 0.32817344554 0.35644945168 0.51191395043 0.47901367491 0.43162219042 0.39202066301 0.37904648704 0.38887304430 0.44312913378 0.40621878414 0.41373813797 0.43074850726 0.46913893378 0.47596683502 0.37874238228 0.52299648035 0.47952768079 0.57176939768 0.59026339571 0.40589015031 0.75286174355 0.89002371124 0.79751603125 2.21672256612 -256.8260039945 0.00013230271   -2 
 111 0.00000450379 0.00103739803 -32.608754957 0.14282489591 0.00440808491 0.05622891073 0.51691811964 0.45470584787 0.41221585250 0.46511272624 0.36491450443 0.40944054713 0.46736943715 0.39797126683 0.48116477412 0.50566558547 0.55524128362 0.58161509210 0.46723388954 0.54686602503 0.32817416592 0.35644977880 0.51191347951 0.47901376518 0.43162185744 0.39202050531 0.37904704133 0.38887148527 0.44312900038 0.40621722916 0.41373763693 0.43074856473 0.46913819347 0.47596734607 0.37874230701 0.52299478760 0.47952722835 0.57176906831 0.59026411565 0.40588878360 0.75286097667 0.89002236925 0.79751570381 2.21671978968 -256.8260038986 0.00033685734   -2 
 112 0.00000450380 0.00103739519 -32.609838187 0.14282316310 0.00440801640 0.05622859099 0.51692596714 0.45469422029 0.41221600011 0.46511300986 0.36491372039 0.40943909960 0.46736705406 0.39797287025 0.48116512734 0.50566612980 0.55523831872 0.58161326306 0.46723188580 0.54686413944 0.32817678903 0.35645088761 0.51191148388 0.47901385232 0.43162042483 0.39201977136 0.37904909477 0.38886529150 0.44312834609 0.40621102890 0.41373556494 0.43074868138 0.46913516874 0.47596922853 0.37874193581 0.52298801241 0.47952532953 0.57176761899 0.59026677675 0.40588326421 0.75285774898 0.89001693367 0.79751416199 2.21670828676 -256.8260035487 0.00016000468   -2 
 113 0.00000450381 0.00103740384 -32.613527917 0.14281634815 0.00440777835 0.05622748325 0.51691286421 0.45468063865 0.41221814428 0.46511927537 0.36491149302 0.40943480460 0.46735979238 0.39798181391 0.48116816010 0.50567092049 0.55522762007 0.58160789787 0.46722737602 0.54685762884 0.32818267284 0.35645275575 0.51190522281 0.47901217394 0.43161557284 0.39201690386 0.37905415398 0.38884694075 0.44312557585 0.40619239697 0.41372881946 0.43074824650 0.46912557407 0.47597380217 0.37874029836 0.52296743243 0.47951888716 0.57176228267 0.59027329512 0.40586562339 0.75284724856 0.89000000286 0.79750816195 2.21667471233 -256.8260028068 0.00020026054   -2 
 114 0.00000450383 0.00103740114 -32.617767970 0.14280915254 0.00440750307 0.05622620400 0.51690978444 0.45470044003 0.41221523383 0.46511866521 0.36490861136 0.40943069871 0.46735390466 0.39798758254 0.48116847755 0.50567299388 0.55521739280 0.58160177287 0.46722330078 0.54685024185 0.32818544871 0.35645239435 0.51189841842 0.47900801437 0.43160994065 0.39201300820 0.37905701823 0.38882994191 0.44312152055 0.40617479503 0.41372151019 0.43074639957 0.46911557723 0.47597612935 0.37873774849 0.52294766468  0.4795115249 0.57175553226 0.59027673786 0.40584752181 0.75283556685 0.88998276627 0.79749946915 2.21664035258 -256.8260014860 0.00053162319   -2 
 115 0.00000450384 0.00103740876 -32.618898125 0.14280704698 0.00440742821 0.05622585603 0.51691014770 0.45470571720 0.41221450987 0.46511836258 0.36490792957 0.40942974313 0.46735255555 0.39798891902 0.48116847590 0.50567342678 0.55521487903 0.58160022754 0.46722228539 0.54684834636 0.32818605726 0.35645222197 0.51189665503 0.47900685359 0.43160845323 0.39201195728 0.37905768414 0.38882555717 0.44312041664 0.40617023565 0.41371957794 0.43074586364 0.46911295092 0.47597665289 0.37873704400 0.52294252891 0.47950956011 0.57175371217 0.59027751792 0.40584274357 0.75283247681 0.88997824097 0.79749710460 2.21663149780 -256.8260012543 0.00017309237   -2 
 116 0.00000450385 0.00103740848 -32.621970238 0.14280170949 0.00440722272 0.05622490211 0.51692725673 0.45470480610 0.41221177183 0.46511177329 0.36490710531 0.40942945909 0.46735314254 0.39798562981 0.48116485539 0.50566985464 0.55521305403 0.58159737714 0.46722069453 0.54684482071 0.32818388865 0.35644959040 0.51189310646 0.47900240615 0.43160495247 0.39200889844 0.37905642460 0.38881895717 0.44311694162 0.40616292534 0.41371528966 0.43074321412 0.46910759371 0.47597501880 0.37873458159 0.52293382494 0.47950473261 0.57174862511 0.59027540214 0.40583298093 0.75282523574 0.88996900921 0.79749003340 2.21661560474 -256.8260006858 0.00019830365   -2 
 117 0.00000450387 0.00103741442 -32.624889510 0.14279633763 0.00440702500 0.05622398379 0.51693571066 0.45470161311 0.41220997175 0.46510601303 0.36490670828 0.40942973166 0.46735450919 0.39798138005 0.48116102355 0.50566578859 0.55521249077 0.58159515081 0.46721948762 0.54684200144 0.32818108578 0.35644670988 0.51189012793 0.47899806390 0.43160183372 0.39200601062 0.37905458399 0.38881395718 0.44311360227 0.40615720225 0.41371148811 0.43074046899 0.46910296848 0.47597280759 0.37873213969 0.52292683703 0.47950031074 0.57174382678 0.59027248459 0.40582449486 0.75281869510 0.88996103930 0.79748320193 2.21660259174 -256.8260004653 0.00038580409   -2 
 118 0.00000450388 0.00103741128 -32.628561801 0.14278972696 0.00440677707 0.05622283293 0.51693931543 0.45469680090 0.41220806383 0.46509941307 0.36490626002 0.40943012296 0.46735628556 0.39797562382 0.48115607633 0.50566041316 0.55521214274 0.58159248159 0.46721802752 0.54683866558 0.32817723982 0.35644293263 0.51188655054 0.47899259571 0.43159802275 0.39200240424 0.37905195327 0.38880834498 0.44310940372 0.40615067438 0.41370687253 0.43073691474 0.46909741831 0.47596969834 0.37872902698 0.52291875556 0.47949486843 0.57173783900 0.59026835846 0.40581433950 0.75281068241 0.88995143876 0.79747459518 2.21658703884 -256.8260001209 0.00051360388   -2 
 119 0.00000450395 0.00103743753 -32.641601019 0.14276523635 0.00440588869 0.05621870819 0.51693869326 0.45468089392 0.41220291682 0.46507891064 0.36490500786 0.40943174141 0.46736268799 0.39795486149 0.48113871748 0.50564126371 0.55521169589 0.58158346923 0.46721303599 0.54682738784 0.32816300282 0.35642925932 0.51187425765 0.47897325106 0.43158473091 0.39198964730 0.37904199367 0.38878969838 0.44309448760 0.40612874641 0.41369076600 0.43072405962 0.46907818886 0.47595799210 0.37871784227 0.52289136262 0.47947570406 0.57171662300 0.59025278617 0.40577911026 0.75278260888 0.88991833954 0.79744391569 2.21653332361 -256.8259981644 0.00053998619   -2 
 120 0.00000450395 0.00103742977 -32.642910914 0.14276303692 0.00440579954 0.05621829471 0.51693082331 0.45468116526 0.41220276355 0.46507914676 0.36490452226 0.40943123027 0.46736218431 0.39795309274 0.48113722902 0.50563949375 0.55521119729 0.58158233803 0.46721226853 0.54682626088 0.32816141368 0.35642783068 0.51187306318 0.47897143658 0.43158348199 0.39198838975 0.37904067141 0.38878851967 0.44309298983 0.40612727009 0.41368932263 0.43072263811 0.46907653723 0.47595643427 0.37871664640 0.52288937269 0.47947390529 0.57171453597 0.59025070841 0.40577626964 0.75277997411 0.88991539642 0.79744078433 2.21652714141 -256.8259976218 0.00065521228   -2 
 121 0.00000450397 0.00103744545 -32.646285808 0.14275663824 0.00440556146 0.05621718993 0.51690419142 0.45468564116 0.41220345264 0.46508367577 0.36490299447 0.40942916792 0.46735945465 0.39794918377 0.48113399613 0.50563537376 0.55520944930 0.58157928804 0.46721000124 0.54682348898 0.32815706153 0.35642405369 0.51187009868 0.47896695432 0.43158038860 0.39198516051 0.37903676503 0.38878645353 0.44308909551 0.40612446139 0.41368580302 0.43071873646 0.46907262794 0.47595181635 0.37871340190 0.52288526719 0.47946937041 0.57170914060 0.59024454034 0.40576977063 0.75277333934 0.88990825020 0.79743263841 2.21651055048 -256.8259963061 0.00019995412   -2 
 122 0.00000450399 0.00103745168 -32.649505525 0.14275292251 0.00440530838 0.05621601803 0.51691369508 0.45469892112 0.41220351983 0.46510811040 0.36489525295 0.40941638991 0.46733923444 0.39795081330 0.48113394947 0.50563354671 0.55519832983 0.58157110461 0.46720256559 0.54681901499 0.32815093406 0.35641953799 0.51186638793 0.47896397593 0.43157778909 0.39198180864 0.37902826667 0.38879304541 0.44308472712 0.40613088702 0.41368416322 0.43071259217 0.46907192963 0.47594151937 0.37870873253 0.52289072365 0.47946602905 0.57170364030 0.59023080278 0.40577280194 0.75276799255 0.88990470981 0.79742428276 2.21647707077 -256.8259951334 0.00034439541   -2 
 123 0.00000450399 0.00103744743 -32.649785679 0.14275266902 0.00440528631 0.05621591600 0.51691410323 0.45469933614 0.41220347364 0.46510964402 0.36489462958 0.40941534656 0.46733757112 0.39795101305 0.48113397812 0.50563343327 0.55519733789 0.58157039295 0.46720189023 0.54681862408 0.32815040808 0.35641915794 0.51186606693 0.47896375681 0.43157757978 0.39198152813 0.37902748572 0.38879373346 0.44308435561 0.40613157537 0.41368405683 0.43071204092 0.46907192339 0.47594056506 0.37870831403 0.52289133623 0.47946576920 0.57170318012 0.59022953137 0.40577323338 0.75276756914 0.88990446740 0.79742357207 2.21647411912 -256.8259950462 0.00014900426   -2 
 124 0.00000450401 0.00103745400 -32.652443548 0.14274771912 0.00440502375 0.05621470373 0.51691130859 0.45467806036 0.41220449883 0.46510391668 0.36489188548 0.40940886937 0.46732575865 0.39795703394 0.48113741381 0.50563590020 0.55518722514 0.58156441850 0.46719422206 0.54681559007 0.32814518243 0.35641587903 0.51186356575 0.47896375613 0.43157657149 0.39197927036 0.37901719834 0.38880697999 0.44308103494 0.40614543017 0.41368482344 0.43070546689 0.46907468331 0.47592762404 0.37870324850 0.52290482317 0.47946451555 0.57169929152 0.59021234006 0.40578556665 0.75276541780 0.88990550191 0.79741684356 2.21644424387 -256.8259942891 0.00015858136   -2 
 125 0.00000450401 0.00103745770 -32.652617911 0.14274726813 0.00440500313 0.05621460834 0.51691100418 0.45467857292 0.41220427125 0.46510276213 0.36489189361 0.40940883833 0.46732567676 0.39795724719 0.48113746927 0.50563595527 0.55518675857 0.58156410143 0.46719375871 0.54681536104 0.32814486349 0.35641567605 0.51186336679 0.47896376123 0.43157649156 0.39197911376 0.37901646063 0.38880795446 0.44308080250 0.40614647900 0.41368489442 0.43070498242 0.46907490181 0.47592666415 0.37870286251 0.52290584935 0.47946444383 0.57169901925 0.59021107515 0.40578665983 0.75276525715 0.88990557549 0.79741635461 2.21644233765 -256.8259942384 0.00023429959   -2 
 126 0.00000450403 0.00103745674 -32.654407308 0.14274337104 0.00440479149 0.05621363227 0.51690562736 0.45468982905 0.41220025690 0.46508822987 0.36489235887 0.40940977296 0.46732733652 0.39795817920 0.48113687460 0.50563563863 0.55518278739 0.58156102259 0.46718930591 0.54681276109 0.32814182774 0.35641367930 0.51186109931 0.47896362980 0.43157551943 0.39197746886 0.37900909690 0.38881751781 0.44307840063 0.40615689833 0.41368554762 0.43070005653 0.46907700276 0.47591697639 0.37869889042 0.52291602214 0.47946368867 0.57169621275 0.59019833613 0.40579814727 0.75276349411 0.88990596894 0.79741142954 2.21642345206 -256.8259917128 0.00009846498    0 
-- Found new optimum with likelihood -256.825991712801795 and gradient 0.00010

---- Best joint likelihood found -256.825991712801795 with gradient 0.00010

---- Results for /scratch/40841832/tmp5z3eeh03 
--  Model: C
--        eps_an     theta_bar             a 
-- 0.00000450403 0.00103745674            -1 
--           S_d             b           p_b           S_b 
-- -32.654407308 0.14274337104 0.00440479149 0.05621363227 
--           r 2           r 3           r 4           r 5           r 6           r 7           r 8           r 9          r 10          r 11          r 12          r 13          r 14          r 15          r 16          r 17          r 18          r 19          r 20          r 21          r 22          r 23          r 24          r 25          r 26          r 27          r 28          r 29          r 30          r 31          r 32          r 33          r 34          r 35          r 36          r 37          r 38          r 39 
-- 0.51690562736 0.45468982905 0.41220025690 0.46508822987 0.36489235887 0.40940977296 0.46732733652 0.39795817920 0.48113687460 0.50563563863 0.55518278739 0.58156102259 0.46718930591 0.54681276109 0.32814182774 0.35641367930 0.51186109931 0.47896362980 0.43157551943 0.39197746886 0.37900909690 0.38881751781 0.44307840063 0.40615689833 0.41368554762 0.43070005653 0.46907700276 0.47591697639 0.37869889042 0.52291602214 0.47946368867 0.57169621275 0.59019833613 0.40579814727 0.75276349411 0.88990596894 0.79741142954 2.21642345206 

---- Expected P_neut(i), 0 < i < n (neutral SFS per site) 
E[P_neut(1)] = 0.0010374523
E[P_neut(2)] = 0.0002681325
E[P_neut(3)] = 0.0001572397
E[P_neut(4)] = 0.0001069096
E[P_neut(5)] = 0.0000965014
E[P_neut(6)] = 0.0000630931
E[P_neut(7)] = 0.0000606777
E[P_neut(8)] = 0.0000606038
E[P_neut(9)] = 0.0000458737
E[P_neut(10)] = 0.0000499157
E[P_neut(11)] = 0.0000476885
E[P_neut(12)] = 0.0000479980
E[P_neut(13)] = 0.0000464110
E[P_neut(14)] = 0.0000346205
E[P_neut(15)] = 0.0000378195
E[P_neut(16)] = 0.0000212770
E[P_neut(17)] = 0.0000217508
E[P_neut(18)] = 0.0000295018
E[P_neut(19)] = 0.0000261528
E[P_neut(20)] = 0.0000223870
E[P_neut(21)] = 0.0000193648
E[P_neut(22)] = 0.0000178730
E[P_neut(23)] = 0.0000175383
E[P_neut(24)] = 0.0000191531
E[P_neut(25)] = 0.0000168549
E[P_neut(26)] = 0.0000165070
E[P_neut(27)] = 0.0000165495
E[P_neut(28)] = 0.0000173804
E[P_neut(29)] = 0.0000170258
E[P_neut(30)] = 0.0000130963
E[P_neut(31)] = 0.0000175002
E[P_neut(32)] = 0.0000155447
E[P_neut(33)] = 0.0000179732
E[P_neut(34)] = 0.0000180092
E[P_neut(35)] = 0.0000120289
E[P_neut(36)] = 0.0000216937
E[P_neut(37)] = 0.0000249530
E[P_neut(38)] = 0.0000217716
E[P_neut(39)] = 0.0000589645

---- Expected P_sel(i), 0 < i < n (selected SFS per site) 
E[P_sel(1)] = 0.0008404519
E[P_sel(2)] = 0.0001969023
E[P_sel(3)] = 0.0001089428
E[P_sel(4)] = 0.0000711648
E[P_sel(5)] = 0.0000623292
E[P_sel(6)] = 0.0000397838
E[P_sel(7)] = 0.0000375067
E[P_sel(8)] = 0.0000368312
E[P_sel(9)] = 0.0000274711
E[P_sel(10)] = 0.0000295045
E[P_sel(11)] = 0.0000278608
E[P_sel(12)] = 0.0000277470
E[P_sel(13)] = 0.0000265719
E[P_sel(14)] = 0.0000196464
E[P_sel(15)] = 0.0000212862
E[P_sel(16)] = 0.0000118843
E[P_sel(17)] = 0.0000120623
E[P_sel(18)] = 0.0000162513
E[P_sel(19)] = 0.0000143156
E[P_sel(20)] = 0.0000121810
E[P_sel(21)] = 0.0000104769
E[P_sel(22)] = 0.0000096177
E[P_sel(23)] = 0.0000093891
E[P_sel(24)] = 0.0000102032
E[P_sel(25)] = 0.0000089367
E[P_sel(26)] = 0.0000087127
E[P_sel(27)] = 0.0000086972
E[P_sel(28)] = 0.0000090957
E[P_sel(29)] = 0.0000088743
E[P_sel(30)] = 0.0000067996
E[P_sel(31)] = 0.0000090519
E[P_sel(32)] = 0.0000080112
E[P_sel(33)] = 0.0000092302
E[P_sel(34)] = 0.0000092170
E[P_sel(35)] = 0.0000061360
E[P_sel(36)] = 0.0000110303
E[P_sel(37)] = 0.0000126478
E[P_sel(38)] = 0.0000110018
E[P_sel(39)] = 0.0000297084

---- alpha_dfe = 0.009045

