---- Running command
---- ./polyDFE -d /scratch/40841133/tmpzb56x8ln -m C -i /scratch/40841133/tmpnl2po9yb 1 -v 1 
---- Performing inference using model C

---- Performing inference on /scratch/40841133/tmpzb56x8ln
----      with -i /scratch/40841133/tmpnl2po9yb 1
---- Data /scratch/40841133/tmpzb56x8ln does not contain divergence counts. Using option -w.
---- No mutation variability. Using Poisson likelihood.


---- Using provided initial values

-- Starting local optimization
-- Optimizing all parameters
  it        eps_an     theta_bar           S_d             b           p_b           S_b           r 2           r 3           r 4           r 5           r 6           r 7           r 8           r 9          r 10          r 11          r 12          r 13          r 14          r 15          r 16          r 17          r 18          r 19           ln lk          grad status 
   0 0.00000449744  0.0008503307 -68.014330000     0.1127644   0.003905648    0.03800569     0.5669393     0.5649833     0.5475162     0.4995644     0.5648594     0.6039999     0.4662727     0.5802472     0.5323765     0.5838853     0.5587549     0.5490204     0.5681745     0.5012596     0.6027202     0.6738647     0.7739941      1.427315 -136.6808144720 1.47989579407   -2 
   1 0.00000449743 0.00087013581 -67.884935919 0.11230769643 0.00390577773 0.03800569762 0.57024728306 0.56645653484 0.54617062708 0.49871153975 0.56304473884 0.60390819459 0.46751425142 0.58033584018 0.53328069090 0.58459852970 0.55815519129 0.54851424692 0.56887087417 0.50149294721 0.60162185218 0.67416745590 0.77512882352 1.42515018978 -134.7868194898 0.52227982228   -2 
   2 0.00000449741 0.00086757540 -67.394199448 0.11195237219 0.00390587790 0.03800551340 0.61090266897 0.57908499130 0.50340267569 0.47063859934 0.51384920856 0.59254640187 0.49202636523 0.57575370050 0.54952958835 0.59587988889 0.53985407466 0.53281408050 0.58128229850 0.50401901093 0.57266460643 0.67675005754 0.79648147699 1.36082482492 -129.8501631833 0.37515123647   -2 
   3 0.00000449740 0.00086021395 -67.209666523 0.11157932134 0.00390598133 0.03800546227 0.59287584451 0.57778628447 0.49841693585 0.46443622343 0.50197280285 0.58935838834 0.50051580930 0.57411509986 0.55540532486 0.59993815256 0.53283371963 0.52658591064 0.58625642638 0.50503094664 0.56093535552 0.67772002564 0.80508037604 1.33858408619 -128.8667432123 0.81259111015   -2 
   4 0.00000449739 0.00087526795 -66.835139799 0.11052973081 0.00390627794 0.03800541308 0.57101921660 0.57619712542 0.49387144982 0.45741832103 0.48811868365 0.58571333462 0.51171185057 0.57221504625 0.56322543300 0.60538141612 0.52390760499 0.51861813722 0.59296614141 0.50645645609 0.54587502328 0.67912521321 0.81665833593 1.31082111029 -127.6879140633 0.16060270719   -2 
   5 0.00000449738 0.00087583329 -66.457037915 0.10948315644 0.00390654419 0.03800525137 0.57935861127 0.55729552397 0.50225592744 0.45605233754 0.48510186952 0.57971903493 0.51479255275 0.56654187140 0.56586795243 0.60606334561 0.51153570162 0.50683006671 0.59774714682 0.50619192646 0.52452716067 0.67757029470 0.82588920227 1.27994305415 -127.1347285595 0.11994572360   -2 
   6 0.00000449737 0.00087334874 -66.453870059 0.10947011010 0.00390654366 0.03800523607 0.57858133770 0.55811918769 0.50230173342 0.45618900045 0.48545494360 0.57946268969 0.51436694409 0.56615708864 0.56559509417 0.60576081041 0.51086687783 0.50613441293 0.59775409305 0.50604838538 0.52323837445 0.67728918226 0.82600237038 1.27878001839 -127.1050932810 0.14987425398   -2 
   7 0.00000449736 0.00087457544 -66.326355745 0.10890984699 0.00390666846 0.03800512190 0.57275576022 0.56836556307 0.50263420927 0.45800488006 0.48945691826 0.57795879806 0.51035610576 0.56326126668 0.56304955454 0.60309709935 0.50562801044 0.50056463536 0.59765477785 0.50483301080 0.51270888613 0.67493057765 0.82665305919 1.27076337314 -126.9226176223 0.06258017303   -2 
   8 0.00000449736 0.00087552876 -66.266348732 0.10859172115 0.00390673534 0.03800504786 0.57263403949 0.57118624075 0.50226249721 0.45884641162 0.49159535594 0.57724626804 0.50781454302 0.56166509137 0.56130899621 0.60133860468 0.50266313776 0.49731852729 0.59732588096 0.50397467798 0.50644550852 0.67335526966 0.82660135227 1.26679930988 -126.8990859981 0.11127075122   -2 
   9 0.00000449736 0.00087353070 -66.267181678 0.10855461217 0.00390673793 0.03800502413 0.57315758413 0.57077799126 0.50198187031 0.45893350598 0.49199573689 0.57706054067 0.50710511064 0.56125039211 0.56077580435 0.60080888256 0.50188797941 0.49644492314 0.59714715161 0.50369229557 0.50472556912 0.67286492278 0.82644440074 1.26587846503 -126.8798655473 0.09335412995   -2 
  10 0.00000449735 0.00087445037 -66.248357365 0.10823657359 0.00390679432 0.03800493062 0.57773354084 0.56602717550 0.50075369948 0.45902911757 0.49311663497 0.57666505063 0.50452520397 0.55992849553 0.55870334781 0.59877828385 0.49909031688 0.49316816887 0.59629179958 0.50251460496 0.49800285870 0.67088270015 0.82554961864 1.26324676013 -126.8218188991 0.03824132434   -2 
  11 0.00000449735 0.00087466925 -66.304430455 0.10804253733 0.00390682071 0.03800487691 0.57488357607 0.56193415348 0.50006070140 0.45812106774 0.49196090834 0.57671430223 0.50396055101 0.55979208424 0.55782765878 0.59792780456 0.49829781320 0.49198393531 0.59543071063 0.50172386433 0.49500362061 0.66973786575 0.82433304939 1.26350615776 -126.8014937020 0.07285600202   -2 
  12 0.00000449734 0.00087597712 -66.318855181 0.10795891750 0.00390683545 0.03800486115 0.57413709220 0.56096368486 0.49987295426 0.45783073601 0.49156516587 0.57672531914 0.50383355512 0.55977009563 0.55758643350 0.59769248720 0.49809888780 0.49166683575 0.59516120559 0.50148484439 0.49416415809 0.66940016924 0.82394479638 1.26363109681 -126.7959957536 0.02176007798   -2 
  13 0.00000449734 0.00087653101 -66.507658225 0.10767650432 0.00390685572 0.03800476914 0.57246203665 0.56233859365 0.49853003486 0.45557343694 0.48821387952 0.57579842876 0.50370507152 0.55947257659 0.55652902556 0.59659769033 0.49776657781 0.49084560378 0.59331941560 0.50011120051 0.49158526505 0.66763350764 0.82114573488 1.26391700022 -126.7834960456 0.01701640063   -2 
  14 0.00000449733 0.00087698867 -66.584538702 0.10757527781 0.00390686230 0.03800473850 0.57287810449 0.56251492435 0.49827451176 0.45510489610 0.48747000027 0.57544153211 0.50364302730 0.55930425975 0.55622914723 0.59627489655 0.49768863604 0.49065243861 0.59274444406 0.49967888503 0.49098061661 0.66709730699 0.82027093081 1.26375591610 -126.7819235779 0.03056805744   -2 
  15 0.00000449733 0.00087660687 -66.672731742 0.10748658179 0.00390686381 0.03800470651 0.57335398645 0.56256158911 0.49804404479 0.45469100403 0.48680292695 0.57505753434 0.50356139690 0.55910426052 0.55592548533 0.59594496442 0.49760693386 0.49046540418 0.59215980724 0.49923695558 0.49041406946 0.66655305741 0.81938272571 1.26350278117 -126.7802893941 0.01231178538   -2 
  16 0.00000449733 0.00087661721 -66.827887421 0.10732865182 0.00390686905 0.03800465810 0.57403238422 0.56222918812 0.49795434128 0.45444728200 0.48631460432 0.57452903799 0.50341195505 0.55875854207 0.55554165440 0.59551261724 0.49750018103 0.49025013176 0.59135603792 0.49860839836 0.48978779547 0.66580336024 0.81816413059 1.26287949093 -126.7791722930 0.01477199927   -2 
  17 0.00000449732 0.00087736075 -67.080346051 0.10708494480 0.00390687832 0.03800459296 0.57363610036 0.56139759622 0.49821700042 0.45477193845 0.48661118153 0.57405222225 0.50317217505 0.55828148381 0.55519915749 0.59509704232 0.49737132734 0.49007392742 0.59051651293 0.49789328598 0.48936394099 0.66499746423 0.81689987860 1.26171610779 -126.7762729079 0.04411768904   -2 
  18 0.00000449731 0.00087710968 -67.489594998 0.10673541950 0.00390688315 0.03800449027 0.57282706966 0.56009581251 0.49858181680 0.45528518071 0.48712040691 0.57332064520 0.50277500949 0.55752622630 0.55466896173 0.59445342959 0.49715553573 0.48979822432 0.58923795324 0.49679557039 0.48874415953 0.66376226527 0.81497820507 1.25984567585 -126.7723928561 0.01330117337   -2 
  19 0.00000449731 0.00087665195 -67.527130924 0.10676539705 0.00390686973 0.03800448716 0.57290360237 0.56080289745 0.49827962326 0.45516739233 0.48716418360 0.57350744709 0.50274212032 0.55758816179 0.55474182909 0.59453824365 0.49711063678 0.48980826458 0.58945723337 0.49692817974 0.48892700329 0.66392917476 0.81532180561 1.25984257522 -126.7711674449 0.02927841507   -2 
  20 0.00000449731 0.00087695662 -67.592643713 0.10678660137 0.00390685386 0.03800448068 0.57308907722 0.56191110286 0.49784555599 0.45501144522 0.48726666656 0.57382047747 0.50269771552 0.55769300082 0.55486731378 0.59468177985 0.49704322655 0.48982931519 0.58980761063 0.49713551137 0.48922670625 0.66419457956 0.81587024839 1.25983758375 -126.7694547047 0.00867190964   -2 
  21 0.00000449730 0.00087662412 -68.314663723 0.10674463651 0.00390674011 0.03800438272 0.57335101780 0.56210426232 0.49738661949 0.45498008739 0.48835597790 0.57532160133 0.50250532082 0.55816916833 0.55557992060 0.59546276610 0.49666489045 0.48997515885 0.59160903223 0.49810993219 0.49109443973 0.66551505940 0.81869181874 1.25941102929 -126.7647696409 0.03570188677   -2 
  22 0.00000449730 0.00087714223 -68.529262573 0.10671479721 0.00390671080 0.03800435313 0.57346725120 0.56214491292 0.49732182792 0.45499806073 0.48866249168 0.57573303104 0.50246758055 0.55831190318 0.55578816449 0.59569055282 0.49656762450 0.49002413255 0.59212320305 0.49839191858 0.49163535179 0.66589642214 0.81949493259 1.25931900642 -126.7634234236 0.01171619920   -2 
  23 0.00000449729 0.00087709602 -69.552946885 0.10642676946 0.00390660394 0.03800419035 0.57352937162 0.56091167534 0.49907019762 0.45565351339 0.48879158499 0.57558149100 0.50275000590 0.55861870076 0.55621685435 0.59616475343 0.49654313408 0.49027218795 0.59322100760 0.49914557712 0.49321258786 0.66684640977 0.82114807945 1.25963676028 -126.7587277132 0.01645000192   -2 
  24 0.00000449729 0.00087740127 -69.522000569 0.10641912177 0.00390661069 0.03800419281 0.57356878514 0.56112376123 0.49894761058 0.45562308696 0.48873357195 0.57551703079 0.50275555840 0.55858707072 0.55616890458 0.59611221091 0.49656718283 0.49026219713 0.59310247924 0.49908363752 0.49309287643 0.66676002383 0.82096159730 1.25965605250 -126.7581963987 0.01939723825   -2 
  25 0.00000449729 0.00087707042 -69.427708411 0.10637855509 0.00390663309 0.03800419015 0.57366132535 0.56238369977 0.49818601813 0.45542959229 0.48827812215 0.57497461667 0.50279680379 0.55835194410 0.55583008175 0.59574327903 0.49672330955 0.49019777039 0.59232003731 0.49869153299 0.49236690944 0.66619966384 0.81972615735 1.25976519724 -126.7558083377 0.00922306379   -2 
  26 0.00000449728 0.00087755599 -69.471803718 0.10628886510 0.00390664396 0.03800416602 0.57357789393 0.56216796549 0.49814019301 0.45540291223 0.48800785596 0.57460675132 0.50285781316 0.55821173773 0.55561802473 0.59550923882 0.49684808462 0.49017061733 0.59179497539 0.49843740360 0.49191593352 0.66583125833 0.81888993196 1.25987190735 -126.7547710716 0.03169750612   -2 
  27 0.00000449728 0.00087739966 -69.665436271 0.10598458149 0.00390667151 0.03800406959 0.57309437079 0.56115974002 0.49796106988 0.45526926544 0.48697391050 0.57320135723 0.50305114025 0.55765407606 0.55479600994 0.59460325519 0.49729365662 0.49004918348 0.58980504184 0.49746583615 0.49021072230 0.66442341280 0.81572625809 1.26019024573 -126.7509407698 0.00715717840   -2 
  28 0.00000449727 0.00087741034 -69.772547782 0.10586772993 0.00390667605 0.03800402615 0.57293964592 0.56087290808 0.49788808967 0.45516722269 0.48669078790 0.57281839482 0.50302560101 0.55743261654 0.55450173555 0.59427749437 0.49738069966 0.48996577224 0.58913187960 0.49710446983 0.48960457618 0.66391159593 0.81466801181 1.26009294153 -126.7506398066 0.01064731814   -2 
  29 0.00000449727 0.00087770978 -69.845826818 0.10580152566 0.00390667655 0.03800399985 0.57289801566 0.56080675635 0.49784507616 0.45508978926 0.48660859982 0.57270905668 0.50295863347 0.55731597528 0.55436283214 0.59412265347 0.49737850381 0.48990178375 0.58883430356 0.49692309656 0.48931560632 0.66366228536 0.81420781574 1.25992261184 -126.7503712536 0.01556617569   -2 
  30 0.00000449726 0.00087752087 -70.231880837 0.10554183390 0.00390665931 0.03800387212 0.57265082159 0.56064682482 0.49757637038 0.45464774156 0.48639276620 0.57243894069 0.50248585375 0.55677303074 0.55377083440 0.59346168001 0.49721062410 0.48954491247 0.58766933836 0.49613639093 0.48811894271 0.66260233014 0.81243563923 1.25877282044 -126.7485961678 0.02224545216   -2 
  31 0.00000449725 0.00087794657 -70.708680384 0.10521882322 0.00390663985 0.03800371660 0.57241203393 0.56050893680 0.49726253549 0.45412551256 0.48617540472 0.57217211052 0.50189999039 0.55613605116 0.55308454484 0.59269414544 0.49697797853 0.48910750908 0.58633262803 0.49521028802 0.48672243124 0.66136191242 0.81040970012 1.25734216591 -126.7473901607 0.01439927945   -2 
  32 0.00000449725 0.00087829496 -70.855369121 0.10512711729 0.00390663281 0.03800367172 0.57237131347 0.56048449743 0.49717599946 0.45399962856 0.48614607007 0.57214340327 0.50172425466 0.55598056363 0.55292673998 0.59251661491 0.49687270055 0.48897558366 0.58604969319 0.49498323653 0.48639672610 0.66106725727 0.80999085222 1.25689757915 -126.7470200844 0.01664232646   -2 
  33 0.00000449721 0.00087874938 -72.325193116 0.10437111881 0.00390653067 0.03800324883 0.57186234339 0.56014567481 0.49629732857 0.45294960534 0.48602812951 0.57212193569 0.50000715818 0.55468986488 0.55170527949 0.59113817373 0.49558556476 0.48768039012 0.58413680731 0.49314619347 0.48392040359 0.65875851226 0.80726040046 1.25244949066 -126.7431021858 0.01849088958   -2 
  34 0.00000449720 0.00087927431 -72.926808770 0.10406976535 0.00390648973 0.03800308129 0.57169258442 0.55998730121 0.49598420427 0.45259155530 0.48597595218 0.57210592209 0.49937024573 0.55422524328 0.55127228037 0.59064864487 0.49505721454 0.48717598829 0.58349805849 0.49247819512 0.48304461580 0.65793173466 0.80636498711 1.25075313840 -126.7423382372 0.01834845039   -2 
  35 0.00000449717 0.00087976785 -74.451801460 0.10336509667 0.00390637877 0.03800267359 0.57124026675 0.55943587022 0.49530076269 0.45188138554 0.48577469091 0.57196819618 0.49796669417 0.55322285814 0.55035565329 0.58961222052 0.49372431135 0.48597668687 0.58228898033 0.49103518138 0.48123596733 0.65618297360 0.80472409859 1.24685848651 -126.7404839035 0.02126305295   -2 
  36 0.00000449714 0.00088108255 -75.800408655 0.10277829725 0.00390628152 0.03800233577 0.57098404928 0.55884322634 0.49497039113 0.45162586522 0.48543122090 0.57159766300 0.49718753001 0.55265695486 0.54984932442 0.58903994695 0.49263494382 0.48508826381 0.58186354502 0.49018812078 0.48032034999 0.65522187139 0.80424280539 1.24433070106 -126.7372516255 0.05831117406   -2 
  37 0.00000449703 0.00088197874 -81.594986643 0.10052598723 0.00390585406 0.03800096263 0.56967878097 0.55624545484 0.49365709862 0.45070751703 0.48383685748 0.56981751538 0.49426883530 0.55047969048 0.54790413391 0.58684954042 0.48825818406 0.48156254231 0.58045651116 0.48698304405 0.47699728456 0.65162529746 0.80276915619 1.23456429083 -126.7220474935 0.03946360923   -2 
  38 0.00000449699 0.00088334708 -83.921040872 0.09967340294 0.00390569405 0.03800044241 0.56934405126 0.55552687267 0.49323412378 0.45041633364 0.48319048339 0.56905998996 0.49336269043 0.54974668829 0.54723606265 0.58610077112 0.48672489642 0.48032811426 0.58004553273 0.48591401795 0.47595035867 0.65043790387 0.80237077884 1.23134116647 -126.7187054597 0.03701367989   -2 
  39 0.00000449688 0.00088409828 -90.372543608 0.09756574285 0.00390524794 0.03799908530 0.56855220651 0.55434247550 0.49219389819 0.44968339845 0.48131451454 0.56675377331 0.49157294137 0.54803806381 0.54562420238 0.58431433416 0.48314868838 0.47742783332 0.57923711185 0.48355487099 0.47384522980 0.64783024226 0.80163954318 1.22438977973 -126.7101450445 0.04607899095   -2 
  40 0.00000449684 0.00088546728 -93.464422778 0.09662197970 0.00390504678 0.03799847115 0.56835942413 0.55410957784 0.49178235143 0.44936114007 0.48047772885 0.56569239053 0.49096572848 0.54734680429 0.54494672818 0.58356874909 0.48172777715 0.47625562939 0.57892362821 0.48263686554 0.47309056193 0.64681252522 0.80134556840 1.22180393981 -126.7060142539 0.04069899384   -2 
  41 0.00000449671 0.00088658450 -102.67691743 0.09414498073 0.00390445618 0.03799676274 0.56786592691 0.55401700145 0.49066562851 0.44837475559 0.47816761370 0.56267771564 0.48979098052 0.54558898587 0.54314564475 0.58160700341 0.47837224480 0.47340540518 0.57810142658 0.48049553149 0.47153043117 0.64440046776 0.80047058039 1.21615280182 -126.6959640841 0.03244801186   -2 
  42 0.00000449657 0.00088768573 -112.88246176 0.09180621367 0.00390383618 0.03799504231 0.56753298121 0.55421367002 0.48967082233 0.44729864837 0.47614332304 0.55993986559 0.48917085481 0.54404622020 0.54145997810 0.57978852164 0.47587764340 0.47113700655 0.57720729876 0.47885412040 0.47056690308 0.64246243191 0.79929533195 1.21238881121 -126.6893176959 0.03560019868   -2 
  43 0.00000449663 0.00088830629 -108.37599038 0.09290013712 0.00390407440 0.03799577773 0.56782352178 0.55399097479 0.49028955410 0.44771620776 0.47752428961 0.56169979608 0.48993793709 0.54495749879 0.54233616598 0.58074639837 0.47798285755 0.47281449246 0.57742299001 0.48011001540 0.47158591485 0.64379107691 0.79931947958 1.21598002251 -126.6807300038 0.08129629009   -2 
  44 0.00000449674 0.00088623746 -100.59425171 0.09503656112 0.00390448252 0.03799712314 0.56818088111 0.55351762478 0.49139796257 0.44842057161 0.48014360947 0.56502076252 0.49148935265 0.54667612087 0.54396319735 0.58253215056 0.48217994317 0.47611681543 0.57775564305 0.48259575114 0.47366423694 0.64638451338 0.79919887104 1.22317449491 -126.6648112261 0.02785947309   -2 
  45 0.00000449676 0.00088674856 -98.817359934 0.09561650499 0.00390456333 0.03799744248 0.56889690520 0.55499587260 0.49184752364 0.44870548447 0.48080113962 0.56575901093 0.49260854056 0.54743986821 0.54460408112 0.58325625298 0.48417490724 0.47763685712 0.57799412331 0.48391692934 0.47507271674 0.64774472396 0.79920626066 1.22716140279 -126.6565640451 0.07953979246   -2 
  46 0.00000449681 0.00088467456 -95.659741517 0.09675700182 0.00390469032 0.03799802495 0.57006317376 0.55776104819 0.49264533129 0.44922356827 0.48195915101 0.56704163265 0.49476585197 0.54887780317 0.54580558946 0.58461867542 0.48799644006 0.48054578536 0.57846217420 0.48647136306 0.47783091959 0.65036716230 0.79923632589 1.23481127932 -126.6413162414 0.01721202398   -2 
  47 0.00000449682 0.00088420443 -95.021674311 0.09699706031 0.00390471543 0.03799814365 0.57028108046 0.55820892905 0.49286219724 0.44939304127 0.48219191874 0.56729565051 0.49526325824 0.54922350832 0.54610244842 0.58495351800 0.48882907600 0.48119507067 0.57863147060 0.48706978386 0.47849789778 0.65099224489 0.79934721304 1.23650503978 -126.6406970203 0.01995434080   -2 
  48 0.00000449684 0.00088431325 -94.293428189 0.09726406992 0.00390474640 0.03799827638 0.57052677541 0.55844917853 0.49323988273 0.44973725830 0.48245634067 0.56757909440 0.49593761844 0.54973089079 0.54655626224 0.58546081037 0.48985452709 0.48203235805 0.57899645619 0.48790149410 0.47946372889 0.65188627297 0.79972587085 1.23865347589 -126.6392874585 0.02434842597   -2 
  49 0.00000449685 0.00088366488 -93.419874344 0.09760542068 0.00390477871 0.03799843444 0.57073665477 0.55850836744 0.49374300562 0.45023071600 0.48275935115 0.56790215380 0.49679316826 0.55039994578 0.54716772964 0.58614293810 0.49111548857 0.48308952065 0.57954882315 0.48899215106 0.48075428505 0.65307084774 0.80035258432 1.24131459200 -126.6378397680 0.01288470573   -2 
  50 0.00000449685 0.00088396455 -93.199042951 0.09768364843 0.00390478682 0.03799846277 0.57076901123 0.55803001288 0.49401467505 0.45060063445 0.48282896420 0.56798778498 0.49706302786 0.55073346957 0.54752449640 0.58653307005 0.49137735371 0.48342059051 0.58007260624 0.48947401112 0.48139291615 0.65364588865 0.80112024681 1.24193668478 -126.6365964975 0.02820290508   -2 
  51 0.00000449686 0.00088348142 -92.957959344 0.09778705681 0.00390479003 0.03799849018 0.57074692432 0.55740292236 0.49431768364 0.45104771345 0.48289188455 0.56806969314 0.49736067436 0.55113081286 0.54796017153 0.58700962109 0.49164222221 0.48379637485 0.58074707744 0.49005694503 0.48217935087 0.65434712692 0.80212210980 1.24258060304 -126.6351474508 0.00815049881   -2 
  52 0.00000449686 0.00088348967 -92.844841046 0.09785418877 0.00390477454 0.03799844807 0.57104851442 0.55774340376 0.49445690214 0.45152871980 0.48293084567 0.56815904570 0.49746214315 0.55160017654 0.54858393876 0.58769178824 0.49143542268 0.48401769700 0.58206018249 0.49079452367 0.48330623426 0.65530617705 0.80420404903 1.24233639064 -126.6335896515 0.02009830871   -2 
  53 0.00000449686 0.00088312847 -92.796877686 0.09789351040 0.00390476360 0.03799842402 0.57117099379 0.55792400256 0.49451223512 0.45174703093 0.48294919496 0.56820197235 0.49750216761 0.55182218540 0.54888420634 0.58802078463 0.49131887205 0.48411702592 0.58270985065 0.49115350485 0.48386021394 0.65577368471 0.80523656236 1.24218890940 -126.6330991814 0.00453133389   -2 
  54 0.00000449686 0.00088309110 -92.871262854 0.09787738823 0.00390475546 0.03799840464 0.57106892171 0.55804819136 0.49446023590 0.45147526090 0.48300705260 0.56825180660 0.49744165344 0.55164791977 0.54867575669 0.58779706299 0.49128962223 0.48400005373 0.58237660963 0.49093026135 0.48355082900 0.65549035342 0.80471868805 1.24216364900 -126.6328964084 0.00889823010   -2 
  55 0.00000449686 0.00088326212 -92.915829450 0.09786480213 0.00390475074 0.03799838997 0.57103476186 0.55813509841 0.49443568692 0.45132683018 0.48304560944 0.56828750968 0.49740734462 0.55155590350 0.54856737211 0.58768095099 0.49126193845 0.48393254268 0.58221347552 0.49081384971 0.48339338365 0.65534433321 0.80446697123 1.24213721800 -126.6327888539 0.00370677949   -2 
  56 0.00000449685 0.00088323282 -93.099518409 0.09783107026 0.00390471979 0.03799830018 0.57104708885 0.55831275213 0.49435022826 0.45098422456 0.48314960889 0.56839600926 0.49727148955 0.55134871811 0.54835457386 0.58745571934 0.49101961902 0.48370289433 0.58204272648 0.49058557855 0.48314375383 0.65507926670 0.80423460701 1.24181560193 -126.6325462149 0.00965275122   -2 
  57 0.00000449685 0.00088343243 -93.206306103 0.09780606440 0.00390470295 0.03799824635 0.57106854578 0.55839301701 0.49431032402 0.45081624159 0.48320473705 0.56845455882 0.49719802040 0.55124326315 0.54824776105 0.58734256927 0.49087758531 0.48357538445 0.58196959891 0.49046725692 0.48301949007 0.65494471971 0.80414062360 1.24162889947 -126.6324121039 0.00575616405   -2 
  58 0.00000449683 0.00088365274 -94.037461402 0.09760621583 0.00390457065 0.03799781040 0.57099664972 0.55818872147 0.49407721471 0.45014091399 0.48338285802 0.56865326627 0.49671140134 0.55068622906 0.54771401954 0.58677452530 0.48980696825 0.48272455135 0.58182391915 0.48981810706 0.48243441775 0.65424942870 0.80407018542 1.24016965152 -126.6315703318 0.01263005088   -2 
  59 0.00000449682 0.00088395871 -94.245611464 0.09754663660 0.00390454006 0.03799769984 0.57096878422 0.55810901492 0.49403425070 0.45003937250 0.48339866898 0.56867154044 0.49660764081 0.55057553259 0.54760820563 0.58666091416 0.48956325638 0.48253417846 0.58180814397 0.48967877706 0.48231495429 0.65410360036 0.80408133611 1.23983709050 -126.6313260677 0.01100438194   -2 
  60 0.00000449677 0.00088448494 -96.211409621 0.09697879779 0.00390425731 0.03799666147 0.57022900607 0.55689219902 0.49367770126 0.44980309946 0.48310430758 0.56834954823 0.49580924647 0.54982500596 0.54689488400 0.58588246616 0.48759781501 0.48102629619 0.58182561931 0.48863431089 0.48149298313 0.65303636432 0.80439895424 1.23706272857 -126.6291977724 0.01281553282   -2 
  61 0.00000449676 0.00088487149 -96.623232451 0.09684668950 0.00390420250 0.03799644395 0.57017110335 0.55676500166 0.49360940908 0.44984438544 0.48296683283 0.56819238213 0.49569123921 0.54972449109 0.54679614684 0.58577147139 0.48729983343 0.48079236633 0.58182310848 0.48847191037 0.48137348691 0.65286959808 0.80443802777 1.23661251856 -126.6287561096 0.01900593061   -2 
  62 0.00000449667 0.00088518466 -100.59163285 0.09564247741 0.00390367762 0.03799439428 0.56972915391 0.55595661621 0.49288064296 0.45047749106 0.48131971642 0.56629203887 0.49473579678 0.54894999520 0.54601947910 0.58488409345 0.48496815271 0.47892098040 0.58170816775 0.48715653072 0.48044146759 0.65149493378 0.80458987109 1.23284030247 -126.6247905612 0.01445640404   -2 
  63 0.00000449667 0.00088550441 -100.46629409 0.09567994851 0.00390369309 0.03799445431 0.56990054303 0.55626130249 0.49293463979 0.45036587735 0.48139569229 0.56636226556 0.49484985008 0.54903312609 0.54609348692 0.58496497930 0.48531108920 0.47916099432 0.58161956748 0.48729716138 0.48054208029 0.65161787850 0.80439549800 1.23325408428 -126.6239464245 0.02736499915   -2 
  64 0.00000449668 0.00088472971 -99.925283845 0.09589627045 0.00390374553 0.03799471615 0.57064313365 0.55782061088 0.49315982264 0.44971866385 0.48173384550 0.56665226859 0.49544571633 0.54945567573 0.54646694675 0.58537334966 0.48720193290 0.48047171200 0.58107890644 0.48805203908 0.48108035920 0.65225907754 0.80324211488 1.23544753463 -126.6200624296 0.00948494779   -2 
  65 0.00000449669 0.00088484073 -99.775233388 0.09597975197 0.00390374873 0.03799476430 0.57018364684 0.55724331399 0.49355269946 0.44993080129 0.48199341914 0.56691585722 0.49600507355 0.54995114981 0.54692269416 0.58586141338 0.48887885208 0.48168650083 0.58075116392 0.48880682269 0.48166429971 0.65293041652 0.80245860457 1.23732333419 -126.6179417486 0.01103421235   -2 
  66 0.00000449669 0.00088467486 -99.772121724 0.09598753524 0.00390374672 0.03799476339 0.57018047604 0.55720287820 0.49356485221 0.44995581302 0.48200313320 0.56692708422 0.49603327487 0.54997873293 0.54694966898 0.58589059366 0.48897653440 0.48176040091 0.58073587704 0.48885549727 0.48170351883 0.65297334457 0.80241919198 1.23742179487 -126.6178231257 0.00525875627   -2 
  67 0.00000449669 0.00088459155 -99.819850566 0.09600631380 0.00390372425 0.03799470548 0.57074486988 0.55713114739 0.49353133378 0.45028328473 0.48201126589 0.56696767546 0.49611413297 0.55010616434 0.54709592024 0.58605143481 0.48937428959 0.48211308260 0.58076390494 0.48913354006 0.48195105510 0.65322606133 0.80240241863 1.23771881353 -126.6174127078 0.00385002264   -2 
  68 0.00000449668 0.00088440017 -99.899318834 0.09601511581 0.00390369615 0.03799462546 0.57070851539 0.55734724861 0.49353418807 0.45053865155 0.48202905308 0.56701885315 0.49614384028 0.55019210185 0.54720625065 0.58617423493 0.48956557283 0.48233126661 0.58087129976 0.48934574229 0.48215710910 0.65342683859 0.80254243834 1.23781291614 -126.6172077723 0.01158645956   -2 
  69 0.00000449668 0.00088450668 -99.982486812 0.09601799075 0.00390366811 0.03799454012 0.57067557458 0.55758434287 0.49355102687 0.45079604757 0.48205489384 0.56707936704 0.49617686452 0.55028321680 0.54732220369 0.58630311720 0.48975409413 0.48255174475 0.58099069551 0.48956427836 0.48237075419 0.65363530770 0.80270158904 1.23790992383 -126.6169866865 0.00272220073   -2 
  70 0.00000449668 0.00088453931 -100.02117825 0.09601828018 0.00390365526 0.03799449987 0.57066601470 0.55765515757 0.49356925976 0.45087444252 0.48207070733 0.56710740278 0.49619018155 0.55031812884 0.54736683159 0.58635287938 0.48981580725 0.48263171719 0.58104613955 0.48964953817 0.48245635326 0.65371746202 0.80277914536 1.23794276475 -126.6169670443 0.00404818989   -2 
  71 0.00000449668 0.00088444419 -100.10009202 0.09601956037 0.00390362883 0.03799441816 0.57065644959 0.55772393876 0.49361783096 0.45096307132 0.48210628876 0.56716072843 0.49621275054 0.55037481504 0.54744013047 0.58643503970 0.48989890773 0.48275626414 0.58115525807 0.48979422055 0.48260584563 0.65385783692 0.80293727630 1.23798832147 -126.6169130501 0.00499683135   -2 
  72 0.00000449667 0.00088452740 -100.22492329 0.09601489241 0.00390358811 0.03799428604 0.57069605549 0.55777312373 0.49371259625 0.45104022188 0.48217202213 0.56724816937 0.49625046030 0.55045643465 0.54754413031 0.58655170893 0.48999484962 0.48292092399 0.58132764131 0.48999940175 0.48282253249 0.65405903137 0.80319188167 1.23805507947 -126.6168268918 0.00522714380   -2 
  73 0.00000449667 0.00088442669 -100.35461268 0.09601094631 0.00390354530 0.03799414784 0.57075643634 0.55776459085 0.49380569956 0.45106289963 0.48223823557 0.56732970087 0.49628652182 0.55052691487 0.54763402300 0.58665302796 0.49006177930 0.48305806377 0.58149486485 0.49018385561 0.48302189227 0.65424023383 0.80344221027 1.23811187768 -126.6167503286 0.00464512374   -2 
  74 0.00000449666 0.00088450529 -100.47097159 0.09600103509 0.00390350771 0.03799401973 0.57084893074 0.55772538391 0.49388565294 0.45103386456 0.48229941216 0.56739773366 0.49632092731 0.55057984212 0.54769940294 0.58672687761 0.49009200420 0.48314835529 0.58163394075 0.49032136047 0.48317577243 0.65437659664 0.80365316472 1.23816316380 -126.6166855751 0.00467605811   -2 
  75 0.00000449666 0.00088441780 -100.59579763 0.09598986047 0.00390346684 0.03799387952 0.57093745774 0.55765846943 0.49395017895 0.45095820742 0.48235700137 0.56745515307 0.49635458436 0.55062008753 0.54774801038 0.58678233366 0.49009339805 0.48320806597 0.58176232304 0.49043421040 0.48330865534 0.65448865660 0.80385068932 1.23820970788 -126.6166259150 0.00468425969   -2 
  76 0.00000449666 0.00088453683 -100.65708978 0.09597709002 0.00390344752 0.03799380513 0.57097176973 0.55763578117  0.4939640022 0.45089255647 0.48237995937 0.56747189875 0.49637149204 0.55062752724 0.54775402928 0.58678952130 0.49006744145 0.48320320166 0.58180582000 0.49045695384 0.48334343897 0.65451217567 0.80392001490 1.23823325707 -126.6165683941 0.00621475846   -2 
  77 0.00000449664 0.00088443047 -101.09550578 0.09588966053 0.00390330654 0.03799326624 0.57103373305 0.55747751147 0.49395628712 0.45034798091 0.48249046609 0.56751766977 0.49646772188 0.55061714409 0.54771814778 0.58675371562 0.48979207208 0.48304684445 0.58202229093 0.49049487390 0.48347203225 0.65455386402 0.80427906215 1.23835411170 -126.6161969145 0.01017089450   -2 
  78 0.00000449663 0.00088463289 -101.27996088 0.09584573697 0.00390324840 0.03799303568 0.57104510541 0.55744477808 0.49394572839 0.45014479703 0.48252759618 0.56752841997 0.49650381829 0.55060699451 0.54769548983 0.58672986593 0.48967123813 0.48296844239 0.58209710180 0.49049390904 0.48350849274 0.65455449515 0.80440514680 1.23839856168 -126.6160511787 0.00630087189   -2 
  79 0.00000449659 0.00088471988 -102.19161513 0.09562492819 0.00390295941 0.03799188092 0.57072296854 0.55748284497 0.49375028326 0.44945886501 0.48254558555 0.56743123038 0.49657747732 0.55046040078 0.54748235488 0.58649857993 0.48904567999 0.48247063434 0.58225879790 0.49031628364 0.48350006416 0.65437102687 0.80470818772 1.23843112216 -126.6154126392 0.00931472813   -2 
  80 0.00000449656 0.00088495916 -102.72755428 0.09549036929 0.00390279126 0.03799120222 0.57056692178 0.55751453734 0.49363426115 0.44913361076 0.48253290682 0.56735818750 0.49660175822 0.55036575762 0.54735049829 0.58635478775 0.48869128464 0.48217758127 0.58232262796 0.49019520171 0.48347272458 0.65424399479 0.80483646998 1.23841519242 -126.6152291323 0.00908389126   -2 
  81 0.00000449647 0.00088490771 -104.78948625 0.09497705102 0.00390214639 0.03798859553 0.57030433729 0.55748686718 0.49313675394 0.44879630960 0.48215593202 0.56683968273 0.49641090268 0.54986715308 0.54674539720 0.58568915323 0.48750736929 0.48106743934 0.58216049743 0.48953635972 0.48309754107 0.65351793443 0.80468103579 1.23780834617 -126.6138420723 0.03152879309   -2 
  82 0.00000449633 0.00088590136 -108.00141997 0.09418061046 0.00390117018 0.03798462249 0.57004728062 0.55743590870 0.49242856401 0.44841664167 0.48156452916 0.56605091478 0.49608986586 0.54911069719 0.54583378549 0.58468444541 0.48576565216 0.47941221408 0.58186215567 0.48852361878 0.48249825781 0.65239839437 0.80435864917 1.23682019987 -126.6117295845 0.01343053207   -2 
  83 0.00000449616 0.00088613606 -112.16558107 0.09321287916 0.00389993557 0.03797962019 0.57008417976 0.55660893939 0.49188672466 0.44864757390 0.48064197857 0.56501166858 0.49531283894 0.54811693681 0.54473875723 0.58346807662 0.48415213010 0.47770796529 0.58097687973 0.48720551557 0.48151228120 0.65087245968 0.80311243263 1.23471858019 -126.6093375394 0.02986452612   -2 
  84 0.00000449608 0.00088683608 -113.97343251 0.09279695620 0.00389941504 0.03797749833 0.57011935905 0.55625460259 0.49170973460 0.44878545563 0.48025974153 0.56459217832 0.49496017440 0.54770749591 0.54429572847 0.58297421008 0.48354614971 0.47704450232 0.58055877555 0.48665586119 0.48107928113 0.65022905311 0.80251085625 1.23376245572 -126.6082253992 0.01327720992   -2 
  85 0.00000449589 0.00088732644 -118.84204927 0.09176502769 0.00389803347 0.03797192138 0.56948990932 0.55512475177 0.49165376946 0.44926715693 0.47930596705 0.56365502033 0.49366934520 0.54669746387 0.54333055846 0.58188360550 0.48292327843 0.47604717035 0.57885695652 0.48531326913 0.47972471403 0.64854098616 0.79991714469 1.23023255234 -126.6054655063 0.02306274584   -2 
  86 0.00000449584 0.00088783613 -119.95313124 0.09153219337 0.00389772630 0.03797067489 0.56936274073 0.55493356258 0.49164847613 0.44934094467 0.47911487983 0.56346934754 0.49337645745 0.54648599127 0.54313574963 0.58166230237 0.48285248741 0.47588338409 0.57845032468 0.48503023823 0.47941555151 0.64817594843 0.79929160218 1.22941128323 -126.6048187087 0.01270302048   -2 
  87 0.00000449567 0.00088871939 -124.53377955 0.09064736852 0.00389647176 0.03796563972 0.56870143833 0.55458920327 0.49149749829 0.44915170956 0.47848829071 0.56285218240 0.49212993686 0.54570467645 0.54248416659 0.58091771851 0.48313979943 0.47572981626 0.57655230285 0.48402570327 0.47809416500 0.64678326465 0.79633126385 1.22574199417 -126.6029033659 0.02036205845   -2 
  88 0.00000449564 0.00088850352 -125.20939510 0.09052951451 0.00389628790 0.03796491261 0.56862399165 0.55456320090 0.49143526540 0.44905542804 0.47841175538 0.56276913241 0.49195870807 0.54559738935 0.54239844230 0.58082044227 0.48321992939 0.47574917449 0.57626892949 0.48389745312 0.47790239428 0.64659445235 0.79588795247 1.22521101569 -126.6024234351 0.01280152663   -2 
  89 0.00000449554 0.00088902322 -128.04433759 0.09004734400 0.00389551575 0.03796185861 0.56888735922 0.55488653763 0.49086303265 0.44800835584 0.47831729692 0.56256974117 0.49141884982 0.54527249800 0.54218042887 0.58057611843 0.48397474706 0.47629014848 0.57505314334 0.48357235372 0.47712495654 0.64598588506 0.79396696636 1.22316018420 -126.6002981263 0.00919456664   -2 
  90 0.00000449551 0.00088898021 -128.59042641 0.08996011951 0.00389536724 0.03796127600 0.56891560794 0.55492703314 0.49074525421 0.44778925289 0.47830838160 0.56253537690 0.49133536592 0.54521746393 0.54214445436 0.58053673383 0.48413079214 0.47641465678 0.57483235618 0.48352612753 0.47698358766 0.64588486060 0.79361803750 1.22280559505 -126.6001784708 0.00574245678   -2 
  91 0.00000449549 0.00088931463 -129.19718264 0.08987772547 0.00389518600 0.03796057430 0.56873766638 0.55470935697 0.49058643732 0.44735823898 0.47845471188 0.56258286295 0.49155815269 0.54528270361 0.54220473587 0.58061677938 0.48447219386 0.47686230407 0.57477580921 0.48371484349 0.47693787220 0.64600865288 0.79352464667 1.22301840020 -126.5996625891 0.01479207408   -2 
  92 0.00000449548 0.00088918594 -129.52460822 0.08984019900 0.00389508607 0.03796019508 0.56862858270 0.55457754772 0.49049930043 0.44712781514 0.47853103424 0.56260405986 0.49168787610 0.54531860598 0.54223703760 0.58066071179 0.48465615651 0.47711284395 0.57475641027 0.48382752443 0.47691968876 0.64608544254 0.79349232998 1.22315839733 -126.5993924927 0.00362804069   -2 
  93 0.00000449545 0.00088916724 -130.09086874 0.08979744342 0.00389487732 0.03795941920 0.56899244920 0.55457109872 0.49058788321 0.44708974198 0.47863080289 0.56262099535 0.49214270234 0.54545241025 0.54233780081 0.58080245565 0.48496544474 0.47775151035 0.57504363641 0.48430256438 0.47707529166 0.64649389745 0.79394560153 1.22408035350 -126.5989959649 0.00434114517   -2 
  94 0.00000449545 0.00088907655 -130.13452254 0.08979638137 0.00389485864 0.03795935139 0.56898908813 0.55459771064 0.49060712014 0.44711503732 0.47863461042 0.56262489672 0.49217256203 0.54546399860 0.54234688684 0.58081449213 0.48498120500 0.47779665768 0.57507776485 0.48434543157 0.47709592950 0.64653226295 0.79399892439 1.22415901817 -126.5989620159 0.00477206841   -2 
  95 0.00000449544 0.00088908324 -130.35131233 0.08978589304 0.00389475702 0.03795896894 0.56891271073 0.55487283915 0.49077430670 0.44737147446 0.47865220769 0.56267233130 0.49231018921 0.54553935514 0.54240878062 0.58089058396 0.48503394717 0.47801305659 0.57530770003 0.48459344751 0.47724156266 0.64676280944 0.79435503626 1.22460581347 -126.5987798311 0.00169539897   -2 
  96 0.00000449544 0.00088906565 -130.39826196 0.08978444753 0.00389473244 0.03795887614 0.56890950292 0.55492797498 0.49081268519 0.44743961082 0.47865623333 0.56268783936 0.49233189955 0.54555739464 0.54242447586 0.58090877381 0.48503854867 0.47805228319 0.57536465884 0.48464919951 0.47727990583 0.64681587985 0.79444244111 1.22469842357 -126.5987727792 0.00170506436   -2 
  97 0.00000449543 0.00088904250 -130.41919282 0.08978887939 0.00389469465 0.03795872899 0.56908803641 0.55487794856 0.49084200404 0.44757690333 0.47866831886 0.56275329720 0.49225991777 0.54558612498 0.54245831337 0.58093758598 0.48497444155 0.47798979538 0.57546008414 0.48469227113 0.47736661799 0.64687010229 0.79458049657 1.22469279157 -126.5987221248 0.00139071662   -2 
  98 0.00000449543 0.00088901097 -130.41969446 0.08979022420 0.00389468763 0.03795870104 0.56908006882 0.55487665001 0.49084452281 0.44759182200 0.47867186664 0.56276438074 0.49224673935 0.54559124661 0.54246462738 0.58094283933 0.48496217515 0.47797408049 0.57547493359 0.48469668063 0.47738207129 0.64687728662 0.79460137322 1.22468565164 -126.5987171687 0.00201036709   -2 
  99 0.00000449543 0.00088904303 -130.41607575 0.08979498794 0.00389464413 0.03795852185 0.56899946794 0.55489152676 0.49086298940 0.44767488142 0.47870011068 0.56283717665 0.49216752324 0.54562691013 0.54250781822 0.58097929184 0.48488595895 0.47787055687 0.57556805243 0.48472174738 0.47748144290 0.64692180682 0.79473121963 1.22464055440 -126.5986909592 0.00062978592   -2 
 100 0.00000449543 0.00088902851 -130.41183475 0.08979509016 0.00389464392 0.03795852110 0.56902973301 0.55489502924 0.49085418817 0.44764108739 0.47869583700 0.56282005502 0.49218289845 0.54562145755 0.54250211225 0.58097475111 0.48489468002 0.47787697943 0.57555534634 0.48471617022 0.47747341574 0.64691506289 0.79471250156 1.22464357983 -126.5986883834 0.00086560923   -2 
 101 0.00000449543 0.00088904099 -130.40931613 0.08979498905 0.00389464232 0.03795851402 0.56903914061 0.55489788428 0.49085136544 0.44762831442 0.47869510406 0.56281474242 0.49218793722 0.54562030321 0.54250104747 0.58097403012 0.48489654601 0.47787670338 0.57555242454 0.48471434976 0.47747297406 0.64691341464 0.79470789025 1.22464405683 -126.5986873609 0.00058347521   -2 
 102 0.00000449543 0.00088902856 -130.38935660 0.08979713374 0.00389461981 0.03795841668 0.56904593473 0.55491419571 0.49083566900 0.44755760333 0.47869490850 0.56279186060 0.49220641051 0.54561849307 0.54250149889 0.58097552941 0.48489370271 0.47785187770 0.57554938275 0.48470512988 0.47749015724 0.64690945906 0.79469934821 1.22463412880 -126.5986829527 0.00088275651   -2 
 103 0.00000449542 0.00088904476 -130.38211166 0.08979761550 0.00389461132 0.03795837972 0.56904351973 0.55491810331 0.49083250702 0.44753973377 0.47869555517 0.56278677135 0.49221092304 0.54561870949 0.54250249443 0.58097675038 0.48489175533 0.47784237855 0.57554996389 0.48470257435 0.47749739203 0.64690898396 0.79469882426 1.22463085949 -126.5986816731 0.00077077713   -2 
 104 0.00000449542 0.00088904032 -130.34390845 0.08980211447 0.00389456216 0.03795816878 0.56899560384 0.55491794539 0.49082359652 0.44748181886 0.47869906071 0.56277200136 0.49222170821 0.54562130226 0.54250932035 0.58098399566 0.48487545418 0.47778781210 0.57555917241 0.48469136261 0.47753994417 0.64690915180 0.79470557393 1.22460883527 -126.5986760726 0.00088721119   -2 
 105 0.00000449542 0.00088906135 -130.33063586 0.08980341874 0.00389454473 0.03795809343 0.56898685205 0.55491346642 0.49082346803 0.44747561337 0.47870004590 0.56277090291 0.49222196824 0.54562242782 0.54251168657 0.58098634296 0.48486937333 0.47777044305 0.57556332590 0.48468846526 0.47755411450 0.64690988973 0.79470976502 1.22460212388 -126.5986741786 0.00116153945   -2 
 106 0.00000449540 0.00088905040 -130.21739479 0.08981861244 0.00389438987 0.03795742954 0.56893267783 0.55484777387 0.49082622112 0.44747369564 0.47870250251 0.56277203183 0.49220679303 0.54562878540 0.54252816139 0.58100192258 0.48481359160 0.47762626230 0.57559972712 0.48466573842 0.47767156195 0.64691604180 0.79474910992 1.22454134505 -126.5986592329 0.00115669735   -2 
 107 0.00000449539 0.00088907663 -130.17307837 0.08982443549 0.00389432825 0.03795716513 0.56894622602 0.55483526772 0.49082843795 0.44749093259 0.47870163732 0.56277656647 0.49219721860 0.54563013881 0.54253236766 0.58100573114 0.48479499537 0.47758128923 0.57561222436 0.48465925734 0.47771027967 0.64691863211 0.79476368516 1.22452340266 -126.5986516004 0.00205771983   -2 
 108 0.00000449538 0.00088902322 -130.08280415 0.08983859593 0.00389419943 0.03795661520 0.56898814058 0.55481853037 0.49083062096 0.44753712798 0.47869670216 0.56278678942 0.49217398536 0.54563047164 0.54253767127 0.58101017257 0.48475951473 0.47749946814 0.57563494264 0.48464753672 0.47778208414 0.64692305027 0.79479095027 1.22449011889 -126.5986385269 0.00140217216   -2 
 109 0.00000449537 0.00088903354 -130.02266197 0.08984748738 0.00389411342 0.03795624671 0.56902127037 0.55482408185 0.49083400298 0.44757330722 0.47869423436 0.56279636554 0.49215978887 0.54563121647 0.54254052567 0.58101257417 0.48474100115 0.47745753594 0.57564852324 0.48464248215 0.47782272316 0.64692691171 0.79480828162 1.22447793667 -126.5986338406 0.00119669804   -2 
 110 0.00000449535 0.00088898820 -129.93047293 0.08986276135 0.00389397845 0.03795567077 0.56905455416 0.55485753844 0.49084003655 0.44763126708 0.47869135059 0.56281364421 0.49214125627 0.54563255914 0.54254282660 0.58101446599 0.48472281443 0.47741828241 0.57566527721 0.48463976465 0.47786998587 0.64693397125 0.79483172615 1.22447777667 -126.5986268299 0.00161891155   -2 
 111 0.00000449534 0.00088900068 -129.84288357 0.08987657814 0.00389385000 0.03795512178 0.56907386037 0.55490136423 0.49084912336 0.44768369650 0.47869193657 0.56283275555 0.49212892155 0.54563609220 0.54254574289 0.58101727375 0.48471343291 0.47739778255 0.57567975082 0.48464116212 0.47790580942 0.64694266737 0.79485334181 1.22449290609 -126.5986201060 0.00174967269   -2 
 112 0.00000449532 0.00088893742 -129.72031246 0.08989790829 0.00389366662 0.03795434086 0.56906432253 0.55496386692 0.49086351980 0.44774392851 0.47869714155 0.56286047668 0.49212069372 0.54564378071 0.54255033724 0.58102218842 0.48471315336 0.47739661354 0.57569668099 0.48464924444 0.47794007151 0.64695740237 0.79488122395 1.22453652730 -126.5986096508 0.00236919114   -2 
 113 0.00000449528 0.00088894316 -129.50827932 0.08993320273 0.00389334948 0.03795298787 0.56904038921 0.55506538385 0.49089352501 0.44783408283 0.47871318498 0.56291087784 0.49211764234 0.54566230911 0.54256178786 0.58103469923 0.48472470239 0.47741740311 0.57572522614 0.48466930479 0.47798749271 0.64698688560 0.79493004118 1.22463293341 -126.5985913061 0.00202264844   -2 
 114 0.00000449523 0.00088884428 -129.21010484 0.08998593567 0.00389289725 0.03795106257 0.56900273637 0.55513958758 0.49093469517 0.44791204553 0.47874638509 0.56297691168 0.49213615595 0.54569670806 0.54258421301 0.58105968030 0.48476387466 0.47748957054 0.57576246787 0.48470861884 0.47802908980 0.64703498826 0.79499705550 1.22480001165 -126.5985633806 0.00413807990   -2 
 115 0.00000449509 0.00088879611 -128.40199974 0.09012622303 0.00389166863 0.03794582729 0.56894306812 0.55530018604 0.49104965398 0.44809414682 0.47884625672 0.56315502851 0.49220380352 0.54579882810 0.54265337005 0.58113652557 0.48488485109 0.47770890813 0.57586524725 0.48482320877 0.47812993412 0.64717232352 0.79518193371 1.22527388845 -126.5985054718 0.00367658816   -2 
 116 0.00000449472 0.00088839207 -126.27667916 0.09050912656 0.00388838624 0.03793184636 0.56911431275 0.55536263809 0.49130055272 0.44835335400 0.47912903753 0.56356210925 0.49246126358 0.54609910151 0.54287848054 0.58138604316 0.48526144000 0.47836477664 0.57614467182 0.48515740260 0.47833969485 0.64756353867 0.79567687992 1.22653957064 -126.5982838322 0.00824302599   -2 
 117 0.00000449460 0.00088841128 -125.62556136 0.09062553893 0.00388737189 0.03792752122 0.56919485598 0.55537479961 0.49137503557 0.44841804069 0.47921826646 0.56368191980 0.49254853302 0.54619633648 0.54295520042 0.58147076219 0.48538154023 0.47856776668 0.57623476313 0.48526359347 0.47840297947 0.64768870650 0.79583333910 1.22692562555 -126.5982112628 0.00294194244   -2 
 118 0.00000449442 0.00088829495 -124.60449868 0.09081280085 0.00388576155 0.03792065828 0.56939480788 0.55532753238 0.49143701148 0.44839321608 0.47934946809 0.56380047018 0.49272532139 0.54636569979 0.54311729951 0.58164848694 0.48558423164 0.47886744344 0.57639633736 0.48544359668 0.47848958147 0.64790696585 0.79609231460 1.22744565823 -126.5981424348 0.00344753894   -2 
 119 0.00000449444 0.00088826197 -124.72529826 0.09079133600 0.00388595076 0.03792146590 0.56936122340 0.55533393547 0.49142274533 0.44838213676 0.47933144888 0.56377642033 0.49270852832 0.54634713391 0.54310365505 0.58163344238 0.48556095360 0.47882625384 0.57638016544 0.48542360287 0.47847812353 0.64788386460 0.79606322946 1.22736801909 -126.5981283935 0.00246586863   -2 
 120 0.00000449454 0.00088837690 -125.31452762 0.09068129377 0.00388686605 0.03792536630 0.56917192345 0.55539549727 0.49130864877 0.44821292730 0.47923186283 0.56358132357 0.49267228595 0.54627869648 0.54309487255 0.58162218504 0.48545936107 0.47857868413 0.57633399325 0.48534219650 0.47841447447 0.64780220836 0.79594385004 1.22685950917 -126.5980676183 0.00217989950   -2 
 121 0.00000449453 0.00088841290 -125.26475541 0.09068972510 0.00388678699 0.03792502828 0.56922993019 0.55536558471 0.49131165538 0.44820540200 0.47923821095 0.56358450650 0.49268349476 0.54628743060 0.54310490884 0.58163336992 0.48547099289 0.47859257302 0.57634288641 0.48535235097 0.47841582155 0.64781456437 0.79595656476 1.22687995014 -126.5980613044 0.00307510272   -2 
 122 0.00000449452 0.00088835597 -125.18483147 0.09070533924 0.00388665555 0.03792446913 0.56933269198 0.55529723535 0.49130812246 0.44817453186 0.47924473587 0.56357692896 0.49270637214 0.54630217265 0.54312701241 0.58165805451 0.48549123059 0.47860846706 0.57636015512 0.48537066616 0.47841413710 0.64783779243 0.79597768466 1.22689161466 -126.5980337878 0.00115853186   -2 
 123 0.00000449451 0.00088841337 -125.15745118 0.09070834716 0.00388660002 0.03792423344 0.56929848429 0.55528434867 0.49128986140 0.44809988195 0.47924007689 0.56353020142 0.49274307446 0.54631888310 0.54317028357 0.58170589002 0.48550885333 0.47858359499 0.57638676170 0.48538980277 0.47839997232 0.64786769349 0.79599678687 1.22681044091 -126.5980168859 0.00331322476   -2 
 124 0.00000449451 0.00088838697 -125.12977934 0.09071283217 0.00388654062 0.03792398311 0.56925387615 0.55526896387 0.49126770233 0.44801802745 0.47923296042 0.56347725113 0.49278151500 0.54633539878 0.54321635289 0.58175697694 0.48552701551 0.47855422666 0.57641498776 0.48541002682 0.47838341361 0.64789945163 0.79601608653 1.22671645226 -126.5979958202 0.00049079191   -2 
 125 0.00000449451 0.00088838228 -125.12518440 0.09071354674 0.00388653003 0.03792393853 0.56924863173 0.55526761839 0.49126412563 0.44800542320 0.47923128658 0.56346825670 0.49278758807 0.54633776177 0.54322406509 0.58176562013 0.48552994951 0.47854814423 0.57641987387 0.48541353929 0.47838006505 0.64790499340 0.79601911828 1.22669855703 -126.5979954423 0.00045905378   -2 
 126 0.00000449450 0.00088839083 -125.11559897 0.09071437944 0.00388650197 0.03792381963 0.56925928861 0.55527635365 0.49125867871 0.44799002833 0.47922391983 0.56344918605 0.49279702325 0.54633928236 0.54324013747 0.58178445189 0.48553523202 0.47852521847 0.57643159280 0.48542209216 0.47836802480 0.64791867532 0.79602396183 1.22664294450 -126.5979939418 0.00074247359   -2 
 127 0.00000449450 0.00088837863 -125.11041090 0.09071507648 0.00388648503 0.03792374805 0.56926587320 0.55528150664 0.49125596708 0.44798397380 0.47921917908 0.56343907832 0.49280114498 0.54633922690 0.54324840207 0.58179433659 0.48553777394 0.47851091536 0.57643798724 0.48542683445 0.47836048416 0.64792625539 0.79602602921 1.22660970375 -126.5979931596 0.00034287716   -2 
 128 0.00000449450 0.00088837968 -125.10205530 0.09071550688 0.00388644977 0.03792359653 0.56928202841 0.55529365085 0.49125891867 0.44799627281 0.47921115525 0.56343244568 0.49280072718 0.54633492990 0.54325681696 0.58180570129 0.48553985230 0.47848071012 0.57644765286 0.48543456931 0.47834445447 0.64793842495 0.79602670440 1.22655346913 -126.5979919806 0.00052276841   -2 
 129 0.00000449449 0.00088836995 -125.09921314 0.09071580914 0.00388643620 0.03792353832 0.56928509533 0.55529677994 0.49126048300 0.44800252566 0.47920856368 0.56343147432 0.49279967455 0.54633298093 0.54325888192 0.58180877267 0.48554025474 0.47846974491 0.57645073277 0.48543714730 0.47833854976 0.64794242810 0.79602654378 1.22653465667 -126.5979916128 0.00033253779   -2 
 130 0.00000449449 0.00088837246 -125.09197011 0.09071604323 0.00388639576 0.03792336506 0.56928072431 0.55529986056 0.49126919338 0.44802923458 0.47920562628 0.56343906728 0.49279307189 0.54632714215 0.54325950986 0.58181162348 0.48554001951 0.47844218104 0.57645703475 0.48544310505 0.47832323454 0.64795129699 0.79602531796 1.22649962813 -126.5979907003 0.00032577173   -2 
 131 0.00000449449 0.00088836712 -125.09095012 0.09071619778 0.00388638856 0.03792333458 0.56927840964 0.55529887861 0.49127037846 0.44803336147 0.47920574586 0.56344125592 0.49279160425 0.54632621347 0.54325879104 0.58181112229 0.48553973515 0.47843853269 0.57645754859 0.48544377025 0.47832106045 0.64795220420 0.79602492384 1.22649717019 -126.5979905562 0.00024140812   -2 
 132 0.00000449449 0.00088837174 -125.08766998 0.09071644313 0.00388636097 0.03792321745 0.56926868366 0.55529161007 0.49127421646 0.44804648338 0.47920939332 0.56345328801 0.49278560533 0.54632380212 0.54325341747 0.58180588533 0.48553807653 0.47843001115 0.57645752968 0.48544501450 0.47831522076 0.64795338989 0.79602339042 1.22650430718 -126.5979901506 0.00018679677   -2 
 133 0.00000449448 0.00088836831 -125.08690356 0.09071663650 0.00388635244 0.03792318149 0.56926735260 0.55528932258 0.49127439372 0.44804846441 0.47921071518 0.56345659922 0.49278387854 0.54632328575 0.54325130159 0.58180363163 0.48553739814 0.47842884831 0.57645694930 0.48544497340 0.47831409199 0.64795306089 0.79602276426 1.22650951158 -126.5979900756 0.00021985169   -2 
 134 0.00000449448 0.00088837158 -125.08381017 0.09071722800 0.00388631600 0.03792302752 0.56926698159 0.55528143671 0.49127399126 0.44805345664 0.47921687159 0.56347000623 0.49277719301 0.54632184086 0.54324194850 0.58179340067 0.48553444295 0.47842659979 0.57645374206 0.48544423354 0.47831057773 0.64795072551 0.79602017541 1.22653737025 -126.5979898174 0.00013966306   -2 
 135 0.00000449448 0.00088836622 -125.08340735 0.09071760142 0.00388630373 0.03792297696 0.56927358033 0.55528763082 0.49127092222 0.44804592958 0.47921672420 0.56346714322 0.49277771482 0.54632260731 0.54324024773 0.58179100584 0.48553362219 0.47843084748 0.57645166432 0.48544286521 0.47831203769 0.64794827070 0.79601951054 1.22654654908 -126.5979895968 0.00032737059   -2 
 136 0.00000449448 0.00088837023 -125.08303650 0.09071773014 0.00388629459 0.03792293879 0.56927797407 0.55529194442 0.49126912607 0.44804093479 0.47921678735 0.56346535637 0.49277819495 0.54632327632 0.54323914328 0.58178940717 0.48553310703 0.47843397074 0.57645026102 0.48544193875 0.47831314492 0.64794660280 0.79601913739 1.22655329117 -126.5979894541 0.00009106889    0 
-- Found new optimum with likelihood -126.597989454117666 and gradient 0.00009

---- Best joint likelihood found -126.597989454117666 with gradient 0.00009

---- Results for /scratch/40841133/tmpzb56x8ln 
--  Model: C
--        eps_an     theta_bar             a 
-- 0.00000449448 0.00088837023            -1 
--           S_d             b           p_b           S_b 
-- -125.08303650 0.09071773014 0.00388629459 0.03792293879 
--           r 2           r 3           r 4           r 5           r 6           r 7           r 8           r 9          r 10          r 11          r 12          r 13          r 14          r 15          r 16          r 17          r 18          r 19 
-- 0.56927797407 0.55529194442 0.49126912607 0.44804093479 0.47921678735 0.56346535637 0.49277819495 0.54632327632 0.54323914328 0.58178940717 0.48553310703 0.47843397074 0.57645026102 0.48544193875 0.47831314492 0.64794660280 0.79601913739 1.22655329117 

---- Expected P_neut(i), 0 < i < n (neutral SFS per site) 
E[P_neut(1)] = 0.0008883665
E[P_neut(2)] = 0.0002528638
E[P_neut(3)] = 0.0001644344
E[P_neut(4)] = 0.0001091068
E[P_neut(5)] = 0.0000796050
E[P_neut(6)] = 0.0000709535
E[P_neut(7)] = 0.0000715092
E[P_neut(8)] = 0.0000547211
E[P_neut(9)] = 0.0000539263
E[P_neut(10)] = 0.0000482597
E[P_neut(11)] = 0.0000469859
E[P_neut(12)] = 0.0000359445
E[P_neut(13)] = 0.0000326945
E[P_neut(14)] = 0.0000365788
E[P_neut(15)] = 0.0000287504
E[P_neut(16)] = 0.0000265578
E[P_neut(17)] = 0.0000338604
E[P_neut(18)] = 0.0000392876
E[P_neut(19)] = 0.0000573529

---- Expected P_sel(i), 0 < i < n (selected SFS per site) 
E[P_sel(1)] = 0.0006448217
E[P_sel(2)] = 0.0001690821
E[P_sel(3)] = 0.0001055730
E[P_sel(4)] = 0.0000682285
E[P_sel(5)] = 0.0000488256
E[P_sel(6)] = 0.0000428608
E[P_sel(7)] = 0.0000426575
E[P_sel(8)] = 0.0000322965
E[P_sel(9)] = 0.0000315338
E[P_sel(10)] = 0.0000279894
E[P_sel(11)] = 0.0000270510
E[P_sel(12)] = 0.0000205568
E[P_sel(13)] = 0.0000185845
E[P_sel(14)] = 0.0000206760
E[P_sel(15)] = 0.0000161665
E[P_sel(16)] = 0.0000148612
E[P_sel(17)] = 0.0000188615
E[P_sel(18)] = 0.0000217911
E[P_sel(19)] = 0.0000316831

---- alpha_dfe = 0.007224

