---- Running command
---- ./polyDFE -d /scratch/40841736/tmpixag4m60 -m C -i /scratch/40841736/tmpy18wmsqm 1 -v 1 
---- Performing inference using model C

---- Performing inference on /scratch/40841736/tmpixag4m60
----      with -i /scratch/40841736/tmpy18wmsqm 1
---- Data /scratch/40841736/tmpixag4m60 does not contain divergence counts. Using option -w.
---- No mutation variability. Using Poisson likelihood.


---- Using provided initial values

-- Starting local optimization
-- Optimizing all parameters
  it        eps_an     theta_bar           S_d             b           p_b           S_b           r 2           r 3           r 4           r 5           r 6           r 7           r 8           r 9          r 10          r 11          r 12          r 13          r 14          r 15          r 16          r 17          r 18          r 19          r 20          r 21          r 22          r 23          r 24          r 25          r 26          r 27          r 28          r 29           ln lk          grad status 
   0 0.00000450268  0.0009259123 -45.463749999     0.1287808   0.009184894     0.1083917     0.5642878      0.496756     0.4953868     0.4840476     0.4906511     0.4906073     0.5437098     0.5553355     0.5124802     0.5092361     0.6175192     0.5977393     0.4504409      0.522028     0.3860458     0.4756257     0.5506624     0.3834732      0.531485     0.4975372     0.5880576     0.5381713     0.7063446     0.5665509     0.6574706     0.6611074     0.9643355       1.73894 -207.9363374300 0.69805097011   -2 
   1 0.00000450268 0.00091381228 -45.461529301 0.12867965614 0.00918505316 0.10839198636 0.56055695578 0.49868766848 0.49474608264 0.48279333704 0.49065100759 0.49086161846 0.54357052978 0.55604549693 0.50800514363 0.51002523258 0.61907856457 0.59804225035 0.45150136808 0.52323862073 0.38665971603 0.47661569749 0.55080337505 0.38235721238 0.53121207715 0.49779478699 0.58940236217 0.53858566998 0.70425001148 0.56655100016 0.65681336100 0.66160327508 0.96253259540 1.73792041229 -207.2297428941 0.72010965096   -2 
   2 0.00000450268 0.00091325604 -44.702700273 0.12300143490 0.00919360996 0.10839915440 0.51754167879 0.53649739374 0.48880215768 0.46600594082 0.49338495968 0.49737449418 0.54372208051 0.57009841113 0.44093607405 0.52477083462 0.64737489508 0.60480465851 0.47038003615 0.54485276020 0.39760589555 0.49418955812 0.55419673840 0.36473665976 0.52757272981 0.50283018550 0.61312904500 0.54629317462 0.67151218957 0.56733205606 0.64696332998 0.67085710573 0.93487825650 1.72593474979 -201.2644051028 0.55645279210   -2 
   3 0.00000450268 0.00092437721 -44.586544035 0.12238187283 0.00919460212 0.10839992693 0.52567078725 0.53452195156 0.48841965927 0.46468347924 0.49341308729 0.49785284599 0.54351461624 0.57153346845 0.43234575008 0.52664719863 0.65094250259 0.60555067127 0.47325277956 0.54807026795 0.39936722215 0.49696421373 0.55460137705 0.36172092541 0.52685937001 0.50357712448 0.61696229696 0.54748980868 0.66612589519 0.56735254402 0.64518566852 0.67228027277 0.93025737179 1.72352320768 -200.3934625892 0.90971989366   -2 
   4 0.00000450267 0.00090818908 -44.344311766 0.12132466264 0.00919649951 0.10840212097 0.56521366228 0.51884303912 0.48576798132 0.45903771233 0.49227516266 0.49863969974 0.54161361793 0.57622634718 0.39782052110 0.53377483792 0.66479141131 0.60787046880 0.48524372658 0.56138672189 0.40679030939 0.50866304244 0.55586101634 0.34863723659 0.52339398839 0.50649005354 0.63329973451 0.55235153626 0.64280579064 0.56708311846 0.63708240664 0.67803542784 0.90981523607 1.71116262387 -197.2201102858 0.24547279387   -2 
   5 0.00000450267 0.00090295245 -44.359705890 0.12154450256 0.00919627584 0.10840250308 0.55639326922 0.51702728411 0.48707221560 0.46055696396 0.49226087101 0.49852642559 0.54157903820 0.57626510204 0.39387953200 0.53454374950 0.66591874168 0.60814251555 0.48736522448 0.56361142295 0.40838351475 0.51098739642 0.55611026145 0.34562751104 0.52267999398 0.50713654666 0.63669311005 0.55343422670 0.63803615137 0.56702605252 0.63531589690 0.67930351199 0.90584525433 1.70933579952 -196.8979683039 0.53423500470   -2 
   6 0.00000450268 0.00091255909 -44.324952377 0.12165697160 0.00919633975 0.10840354670 0.53970501634 0.51418328777 0.49026295657 0.46421351457 0.49249605969 0.49847412586 0.54175870980 0.57645968353 0.38613785285 0.53622541830 0.66829112102 0.60884900105 0.49190262819 0.56836333016 0.41182506979 0.51598345708 0.55672966904 0.33934718297 0.52125478881 0.50857579787 0.64399068125 0.55580605709 0.62817733383 0.56697611601 0.63167705305 0.68208456936 0.89771033907 1.70601969199 -196.3014751853 0.14777679388   -2 
   7 0.00000450268 0.00091724876 -44.319196823 0.12331508653 0.00919462555 0.10840529539 0.55174790446 0.51127772290 0.49099829223 0.46984743194 0.49048461093 0.49569344435 0.54021409101 0.57328050179 0.37061110935 0.53745208230 0.66886143626 0.60846769042 0.50189243764 0.57823726056 0.42058983743 0.52813085037 0.55728734116 0.32136521391 0.51660591904 0.51182914045 0.66259824369 0.56163781510 0.60118412278 0.56607410691 0.62077106570 0.68884437776 0.87522240848 1.69461343954 -195.6560069564 0.34382670538   -2 
   8 0.00000450268 0.00091312439 -44.330532156 0.12363424706 0.00919427722 0.10840559296 0.55291037459 0.51097611611 0.49092373569 0.47046113628 0.49015946866 0.49526283302 0.53995429613 0.57277455662 0.36844269062 0.53756969535 0.66884685843 0.60836858767 0.50334299431 0.57965085158 0.42191418736 0.52994264052 0.55734883162 0.31865687486 0.51588992152 0.51231142418 0.66541132259 0.56251594108 0.59716600810 0.56592207946 0.61910590459 0.68986049301 0.87186582715 1.69290621788 -195.5610769680 0.08511695957   -2 
   9 0.00000450269 0.00091333261 -44.223690021 0.12338186843 0.00919506541 0.10840826029 0.54585069839 0.51665398950 0.48964451425 0.46833016914 0.49079912386 0.49572179279 0.54039677221 0.57282593447 0.36770974826 0.53742444808 0.66823271979 0.60842988934 0.50500734636 0.58105870041 0.42433462265 0.53275097912 0.55763036046 0.31269880723 0.51479306164 0.51339115412 0.67018550989 0.56438719165 0.59003266882 0.56579826294 0.61607245959 0.69203805820 0.86690032465 1.69296335899 -195.4484428309 0.06029443205   -2 
  10 0.00000450269 0.00091444399 -44.201742850  0.1233014824 0.00919524774 0.10840871349 0.54613508573 0.51679422462 0.48950748170 0.46796362527 0.49089675399 0.49582383085 0.54046937346 0.57288554003 0.36793099316 0.53736029843 0.66811175232 0.60843175957 0.50503129068 0.58104010810 0.42453198086 0.53292141043 0.55765387462 0.31204115799 0.51470473355 0.51349337239 0.67053570890 0.56456492513 0.58940443377 0.56578972754 0.61578837700 0.69224444373 0.86655958536 1.69318508741 -195.4409454246 0.08351852812   -2 
  11 0.00000450270 0.00091209640 -44.006702543 0.12267275470 0.00919689015 0.10841365919 0.55073055321 0.51625695370 0.48779433089 0.46367256876 0.49171485921 0.49679081862 0.54105747139 0.57342808070 0.37096777577 0.53641816223 0.66651931306 0.60827488779 0.50473356689 0.58024330370 0.42631812673 0.53420304194 0.55777764290 0.30524096049 0.51380456022 0.51443445084 0.67356105263 0.56625075180 0.58327073286 0.56564337277 0.61290667562 0.69419429350 0.86346426733 1.69562977809 -195.3760437591 0.03722837628   -2 
  12 0.00000450271 0.00091104998 -43.952336224 0.12256769532 0.00919736273 0.10841577877 0.54870908919 0.51527796329 0.48823928380 0.46373604939 0.49173699804 0.49692374310 0.54111515853 0.57356757489 0.37232131288 0.53612405385 0.66613697333 0.60819610160 0.50424341582 0.57961180588 0.42658071668 0.53412747041 0.55775815678 0.30317400485 0.51362352867 0.51462224091 0.67382383334 0.56660881083 0.58195792914 0.56558887961 0.61220240460 0.69460034546 0.86313951853 1.69643908033 -195.3625618226 0.10036329761   -2 
  13 0.00000450272 0.00091256996 -43.894924878 0.12243812845 0.00919785636 0.10841780762 0.54701387700 0.51446821272 0.48873808396 0.46394177788 0.49175736485 0.49704426608 0.54117387071 0.57370709841 0.37358694339 0.53587460430 0.66582504167 0.60813682417 0.50377503633 0.57902000861 0.42679786669 0.53402415662 0.55774353970 0.30130272075 0.51347450720 0.51478934825 0.67400950417 0.56692566693 0.58082639987 0.56554439497 0.61158625498 0.69495913617 0.86291444489 1.69720484084 -195.3496899589 0.02512429700   -2 
  14 0.00000450272 0.00091191766 -43.897007163 0.12250732918 0.00919781100 0.10841811621 0.54769476284 0.51458722764 0.48869432827 0.46418285323 0.49160514226 0.49690379990 0.54105419298 0.57360421283 0.37362173614 0.53583626937 0.66580668745 0.60807221959 0.50364048862 0.57888733991 0.42669806561 0.53386281586 0.55769091251 0.30119729832 0.51346856821 0.51473824986 0.67378786235 0.56685968181 0.58091735084 0.56551279702 0.61158575402 0.69487758876 0.86302523398 1.69701590996 -195.3472591683 0.04152644290   -2 
  15 0.00000450272 0.00091232082 -43.893590319 0.12261185904 0.00919778631 0.10841885525 0.54904213388 0.51487308112 0.48866228122 0.46471154731 0.49132423653 0.49664364353 0.54083556217 0.57342131348 0.37373554889 0.53576971812 0.66578764283 0.60795648409 0.50336054800 0.57861144881 0.42650177135 0.53353353927 0.55759240949 0.30093175580 0.51346199343 0.51464378433 0.67334076142 0.56673833999 0.58109148920 0.56545415372 0.61157972943 0.69472686738 0.86327080964 1.69669392968 -195.3435577022 0.01478665914   -2 
  16 0.00000450273 0.00091231754 -43.861404089 0.12288463217 0.00919800450 0.10842269060 0.54855188012 0.51544983549 0.48892031375 0.46635340425 0.49067589297 0.49600839394 0.54030616366 0.57300840384 0.37448168991 0.53559483338 0.66580930119 0.60765571672 0.50231084353 0.57757490591 0.42585290592 0.53235144899 0.55729392395 0.29949036361 0.51346183039 0.51437242592 0.67178298623 0.56640179905 0.58157670219 0.56527285124 0.61148350378 0.69430276427 0.86426506941 1.69605943578 -195.3381028740 0.03348644528   -2 
  17 0.00000450273 0.00091281999 -43.851927722 0.12292071351 0.00919808171 0.10842351624 0.54845210331 0.51553287546 0.48897543560 0.46663233092 0.49057668863 0.49590679592 0.54022208573 0.57294432389 0.37463205328 0.53556838396 0.66582206013 0.60760662874 0.50211255795 0.57738070858 0.42572935361 0.53212584757 0.55724047990 0.29919721926 0.51346507924 0.51432283483 0.67148480814 0.56634010194 0.58167354031 0.56524032741 0.61146666690 0.69422494839 0.86446689952 1.69596442717 -195.3371097420 0.01183783246   -2 
  18 0.00000450275 0.00091301881 -43.775434085 0.12291153612 0.00919892931 0.10842916669 0.54728361285 0.51449917045 0.48893688783 0.46634665949 0.49066740522 0.49588185033 0.54018078614 0.57291434636 0.37531399572 0.53551891124 0.66590810731 0.60750218437 0.50133093071 0.57664066783 0.42520564024 0.53118582397 0.55704502660 0.29754385205 0.51349824071 0.51412757360 0.67022591551 0.56610132026 0.58208907001 0.56510786940 0.61137448634 0.69392418126 0.86542831526 1.69593157459 -195.3338313949 0.01347938767   -2 
  19 0.00000450276 0.00091329815 -43.758825368 0.12289105866 0.00919912151 0.10843028885 0.54736762014 0.51439058996 0.48888621513 0.46618653948 0.49069998541 0.49589944093 0.54018873530 0.57291706079 0.37539481755 0.53550799053 0.66590508083 0.60748764948 0.50123034326 0.57654738211 0.42512981249 0.53105695151 0.55701496939 0.29726261974 0.51349918411 0.51409664046 0.67005003711 0.56606447744 0.58214218710 0.56508455654 0.61135413426 0.69387801521 0.86555765836 1.69592976511 -195.3333642176 0.02055108314   -2 
  20 0.00000450277 0.00091292336 -43.688502446 0.12281475164 0.00919996798 0.10843538326 0.54797333555 0.51398607414 0.48856733646 0.46532485290 0.49083023258 0.49597831418 0.54021648391 0.57291262507 0.37567818948 0.53543833055 0.66583964978 0.60740961832 0.50083328379 0.57617942812 0.42481448916 0.53053670296 0.55687794929 0.29604495757 0.51348672427 0.51395752117 0.66933561784 0.56590122095 0.58233531113 0.56497371388 0.61124937128 0.69367399137 0.86604604442 1.69587206210 -195.3314605771 0.00653682025   -2 
  21 0.00000450278 0.00091298809 -43.656308341 0.12276013129 0.00920042679 0.10843808318 0.54799969416 0.51450414088 0.48847087663 0.46505100458 0.49082796471 0.49601418236 0.54022852723 0.57289800449 0.37556967894 0.53538968220 0.66572243778 0.60737775704 0.50086190266 0.57621378600 0.42477437189 0.53052160410 0.55683820868 0.29565818289 0.51344869165 0.51391376170 0.66929178013 0.56585491805 0.58230132103 0.56492377238 0.61118483730 0.69361731064 0.86599750747 1.69577614872 -195.3309356176 0.01553890874   -2 
  22 0.00000450278 0.00091273405 -43.640638880 0.12273825020 0.00920066100 0.10843952288 0.54798359274 0.51475398465 0.48842147383 0.46491932663 0.49081972105 0.49602800595 0.54023044269 0.57288612716 0.37550229344 0.53536139766 0.66565553667 0.60735859633 0.50088365132 0.57623767822 0.42475684410 0.53052160882 0.55681678483 0.29546329454 0.51342610296 0.51389051335 0.66927917430 0.56583057678 0.58227680658 0.56489643157 0.61114901400 0.69358755598 0.86595781247 1.69571557706 -195.3306770715 0.00371546682   -2 
  23 0.00000450281 0.00091279881 -43.583291502 0.12269571469 0.00920170549 0.10844656750 0.54764036561 0.51465592989 0.48859006916 0.46513471975 0.49071035166 0.49603160791 0.54021915701 0.57283473227 0.37496158497 0.53526080532 0.66537148722 0.60730394910 0.50124744758 0.57659232332 0.42484440620 0.53083891562 0.55677259175 0.29495825486 0.51329411329 0.51383113378 0.66963917776 0.56577827226 0.58200391880 0.56479146093 0.61098831805 0.69352536159 0.86541244403 1.69539763844 -195.3301931207 0.00954100230   -2 
  24 0.00000450281 0.00091267187 -43.581266610 0.12269883602 0.00920175144 0.10844692780 0.54764580963 0.51463849491 0.48858835285 0.46514095225 0.49070377336 0.49602783672 0.54021526165 0.57282993541 0.37493830742 0.53525526737 0.66535938676 0.60729973456 0.50126192630 0.57660568004 0.42484841867 0.53085282222 0.55676968539 0.29493833749 0.51328708498 0.51382784710 0.66965564895 0.56577527786 0.58198955832 0.56478591433 0.61098011265 0.69352176303 0.86538451758 1.69537885565 -195.3301192339 0.00389140327   -2 
  25 0.00000450281 0.00091267390 -43.572055577 0.12272529802 0.00920198536 0.10844886809 0.54796932773 0.51451942157 0.48852786057 0.46515333570 0.49068879649 0.49599753460 0.54018994481 0.57280941929 0.37486603831 0.53523930085 0.66534029759 0.60728265862 0.50131062050 0.57664525831 0.42487124087 0.53091309309 0.55675891233 0.29488467775 0.51325601000 0.51381570297 0.66973382645 0.56576463673 0.58192014944 0.56476265054 0.61094554359 0.69350904133 0.86525537618 1.69530580359 -195.3299819755 0.00166458459   -2 
  26 0.00000450281 0.00091268656 -43.572753326 0.12272334839 0.00920197032 0.10844874175 0.54791448905 0.51453800308 0.48853403544 0.46515151707 0.49069203140 0.49600070791 0.54019286931 0.57281230519 0.37487501846 0.53524188909 0.66534497691 0.60728497198 0.50130549639 0.57664078933 0.42486973307 0.53090785422 0.55676036968 0.29489133277 0.51325904047 0.51381717950 0.66972750235 0.56576602259 0.58192618293 0.56476502169 0.61094896353 0.69351072604 0.86526714628 1.69531513269 -195.3299775406 0.00129617621   -2 
  27 0.00000450282 0.00091265851 -43.566352884 0.12274786636 0.00920217193 0.10845044792 0.54786634172 0.51453492315 0.48849889538 0.46514756613 0.49069951154 0.49598396230 0.54018129119 0.57280800763 0.37485750471 0.53524259111 0.66536270983 0.60728080524 0.50132508092 0.57665275949 0.42488853923 0.53094477320 0.55675784034 0.29487915605 0.51324185188 0.51381311290 0.66978082296 0.56576324166 0.58188096618 0.56475311190 0.61093050893 0.69350774996 0.86518950183 1.69529504407 -195.3299550483 0.00501028063   -2 
  28 0.00000450283 0.00091280780 -43.549269924 0.12280421027 0.00920269067 0.10845476868 0.54776585783 0.51453480785 0.48841938232 0.46514096978 0.49072094278 0.49594566963 0.54015572205 0.57280033887 0.37481555687 0.53524651967 0.66540975457 0.60727278652 0.50137506868 0.57668406682 0.42493650403 0.53103815113 0.55675298215 0.29484932738 0.51320000616 0.51380402744 0.66991558356 0.56575748551 0.58176899545 0.56472438816 0.61088554355 0.69350178423 0.86499771249 1.69525196137 -195.3298981087 0.00161163057   -2 
  29 0.00000450284 0.00091280441 -43.536815889 0.12283627210 0.00920306135 0.10845777817 0.54775566012 0.51452587958 0.48838926098 0.46513463999 0.49072848092 0.49592572526 0.54014192202 0.57279571221 0.37479172625 0.53524865530 0.66543562663 0.60726845721 0.50140429399 0.57670218591 0.42496626641 0.53109479098 0.55675049850 0.29483074445 0.51317448070 0.51379882418 0.66999852568 0.56575448646 0.58169944000 0.56470686808 0.61085797049 0.69349891702 0.86488131540 1.69523232283 -195.3298893325 0.00244202540   -2 
  30 0.00000450285 0.00091285248 -43.524126300 0.12286259937 0.00920342919 0.10846071076 0.54776816176 0.51451813116 0.48837192340 0.46512981419 0.49073454271 0.49591057470 0.54013166344 0.57279297069 0.37477131981 0.53525149602 0.66545920390 0.60726587238 0.50143109999 0.57671916599 0.42499409185 0.53114694110 0.55674912378 0.29481370253 0.51315171068 0.51379472308 0.67007526998 0.56575251886 0.58163594154 0.56469136976 0.61083328407 0.69349732560 0.86477644298 1.69521999790 -195.3298775200 0.00172571247   -2 
  31 0.00000450287 0.00091285680 -43.502410968 0.12289904293 0.00920405167 0.10846559775 0.54781112857 0.51450343253 0.48836444963 0.46512269120 0.49073971852 0.49589314717 0.54011988590 0.57279048853 0.37474304608 0.53525652558 0.66549254673 0.60726383506 0.50147083021 0.57674469902 0.42503693380 0.53122557907 0.55674835519 0.29478751463 0.51311810378 0.51378950242 0.67019212710 0.56575074309 0.58153973795 0.56466862835 0.61079663787 0.69349660070 0.86462090773 1.69521142246 -195.3298701817 0.00171427641   -2 
  32 0.00000450287 0.00091267893 -43.490994763 0.12285142774 0.00920431730 0.10846708660 0.54784934683 0.51452353125 0.48850078661 0.46514088232 0.49071992397 0.49595146078 0.54016295551 0.57281340987 0.37478014697 0.53526599792 0.66546647755 0.60728611511 0.50144974757 0.57673682617 0.42502483158 0.53118928558 0.55676320767 0.29479725321 0.51314418446 0.51380289211 0.67014592981 0.56576446638 0.58158824850 0.56468815995 0.61082305441 0.69351411685 0.86472642937 1.69531105683 -195.3298096270 0.00520923276   -2 
  33 0.00000450287 0.00091269818 -43.485565542 0.12283057474 0.00920444243 0.10846780174 0.54787032091 0.51453523923 0.48855644345 0.46515003343 0.49071353501 0.49597680517 0.54018211313 0.57282426459 0.37479628964 0.53527094643 0.66545695751 0.60729648173 0.50144163018 0.57673436725 0.42502035246 0.53117485675 0.55677012550 0.29480139841 0.51315556478 0.51380902023 0.67012761256 0.56577079863 0.58160879514 0.56469678915 0.61083457281 0.69352219233 0.86477133389 1.69535553759 -195.3297840110 0.00086272707   -2 
  34 0.00000450287 0.00091267361 -43.482927303 0.12283562417 0.00920453101 0.10846850026 0.54786278744 0.51453614501 0.48853282194 0.46515087139 0.49071668822 0.49597734813 0.54018332131 0.57282566491 0.37479968213 0.53527224932 0.66545678234 0.60729852729 0.50144071525 0.57673442176 0.42502051653 0.53117318698 0.55677206313 0.29480180807 0.51315792789 0.51381077161 0.67012585492 0.56577270824 0.58161174471 0.56469870008 0.61083685528 0.69352469600 0.86477938331 1.69536231799 -195.3297798348 0.00209786392   -2 
  35 0.00000450289 0.00091272243 -43.460563613 0.12286961699 0.00920525665 0.10847414877 0.54782252994 0.51455105419 0.48836059018 0.46516166518 0.49074427229 0.49598619317 0.54019709011 0.57284041959 0.37482879418 0.53528506495 0.66545788868 0.60731773740 0.50143449613 0.57673658354 0.42502251476 0.53116042281 0.55678935640 0.29480576281 0.51317859099 0.51382618166 0.67011241722 0.56578950053 0.58163775148 0.56471555657 0.61085697114 0.69354653207 0.86484834400 1.69542543101 -195.3297560156 0.00115059019   -2 
  36 0.00000450299 0.00091270319 -43.337413189 0.12301401548 0.00920920631 0.10850448817 0.54788145787 0.51450630882 0.48813557580 0.46518228011 0.49081191269 0.49602595737 0.54025327308 0.57289958076 0.37496009092 0.53534180258 0.66546488604 0.60740638078 0.50140885943 0.57675119775 0.42503298380 0.53110241479 0.55687609257 0.29482909982 0.51328471866 0.51390599606 0.67005180536 0.56587695625 0.58177615469 0.56480520460 0.61096410252 0.69366023110 0.86519805821 1.69574398235 -195.3296736122 0.00263946312   -2 
  37 0.00000450325 0.00091247114 -42.992783831 0.12337520354 0.00922031925 0.10858943527 0.54788013501 0.51446523883 0.48816118551 0.46523432165 0.49093699861 0.49613546716 0.54039845760 0.57305665187 0.37527370014 0.53549892815 0.66553425383 0.60764198958 0.50138074544 0.57682293673 0.42507845376 0.53099541422 0.55711450349 0.29489926868 0.51357118631 0.51412827481 0.66994620034 0.56612175116 0.58215042001 0.56505689159 0.61126243531 0.69397854432 0.86609983420 1.69661882155 -195.3294649289 0.00722451941   -2 
  38 0.00000450331 0.00091252867 -42.915451976 0.12345130574 0.00922282144 0.10860850700 0.54788179647 0.51447002859 0.48819476015 0.46524919551 0.49096386716 0.49616190361 0.54043218114 0.57309340027 0.37533935211 0.53553558775 0.66555682779 0.60769515255 0.50138008230 0.57684345966 0.42509111753 0.53097836606 0.55716838932 0.29491574851 0.51363486636 0.51417861621 0.66993062675 0.56617731151 0.58223336694 0.56511397166 0.61132974526 0.69405074059 0.86629451233 1.69681635650 -195.3294056862 0.00396625569   -2 
  39 0.00000450353 0.00091222338 -42.623726883 0.12371322474 0.00923240639 0.10868130333 0.54780775121 0.51460931062 0.48861811784 0.46531950276 0.49102340980 0.49626357122 0.54055135852 0.57322950712 0.37551210755 0.53567718533 0.66571693866 0.60788269605 0.50144558701 0.57696962488 0.42516681033 0.53100156266 0.55736756528 0.29498584387 0.51385980769 0.51436851951 0.66997415129 0.56638873441 0.58252484099 0.56533157482 0.61158190851 0.69432533515 0.86690904501 1.69753574491 -195.3292095008 0.00428451268   -2 
  40 0.00000450356 0.00091225321 -42.592007907 0.12373812858 0.00923346090 0.10868927672 0.54781625711 0.51463119603 0.48866930427 0.46533106039 0.49102986676 0.49627675882 0.54056566220 0.57324606518 0.37552359667 0.53569424738 0.66574338773 0.60790309062 0.50146103738 0.57698963099 0.42517881339 0.53101478950 0.55738944353 0.29499460738 0.51388292559 0.51438961829 0.66999149823 0.56641241339 0.58255436600 0.56535589778 0.61160952930 0.69435599954 0.86696258492 1.69761382974 -195.3291885514 0.00309913669   -2 
  41 0.00000450371 0.00091195811 -42.408067228 0.12387157053 0.00923978151 0.10873697134 0.54797341811 0.51478119048 0.48897207852 0.46542278267 0.49105480857 0.49636365299 0.54065091752 0.57334902694 0.37550905289 0.53580303409 0.66598060348 0.60801346170 0.50163406115 0.57716637920 0.42528589619 0.53120104413 0.55751475502 0.29505693914 0.51400019507 0.51451442452 0.67022156834 0.56655462637 0.58270028837 0.56550202171 0.61176962959 0.69453946754 0.86712762371 1.69804534482 -195.3290749394 0.00257355528   -2 
  42 0.00000450375 0.00091195576 -42.362043691 0.12390354392 0.00924142769 0.10874938254 0.54801028966 0.51481002823 0.48901020423 0.46545443719 0.49106936907 0.49639232649 0.54067852722 0.57338151996 0.37549003034 0.53583605824 0.66605940378 0.60804355557 0.50169906955 0.57722722673 0.42532395430 0.53127680554 0.55754800646 0.29507649071 0.51402683235 0.51454792497 0.67031428058 0.56659323972 0.58273165733 0.56554149687 0.61181135835 0.69458894242 0.86713464005 1.69815734145 -195.3290526470 0.00455888963   -2 
  43 0.00000450388 0.00091168671 -42.206483745 0.12401953867 0.00924711520 0.10879233504 0.54810267330 0.51488371370 0.48908556621 0.46556526624 0.49112483545 0.49649343337 0.54077569050 0.57349575745 0.37540802740 0.53595227407 0.66634338954 0.60814636674 0.50194220471 0.57745025121 0.42546518295 0.53156543467 0.55766193980 0.29514730233 0.51411345944 0.51466358011 0.67066731232 0.56672707969 0.58283159308 0.56567827322 0.61195429076 0.69476010999 0.86711838358 1.69853694834 -195.3289759375 0.00278242457   -2 
  44 0.00000450388 0.00091177490 -42.207986192 0.12402341295 0.00924714765 0.10879263191 0.54807031594 0.51486687812 0.48904115710 0.46556550983 0.49113638032 0.49649736462 0.54078109810 0.57350073437 0.37540333607 0.53595639900 0.66634692090 0.60814993946 0.50195427420 0.57745925647 0.42547360970 0.53158438431 0.55766373895 0.29515086660 0.51411152909 0.51466538748 0.67069145516 0.56672942478 0.58282732304 0.56568046773 0.61195541217 0.69476273086 0.86709432508 1.69854201000 -195.3289508668 0.00477959460   -2 
  45 0.00000450388 0.00091182220 -42.216268511 0.12405098175 0.00924732328 0.10879430020 0.54789689915 0.51477214667 0.48881654737 0.46555973488 0.49118715897 0.49651155691 0.54080262048 0.57352029818 0.37537775984 0.53597348269 0.66635965871 0.60816411212 0.50201271807 0.57750175310 0.42551477417 0.53167791446 0.55767076498 0.29516844748 0.51410030942 0.51467314285 0.67081098345 0.56673978733 0.58280429988 0.56569026697 0.61195962514 0.69477422275 0.86697026530 1.69855805091 -195.3288565164 0.00145897012   -2 
  46 0.00000450389 0.00091185816 -42.224061473 0.12407741008 0.00924763107 0.10879696236 0.54794783833 0.51472688957 0.48868967986 0.46554099297 0.49121463523 0.49651383369 0.54081229144 0.57352942613 0.37534628823 0.53598541056 0.66636466855 0.60817343924 0.50207520095 0.57754513667 0.42556176618 0.53178376996 0.55767637293 0.29519006662 0.51408525298 0.51468099772 0.67094864696 0.56675079817 0.58277511429 0.56570107317 0.61196344843 0.69478643263 0.86682138084 1.69856407402 -195.3288201585 0.00148015916   -2 
  47 0.00000450389 0.00091188012 -42.223879248 0.12407563710 0.00924765174 0.10879710189 0.54795566691 0.51473773445 0.48870929732 0.46554171583 0.49121210550 0.49651343805 0.54081171189 0.57352904587 0.37534644877 0.53598535448 0.66636475284 0.60817355276 0.50207548784 0.57754535512 0.42556250710 0.53178481607 0.55767668127 0.29519069659 0.51408527560 0.51468135557 0.67095039610 0.56675124548 0.58277491966 0.56570154287 0.61196382671 0.69478699790 0.86682016714 1.69856553336 -195.3288160449 0.00181786896   -2 
  48 0.00000450390 0.00091182337 -42.224105323 0.12406789590 0.00924787792 0.10879875482 0.54801417617 0.51482056571 0.48886517582 0.46554229843 0.49118911553 0.49650721019 0.54080466060 0.57352378407 0.37534273106 0.53598427507 0.66636330857 0.60817357624 0.50208474344 0.57755121384 0.42557455612 0.53180687946 0.55767892013 0.29519901342 0.51408250461 0.51468472242 0.67098289064 0.56675576720 0.58276824794 0.56570633811 0.61196674267 0.69479253211 0.86678785532 1.69857381443 -195.3287953033 0.00076106948   -2 
  49 0.00000450390 0.00091182349 -42.224237825 0.12406934107 0.00924785979 0.10879863191 0.54800356796 0.51480661396 0.48884068660 0.46554257777 0.49119301532 0.49650847107 0.54080610427 0.57352497555 0.37534292433 0.53598484884 0.66636394678 0.60817399957 0.50208470513 0.57755134529 0.42557399090 0.53180600106 0.55767892985 0.29519849247 0.51408274490 0.51468459866 0.67098134591 0.56675557044 0.58276871870 0.56570610321 0.61196662685 0.69479226825 0.86678968099 1.69857359531 -195.3287944596 0.00059055033   -2 
  50 0.00000450390 0.00091185050 -42.225484414 0.12407071517 0.00924799704 0.10879970237 0.54799103262 0.51479105557 0.48882179742 0.46554714853 0.49120021363 0.49651305374 0.54081135078 0.57353023750 0.37534007412 0.53598963650 0.66636907995 0.60817890666 0.50209753997 0.57756125860 0.42558534176 0.53182821064 0.55768253997 0.29520496267 0.51408162613 0.51468833622 0.67101140387 0.56676022176 0.58276450882 0.56571072275 0.61196985687 0.69479780862 0.86676373124 1.69858469064 -195.3287909748 0.00158180983   -2 
  51 0.00000450391 0.00091185435 -42.228773553 0.12407507676 0.00924834271 0.10880240826 0.54796101647 0.51475497808 0.48877964443 0.46555702683 0.49121598140 0.49652314152 0.54082303375 0.57354204296 0.37533265558 0.53600070688 0.66638074478 0.60819027701 0.50212888103 0.57758523876 0.42561335554 0.53188304218 0.55769110391 0.29522107386 0.51407850872 0.51469736686 0.67108581449 0.56677151951 0.58275365556 0.56572197225 0.61197759288 0.69481124432 0.86669837932 1.69861069990 -195.3287849255 0.00090149528   -2 
  52 0.00000450391 0.00091183199 -42.228812310 0.12407504715 0.00924835416 0.10880249620 0.54797212990 0.51476460186 0.48879005098 0.46555521355 0.49121318933 0.49652165415 0.54082147409 0.57354061613 0.37533264956 0.53599982342 0.66637963661 0.60818944999 0.50212794150 0.57758434042 0.42561301390 0.53188211154 0.55769078447 0.29522116941 0.51407835351 0.51469719243 0.67108487479 0.56677133755 0.58275349983 0.56572184211 0.61197743940 0.69481103137 0.86669867062 1.69860938187 -195.3287831192 0.00120748548   -2 
  53 0.00000450391 0.00091182826 -42.229060030 0.12407355101 0.00924844882 0.10880320823 0.54801941092 0.51480428811 0.48883192080 0.46555034269 0.49120457871 0.49651777566 0.54081748154 0.57353719626 0.37533231784 0.53599824723 0.66637753165 0.60818821566 0.50212816993 0.57758403243 0.42561523047 0.53188506895 0.55769102068 0.29522366778 0.51407779427 0.51469795037 0.67109018746 0.56677237476 0.58275204887 0.56572305326 0.61197817991 0.69481228254 0.86669315357 1.69860921128 -195.3287779342 0.00045132743   -2 
  54 0.00000450392 0.00091180437 -42.230554355 0.12407274396 0.00924870263 0.10880515312 0.54801413000 0.51482291533 0.48886182707 0.46555278022 0.49120348203 0.49651952567 0.54081947195 0.57353973879 0.37533123252 0.53600168286 0.66638144565 0.60819231528 0.50213885265 0.57759227025 0.42562736885 0.53190610040 0.55769532490 0.29523249019 0.51407729875 0.51470275078 0.67112043474 0.56677831143 0.58274807401 0.56572914415 0.61198274289 0.69481944889 0.86666853296 1.69862246445 -195.3287753441 0.00144006485   -2 
  55 0.00000450392 0.00091181380 -42.232707282 0.12407076147 0.00924909287 0.10880813557 0.54800814013 0.51484898321 0.48890426356 0.46555763096 0.49120322017 0.49652312951 0.54082345722 0.57354452192 0.37532990205 0.53600752095 0.66638821785 0.60819918419 0.50215551192 0.57760529418 0.42564608715 0.53193844909 0.55770224035 0.29524604520 0.51407683262 0.51471032789 0.67116685482 0.56678764427 0.58274232664 0.56573868591 0.61198998576 0.69483071016 0.86663162593 1.69864424698 -195.3287717207 0.00052160277   -2 
  56 0.00000450396 0.00091179500 -42.241566644 0.12407017181 0.00925060256 0.10881972992 0.54802818280 0.51481583595 0.48891171472 0.46558247594 0.49122194852 0.49654421839 0.54084598143 0.57356871659 0.37532923041 0.53603206868 0.66641725660 0.60822715989 0.50221350779 0.57765212992 0.42571144240 0.53204851772 0.55772896600 0.29529527676 0.51407834914 0.51473891659 0.67132512599 0.56682250294 0.58272588069 0.56577430217 0.61201783558 0.69487257839 0.86651439405 1.69872701226 -195.3287626004 0.00098399007   -2 
  57 0.00000450396 0.00091180770 -42.241960346 0.12407001398 0.00925068075 0.10882032870 0.54802976570 0.51481558963 0.48891022793 0.46558354205 0.49122315743 0.49654531012 0.54084715298 0.57356994657 0.37532945071 0.53603325630 0.66641867667 0.60822850552 0.50221588251 0.57765412867 0.42571422367 0.53205296758 0.55773025875 0.29529754547 0.51407861600 0.51474028541 0.67133159320 0.56682414890 0.58272541255 0.56577599133 0.61201921057 0.69487455263 0.86651014339 1.69873090040 -195.3287618255 0.00036727193   -2 
  58 0.00000450398 0.00091181404 -42.245032119 0.12407343918 0.00925130085 0.10882511302 0.54802886423 0.51483368295 0.48885536594 0.46558112899 0.49123166379 0.49654894870 0.54085144232 0.57357428072 0.37533456768 0.53603747745 0.66642344455 0.60823340574 0.50221938100 0.57765832693 0.42572241259 0.53206034582 0.55773649108 0.29530928667 0.51408299404 0.51474730566 0.67134473599 0.56683227159 0.58272794128 0.56578470593 0.61202711257 0.69488430621 0.86651100101 1.69874239006 -195.3287591355 0.00020247736   -2 
  59 0.00000450398 0.00091182485 -42.245830707 0.12407375798 0.00925153249 0.10882688583 0.54802845458 0.51483185936 0.48885679359 0.46557964991 0.49123230281 0.49654879756 0.54085147363 0.57357430591 0.37533667416 0.53603761333 0.66642351236 0.60823365687 0.50221722117 0.57765717574 0.42572176766 0.53205644145 0.55773753531 0.29531159611 0.51408496361 0.51474866893 0.67134019202 0.56683372631 0.58273032638 0.56578642619 0.61202896119 0.69488604314 0.86651949391 1.69874172554 -195.3287587500 0.00069576751   -2 
  60 0.00000450404 0.00091183947 -42.254580492 0.12407870205 0.00925400564 0.10884583279 0.54801845136 0.51480782368 0.48887504245 0.46556258762 0.49123679255 0.49654553965 0.54085008521 0.57357285897 0.37535844066 0.53603774972 0.66642251050 0.60823490958 0.50219286433 0.57764355340 0.42571355467 0.53201278337 0.55774765916 0.29533543406 0.51410548925 0.51476236906 0.67128892648 0.56684827090 0.58275556049 0.56580385522 0.61204782554 0.69490336133 0.86661096450 1.69873090007 -195.3287546831 0.00029319417   -2 
  61 0.00000450405 0.00091184146 -42.257264714 0.12407947867 0.00925480550 0.10885195202 0.54801776190 0.51480416092 0.48887967494 0.46555884595 0.49123756004 0.49654459624 0.54084959235 0.57357234855 0.37536452260 0.53603766970 0.66642210934 0.60823512575 0.50218571843 0.57763952935 0.42571088506 0.53199970284 0.55775050059 0.29534256590 0.51411157174 0.51476634453 0.67127334281 0.56685247980 0.58276317195 0.56580896716 0.61205339003 0.69490836605 0.86663823832 1.69872786725 -195.3287544180 0.00039551653   -2 
  62 0.00000450407 0.00091185175 -42.259702919 0.12407861449 0.00925561854 0.10885815527 0.54802161925 0.51480759004 0.48888211824 0.46555830109 0.49123747306 0.49654406907 0.54084925414 0.57357199106 0.37536908297 0.53603754470 0.66642178810 0.60823519571 0.50217993076 0.57763629233 0.42570829808 0.53198850606 0.55775273185 0.29534884699 0.51411681458 0.51476966569 0.67125960964 0.56685598106 0.58276993940 0.56581331383 0.61205816899 0.69491250244 0.86666177975 1.69872605389 -195.3287538538 0.00065680506   -2 
  63 0.00000450413 0.00091184714 -42.267858499 0.12407498643 0.00925838106 0.10887922498 0.54803483504 0.51482349463 0.48888695976 0.46555888801 0.49123580602 0.49654222125 0.54084776595 0.57357043315 0.37538260168 0.53603670891 0.66642028595 0.60823488704 0.50216167698 0.57762594435 0.42569956179 0.53195267582 0.55775935823 0.29536907977 0.51413337298 0.51477998299 0.67121520155 0.56686683134 0.58279160482 0.56582697504 0.61207322800 0.69492528944 0.86673661227 1.69871996738 -195.3287522460 0.00038452572   -2 
  64 0.00000450414 0.00091181918 -42.266752793 0.12406684771 0.00925851703 0.10888017896 0.54802419058 0.51483354638 0.48887145867 0.46557544881 0.49123394617 0.49654630739 0.54085010504 0.57357261677 0.37537046964 0.53603712571 0.66642174361 0.60823448669 0.50217434019 0.57763343285 0.42570206751 0.53197175434 0.55775459811 0.29536233178 0.51412560586 0.51477457291 0.67123542161 0.56686109471 0.58278310049 0.56582062453 0.61206632471 0.69491851496 0.86670019108 1.69872445005 -195.3287496522 0.00131405018   -2 
  65 0.00000450414 0.00091181918 -42.266752793 0.12406684771 0.00925851703 0.10888017896 0.54802419058 0.51483354638 0.48887145867 0.46557544881 0.49123394617 0.49654630739 0.54085010504 0.57357261677 0.37537046964 0.53603712571 0.66642174361 0.60823448669 0.50217434019 0.57763343285 0.42570206751 0.53197175434 0.55775459811 0.29536233178 0.51412560586 0.51477457291 0.67123542161 0.56686109471 0.58278310049 0.56582062453 0.61206632471 0.69491851496 0.86670019108 1.69872445005 -195.3287496522           NAN   -8 
  66 0.00000450414 0.00091183489 -42.266696752 0.12406639231 0.00925852948 0.10888026952 0.54802581638 0.51483390474 0.48887179712 0.46557581124 0.49123409904 0.49654652255 0.54085029230 0.57357279737 0.37537022138 0.53603722767 0.66642189929 0.60823457003 0.50217472022 0.57763368975 0.42570216176 0.53197229618 0.55775452138 0.29536216093 0.51412543668 0.51477446014 0.67123599521 0.56686097296 0.58278291386 0.56582048172 0.61206617301 0.69491836470 0.86669932068 1.69872476829 -195.3287484439 0.00024529053   -2 
  67 0.00000450414 0.00091183489 -42.266696752 0.12406639231 0.00925852948 0.10888026952 0.54802581638 0.51483390474 0.48887179712 0.46557581124 0.49123409904 0.49654652255 0.54085029230 0.57357279737 0.37537022138 0.53603722767 0.66642189929 0.60823457003 0.50217472022 0.57763368975 0.42570216176 0.53197229618 0.55775452138 0.29536216093 0.51412543668 0.51477446014 0.67123599521 0.56686097296 0.58278291386 0.56582048172 0.61206617301 0.69491836470 0.86669932068 1.69872476829 -195.3287484439           NAN   -8 
  68 0.00000450414 0.00091182068 -42.266695097 0.12406427952 0.00925873034 0.10888177831 0.54803471033 0.51483052556 0.48887124118 0.46557735248 0.49123261718 0.49654659531 0.54084986507 0.57357230725 0.37536470936 0.53603645289 0.66642106857 0.60823331055 0.50217934095 0.57763590106 0.42570265556 0.53197976564 0.55775165707 0.29535885696 0.51412139088 0.51477140509 0.67124370701 0.56685765652 0.58277852513 0.56581693356 0.61206236325 0.69491433036 0.86668270813 1.69872311523 -195.3287477093 0.00082243346   -2 
  69 0.00000450414 0.00091182068 -42.266695097 0.12406427952 0.00925873034 0.10888177831 0.54803471033 0.51483052556 0.48887124118 0.46557735248 0.49123261718 0.49654659531 0.54084986507 0.57357230725 0.37536470936 0.53603645289 0.66642106857 0.60823331055 0.50217934095 0.57763590106 0.42570265556 0.53197976564 0.55775165707 0.29535885696 0.51412139088 0.51477140509 0.67124370701 0.56685765652 0.58277852513 0.56581693356 0.61206236325 0.69491433036 0.86668270813 1.69872311523 -195.3287477093           NAN   -8 
  70 0.00000450414 0.00091182999 -42.266666852 0.12406400110 0.00925874195 0.10888186368 0.54803505143 0.51483087651 0.48887145948 0.46557755607 0.49123271585 0.49654672206 0.54084997390 0.57357241036 0.37536450914 0.53603650534 0.66642115022 0.60823334634 0.50217961035 0.57763606969 0.42570271509 0.53198017226 0.55775157166 0.29535870043 0.51412123160 0.51477129159 0.67124413766 0.56685753400 0.58277834716 0.56581679263 0.61206221364 0.69491417633 0.86668195351 1.69872331570 -195.3287472249 0.00019990655   -2 
  71 0.00000450414 0.00091182999 -42.266666852 0.12406400110 0.00925874195 0.10888186368 0.54803505143 0.51483087651 0.48887145948 0.46557755607 0.49123271585 0.49654672206 0.54084997390 0.57357241036 0.37536450914 0.53603650534 0.66642115022 0.60823334634 0.50217961035 0.57763606969 0.42570271509 0.53198017226 0.55775157166 0.29535870043 0.51412123160 0.51477129159 0.67124413766 0.56685753400 0.58277834716 0.56581679263 0.61206221364 0.69491417633 0.86668195351 1.69872331570 -195.3287472249           NAN   -8 
  72 0.00000450414 0.00091182999 -42.266666852 0.12406400110 0.00925874195 0.10888186368 0.54803505143 0.51483087651 0.48887145948 0.46557755607 0.49123271585 0.49654672206 0.54084997390 0.57357241036 0.37536450914 0.53603650534 0.66642115022 0.60823334634 0.50217961035 0.57763606969 0.42570271509 0.53198017226 0.55775157166 0.29535870043 0.51412123160 0.51477129159 0.67124413766 0.56685753400 0.58277834716 0.56581679263 0.61206221364 0.69491417633 0.86668195351 1.69872331570 -195.3287472249           NAN   -8 
  73 0.00000450414 0.00091182999 -42.266666852 0.12406400110 0.00925874195 0.10888186368 0.54803505143 0.51483087651 0.48887145948 0.46557755607 0.49123271585 0.49654672206 0.54084997390 0.57357241036 0.37536450914 0.53603650534 0.66642115022 0.60823334634 0.50217961035 0.57763606969 0.42570271509 0.53198017226 0.55775157166 0.29535870043 0.51412123160 0.51477129159 0.67124413766 0.56685753400 0.58277834716 0.56581679263 0.61206221364 0.69491417633 0.86668195351 1.69872331570 -195.3287472249 0.00019990655   -8 
-- Local optimization: reached maximum number of likelihood evaluations allowed.
-- Found new optimum with likelihood -195.328747224969391 and gradient 0.00020

---- Best joint likelihood found -195.328747224969391 with gradient 0.00020

---- Results for /scratch/40841736/tmpixag4m60 
--  Model: C
--        eps_an     theta_bar             a 
-- 0.00000450414 0.00091182999            -1 
--           S_d             b           p_b           S_b 
-- -42.266666852 0.12406400110 0.00925874195 0.10888186368 
--           r 2           r 3           r 4           r 5           r 6           r 7           r 8           r 9          r 10          r 11          r 12          r 13          r 14          r 15          r 16          r 17          r 18          r 19          r 20          r 21          r 22          r 23          r 24          r 25          r 26          r 27          r 28          r 29 
-- 0.54803505143 0.51483087651 0.48887145948 0.46557755607 0.49123271585 0.49654672206 0.54084997390 0.57357241036 0.37536450914 0.53603650534 0.66642115022 0.60823334634 0.50217961035 0.57763606969 0.42570271509 0.53198017226 0.55775157166 0.29535870043 0.51412123160 0.51477129159 0.67124413766 0.56685753400 0.58277834716 0.56581679263 0.61206221364 0.69491417633 0.86668195351 1.69872331570 

---- Expected P_neut(i), 0 < i < n (neutral SFS per site) 
E[P_neut(1)] = 0.0009118261
E[P_neut(2)] = 0.0002498564
E[P_neut(3)] = 0.0001564788
E[P_neut(4)] = 0.0001114415
E[P_neut(5)] = 0.0000849052
E[P_neut(6)] = 0.0000746532
E[P_neut(7)] = 0.0000646807
E[P_neut(8)] = 0.0000616453
E[P_neut(9)] = 0.0000581110
E[P_neut(10)] = 0.0000342268
E[P_neut(11)] = 0.0000444339
E[P_neut(12)] = 0.0000506385
E[P_neut(13)] = 0.0000426619
E[P_neut(14)] = 0.0000327073
E[P_neut(15)] = 0.0000351137
E[P_neut(16)] = 0.0000242606
E[P_neut(17)] = 0.0000285339
E[P_neut(18)] = 0.0000282542
E[P_neut(19)] = 0.0000141747
E[P_neut(20)] = 0.0000234396
E[P_neut(21)] = 0.0000223518
E[P_neut(22)] = 0.0000278211
E[P_neut(23)] = 0.0000224731
E[P_neut(24)] = 0.0000221417
E[P_neut(25)] = 0.0000206374
E[P_neut(26)] = 0.0000214657
E[P_neut(27)] = 0.0000234689
E[P_neut(28)] = 0.0000282248
E[P_neut(29)] = 0.0000534158

---- Expected P_sel(i), 0 < i < n (selected SFS per site) 
E[P_sel(1)] = 0.0007147289
E[P_sel(2)] = 0.0001779747
E[P_sel(3)] = 0.0001057213
E[P_sel(4)] = 0.0000726775
E[P_sel(5)] = 0.0000539368
E[P_sel(6)] = 0.0000464493
E[P_sel(7)] = 0.0000395608
E[P_sel(8)] = 0.0000371594
E[P_sel(9)] = 0.0000345891
E[P_sel(10)] = 0.0000201465
E[P_sel(11)] = 0.0000258947
E[P_sel(12)] = 0.0000292450
E[P_sel(13)] = 0.0000244359
E[P_sel(14)] = 0.0000185924
E[P_sel(15)] = 0.0000198205
E[P_sel(16)] = 0.0000136049
E[P_sel(17)] = 0.0000159037
E[P_sel(18)] = 0.0000156575
E[P_sel(19)] = 0.0000078127
E[P_sel(20)] = 0.0000128531
E[P_sel(21)] = 0.0000121970
E[P_sel(22)] = 0.0000151114
E[P_sel(23)] = 0.0000121527
E[P_sel(24)] = 0.0000119230
E[P_sel(25)] = 0.0000110681
E[P_sel(26)] = 0.0000114677
E[P_sel(27)] = 0.0000124912
E[P_sel(28)] = 0.0000149687
E[P_sel(29)] = 0.0000282311

---- alpha_dfe = 0.018630

