---- Running command
---- ./polyDFE -d /scratch/38995936/tmpzrzs__c4 -m C -i /scratch/38995936/tmpos2c76xz 1 -v 1 
---- Performing inference using model C

---- Performing inference on /scratch/38995936/tmpzrzs__c4
----      with -i /scratch/38995936/tmpos2c76xz 1
---- Data /scratch/38995936/tmpzrzs__c4 does not contain divergence counts. Using option -w.
---- No mutation variability. Using Poisson likelihood.


---- Using provided initial values

-- Starting local optimization
-- Optimizing all parameters
  it        eps_an     theta_bar           S_d             b           r 2           r 3           r 4           r 5           r 6           r 7           r 8           r 9          r 10          r 11          r 12          r 13          r 14          r 15          r 16          r 17          r 18          r 19           ln lk          grad status 
   0    0.01346766  0.0008961823 -245.56979999     0.3789762      1.115224      1.093897      1.181135      1.231855     0.9243195      1.082592     0.8650157       1.20686      1.044504     0.9301775     0.9573576      1.358432      1.004809      0.982138     0.9355796      1.145759      1.008393     0.8705163 -174.4471171286 0.94945004919   -2 
   1 0.01349496304 0.00091327790 -244.81851882 0.37588473777 1.12352273458 1.08463454125 1.16404556091 1.23833702026 0.93222014221 1.08999797784 0.86318656599 1.20251240590 1.03891996202 0.93432397321 0.95876242885 1.36404966475 1.00606245329 0.97905949590 0.93741705820 1.15306956984 1.00829751423 0.87119203173 -172.7673384234 1.16563973289   -2 
   2 0.01377020516 0.00091017810 -245.63062313 0.37960649464 1.17342443330 0.98487310126 0.99783579662 1.29161672774 1.00785269663 1.15935144954 0.84166375697 1.15452721309 0.98085856426 0.97390035510 0.97023587176 1.41662066786 1.01618536637 0.94636541687 0.95429230416 1.22639482567 1.00534676176 0.87671809621 -162.6724252606 0.42948881910   -2 
   3 0.01389281006 0.00089740346 -245.35427091 0.37642009393 1.12723196258 0.99710547386 0.99299101985 1.29275633538 1.02455243052 1.17531473507 0.83335556264 1.13781635433 0.95942739255 0.98920536998 0.97426345121 1.43487003805 1.01928779365 0.93117781704 0.96267171906 1.26044534896 1.00235256110 0.87856111609 -161.0928942793 0.85854478817   -2 
   4 0.01397258593 0.00090682085 -244.68105701 0.37265499134 1.10485300167 1.00673848962 0.99266484739 1.29361132036 1.03496181856 1.18538148850 0.82834514695 1.12776227357 0.94623224012 0.99931871128 0.97703897736 1.44684672957 1.02142381318 0.92151031611 0.96833325974 1.28319448485 1.00056042912 0.87984416863 -160.2081629141 0.34627432606   -2 
   5 0.01412980569 0.00091858065 -246.68075475 0.38238051700 1.10376025116 1.02020856069 1.00146918159 1.28697018056 1.04576443954 1.19632531065 0.81836832157 1.10908715594 0.92147113424 1.01747294963 0.98141772999 1.46677013731 1.02444475507 0.90127212239 0.97946626154 1.32870339210 0.99666805930 0.88196809585 -159.2165434842 0.31531652085   -2 
   6 0.01437330629 0.00090111122 -246.02737695 0.38049701714 1.13254827997 1.02590002555 1.01660424139 1.27549970286 1.05153959467 1.20300647721 0.80564372901 1.08654296202 0.89048099464 1.04061085277 0.98661609537 1.49029184918 1.02763140808 0.87279130376 0.99484916669 1.39256464396 0.99062374345 0.88407691025 -158.2619499265 0.60329106761   -2 
   7 0.01445933117 0.00090395086 -245.28743012 0.37777466565 1.14352068011 1.02776885089 1.02216683681 1.27308724622 1.05330143448 1.20514561837 0.80190140076 1.07998645704 0.88098768196 1.04843730984 0.98853983402 1.49819126417 1.02884862694 0.86353450624 1.00019331253 1.41453899848 0.98865283995 0.88483150181 -157.9180527292 0.10002241973   -2 
   8 0.01478989223 0.00090548524 -244.17448845 0.37851477898 1.13487944468 1.01245478983 1.03014487407 1.29550460920 1.04470139876 1.19869435358 0.80303303883 1.08486407338 0.87407402418 1.06250162724 0.99495195836 1.50941804808 1.03301523676 0.84129599786 1.01510058119 1.46606262868 0.98228094102 0.88653103162 -157.6434039059 0.09840879072   -2 
   9 0.01481375369 0.00090411546 -244.12901500 0.37888504011 1.13466315217 1.01220660855 1.02992839259 1.29626192929 1.04413800429 1.19818132609 0.80328902999 1.08549180945 0.87410002942 1.06299727008 0.99527903980 1.50968775471 1.03323506786 0.84003114198 1.01591752847 1.46865571629 0.98183653006 0.88654979512 -157.6320465988 0.07833366385   -2 
  10 0.01522006809 0.00090353139 -241.77893573 0.38050192413 1.14268840518 1.02157523185 1.01966114366 1.30098089052 1.03723621563 1.19096357490 0.81032134924 1.10025060517 0.88138082833 1.06585243414 0.99978458046 1.50902047843 1.03655273730 0.82315186509 1.02699830797 1.49908716617 0.97493411394 0.88586909608 -157.5055780380 0.05500932844   -2 
  11 0.01534643405 0.00090057726 -240.77029067 0.38023934617 1.14139379858 1.02298759956 1.01979669859 1.29989141079 1.03795264493 1.19130543939 0.81227389996 1.10361501577 0.88448303122 1.06525440137 1.00061281178 1.50808400771 1.03733229633 0.82006457537 1.02904016677 1.50235623138 0.97300127607 0.88501817262 -157.4834593974  0.1214168265   -2 
  12 0.01551385914 0.00090048957 -239.33364107 0.37957056407 1.14015198432 1.02477736286 1.02074229178 1.29849284889 1.03947254709 1.19232808098 0.81482286052 1.10784854844 0.88869007467 1.06434462291 1.00166253077 1.50691006160 1.03836695487 0.81642568449 1.03152479578 1.50569756211 0.97054620696 0.88380940005 -157.4563439555 0.08582493449   -2 
  13 0.01614637474 0.00090128935 -235.21315668 0.38381938156 1.13762366488 1.02784728618 1.02727938998 1.29330576042 1.04736598692 1.19854469116 0.82324842135 1.12079247378 0.90397867862 1.06003388536 1.00481557282 1.50262725776 1.04181342640 0.80566033884 1.03891998950 1.51116645225 0.96186042575 0.87844194606 -157.3680575721 0.06606853113   -2 
  14 0.01640482955 0.00090207462 -233.13695660 0.38429226742 1.14286432339 1.02651460945 1.02987579288 1.29496819298 1.05041604516 1.20170154692 0.82497914765 1.12253295671 0.90804175059 1.05867141587 1.00552335449 1.50207081566 1.04275763940 0.80365379364 1.04017123350 1.50872890638 0.95876610756 0.87524888590 -157.3336565399 0.17649421056   -2 
  15 0.01702503827 0.00089698948 -228.58954456 0.38667358268 1.15442075749 1.02271446744 1.03539776943 1.29943222774 1.05715225854 1.20889659490 0.82845573657 1.12551854279 0.91681288807 1.05557395767 1.00695096670 1.50098567753 1.04475878154 0.79955572035 1.04254687402 1.50180134703 0.95158889328 0.86745998779 -157.2564598177 0.07392390426   -2 
  16 0.01831185795 0.00089888609 -219.73762007 0.39325022567 1.14284523078 1.03414339312 1.04061584321 1.32448903243 1.06492164287 1.22124083454 0.82878342068 1.12026890477 0.92127946223 1.05698744837 1.00941708181 1.50898963768 1.04767663014 0.80186897493 1.04046173853 1.47825340837 0.93899681652 0.84716285539 -157.0647548664 0.12050461769   -2 
  17 0.01853316159 0.00089606186 -218.26192258 0.39412343238 1.14233163866 1.03542961931 1.04085593970 1.32725324807 1.06558811198 1.22258410165 0.82859815731 1.11923548770 0.92136496409 1.05754700249 1.00977804049 1.51050427039 1.04803017496 0.80255077480 1.03979775322 1.47434549803 0.93696050148 0.84346712978 -157.0386798534 0.13601828011   -2 
  18 0.01942818905 0.00089186750 -211.88626368 0.39438893918 1.14744719365 1.03972290421 1.04105294036 1.33467208726 1.06704561089 1.22640083335 0.82754739307 1.11534109519 0.92014482856 1.06100276895 1.01134352666 1.51741001509 1.04928250301 0.80616520848 1.03650473703 1.45948580428 0.92920375485 0.82804430744 -156.9392924385 0.11381132296   -2 
  19 0.02069680126 0.00089276869 -204.65076817 0.40109371035 1.16214339531 1.04195489385 1.04080611546 1.33560869195 1.06703941845 1.22824570132 0.82607029448 1.11179359909 0.91614515153 1.06776300605 1.01377843892 1.52762184675 1.05065200712 0.81223301116 1.03103353871 1.44188355915 0.91892388528 0.80539061239 -156.7978802649 0.07728588474   -2 
  20 0.02107927282 0.00089209425 -202.66059436 0.40317752696 1.16460151178 1.04216812345 1.04098828337 1.33483909223 1.06696037220 1.22839947446 0.82577691387 1.11128868319 0.91484223467 1.06994436692 1.01455171618 1.53052895256 1.05100625625 0.81404339963 1.02936250778 1.43741454822 0.91585280873 0.79848022803 -156.7856669216 0.09041996831   -2 
  21 0.02205961402 0.00089445987 -197.59723091 0.40642224139 1.16412881594 1.04194753846 1.04301961348 1.33008856342 1.06694811297 1.22781240533 0.82578382397 1.11234316458 0.91135729485 1.07624548380 1.01685728496 1.53761653980 1.05183901458 0.81868639188 1.02502120983 1.42892047796 0.90782631887 0.77982697677 -156.7361406353 0.14912995914   -2 
  22 0.02283668124 0.00089280706 -193.93123217 0.40918417067 1.16145817942 1.04135299766 1.04464598318 1.32593361601 1.06688780283 1.22701835997 0.82593063960 1.11363744564 0.90868401742 1.08107276015 1.01861565077 1.54269659229 1.05237395039 0.82214294195 1.02162589426 1.42309684691 0.90151805853 0.76529582488 -156.7004337404 0.07028893718   -2 
  23 0.02315733787 0.00089332902 -192.39474356 0.40905170898 1.15744078484 1.04115437952 1.04587351271 1.32458459478 1.06723384460 1.22640357010 0.82656014050 1.11562913598 0.90792207696 1.08293991242 1.01941026568 1.54384670622 1.05242377427 0.82317904212 1.02013937615 1.42260833136 0.89833335284 0.75787574168 -156.6803084207 0.08602911489   -2 
  24 0.02333365278 0.00089204791 -191.68686287 0.40938666707 1.15452274473 1.04086986693 1.04651453488 1.32390597419 1.06745224180 1.22587827516 0.82705988119 1.11715023245 0.90760426630 1.08382626614 1.01981625887 1.54401588881 1.05233944808 0.82355691098 1.01924974416 1.42297697890 0.89632010174 0.75318961890 -156.6690544348 0.05696151347   -2 
  25 0.02379461311 0.00089455644 -190.23376307 0.41082729600 1.14813628341 1.04030004631 1.04849755788 1.32383389796 1.06869729965 1.22400945389 0.82954225341 1.12402162224 0.90769526051 1.08538335546 1.02085753595 1.54183975420 1.05156894578 0.82334790226 1.01658265417 1.42822176043 0.88938707574 0.73683076495 -156.6374544818 0.08975365721   -2 
  26 0.02399768145 0.00089376361 -189.73845922 0.41187472809 1.14649843392 1.03985069990 1.04903516392 1.32391341762 1.06916750051 1.22306109563 0.83070647407 1.12723126978 0.90784985716 1.08578223359 1.02121435390 1.54033359325 1.05106951416 0.82296516109 1.01531342931 1.43110617820 0.88603127445 0.72895398137 -156.6234349889 0.08665312568   -2 
  27 0.02497728179 0.00089617598 -187.33601050 0.41460629152 1.14979557841 1.03829504226 1.05053210015 1.32612731057 1.07152470233 1.21885760399 0.83676421197 1.14343116580 0.90947580173 1.08634251638 1.02256878752 1.53088857512 1.04806255408 0.81963738095 1.00896235475 1.44801068564 0.86858970788 0.68840574654 -156.5548690392 0.10671251155   -2 
  28 0.02520451721 0.00089384173 -186.85138677 0.41503665642 1.15165905948 1.03808707868 1.05044640173 1.32674107642 1.07189232745 1.21815931746 0.83799105166 1.14658753007 0.90993855016 1.08610742005 1.02271889618 1.52852812387 1.04725232694 0.81854621485 1.00747266841 1.45195597100 0.86435382404 0.67875286463 -156.5356521041 0.09963539478   -2 
  29 0.02551461975 0.00089289429 -186.06818632 0.41402931132 1.15682258488 1.03882927860 1.05010613637 1.32831097383 1.07239161036 1.21812948004 0.83944488552 1.14985925494 0.91085093951 1.08530308467 1.02276280279 1.52533818107 1.04606856312 0.81653619349 1.00549080314 1.45741960863 0.85815855297 0.66466419101 -156.5061055198 0.05762038420   -2 
  30 0.02564985873 0.00089114884 -185.96253218 0.41411158178 1.15939983102 1.03987334322 1.04973348066 1.32942250429 1.07251304264 1.21898989584 0.83974596259 1.14999422074 0.91145486779 1.08447150715 1.02258921244 1.52409357100 1.04547795061 0.81514462064 1.00468123590 1.45958488905 0.85501473863 0.65753715491 -156.4962139349 0.07762255682   -2 
  31 0.02593545175 0.00089151806 -185.88476249 0.41409671433 1.16519252922 1.04334282877 1.04919086162 1.33266263353 1.07292261884 1.22217288238 0.84004467399 1.14875099755 0.91307715735 1.08229165329 1.02209740990 1.52197969351 1.04426787049 0.81163842915 1.00315731583 1.46383501583 0.84793242455 0.64153319257 -156.4742252113 0.06803521117   -2 
  32 0.02612825042 0.00089079589 -186.13625086 0.41487158135 1.16675931371 1.04582444934 1.04909390698 1.33504626573 1.07324760990 1.22512064206 0.83990286418 1.14664629093  0.9143393229 1.08056514957 1.02165506878 1.52108060597 1.04350619945 0.80886238890 1.00231108850 1.46606530916 0.84287077206 0.63020294484 -156.4598783934 0.08263562809   -2 
  33 0.02634698309 0.00089270116 -186.45431728 0.41518687462 1.16687511331 1.04865258184 1.04952363853 1.33794956699 1.07381791625 1.22905266540 0.83955430043 1.14350487659 0.91591076326 1.07859200384 1.02115871353 1.52066860652 1.04277782656 0.80549482172 1.00157185776 1.46799927872 0.83704042175 0.61721250628 -156.4431169743 0.06819345159   -2 
  34 0.02657656502 0.00089215795 -186.95503549 0.41526341527 1.16359791822 1.05031863188 1.05039944668 1.34035755123 1.07443106645 1.23330310100 0.83882796554 1.13922434643 0.91753930077 1.07654546499 1.02057851501 1.52098547970 1.04215901828 0.80169408334 1.00105898929 1.46875712609 0.83088502872 0.60356545885 -156.4258248423 0.07735683337   -2 
  35 0.02671500424 0.00089326260 -187.21242647 0.41458565339 1.16125430797 1.05064712367 1.05117146635 1.34144127330 1.07484837659 1.23572909943 0.83828711217 1.13644456154 0.91847636330 1.07544361883 1.02024965111 1.52155428734 1.04188947390 0.79935928571 1.00089434062 1.46858275247 0.82725960613 0.59548701729 -156.4153135521 0.05181700180   -2 
  36 0.02684545655 0.00089240603 -187.59944511 0.41387424436 1.15857818463 1.04899720099 1.05186442033 1.34109844994 1.07503488021 1.23716515186 0.83749274907 1.13347721888 0.91909187467 1.07461325614 1.01988958052 1.52258789384 1.04174698363 0.79706067324 1.00093722526 1.46697837651 0.82400333841 0.58802614953 -156.4057421859 0.05754889818   -2 
  37 0.02696251658 0.00089358318 -187.99537570 0.41302213267 1.15711835794 1.04662245434 1.05244485493 1.33999867333 1.07509075899 1.23777876792 0.83664869453 1.13079557789 0.91944319036 1.07408096206 1.01956516705 1.52382977891 1.04170988000 0.79498923558 1.00109572775 1.46460592589 0.82125449401 0.58151199359 -156.3973278540 0.06354280388   -2 
  38 0.02720369145 0.00089411157 -189.16574632 0.41250880341 1.15533766072 1.04045745694 1.05294235304 1.33614570938 1.07468768038 1.23748831743 0.83462550668 1.12530339320 0.91966239527 1.07320913607 1.01877642965 1.52651558347 1.04164594579 0.79072535276 1.00149454761 1.45817566254 0.81589157358 0.56854457936 -156.3804217974 0.06403491602   -2 
  39 0.02732040885 0.00089611034 -189.78174691 0.41224783794 1.15561422920 1.03788021636 1.05278456850 1.33395768515 1.07426242690 1.23661028301 0.83359330132 1.12291387377 0.91950870398 1.07291551751 1.01835183826 1.52772753118 1.04159874117 0.78873363613 1.00168169220 1.45450993326 0.81347810092 0.56255113714 -156.3722694884 0.05671563195   -2 
  40 0.02748348660 0.00089696309 -190.85034960 0.41248595596 1.15674375087 1.03510259451 1.05152296318 1.33029132691 1.07306308478 1.23395833977 0.83200798169 1.12000984432 0.91874862423 1.07259252846 1.01758893642 1.52896230765 1.04139115593 0.78605976324 1.00182027422 1.44847713259 0.81036560919 0.55459258323 -156.3624240773 0.05699162348   -2 
  41 0.02751846897 0.00089799358 -191.04479455 0.41191923681 1.15732319669 1.03571431931 1.05068571872 1.32956430863 1.07247574175 1.23255337873 0.83164704115 1.11987507323 0.91821504258 1.07260497046 1.01732916618 1.52882440815 1.04124037265 0.78561747091 1.00174193502 1.44667902676 0.80989588203 0.55317595028 -156.3549952551 0.07121644183   -2 
  42 0.02768200546 0.00089660212 -192.24159429 0.40997395436 1.15874926291 1.04000939071 1.04545108880 1.32595175129 1.06887741540 1.22432343966 0.82981069556 1.11997217912 0.91491902784 1.07262739939 1.01580342784 1.52712678399 1.04020307805 0.78375717916 1.00106232255 1.43728325865 0.80801426646 0.54711819098 -156.3262299184 0.04465109942   -2 
  43 0.02776818614 0.00089829004 -193.33448301 0.41062918772 1.15749092693 1.04201736120 1.04332375092 1.32525462430 1.06692590257 1.21993028991 0.82894319120 1.12088001721 0.91264969597 1.07259780966 1.01480419301 1.52530734742 1.03936728667 0.78310723071 1.00040880872 1.43173658870 0.80736164917 0.54454038610 -156.3121835288 0.04805068378   -2 
  44 0.02778676976 0.00089928699 -193.54549559 0.41047598725 1.15709381183 1.04221270520 1.04308301060 1.32530336515 1.06656589027 1.21913185162 0.82878474970 1.12116177000 0.91212355869 1.07257156293 1.01456910767 1.52480766377 1.03914856769 0.78301386911 1.00022486302 1.43050635522 0.80726425739 0.54407235801 -156.3094531554 0.03480991346   -2 
  45 0.02791292198 0.00089980365 -195.15006595 0.40858033409 1.15156641211 1.03980611995 1.04290386950 1.32655002463 1.06429280845 1.21486622176 0.82775714055 1.12344619856 0.90803186156 1.07188535794 1.01256120733 1.51999250633 1.03708324574 0.78271666047 0.99837263744 1.42161195225 0.80692332572 0.54168917745 -156.2936686166 0.03085349656   -2 
  46 0.02794764259 0.00089971086 -195.81103307 0.40858791648 1.15160651697 1.03839245937 1.04293424003 1.32644557779 1.06371740239 1.21418758601 0.82741359564 1.12382866477 0.90680498022 1.07140681141 1.01182449370 1.51826208189 1.03627510247 0.78264492954 0.99759031997 1.41899661282 0.80688522039 0.54114767214 -156.2895550264 0.05909332742   -2 
  47 0.02802140105 0.00090171157 -197.21230035 0.40818729115 1.15282757551 1.03539285422 1.04313588860 1.32609421043 1.06263010948 1.21313485329 0.82669200265 1.12452106944 0.90421673061 1.07027175266 1.01020359145 1.51447498235 1.03446545102 0.78250592114 0.99580408941 1.41344912474 0.80683664144 0.54005969062 -156.2808489768 0.02677955813   -2 
  48 0.02807607134 0.00090130438 -198.33658557 0.40657488590 1.15424588060 1.03409454785 1.04283079851 1.32446585856 1.06202003313 1.21337733342 0.82601037539 1.12404340729 0.90240216922 1.06879323942 1.00868568612 1.51124046383 1.03267845321 0.78229402195 0.99389620550 1.40941621322 0.80672198782 0.53935999779 -156.2745023292 0.02876608059   -2 
  49 0.02808587693 0.00090089436 -198.64782548 0.40647071827 1.15420806278 1.03415187343 1.04265790527 1.32394841361 1.06193826199 1.21357157573 0.82585330524 1.12373957185 0.90210817850 1.06839898135 1.00834872266 1.51059247007 1.03226348572 0.78222495403 0.99342681538 1.40871403940 0.80666852266 0.53924298453 -156.2730642965 0.03303596385   -2 
  50 0.02815912397 0.00090298293 -201.42717754 0.40544126004 1.15310724340 1.03698206025 1.04105616928 1.31929066617 1.06176930990 1.21619954236 0.82458483706 1.12025973811 0.90025697334 1.06478152523 1.00554192311 1.50557351967 1.02866388545 0.78155518499 0.98918350782 1.40377395527 0.80608630814 0.53843442331 -156.2619890897 0.02198548280   -2 
  51 0.02814984898 0.00090268474 -201.15349028 0.40516409062 1.15296954540 1.03647306310 1.04117700630 1.31995144108 1.06176476406 1.21581141518 0.82469463080 1.12041968446 0.90057263553 1.06509004275 1.00581893226 1.50617899456 1.02898468333 0.78157000296 0.98952174694 1.40444663034 0.80606973698 0.53852554458 -156.2606990373 0.01740446799   -2 
  52 0.02814693503 0.00090235759 -201.13089860 0.40513320239 1.15282068963 1.03627984061 1.04116469671 1.32012618264 1.06174379382 1.21567411430 0.82470459749 1.12036705852 0.90068616909 1.06512581701 1.00587008667 1.50633780993 1.02903165680 0.78154936708 0.98955464972 1.40465855637 0.80603517624 0.53854986002 -156.2603391767 0.01119423258   -2 
  53 0.02812697621 0.00090244183 -201.22380489 0.40479497845 1.15197545580 1.03520372040 1.04100936577 1.32127210960 1.06162959219 1.21483643529 0.82469663516 1.11955699636 0.90156962812 1.06510072546 1.00607033991 1.50732260148 1.02910410460 0.78130111255 0.98942198242 1.40615470973 0.80567406424 0.53870465436 -156.2590429830 0.01700896275   -2 
  54 0.02811406070 0.00090231426 -201.35549220 0.40481910641 1.15157718101 1.03464305814 1.04086363689 1.32180259768 1.06152977110 1.21432785549 0.82466530917 1.11900211045 0.90209707733 1.06503838996 1.00616011797 1.50787788466 1.02910814204 0.78112593818 0.98929206127 1.40707377789 0.80543499888 0.53880294575 -156.2583966384 0.01874523986   -2 
  55 0.02809225228 0.00090293436 -201.60320313 0.40485761170 1.15133961433 1.03401387767 1.04063452618 1.32245349542 1.06137048301 1.21357406358 0.82459853799 1.11808249861 0.90293047807 1.06490242106 1.00627753670 1.50872856298 1.02908029004 0.78082231535 0.98903611921 1.40857256837 0.80503679727 0.53897144268 -156.2574091670 0.01158065199   -2 
  56 0.02807450174 0.00090285752 -201.85493675 0.40489081426 1.15159549683 1.03398980131 1.04039213399 1.32231271432 1.06118415144 1.21311031542 0.82448455735 1.11737246634 0.90343100295 1.06471052423 1.00627754789 1.50917015031 1.02897429584 0.78054791393 0.98875512683 1.40962972223 0.80471326304 0.53911240628 -156.2567746805 0.02110381432   -2 
  57 0.02803710885 0.00090334338 -202.35471735 0.40464668056 1.15240275848 1.03424008182 1.03993911623 1.32177493249 1.06081057605 1.21226761962 0.82423424659 1.11594711141 0.90440047202 1.06429062545 1.00624540216 1.50999465814 1.02872519833 0.77996532694 0.98814209201 1.41178890685 0.80403652477 0.53941893859 -156.2555717560 0.01660858854   -2 
  58 0.02802340055 0.00090280592 -202.54585863 0.40435367101 1.15244571828 1.03447930124 1.03981809212 1.32126225906 1.06066347951 1.21210903614 0.82411016389 1.11553504420 0.90458947626 1.06410339375 1.00616903002 1.51009266466 1.02858623307 0.77974156668 0.98788646452 1.41243122294 0.80378312284 0.53954918765 -156.2546948800 0.01911672647   -2 
  59 0.02801232829 0.00090280344 -202.69387059 0.40399843870 1.15246808443 1.03475066826 1.03978557979 1.32079946345 1.06057066363 1.21207428592 0.82401029919 1.11527786626 0.90467703114 1.06395512999 1.00609155251 1.51010189807 1.02846552474 0.77956535233 0.98767822079 1.41289053148 0.80358374896 0.53966602189 -156.2541166669 0.00938539075   -2 
  60 0.02796601192 0.00090342638 -203.72170588 0.40358375308 1.15135141083 1.03589005673 1.04017458441 1.31820196990 1.06032609779 1.21294853861 0.82350674416 1.11519515344 0.90396259469 1.06328969842 1.00544354765 1.50892808329 1.02777289527 0.77888909561 0.98675195619 1.41370993452 0.80282837676 0.54031908783 -156.2521012293 0.01060286447   -2 
  61 0.02796236243 0.00090313919 -203.83395657 0.40350830093 1.15146495004 1.03554796901 1.04010245595 1.31821537740 1.06027697084 1.21298163574 0.82344823436 1.11526681042 0.90376418224 1.06321847307 1.00534150575 1.50866419971 1.02768457005 0.77885042124 0.98666618899 1.41356518847 0.80278758246 0.54040283513 -156.2517027302 0.01928593859   -2 
  62 0.02794826983 0.00090314752 -204.25120505 0.40294353396 1.15226606439 1.03399610198 1.03980717631 1.31857518703 1.06011076714 1.21311746341 0.82322959883 1.11564800140 0.90288840562 1.06295237298 1.00492064621 1.50752671250 1.02733088804 0.77872724689 0.98634010327 1.41283013148 0.80265861313 0.54076394037 -156.2502166922 0.01093326370   -2 
  63 0.02793968931 0.00090378244 -204.63126187 0.40301740135 1.15225035917 1.03333540251 1.03955570391 1.31899171468 1.05997939108 1.21305962570 0.82309067705 1.11591236594 0.90223430682 1.06277677419 1.00461999251 1.50669427791 1.02708740802 0.77868514720 0.98614908258 1.41212590990 0.80261843744 0.54104348686 -156.2493463255 0.01188197366   -2 
  64 0.02793763679 0.00090369898 -204.73548522 0.40303176358 1.15208549672 1.03325470433 1.03946974156 1.31906252167 1.05992686434 1.21300116854 0.82304916678 1.11595981259 0.90205706339 1.06272268558 1.00453383329 1.50646585271 1.02701760618 0.77867561331 0.98609926817 1.41190783471 0.80261172750 0.54112128384 -156.2491477441 0.01087709407   -2 
  65 0.02792302693 0.00090396390 -205.44343083 0.40238211355 1.15023292358 1.03356568404 1.03883012929 1.31943709703 1.05948324665 1.21233079727 0.82273236157 1.11621245119 0.90069301357 1.06228776287 1.00385260033 1.50470576449 1.02646499057 0.77862832866 0.98573941322 1.41002013117 0.80260651823 0.54177128327 -156.2478695277 0.00821828463   -2 
  66 0.02792538897 0.00090399098 -205.32766225 0.40250286423 1.15077292366 1.03353367015 1.03894408602 1.31924885982 1.05953939720 1.21240956414 0.82277852060 1.11611652879 0.90094531805 1.06234874274 1.00396461159 1.50502437843 1.02655285173 0.77863227794 0.98579975607 1.41032617530 0.80261614044 0.54166573240 -156.2477410825 0.00579616338   -2 
  67 0.02792510092 0.00090386764 -205.34788844 0.40252132934 1.15094200925 1.03356882435 1.03893275250 1.31907914522 1.05950082755 1.21234245819 0.82276103281 1.11604097985 0.90095331960 1.06232179714 1.00394757228 1.50502368812 1.02653482955 0.77862547917 0.98579227901 1.41027392402 0.80262662640 0.54168133031 -156.2476507872 0.00867123033   -2 
  68 0.02792374264 0.00090391897 -205.41805847 0.40246643096 1.15167935624 1.03376955629 1.03891701906 1.31841465912 1.05935697737 1.21207541000 0.82269383596 1.11573528092 0.90098504367 1.06221383807 1.00387685284 1.50502283240 1.02646055036 0.77860111396 0.98576388065 1.41004037823 0.80267539884 0.54175804060 -156.2473766085 0.00372468478   -2 
  69 0.02792029380 0.00090386265 -205.64613727 0.40224418005 1.15096842131 1.03402096270 1.03894387344 1.31767638536 1.05913384388 1.21160867562 0.82255545829 1.11514637399 0.90100822844 1.06198345320 1.00370926810 1.50498154669 1.02627810302 0.77856843166 0.98568689467 1.40940656942 0.80276556661 0.54199599004 -156.2470485570 0.01009912875   -2 
  70 0.02791866100 0.00090405087 -205.74385264 0.40214181604 1.15074176204 1.03410090814 1.03895169635 1.31741143934 1.05904591980 1.21142409912 0.82249782930 1.11490740318 0.90101547065 1.06188769444 1.00363791260 1.50496222478 1.02620066666 0.77855554790 0.98565354690 1.40913708891 0.80280579688 0.54210012769 -156.2469221806 0.00641881079   -2 
  71 0.02791173092 0.00090448082 -206.14708807 0.40211974959 1.15043012161 1.03394227422 1.03880791858 1.31681499301 1.05873471680 1.21085611978 0.82228108043 1.11417258573 0.90097975860 1.06155207798 1.00336997672 1.50481709223 1.02591825263 0.77850384280 0.98551443578 1.40821872176 0.80294038916 0.54245908140 -156.2465592408 0.00682410277   -2 
  72 0.02789291016 0.00090448207 -206.97225999 0.40145016205 1.15078166942 1.03274388268 1.03807429222 1.31625264707 1.05803055124 1.20981514345 0.82174769395 1.11282373705 0.90071532220 1.06078952462 1.00270466150 1.50424885357 1.02523791032 0.77835132950 0.98511901557 1.40623591378 0.80320945212 0.54325717792 -156.2457248420 0.01100916809   -2 
  73 0.02789059595 0.00090464862 -207.05800971 0.40136153035 1.15081038066 1.03265274341 1.03800213815 1.31623585724 1.05796762827 1.20973358309 0.82169336674 1.11271306576 0.90067779456 1.06071436229 1.00263460101 1.50417862572 1.02516685712 0.77833334104 0.98507431560 1.40604640906 0.80323509084 0.54334239223 -156.2456147593 0.00516743807   -2 
  74 0.02787927049 0.00090501235 -207.40738116 0.40133172391 1.15036633293 1.03265152260 1.03772753153 1.31648903508 1.05781873244 1.20971485126 0.82150704828 1.11267524232 0.90041172232 1.06049679374 1.00238030429 1.50377264958 1.02491887556 0.77823535028 0.98487509989 1.40564108226 0.80326789798 0.54361876325 -156.2453174201 0.00605401866   -2 
  75 0.02787375834 0.00090492078 -207.54721286 0.40125402192 1.15015741047 1.03267354631 1.03761133194 1.31658420248 1.05775863094 1.20973634536 0.82142532122 1.11271388343 0.90026972112 1.06040731318 1.00226815334 1.50356175894 1.02480980684 0.77818192841 0.98477776863 1.40551624944 0.80326993010 0.54373320804 -156.2452160617 0.00911814738   -2 
  76 0.02785990818 0.00090496442 -207.85426756 0.40092027648 1.14978125949 1.03277111080 1.03737104227 1.31680585851 1.05763523924 1.20982667594 0.82123724895 1.11286502747 0.89991341031 1.06020573404 1.00200582618 1.50303865596 1.02455350175 0.77804625207 0.98453968457 1.40527490144 0.80326777880 0.54400552843 -156.2449702701 0.00386381767   -2 
  77 0.02783576553 0.00090506050 -208.33548703 0.40056679959 1.15010864271 1.03277005021 1.03716605502 1.31670929256 1.05746184296 1.20995361842 0.82097296651 1.11321284925 0.89932176871 1.05992643114 1.00161866047 1.50217632558 1.02417807092 0.77779465588 0.98415663214 1.40514582174 0.80324021741 0.54441250778 -156.2447571497 0.00864914406   -2 
  78 0.02782737925 0.00090498815 -208.50797821 0.40049520761 1.15021502351 1.03274323879 1.03710657173 1.31663359461 1.05740029025 1.20998199130 0.82088514691 1.11332478952 0.89912222437 1.05983185808 1.00148834540 1.50188444456 1.02405197418 0.77770628982 0.98402585701 1.40511680173 0.80322895103 0.54455192285 -156.2446769861 0.00378869095   -2 
  79 0.02781985633 0.00090514657 -208.65565617 0.40048858991 1.15031644985 1.03266514876 1.03714198650 1.31644545682 1.05736578587 1.20996043418 0.82083616578 1.11339239672 0.89898506015 1.05976965783 1.00140410302 1.50168234538 1.02396684043 0.77762947174 0.98392536359 1.40516569239 0.80321715707 0.54467468074 -156.2446133779 0.00245985618   -2 
  80 0.02781537799 0.00090512554 -208.72763490 0.40046810164 1.15025046745 1.03255562486 1.03721956514 1.31621857474 1.05735243220 1.20988086632 0.82083248441 1.11337770181 0.89894648019 1.05974836315 1.00138402730 1.50162079090 1.02394086675 0.77758480229 0.98388150921 1.40526352467 0.80320574070 0.54474830485 -156.2445816060 0.00521583675   -2 
  81 0.02780463276 0.00090525833 -208.88229372 0.40035561557 1.15008853433 1.03229979217 1.03742565419 1.31566504754 1.05732895275 1.20967334376 0.82083645891 1.11332314700 0.89887542477 1.05970684924 1.00134970643 1.50150405531 1.02389138278 0.77748080116 0.98378530537 1.40552816107 0.80317879279 0.54492626268 -156.2445069768 0.00175135106   -2 
  82 0.02780109895 0.00090520844 -208.91685331 0.40029664550 1.15001653108 1.03225548610 1.03741142203 1.31554777703 1.05730212981 1.20956776517 0.82084283502 1.11324729540 0.89888219666 1.05969492017 1.00134321592 1.50150638692 1.02388931334 0.77745431124 0.98376335491 1.40564205973 0.80317117293 0.54498586677 -156.2444907128 0.00215443818   -2 
  83 0.02779921523 0.00090523650 -208.93176256 0.40026682030 1.14999532004 1.03224870373 1.03738597110 1.31551250136 1.05728507192 1.20950884017 0.82084741271 1.11319600987 0.89889319751 1.05968975087 1.00134292195 1.50151834839 1.02389190779 0.77744315737 0.98375513985 1.40570771072 0.80316850889 0.54501802210 -156.2444829443 0.00209759104   -2 
  84 0.02778498243 0.00090528308 -209.05250724 0.40020325002 1.14987327661 1.03224848064 1.03706195014 1.31538474493 1.05711993955 1.20904270037 0.82087553060 1.11273904588 0.89900696212 1.05964601079 1.00135716327 1.50165163314 1.02392369617 0.77737415613 0.98370926505 1.40621173843 0.80315464549 0.54526134024 -156.2444315305 0.00156179462   -2 
  85 0.02778363113 0.00090531895 -209.06212028 0.40020109423 1.14988304974 1.03224687025 1.03703828825 1.31539142391 1.05710504570 1.20901418691 0.82087495778 1.11270057020 0.89901670773 1.05964142723 1.00135830967 1.50166419918 1.02392689716 0.77737028084 0.98370710385 1.40625189207 0.80315565163 0.54528524286 -156.2444278903 0.00134147398   -2 
  86 0.02778119955 0.00090533267 -209.07915959 0.40021717830 1.14991627922 1.03223221296 1.03700511660 1.31542751781 1.05707681021 1.20898836239 0.82086619431 1.11263928976 0.89903002222 1.05963053532 1.00136003045 1.50168276207 1.02393133327 0.77736725442 0.98370620085 1.40630747601 0.80316081264 0.54532952266 -156.2444223599 0.00089497335   -2 
  87 0.02777702129 0.00090534405 -209.09129115 0.40020197491 1.14999210334 1.03219769392 1.03699520553 1.31554252283 1.05703696194 1.20901847815 0.82083519020 1.11256667741 0.89904282253 1.05960927490 1.00136015144 1.50170648996 1.02393835762 0.77737322893 0.98371813955 1.40636209119 0.80317980217 0.54541171005 -156.2444150238 0.00199471136   -2 
  88 0.02777354141 0.00090530530 -209.10158779 0.40019496763 1.15003698333 1.03216844511 1.03699090949 1.31563382770 1.05700513892 1.20904960788 0.82080754884 1.11251122345 0.89905140456 1.05959112552 1.00135890913 1.50172370543 1.02394365440 0.77737924912 0.98372915201 1.40640199538 0.80319679664 0.54548143297 -156.2444091885 0.00090566853   -2 
  89 0.02776740981 0.00090528737 -209.10859061 0.40016246340 1.14999664888 1.03216880261 1.03703764131 1.31574592521 1.05698528382 1.20915402700 0.82075897001 1.11247123348 0.89905813418 1.05956829691 1.00136183545 1.50174685406 1.02395588238 0.77740068811 0.98376113141 1.40644258003 0.80323955048 0.54561795015 -156.2444005039 0.00155744825   -2 
  90 0.02776423099 0.00090525841 -209.11410439 0.40016222039 1.14996409530 1.03217400520 1.03706327740 1.31578444132 1.05698024985 1.20920826888 0.82073490547 1.11245966086 0.89905977135 1.05955809460 1.00136288996 1.50175622127 1.02396238613 0.77741314198 0.98377934632 1.40645903303 0.80326425779 0.54569138459 -156.2443961730 0.00154154504   -2 
  91 0.02775571476 0.00090529392 -209.12707289 0.40017321430 1.14989458268 1.03221192744 1.03713879388 1.31583971813 1.05698711167 1.20935278552 0.82067828544 1.11245747105 0.89906208328 1.05953899150 1.00136991605 1.50177873068 1.02398290331 0.77745129727 0.98383425967 1.40649508498 0.80333920759 0.54589659048 -156.2443839051 0.00103848717   -2 
  92 0.02774898711 0.00090529974 -209.13583970 0.40018414389 1.14986397675 1.03224085252 1.03718616959 1.31584580909 1.05699987829 1.20945192847 0.82063933140 1.11246927326 0.89906181577 1.05952803956 1.00137393314 1.50179213340 1.02399976350 0.77748352127 0.98387932042 1.40651873684 0.80340428250 0.54606487831 -156.2443801585 0.00140041854   -2 
  93 0.02772000398 0.00090525482 -209.14259549 0.40014475074 1.15000179986 1.03233511479 1.03727083429 1.31560294863 1.05710918355 1.20972696604 0.82053028206 1.11262290821 0.89904953299 1.05951978907 1.00141701226 1.50182020225 1.02407867374 0.77764087888 0.98408835981 1.40659226916 0.80373597223 0.54684496970 -156.2443433070 0.00327482153   -2 
  94 0.02771273748 0.00090519723 -209.14576064 0.40014649486 1.15002942839 1.03234882661 1.03727995281 1.31553835663 1.05713530681 1.20977901288 0.82050812979 1.11266365989 0.89904618296 1.05952004562 1.00142748192 1.50182542170 1.02409857526 0.77768173192 0.98414107133 1.40661059895 0.80382273592 0.54704535948 -156.2443326056 0.00139019231   -2 
  95 0.02767244235 0.00090520362 -209.14299193 0.40017998722 1.15016097261 1.03226975484 1.03709630916 1.31529035707 1.05728634202 1.20964826441 0.82056654859 1.11297156702 0.89905258436 1.05961988320 1.00154105344 1.50186047726 1.02423534955 0.77796145684 0.98446199896 1.40675539701 0.80441514027 0.54829494592 -156.2442805167 0.00215789862   -2 
  96 0.02765489068 0.00090520636 -209.12929912 0.40014476606 1.15011395320 1.03223480195 1.03702006002 1.31526142645 1.05732837771 1.20953564789 0.82062213236 1.11308949103 0.89906205870 1.05967610210 1.00159592914 1.50188254813 1.02429727712 0.77809230324 0.98460349555 1.40683711364 0.80469477673 0.54886890279 -156.2442577398 0.00372841728   -2 
  97 0.02763820420 0.00090512001 -209.11854106 0.40012769574 1.15002553190 1.03219657600 1.03694888448 1.31525533574 1.05735345535 1.20941131632 0.82068173786 1.11318879949 0.89907168075 1.05973056508 1.00164610265 1.50190344986 1.02435483256 0.77821835527 0.98473608665 1.40692032830 0.80496718178 0.54942397406 -156.2442366492 0.00175289987   -2 
  98 0.02764021232 0.00090518472 -209.12001733 0.40014735529 1.15000715997  1.0322168192 1.03698621663 1.31532062470 1.05731990678 1.20941002221 0.82068993793 1.11314401814 0.89907548540 1.05972765176 1.00163667031 1.50190874863 1.02434654729 0.77820698306 0.98471569969 1.40692965814 0.80495007225 0.54937573755 -156.2442258132 0.00230169929   -2 
  99 0.02764210013 0.00090518549 -209.12240136 0.40017515175 1.14997318547 1.03223309399 1.03702450370 1.31539460578 1.05727652663 1.20940056547 0.82070146120 1.11308970141 0.89907949949 1.05972481695 1.00162536326 1.50191411820 1.02433750752 0.77819691294 0.98469405182 1.40694327798 0.80493902725 0.54933676426 -156.2442169785 0.00134364730   -2 
 100 0.02764678522 0.00090516947 -209.10757122 0.40015939237 1.14989652011 1.03227342546 1.03713651485 1.31563294696 1.05713401843 1.20934969169 0.82075432818 1.11291063222 0.89909644092 1.05972491593 1.00159148757 1.50193796975 1.02431346034 0.77817713063 0.98463434088 1.40700555345 0.80494036765 0.54927439750 -156.2442003775 0.00089563155   -2 
 101 0.02764639460 0.00090515846 -209.10854212 0.40016288865 1.14991452314 1.03226570975 1.03712170283 1.31560506496 1.05714710545 1.20935227540 0.82075135495 1.11292443920 0.89909532608 1.05972561997 1.00159437011 1.50193643860 1.02431550733 0.77817881568 0.98463833507 1.40700215262 0.80494303876 0.54928268841 -156.2441993213 0.00074642700   -2 
 102 0.02764605430 0.00090516304 -209.10590128 0.40016137139 1.14997534286 1.03224998429 1.03709418663 1.31555844914 1.05716474507 1.20935110314 0.82075507175 1.11293392952 0.89909647044 1.05973012243 1.00159580606 1.50193863215 1.02431822463 0.77818094551 0.98463923118 1.40700708091 0.80495577563 0.54930140521 -156.2441972946 0.00061267905   -2 
 103 0.02764611781 0.00090515064 -209.10471241 0.40016305057 1.14998327507  1.0322463385 1.03708938690 1.31555239649 1.05716483679 1.20934802911 0.82075908338 1.11292929630 0.89909770296 1.05973197018 1.00159465755 1.50194060801 1.02431824037 0.77818105513 0.98463693343 1.40701225337 0.80496136893 0.54930701971 -156.2441966743 0.00060358746   -2 
 104 0.02764737349 0.00090513417 -209.08421382 0.40015905030 1.15004322894 1.03223008375 1.03706344509 1.31553142187 1.05715394986 1.20931341746 0.82081526835 1.11285819956 0.89911696394 1.05975726369 1.00158118403 1.50197183331 1.02431867174 0.77818177519 0.98460277164 1.40708471984 0.80502918988 0.54936866949 -156.2441922913 0.00079886763   -2 
 105 0.02764863983 0.00090512280 -209.06835462 0.40018100227 1.15004232120 1.03222787008 1.03705630211 1.31553300987 1.05714173966 1.20928584569 0.82086832260 1.11279114050 0.89913611501 1.05978213124 1.00156983423 1.50200330477 1.02431918718 0.77818233542 0.98456921077 1.40715661417 0.80509512441 0.54942842337 -156.2441885814 0.00151300259   -2 
 106 0.02764995499 0.00090514949 -209.05019273 0.40019806659 1.15003324210 1.03223261353 1.03705651785 1.31554323874 1.05713107703 1.20926155350 0.82092329607 1.11272433822 0.89915675366 1.05980889873 1.00155821640 1.50203751241 1.02432054044 0.77818319640 0.98453438854 1.40723257072 0.80516451976 0.54949147772 -156.2441847997 0.00059115198   -2 
 107 0.02765088793 0.00090514055 -209.03119054 0.40020304663 1.14996124821 1.03225254783 1.03708396750 1.31557823094 1.05712787374 1.20926087800 0.82095840690 1.11268830157 0.89917263968 1.05983034339 1.00155213040 1.50206473931 1.02432199305 0.77818345356 0.98450665625 1.40729301189 0.80522391769 0.54954828452 -156.2441819780 0.00032652140   -2 
 108 0.02765034251 0.00090514415 -209.01904078 0.40020736429 1.14997879441 1.03226727389 1.03713555664 1.31562477865 1.05714762505 1.20931192097 0.82093309794 1.11274138140 0.89917155880 1.05983143603 1.00155849012 1.50206529762 1.02432600855 0.77818170328 0.98450029874 1.40729366359 0.80524518952 0.54957537487 -156.2441798713 0.00134276836   -2 
 109 0.02764938131 0.00090510979 -209.00012636 0.40022316124 1.15000339396 1.03228913885 1.03721789350 1.31569926626 1.05718008269 1.20939684985 0.82088908056 1.11283178205 0.89916913773 1.05983250758 1.00156892642 1.50206510452 1.02433279815 0.77817857324 0.98448967826 1.40729304923 0.80528035312 0.54962092415 -156.2441764233 0.00025149981   -2 
 110 0.02764854814 0.00090510271 -208.98630664 0.40022639695 1.15002565427 1.03230699837 1.03714167933 1.31566052727 1.05720210877 1.20940063749 0.82089479954 1.11286842339 0.89918208055 1.05984491706 1.00155955319 1.50208466087 1.02435331705 0.77818402704 0.98450641854 1.40729473898 0.80529291974 0.54964528134 -156.2441747152 0.00027245247   -2 
 111 0.02764835389 0.00090510028 -208.98416204 0.40023132529 1.15002100878 1.03230708313 1.03713444894 1.31565631683 1.05720497665 1.20940014678 0.82089686598 1.11287377646 0.89918486157 1.05984738631 1.00156190524 1.50208889478 1.02435761920 0.77818566888 0.98451052127 1.40729547161 0.80529535845 0.54965069567 -156.2441744919 0.00042404269   -2 
 112 0.02764787444 0.00090511387 -208.97820856 0.40023941544 1.15000845601 1.03230676499 1.03712523972 1.31565076977 1.05721125762 1.20939901531 0.82090263093 1.11288546889 0.89919182040 1.05985362551 1.00156808510 1.50209965494 1.02436797731 0.77819014504 0.98452099462 1.40729791286 0.80530127307 0.54966410695 -156.2441739615 0.00030503739   -2 
 113 0.02764674893 0.00090510721 -208.96338853 0.40024982840 1.14997579342 1.03229744275 1.03712263130 1.31564573124 1.05721918118 1.20939381561 0.82091550382 1.11290511764 0.89920625376 1.05986633321 1.00158662335 1.50212203662 1.02438923114 0.77820084254 0.98454413656 1.40730361515 0.80531453255 0.54969526649 -156.2441731892 0.00060778966   -2 
 114 0.02764578645 0.00090511171 -208.94984599 0.40025336894 1.14995665881 1.03229037180 1.03712486282 1.31564440136 1.05722496547 1.20938995447 0.82092624533 1.11292025896 0.89921813144 1.05987678844 1.00160250335 1.50214062300 1.02440687944 0.77821011901 0.98456378545 1.40730894300 0.80532598960 0.54972192990 -156.2441725422 0.00041723869   -2 
 115 0.02764366056 0.00090509212 -208.92084139 0.40026179082 1.14994399488 1.03227547792 1.03713901023 1.31564643512 1.05723140377 1.20938164496 0.82094706923 1.11294565788 0.89924107003 1.05989692165 1.00163969535 1.50217691048 1.02444232869 0.77823033328 0.98460516270 1.40732128499 0.80535165435 0.54978054274 -156.2441716321 0.00049009874   -2 
 116 0.02763857898 0.00090506034 -208.85616967 0.40029836801 1.14999972185 1.03226089946 1.03718771592 1.31566842002 1.05723736230 1.20937105668 0.82098945362 1.11298942172 0.89928831890 1.05993931821 1.00172864205 1.50225392860 1.02451909942 0.77827881200 0.98469980754 1.40735660139 0.80541618592 0.54992147112 -156.2441691451 0.00049325386   -2 
 117 0.02763893518 0.00090507603 -208.86176834 0.40029927425 1.15000590656 1.03227758888 1.03718559175 1.31567519064 1.05723777502 1.20937999260 0.82098411390 1.11298218013 0.89928285494 1.05993541115 1.00171890547 1.50224653096 1.02451147664 0.77827616442 0.98469203894 1.40735863615 0.80541351663 0.54991330410 -156.2441683944 0.00068851355   -2 
 118 0.02763933843 0.00090507607 -208.86914551 0.40030423558 1.15001359481 1.03230191366 1.03718301652 1.31568561661 1.05723784018 1.20939349022 0.82097648275 1.11297123574 0.89927518707 1.05993014477 1.00170579161 1.50223648137 1.02450139283 0.77827345522 0.98468225906 1.40736296930 0.80541133246 0.54990503266 -156.2441675391 0.00034451923   -2 
 119 0.02763978656 0.00090505976 -208.87530476 0.40029441264 1.15003179724 1.03234544757 1.03718553055 1.31571174899 1.05723968570 1.20942404911 0.82096380844 1.11295096830 0.89926262389 1.05992294981 1.00168785526 1.50222158014 1.02448600883 0.77827238852 0.98466978583 1.40737742778 0.80541319286 0.54990091272 -156.2441665388 0.00027404805   -2 
 120 0.02763980420 0.00090506267 -208.87544707 0.40029333062 1.15003325346 1.03234677224 1.03718689765 1.31571397936 1.05724031730 1.20942663382 0.82096323038 1.11294989024 0.89926200843 1.05992281434 1.00168706233 1.50222103198 1.02448511438 0.77827264308 0.98466934909 1.40737906485 0.80541380437 0.54990140079 -156.2441664657 0.00015899442   -2 
 121 0.02763987367 0.00090506012 -208.87838581 0.40029489374 1.15003936312 1.03233056951 1.03721772780 1.31574576637 1.05725462247 1.20946783621 0.82095722773 1.11293564677 0.89925476781 1.05992433978 1.00168126456 1.50221690201 1.02447446882 0.77828059442 0.98466617462 1.40741177811 0.80543039441 0.54992017538 -156.2441659070 0.00015422403   -2 
 122 0.02763986623 0.00090506133 -208.87824359 0.40029346725 1.15003978474 1.03233059305 1.03721932432 1.31574717160 1.05725605860 1.20947085068 0.82095708236 1.11293497968 0.89925441970 1.05992494286 1.00168154116 1.50221694344 1.02447366653 0.77828162299 0.98466647319 1.40741564692 0.80543254094 0.54992285939 -156.2441658605 0.00018232520   -2 
 123 0.02763980609 0.00090505304 -208.87780476 0.40028968031 1.15003836315 1.03233257680 1.03722162041 1.31574816115 1.05726085383 1.20947943901 0.82095709762 1.11293338707 0.89925353471 1.05992768843 1.00168247338 1.50221745504 1.02447048261 0.77828587931 0.98466748000 1.40743128353 0.80544165879 0.54993471640 -156.2441657137 0.00016702091   -2 
 124 0.02763936728 0.00090505561 -208.87844640 0.40029735955 1.15004213273 1.03235263764 1.03721656576 1.31573801275 1.05727565170 1.20949554564 0.82096147074 1.11293583599 0.89925457916 1.05994058001 1.00167704126 1.50222360522 1.02446253878 0.77830296938 0.98467407655 1.40748944924 0.80547838691 0.54998437881 -156.2441651047 0.00028588565   -2 
 125 0.02763928219 0.00090505853 -208.87794856 0.40029587799 1.15004347540 1.03235437387 1.03721606922 1.31573717502 1.05727713042 1.20949653906 0.82096236169 1.11293676264 0.89925509299 1.05994240779 1.00167740108 1.50222476212 1.02446186377 0.77830531848 0.98467498895 1.40749669811 0.80548344931 0.54999153174 -156.2441649880 0.00026051520   -2 
 126 0.02763890518 0.00090504676 -208.87583327 0.40028996838 1.15004559726 1.03235434413 1.03721341918 1.31573448160 1.05727907865 1.20949497055 0.82096573511 1.11294106127 0.89925751300 1.05994817871 1.00167946267 1.50222885321 1.02446079376 0.77831308949 0.98467822262 1.40751823040 0.80550071487 0.55001697538 -156.2441646556 0.00019949603   -2 
 127 0.02763878394 0.00090504499 -208.87592956 0.40029260640 1.15004557617 1.03235198267 1.03721355385 1.31573533206 1.05727815116 1.20949275479 0.82096649780 1.11294237663 0.89925836820 1.05994886677 1.00167974298 1.50222982180 1.02446147798 0.77831422238 0.98467901913 1.40751972528 0.80550331321 0.55002155122 -156.2441645492 0.00029444959   -2 
 128 0.02763847343 0.00090505320 -208.87570092 0.40029717317 1.15004744594 1.03234681517 1.03721493359 1.31573889347 1.05727576025 1.20948717818 0.82096853733 1.11294599143 0.89926073467 1.05995033105 1.00168166696 1.50223254368 1.02446376728 0.77831671288 0.98468122773 1.40752185417 0.80550914829 0.55003208364 -156.2441643234 0.00016184006   -2 
 129 0.02763814193 0.00090505741 -208.87455968 0.40029697343 1.15004743115 1.03234218809 1.03721660589 1.31574254650 1.05727271359 1.20948131585 0.82097036325 1.11294946138 0.89926306870 1.05995137296 1.00168080582 1.50223512204 1.02446633755 0.77831868230 0.98468310419 1.40752167629 0.80551403139 0.55004184786 -156.2441642147 0.00035611095   -2 
 130 0.02763593894 0.00090504906 -208.86745923 0.40029706466 1.15004024562 1.03231090953 1.03722554006 1.31576335465 1.05725153294 1.20944217862 0.82098135944 1.11297070875 0.89927765841 1.05995667341 1.00167547787 1.50225086719 1.02448336130 0.77833075825 0.98469456675 1.40751752197 0.80554503039 0.55010498487 -156.2441635066 0.00018774386   -2 
 131 0.02763561096 0.00090504427 -208.86725001 0.40030001501 1.15003906006 1.03232982135 1.03722150708 1.31575442808 1.05725444824 1.20944797488 0.82098045888 1.11296847283 0.89927722398 1.05995570817 1.00168119881 1.50225126646 1.02448594295 0.77833123588 0.98469560661 1.40751642818 0.80554768859 0.55011260416 -156.2441632391 0.00045823593   -2 
 132 0.02763516814 0.00090504945 -208.86637316 0.40030092672 1.15004002342 1.03235599771 1.03721664013 1.31574301865 1.05725932894 1.20945715507 0.82097929500 1.11296548081 0.89927666673 1.05995458355 1.00168955722 1.50225206516 1.02448950655 0.77833192479 0.98469669980 1.40751515415 0.80555133346 0.55012281811 -156.2441628829 0.00013542151   -2 
 133 0.02763472405 0.00090504360 -208.86493851 0.40029820073 1.15004254856 1.03236783753 1.03721366730 1.31573491456 1.05726498468 1.20946819993 0.82097771362 1.11296171770 0.89927564935 1.05995318143 1.00169809526 1.50225259587 1.02449260884 0.77833260564 0.98469694557 1.40751366254 0.80555493932 0.55013322385 -156.2441627557 0.00013086792   -2 
 134 0.02763480762 0.00090504470 -208.86542654 0.40029987436 1.15004284411 1.03235998972 1.03721556946 1.31573866450 1.05726396510 1.20946606189 0.82097804180 1.11296261193 0.89927584447 1.05995364879 1.00169482100 1.50225257514 1.02449192238 0.77833260064 0.98469685604 1.40751405707 0.80555443172 0.55013140535 -156.2441627154 0.00013123242   -2 
 135 0.02763482685 0.00090504718 -208.86550298 0.40030008201 1.15004376747 1.03235431309 1.03721689486 1.31574128888 1.05726385479 1.20946565447 0.82097817141 1.11296303456 0.89927593230 1.05995393332 1.00169313725 1.50225268462 1.02449183890 0.77833271515 0.98469696147 1.40751428377 0.80555443546 0.55013111992 -156.2441626896 0.00009781007    0 
-- Found new optimum with likelihood -156.244162689691279 and gradient 0.00010

---- Best joint likelihood found -156.244162689691279 with gradient 0.00010

---- Results for /scratch/38995936/tmpzrzs__c4 
--  Model: C
--        eps_an     theta_bar             a 
-- 0.02763482685 0.00090504718            -1 
--           S_d             b           p_b           S_b 
-- -208.86550298 0.40030008201             0             1 
--           r 2           r 3           r 4           r 5           r 6           r 7           r 8           r 9          r 10          r 11          r 12          r 13          r 14          r 15          r 16          r 17          r 18          r 19 
-- 1.15004376747 1.03235431309 1.03721689486 1.31574128888 1.05726385479 1.20946565447 0.82097817141 1.11296303456 0.89927593230 1.05995393332 1.00169313725 1.50225268462 1.02449183890 0.77833271515 0.98469696147 1.40751428377 0.80555443546 0.55013111992 

---- Expected P_neut(i), 0 < i < n (neutral SFS per site) 
E[P_neut(1)] = 0.0008807605
E[P_neut(2)] = 0.0005071595
E[P_neut(3)] = 0.0003049072
E[P_neut(4)] = 0.0002297364
E[P_neut(5)] = 0.0002328778
E[P_neut(6)] = 0.0001569020
E[P_neut(7)] = 0.0001549436
E[P_neut(8)] = 0.0000923991
E[P_neut(9)] = 0.0001112376
E[P_neut(10)] = 0.0000813887
E[P_neut(11)] = 0.0000878927
E[P_neut(12)] = 0.0000760272
E[P_neut(13)] = 0.0001060165
E[P_neut(14)] = 0.0000688065
E[P_neut(15)] = 0.0000522456
E[P_neut(16)] = 0.0000606460
E[P_neut(17)] = 0.0000814693
E[P_neut(18)] = 0.0000537661
E[P_neut(19)] = 0.0000504916

---- Expected P_sel(i), 0 < i < n (selected SFS per site) 
E[P_sel(1)] = 0.0003201539
E[P_sel(2)] = 0.0001262440
E[P_sel(3)] = 0.0000625306
E[P_sel(4)] = 0.0000416967
E[P_sel(5)] = 0.0000387002
E[P_sel(6)] = 0.0000242977
E[P_sel(7)] = 0.0000226589
E[P_sel(8)] = 0.0000128902
E[P_sel(9)] = 0.0000149130
E[P_sel(10)] = 0.0000105372
E[P_sel(11)] = 0.0000110439
E[P_sel(12)] = 0.0000093009
E[P_sel(13)] = 0.0000126870
E[P_sel(14)] = 0.0000081322
E[P_sel(15)] = 0.0000062583
E[P_sel(16)] = 0.0000071756
E[P_sel(17)] = 0.0000096788
E[P_sel(18)] = 0.0000077805
E[P_sel(19)] = 0.0000117644

---- alpha_dfe = 0.000000

