---- Running command
---- ./polyDFE -d /scratch/38995599/tmpqvk4s1pd -m C -i /scratch/38995599/tmpxw8lgp5_ 1 -v 1 
---- Performing inference using model C

---- Performing inference on /scratch/38995599/tmpqvk4s1pd
----      with -i /scratch/38995599/tmpxw8lgp5_ 1
---- Data /scratch/38995599/tmpqvk4s1pd does not contain divergence counts. Using option -w.
---- No mutation variability. Using Poisson likelihood.


---- Using provided initial values

-- Starting local optimization
-- Optimizing all parameters
  it     theta_bar           S_d             b           r 2           r 3           r 4           r 5           r 6           r 7           r 8           r 9          r 10          r 11          r 12          r 13          r 14          r 15          r 16          r 17          r 18          r 19           ln lk          grad status 
   0  0.0008889703 -275.47030000     0.3631272      1.108895      1.085894       1.17146       1.22055     0.9183284      1.078414     0.8619392      1.201028      1.044525     0.9376269     0.9625282      1.367893       1.02253       1.02738     0.9952897      1.232454      1.175055      1.245369 -163.1571320085 0.95191377396   -2 
   1 0.00092424310 -278.32175831 0.37743557632 1.11421132057 1.08068594926 1.17330104057 1.21991668153 0.91173235179 1.07610823466 0.85904111828 1.20540927559 1.06210688521 0.94541863479 0.96782454606 1.37200802681 1.03086783454 1.02682446064 0.99528991905 1.23309123011 1.17137009614 1.25179830673 -160.0861794931 0.88524226178   -2 
   2 0.00092084947 -279.75020064 0.38426231349 1.11324149014 1.07627707057 1.17273484122 1.21832986137 0.90753945973 1.07415337921 0.85702979812 1.20718737412 1.07155538257 0.94947744943 0.97049128847 1.37376409553 1.03529207825 1.02622053010 0.99503362738 1.23310110146 1.16897916977 1.25513764046 -159.2651345161 0.44340309809   -2 
   3 0.00091389356 -275.35020326 0.37839781950 1.10059484671 1.01631048755 1.16902741344 1.19689165240 0.83876755322 1.04292927517 0.82294277050 1.24233977413 1.25918010632 1.02853088514 1.02231100309 1.40841946854 1.12173782169 1.01608183645 0.99116898360 1.23448710284 1.12606175440 1.31999595672 -154.1342375235 0.27001421002   -2 
   4 0.00092012975 -275.05825646 0.37911847590 1.10299176219 1.02195597255 1.16911363318 1.19733434721 0.83742042626 1.04224420911 0.82150571894 1.24348781336 1.26750228475 1.03285514668 1.02530989677 1.41015932643 1.12715570872 1.01542760756 0.99090884599 1.23457804992 1.12318629562 1.32444063695 -153.9655684512 0.36229803639   -2 
   5 0.00092018394 -274.98854052 0.38538378902 1.10890649542 1.04395091009 1.16816421485 1.19885074519 0.83505907011 1.04052737844 0.81731826468 1.24545949601 1.28894277203 1.04508622139 1.03390061678 1.41456184571 1.14333664165 1.01314766690 0.98986240192 1.23453586204 1.11397325382 1.33803371529 -153.5430840191 0.22978046058   -2 
   6 0.00090794874 -271.74583783 0.38211461393 1.11641861896 1.07547950598 1.16930042037 1.20428596652 0.83724355731 1.04117399653 0.81361619298 1.24679337397 1.30883080223 1.05967749421 1.04472693117 1.41989530355 1.16440248627 1.01040609193 0.98868847142 1.23479825831 1.10181051456 1.35678122679 -153.1381519564 0.12407784466   -2 
   7 0.00090951679 -271.09074178 0.38182053292 1.11793069273 1.07689860140 1.17105652755 1.20630138090 0.83897592846 1.04238305167 0.81386929480 1.24725468648 1.30976696696 1.06144971030 1.04627745109 1.42092883961 1.16732307974 1.01033345459 0.98878685614 1.23519698349 1.10036732890 1.35975742718 -153.1051629068 0.17462689160   -2 
   8 0.00090034930 -262.42591692 0.38820324702 1.13585392983 1.08198515958 1.20221098923 1.24087402868 0.87179882972 1.06513076729 0.82052967955 1.25452021429 1.31547676140 1.08786843942 1.07059120527 1.43759919933 1.21359608844 1.01004259619 0.99106111018 1.24252750838 1.07823407495 1.40868489108 -152.6606795657 0.10095674342   -2 
   9 0.00089464913 -259.47804403 0.38690461104 1.13341726871 1.08130346748 1.20344117838 1.24293932564 0.87613351034 1.06952115400 0.82365046425 1.25789366193 1.31528288576 1.09113403460 1.07435353049 1.44163101465 1.21972969592 1.01162085179 0.99277318383 1.24536312466 1.07682346824 1.41671980366 -152.5995070874 0.13095984940   -2 
  10 0.00089684655 -259.01551136 0.38694123215 1.13328868329 1.08140761692 1.20309614281 1.24263696456 0.87630677282 1.07003777711 0.82430854846 1.25864758610 1.31522076741 1.09127904414 1.07468306346 1.44228789858 1.22002503230 1.01209907388 0.99320855823 1.24596188729 1.07714545485 1.41745211321 -152.5779458992 0.10747011337   -2 
  11 0.00090008384 -256.99933427 0.39082849692 1.13093936740 1.08109514686 1.19907165985 1.23886795703 0.87598860071 1.07224294921 0.82823014768 1.26298479563 1.31435128775 1.09118512826 1.07590961713 1.44581446782 1.22031732949 1.01517693828 0.99593910058 1.24957529968 1.07986123486 1.42063123552 -152.5075434823 0.09891004919   -2 
  12 0.00089586936 -253.01434905 0.39198361704 1.12806708401 1.08008389905 1.19352777789 1.23326495017 0.87467068867 1.07451454475 0.83358238332 1.26865868769 1.31289699734 1.09041755996 1.07712115098 1.45042082972 1.21972142118 1.01973114212 0.99995208695 1.25475506033 1.08433380591 1.42433120813 -152.4357601224 0.23586264475   -2 
  13 0.00089580639 -247.27874434 0.39203164546 1.12578017602 1.07931302843 1.18707936297 1.22647467537 0.87299096937 1.07761775978 0.84086714507 1.27638567153 1.31116680953 1.08944438085 1.07880305419 1.45675282642 1.21890563860 1.02603450121 1.00551497923 1.26190523517 1.09060138428 1.42934524800 -152.3431001533 0.08218957448   -2 
  14 0.00089884144 -244.20539327 0.39598410442 1.13070140861 1.08001975780 1.19011259048 1.22777171748 0.87230005326 1.07801885859 0.84349969636 1.27866539925 1.31103918661 1.08892082829 1.07942384818 1.45942236290 1.21808975757 1.02955092059 1.00869738167 1.26577556277 1.09464152602 1.43152317616 -152.2851748604 0.12213604586   -2 
  15 0.00089658555 -243.32228422 0.39685468986 1.13156754071 1.08018734856 1.19143205047 1.22863958043 0.87217454359 1.07792925653 0.84391668688 1.27890865095 1.31111257123 1.08879869806 1.07952849745 1.45993143494 1.21784791441 1.03040217243 1.00948286125 1.26669573702 1.09569985141 1.43197128261 -152.2643790475 0.11190856829   -2 
  16 0.00089035041 -237.34154160 0.39647982262 1.13661199856 1.08281669455 1.20174978747 1.23656843114 0.87238355700 1.07742522617 0.84537564712 1.27947376611 1.31267162820 1.08870281418 1.08026640961 1.46245969312 1.21691078331 1.03491904328 1.01371840781 1.27155369907 1.10159385777 1.43425470558 -152.1730721268 0.09884442706   -2 
  17 0.00089206377 -235.74438079 0.39728753147 1.13752380453 1.08418751234 1.20470985017 1.23936842336 0.87290858715 1.07759868034 0.84566870459 1.27970241047 1.31366266135 1.08903352772 1.08067935393 1.46329824979 1.21696490617 1.03621561478 1.01496081305 1.27296481869 1.10334323398 1.43500497081 -152.1497855928 0.14137415881   -2 
  18 0.00089226951 -231.24026405 0.40259413912 1.13814835028 1.08832200098 1.21294682765 1.24803757593 0.87493489192 1.07832707300 0.84630227360 1.28028542510 1.31721990740 1.09039028431 1.08210834066 1.46587377478 1.21742946312 1.04018829437 1.01881092769 1.27729579893 1.10882404027 1.43736326930 -152.0804362540 0.07493367848   -2 
  19 0.00088887672 -228.96504574 0.40339139201 1.13698955582 1.08960767749 1.21410332662 1.25070601535 0.87641450061 1.07929831588 0.84648476544 1.28087364795 1.31944197236 1.09158643839 1.08308825437 1.46718517298 1.21826841848 1.04179586125 1.02042314504 1.27909025440 1.11112274669 1.43856707282 -152.0562434372 0.14720634424   -2 
  20 0.00088630425 -223.72163937 0.40367792845 1.13527040059 1.09263417866 1.21594333775 1.25625892956 0.88007562761 1.08195558935 0.84699177382 1.28258102051 1.32480362394 1.09463215557 1.08553648909 1.47035156750 1.22055334932 1.04534855079 1.02400592815 1.28309236749 1.11619581970 1.44142728115 -152.0048257338 0.08060257674   -2 
  21 0.00088860010 -218.12599458 0.40808647035 1.13738616886 1.09477591543 1.21474452180 1.25966078118 0.88513236540 1.08651539369 0.84798932705 1.28595764040 1.33217486159 1.09950596749 1.08937054569 1.47494446025 1.22477865804 1.04950026230 1.02828769242 1.28791633050  1.1221260833 1.44557088659 -151.9474610742 0.19099681446   -2 
  22 0.00088658107 -213.21261125 0.41302043434 1.13910467207 1.09613774012 1.21313748017 1.26204953972 0.88970423532 1.09074434123 0.84893130012 1.28915094390 1.33892571272 1.10409032517 1.09297497313 1.47920349237 1.22883177690 1.05327521454 1.03220283782 1.29232229820 1.12754081925 1.44945570903 -151.8967519601 0.08093758574   -2 
  23 0.00088137846 -208.44666223 0.41399537030 1.14160276501 1.09623443143 1.21238319442 1.26184857744 0.89310103681 1.09470417195 0.85032854403 1.29284604714 1.34444038190 1.10853537425 1.09659401016 1.48338945934 1.23325314860 1.05637734096 1.03548230187 1.29607471036 1.13189296176 1.45337575794 -151.8549156415 0.10794360357   -2 
  24 0.00088162916 -207.18038299 0.41400832836 1.14253345184 1.09639588686 1.21259190692 1.26172302299 0.89391433932 1.09579707398 0.85082113598 1.29398889249 1.34584014561 1.10976994517 1.09762887014 1.48459776349 1.23455255464 1.05718386428 1.03633831462 1.29707235297 1.13298926133 1.45451106203 -151.8440437404 0.04201029349   -2 
  25 0.00088285517 -205.59771447 0.41632465075 1.14376580441 1.09686601796 1.21577668224 1.26031123930 0.89410892336 1.09754837702 0.85255196021 1.29695679103 1.34722146483 1.11211022722 1.09985900340 1.48722267197 1.23769714480 1.05829153537 1.03757034805 1.29864570097 1.13423360330 1.45715338382 -151.8285796463 0.05771628663   -2 
  26 0.00088201891 -205.17909535 0.41692413013 1.14380938208 1.09697053075 1.21676331654 1.25987824599 0.89402901197 1.09797353909 0.85310067231 1.29782495588 1.34746754623 1.11274939158 1.10050011770 1.48797455260 1.23863464884 1.05856046308 1.03787783384 1.29905498789 1.13450036066 1.45794302271 -151.8245995524 0.04348945356   -2 
  27 0.00087971420 -203.22652539 0.41690037064 1.14361700889 1.09803384292 1.22159369413 1.25870935054 0.89323663080 1.09956500549 0.85579079075 1.30172990979 1.34794371243 1.11536625924 1.10329981059 1.49130076278 1.24284385851 1.05952656885 1.03900547930 1.30066655001 1.13521748327 1.46153823482 -151.8104688673 0.03195739535   -2 
  28 0.00088014668 -203.02147872 0.41698856224 1.14378927306 1.09829556366 1.22204538925 1.25885806780 0.89314921689 1.09974317207 0.85616256898 1.30221296208 1.34797234255 1.11567702831 1.10366054854 1.49174050942 1.24339313824 1.05964227757 1.03913826146 1.30087257540 1.13526707424 1.46203676878 -151.8090264815 0.03051510516   -2 
  29 0.00088042685 -202.50312771 0.41817041886 1.14442131387 1.09926541516 1.22294480212 1.26000580398 0.89280823006 1.10022537589 0.85752441661 1.30380935151 1.34791229991 1.11668247828 1.10492505660 1.49329297030 1.24536177953 1.06000922715 1.03956158115 1.30157983187 1.13530648989 1.46390603630 -151.8046716975 0.02039747354   -2 
  30 0.00087961726 -202.25275524 0.41830244721 1.14465145258 1.09962176218 1.22285647707 1.26086021492 0.89274165007 1.10037125127 0.85809514080 1.30437457349 1.34786616525 1.11704902702 1.10544456092 1.49393946715 1.24618383360 1.06016022124 1.03973037525 1.30188615930 1.13526471828 1.46475932690 -151.8032007258 0.03675408355   -2 
  31 0.00087871901 -201.47395137 0.41813832783 1.14555923384 1.10072521562 1.22252323567 1.26352804878 0.89268376855 1.10081878747 0.85970287714 1.30593435817 1.34781386804 1.11807359978 1.10691345373 1.49578348361 1.24849323698 1.06061137620 1.04022364657 1.30278244566 1.13514656538 1.46720632849 -151.7993377191 0.01559320623   -2 
  32 0.00087914490 -201.29267829 0.41845851242 1.14585096763 1.10096988951 1.22247382439 1.26433994099 0.89288174307 1.10101745075 0.86014619642 1.30632108044 1.34795800767 1.11837631184 1.10736151438 1.49636048284 1.24917317598 1.06080422058 1.04041822650 1.30312295550 1.13513527446 1.46802267194 -151.7983517757 0.02395016022   -2 
  33 0.00087903878 -201.16425874 0.41884869983 1.14597980670 1.10108963778 1.22242428414 1.26494178363 0.89308769458 1.10118086834 0.86048442976 1.30659519278 1.34810652356 1.11861192093 1.10771917199 1.49682178675 1.24971334611 1.06097232674 1.04058544769 1.30341371577 1.13512866993 1.46870293501 -151.7975892157 0.00870873408   -2 
  34 0.00087840709 -200.86935361 0.41883736322 1.14582522747 1.10097864186 1.22267787546 1.26531967295 0.89375641948 1.10152560629 0.86079161996 1.30676357438 1.34865169436 1.11890797340 1.10817847420 1.49743063854 1.25035178712 1.06132273860 1.04091328876 1.30394612152 1.13519966047 1.46973232745 -151.7967987398 0.01998111974   -2 
  35 0.00087830963 -200.60273609 0.41878370209 1.14578603148 1.10092753752 1.22295639152 1.26562171068 0.89436044051 1.10184372169 0.86104631221 1.30690845185 1.34915948322 1.11916869831 1.10857497944 1.49795900492 1.25089385951 1.06164019404 1.04120917802 1.30442110434 1.13527693978 1.47062548047 -151.7962410944 0.01192859053   -2 
  36 0.00087857764 -200.16708767 0.41939189657 1.14608833630 1.10100677041 1.22364421861 1.26588527555 0.89555740265 1.10249462696 0.86143004975 1.30713179834 1.35028033441 1.11966566169 1.10930132200 1.49893153501 1.25184303550 1.06232627385 1.04184543192 1.30540729015 1.13551377780 1.47234443747 -151.7950215109 0.01765119564   -2 
  37 0.00087837077 -200.01529278 0.41963787060 1.14618431052 1.10104874903 1.22386555518 1.26593664381 0.89595165722 1.10271339525 0.86154866900 1.30720325090 1.35067083122 1.11983488641 1.10954542626 1.49925713636 1.25215779692 1.06257103426 1.04207273202 1.30575475280 1.13560633780 1.47293616171 -151.7946926115 0.00905739986   -2 
  38 0.00087765694 -199.56988297 0.41964854094 1.14667563864 1.10153080280 1.22430429839 1.26588778882 0.89654047825 1.10314934503 0.86170106174 1.30740092817 1.35149435366 1.12019056823 1.10999043533 1.49984733814 1.25267913449 1.06313559125 1.04260018953 1.30650919271 1.13591799532 1.47406234735 -151.7939802892 0.01203946667   -2 
  39 0.00087771664 -199.46545247 0.41965237939 1.14682158826 1.10168734583 1.22441189015 1.26589812597 0.89664142050 1.10324983759 0.86173210819 1.30746617593 1.35167738628 1.12027613256 1.11008603547 1.49997484061 1.25278367232 1.06326834963 1.04272492510 1.30668096527 1.13600545413 1.47429754452 -151.7938234936 0.00793925323   -2 
  40 0.00087779337 -199.13139087 0.42013704352 1.14726318786 1.10240202926 1.22473675552 1.26601391027 0.89674465010 1.10358291758 0.86180135350 1.30780712948 1.35227946627 1.12060160413 1.11038117687 1.50036800719 1.25305437269 1.06377886574 1.04321068955 1.30730429690 1.13643436195 1.47501055679 -151.7933189511 0.00797617409   -2 
  41 0.00087762313 -199.06634678 0.42019836708 1.14725984413 1.10248718755 1.22477510462 1.26606043525 0.89672233050 1.10363242131 0.86181075117 1.30788407718 1.35236412914 1.12065979503 1.11042338150 1.50042432130 1.25308404792 1.06386816024 1.04329720205 1.30740721045 1.13652611965 1.47510411399 -151.7932226946 0.00821691225   -2 
  42 0.00087728331 -198.72394642 0.42018033937 1.14715831443 1.10279121955 1.22496056423 1.26641275910 0.89653277204 1.10385258597 0.86186547354 1.30830656060 1.35269370112 1.12093713484 1.11059605925 1.50065905858 1.25317798020 1.06426669691 1.04368771677 1.30784825767 1.13698942488 1.47542579218 -151.7928468139 0.00625545752   -2 
  43 0.00087743153 -198.62425077 0.42026206905 1.14716224839 1.10281064907 1.22502280225 1.26657273285 0.89645677285 1.10392132403 0.86189556832 1.30846945352 1.35277399648 1.12103389500 1.11064787061 1.50073232072 1.25319794653 1.06439232740 1.04381355964 1.30797969021 1.13716195857 1.47548672198 -151.7927300047 0.01005614494   -2 
  44 0.00087747268 -198.39641112 0.42061356226 1.14712554321 1.10275530941 1.22513979392 1.26696671251 0.89624833060 1.10407481284 0.86197244645 1.30887803361 1.35293990462 1.12127187230 1.11076678851 1.50090153338 1.25323246183 1.06469901072 1.04412386361 1.30829350034 1.13760731091 1.47559920403 -151.7924545815 0.00462740222   -2 
  45 0.00087727697 -198.28454446 0.42064853723 1.14713428056 1.10265915112 1.22515707615 1.26708565094 0.89618664603 1.10411935107 0.86201490804 1.30903045679 1.35296876089 1.12136247731 1.11080781079 1.50096186465 1.25323933542 1.06480838080 1.04423916429 1.30839749903 1.13779844167 1.47559812134 -151.7923662238 0.00824149604   -2 
  46 0.00087720187 -198.11744667 0.42063375315 1.14719679378 1.10253971340 1.22519259381 1.26724638296 0.89612166119 1.10418386503 0.86208269958 1.30924221694 1.35300506504 1.12149056829 1.11086760772 1.50105083082 1.25325310164 1.06495732185 1.04439752956 1.30853735818 1.13806850421 1.47558660132 -151.7922485909 0.00300492352   -2 
  47 0.00087730887 -198.03898448 0.42073465508 1.14728040665 1.10253959781 1.22521473344 1.26726483159 0.89615408923 1.10421195483 0.86213841372 1.30932911961 1.35300481916 1.12155617479 1.11090350353 1.50110639957 1.25327132972 1.06502303268 1.04447299145 1.30859319296 1.13822328589 1.47554806862 -151.7921969065 0.00567173912   -2 
  48 0.00087728360 -197.97233957 0.42084995971 1.14733093352 1.10254274449 1.22522617288 1.26726139446 0.89619277059 1.10423205647 0.86218925402 1.30939635596 1.35299817893 1.12161136666 1.11093431255 1.50115433026 1.25328796973 1.06507728426 1.04453702124 1.30863746714 1.13836147922 1.47550623757 -151.7921526710 0.00267270127   -2 
  49 0.00087708133 -197.79919879 0.42089264717 1.14732335800 1.10266668331 1.22526808609 1.26718231680 0.89636544119 1.10427109363 0.86231264377 1.30948016592 1.35297917343 1.12171427684 1.11100621659 1.50126623401 1.25334686112 1.06516485744 1.04465007868 1.30870152106 1.13864283897 1.47539443963 -151.7920759405 0.00581127232   -2 
  50 0.00087708667 -197.70990295 0.42090226355 1.14733271057 1.10274222918 1.22530090300 1.26715189698 0.89645959240 1.10429561454 0.86237702091 1.30952197848 1.35297612185 1.12176726293 1.11104563808 1.50132726042 1.25338169206 1.06520848342 1.04470649642 1.30873413493 1.13878342765 1.47534151806 -151.7920386688 0.00268862039   -2 
  51 0.00087716174 -197.60073566 0.42105192129 1.14734034785 1.10285365793 1.22537525477 1.26714801328 0.89661529399 1.10434497207 0.86247220772 1.30956422704 1.35300078302 1.12184119865 1.11111442104 1.50143124657 1.25345608657 1.06526412330 1.04478088289 1.30877808270 1.13897604274 1.47528092312 -151.7919897206 0.00295510369   -2 
  52 0.00087712826 -197.58226526 0.42108091741 1.14733554600 1.10286440336 1.22538736045 1.26715275711 0.89664104888 1.10435439221 0.86248764119 1.30956888749 1.35300865521 1.12185299245 1.11112726739 1.50145021160 1.25347147385 1.06527262354 1.04479257041 1.30878521631 1.13900708550 1.47527315155 -151.7919815218 0.00150126842   -2 
  53 0.00087702522 -197.50974814 0.42107964744 1.14734168583 1.10285683833 1.22544810373 1.26724364485 0.89671547653 1.10440507456 0.86253180064 1.30957642554 1.35307878247 1.12188875897 1.11118207711 1.50152758431 1.25354776039 1.06529443357 1.04482263107 1.30881067920 1.13908423772 1.47528382736 -151.7919622379 0.00235491005   -2 
  54 0.00087704068 -197.48931471 0.42107959235 1.14735416291 1.10285672742 1.22546900079 1.26727735599 0.89673539915 1.10442267031 0.86254426740 1.30958038884 1.35310444807 1.12189977606 1.11119974336 1.50155227902 1.25357281366 1.06530098185 1.04483110724 1.30881938052 1.13910402319 1.47529224863 -151.7919561227 0.00160069714   -2 
  55 0.00087706739 -197.42460388 0.42117586646 1.14741843874 1.10284631642 1.22554762755 1.26743723404 0.89679645955 1.10450288310 0.86258791607 1.30959963934 1.35323458324 1.12194393391 1.11127897783 1.50166057634 1.25368984199 1.06532619931 1.04486190909 1.30885993761 1.13916610730 1.47535737137 -151.7919346308 0.00165485393   -2 
  56 0.00087703905 -197.40710173 0.42119775313 1.14742848329 1.10284580277 1.22556462467 1.26747602657 0.89680925041 1.10452418379 0.86259852242 1.30960625824 1.35327086522 1.12195580569 1.11130067744 1.50168977858 1.25372223049 1.06533313597 1.04486993947 1.30887179502 1.13918033905 1.47537894610 -151.7919344082 0.00150976509   -2 
  57 0.00087691449 -197.28531936 0.42123700715 1.14748683455 1.10288929394 1.22566413754 1.26769889115 0.89687315290 1.10466275093 0.86266259264 1.30966854170 1.35350970268 1.12203597672 1.11144215638 1.50187821665 1.25393249632 1.06538184133 1.04492235179 1.30895688446 1.13925672551 1.47554350978 -151.7919134789 0.00208418810   -2 
  58 0.00087691856 -197.25552240 0.42124542487 1.14750474388 1.10290924913 1.22568916442 1.26774719519 0.89688822951 1.10469694816 0.86267887307 1.30968837374 1.35356792721 1.12205733381 1.11147750737 1.50192515954 1.25398427474 1.06539545697 1.04493638343 1.30898002622 1.13927497969 1.47558747212 -151.7919090078 0.00123433642   -2 
  59 0.00087692612 -197.18858582 0.42133000517 1.14753510548 1.10300837676 1.22573957548 1.26780470324 0.89691755757 1.10478001940 0.86272254679 1.30976914041 1.35371003789 1.12212305811 1.11157229852 1.50204876375 1.25411880048 1.06544255978 1.04498119252 1.30905633613 1.13931810745 1.47572873229 -151.7918972677 0.00113403989   -2 
  60 0.00087690068 -197.17527127 0.42134293010 1.14753585619 1.10302857911 1.22574598115 1.26780230753 0.89692180320 1.10479347281 0.86273121608 1.30978975744 1.35373316398 1.12213752966 1.11159034756 1.50207175779 1.25414338656 1.06545413952 1.04499167478 1.30907416745 1.13932594033 1.47576031779 -151.7918952452 0.00119654443   -2 
  61 0.00087684600 -197.11492511 0.42135296871 1.14754742556 1.10312027889 1.22577254862 1.26775960942 0.89693865489 1.10484316939 0.86276944951 1.30989329427 1.35381488337 1.12220441677 1.11166406872 1.50216449640 1.25423923008 1.06551098917 1.04504183850 1.30915838473 1.13935781669 1.47590326989 -151.7918873665 0.00068836171   -2 
  62 0.00087686011 -197.10648456 0.42136076902 1.14755733183 1.10312675326 1.22577886037 1.26774858332 0.89694242511 1.10484841106 0.86277681273 1.30991567484 1.35382128412 1.12221806075 1.11167526620 1.50217811024 1.25425163809 1.06552439668 1.04505332024 1.30917669839 1.13936364014 1.47593103825 -151.7918861476 0.00097668223   -2 
  63 0.00087686109 -197.09067619 0.42139034425 1.14757669151 1.10312860634 1.22579075091 1.26771983578 0.89695036815 1.10485573410 0.86279297880 1.30996716756 1.35382754637 1.12224918286 1.11169798679 1.50220501390 1.25427481927 1.06555674659 1.04508087692 1.30921993406 1.13937645537 1.47599459839 -151.7918836883 0.00047255858   -2 
  64 0.00087683995 -197.08464115 0.42138594142 1.14757659922 1.10311346945 1.22579465962 1.26771585660 0.89695411403 1.10485296693 0.86279854350 1.30998536434 1.35381792475 1.12226087354 1.11170210193 1.50220882347 1.25427516666 1.06557210625 1.04509387229 1.30923870365 1.13938136707 1.47601814931 -151.7918825775 0.00071469577   -2 
  65 0.00087684087 -197.08062564 0.42138096210 1.14757818521 1.10310441068 1.22579825425 1.26771569695 0.89695703497 1.10485110714 0.86280230141 1.30999711775 1.35381083655 1.12226862824 1.11170442723 1.50221087949 1.25427456550 1.06558261543 1.04510279255 1.30925134535 1.13938477096 1.47603346037 -151.7918819642 0.00031797736   -2 
  66 0.00087685490 -197.07596451 0.42139359373 1.14757772202 1.10308287455 1.22580662312 1.26772759611 0.89696548370 1.10484261176 0.86281161277 1.31002397296 1.35378280969 1.12228875371 1.11170629530 1.50221058445 1.25426487085 1.06561424705 1.04512999755 1.30928787564 1.13939473209 1.47607399298 -151.7918809009 0.00046867763   -2 
  67 0.00087684980 -197.07498270 0.42139667427 1.14757608756 1.10307896015 1.22580762142 1.26773033286 0.89696719088 1.10484036520 0.86281355484 1.31002941180 1.35377584673 1.12229318746 1.11170636070 1.50221000179 1.25426202304 1.06562178659 1.04513653196 1.30929648475 1.13939705955 1.47608334920 -151.7918806766 0.00027162840   -2 
  68 0.00087683767 -197.06974023 0.42139132363 1.14757243695 1.10308173907 1.22580897227 1.26774154987 0.89697212131 1.10483458934 0.86281898547 1.31004198214 1.35375492079 1.12230594783 1.11170534031 1.50220680884 1.25425100456 1.06564629744 1.04515801467 1.30932392102 1.13940486755 1.47611194121 -151.7918801544 0.00023364025   -2 
  69 0.00087684234 -197.06949897 0.42139208708 1.14757421486 1.10308488197 1.22580912760 1.26774255870 0.89697243619 1.10483485640 0.86281929652 1.31004202735 1.35375434036 1.12230664263 1.11170521151 1.50220664605 1.25425013697 1.06564818690 1.04515978609 1.30932596605 1.13940561964 1.47611389315 -151.7918800649 0.00023464616   -2 
  70 0.00087684397 -197.06944711 0.42139710094 1.14757780076 1.10309316332 1.22580862862 1.26774420719 0.89697279478 1.10483563478 0.86281975745 1.31004103373 1.35375330586 1.12230785481 1.11170461482 1.50220595729 1.25424772008 1.06565277420 1.04516417573 1.30933081207 1.13940745374 1.47611836405 -151.7918799156 0.00011141945   -2 
  71 0.00087683594 -197.06752897 0.42139548404 1.14758196972 1.10310660157 1.22580833465 1.26774693538 0.89697327930 1.10483835745 0.86282038225 1.31003775976 1.35375391443 1.12230946212 1.11170361890 1.50220508249 1.25424344361 1.06566133486 1.04517253401 1.30933965891 1.13941127089 1.47612617219 -151.7918797851 0.00019471351   -2 
  72 0.00087683660 -197.06669188 0.42139470724 1.14758403457 1.10311149705 1.22580878516 1.26774830590 0.89697364890 1.10483971172 0.86282075374 1.31003668582 1.35375448225 1.12231022495 1.11170335990 1.50220496447 1.25424189763 1.06566487690 1.04517599905 1.30934332351 1.13941291753 1.47612942883 -151.7918797421 0.00011295404   -2 
  73 0.00087683833 -197.06459963 0.42139959328 1.14758922442 1.10312158548 1.22581271639 1.26775389294 0.89697574036 1.10484552172 0.86282257854 1.31003384201 1.35375812791 1.12231355764 1.11170309086 1.50220562420 1.25423703116 1.06567840173 1.04518940857 1.30935740129 1.13941962171 1.47614199609 -151.7918796187 0.00013351680   -2 
  74 0.00087683624 -197.06361396 0.42140151545 1.14759047624 1.10312416180 1.22581457208 1.26775620025 0.89697675525 1.10484806621 0.86282343530 1.31003291622 1.35375990271 1.12231505847 1.11170312352 1.50220611340 1.25423513351 1.06568425401 1.04519524103 1.30936350466 1.13942260646 1.47614748312 -151.7918795902 0.00013784322   -2 
  75 0.00087682819 -197.05520273 0.42140531068 1.14759589573 1.10313095262 1.22582980761 1.26777205893 0.89698497853 1.10486557769 0.86283019498 1.31003042618 1.35377385437 1.12232590271 1.11170503207 1.50221173625 1.25422498463 1.06572271000 1.04523382735 1.30940383359 1.13944306669 1.47618404129 -151.7918793988 0.00008417017    0 
-- Found new optimum with likelihood -151.791879398805662 and gradient 0.00008

---- Best joint likelihood found -151.791879398805662 with gradient 0.00008

---- Results for /scratch/38995599/tmpqvk4s1pd 
--  Model: C
--        eps_an     theta_bar             a 
--             0 0.00087682819            -1 
--           S_d             b           p_b           S_b 
-- -197.05520273 0.42140531068             0             1 
--           r 2           r 3           r 4           r 5           r 6           r 7           r 8           r 9          r 10          r 11          r 12          r 13          r 14          r 15          r 16          r 17          r 18          r 19 
-- 1.14759589573 1.10313095262 1.22582980761 1.26777205893 0.89698497853 1.10486557769 0.86283019498 1.31003042618 1.35377385437 1.12232590271 1.11170503207 1.50221173625 1.25422498463 1.06572271000 1.04523382735 1.30940383359 1.13944306669 1.47618404129 

---- Expected P_neut(i), 0 < i < n (neutral SFS per site) 
E[P_neut(1)] = 0.0008768282
E[P_neut(2)] = 0.0005031222
E[P_neut(3)] = 0.0003224188
E[P_neut(4)] = 0.0002687105
E[P_neut(5)] = 0.0002223237
E[P_neut(6)] = 0.0001310836
E[P_neut(7)] = 0.0001383968
E[P_neut(8)] = 0.0000945692
E[P_neut(9)] = 0.0001276302
E[P_neut(10)] = 0.0001187027
E[P_neut(11)] = 0.0000894625
E[P_neut(12)] = 0.0000812312
E[P_neut(13)] = 0.0001013217
E[P_neut(14)] = 0.0000785528
E[P_neut(15)] = 0.0000622970
E[P_neut(16)] = 0.0000572807
E[P_neut(17)] = 0.0000675366
E[P_neut(18)] = 0.0000555053
E[P_neut(19)] = 0.0000681242

---- Expected P_sel(i), 0 < i < n (selected SFS per site) 
E[P_sel(1)] = 0.0003153913
E[P_sel(2)] = 0.0001219594
E[P_sel(3)] = 0.0000638621
E[P_sel(4)] = 0.0000467632
E[P_sel(5)] = 0.0000352257
E[P_sel(6)] = 0.0000193051
E[P_sel(7)] = 0.0000192012
E[P_sel(8)] = 0.0000124766
E[P_sel(9)] = 0.0000161221
E[P_sel(10)] = 0.0000144320
E[P_sel(11)] = 0.0000105123
E[P_sel(12)] = 0.0000092557
E[P_sel(13)] = 0.0000112255
E[P_sel(14)] = 0.0000084815
E[P_sel(15)] = 0.0000065679
E[P_sel(16)] = 0.0000059066
E[P_sel(17)] = 0.0000068213
E[P_sel(18)] = 0.0000054981
E[P_sel(19)] = 0.0000066253

---- alpha_dfe = 0.000000

