---- Running command
---- ./polyDFE -d /scratch/38995934/tmpt7arbhyw -m C -i /scratch/38995934/tmpwjm6hxow 1 -v 1 
---- Performing inference using model C

---- Performing inference on /scratch/38995934/tmpt7arbhyw
----      with -i /scratch/38995934/tmpwjm6hxow 1
---- Data /scratch/38995934/tmpt7arbhyw does not contain divergence counts. Using option -w.
---- No mutation variability. Using Poisson likelihood.


---- Using provided initial values

-- Starting local optimization
-- Optimizing all parameters
  it        eps_an     theta_bar           S_d             b           r 2           r 3           r 4           r 5           r 6           r 7           r 8           r 9          r 10          r 11          r 12          r 13          r 14          r 15          r 16          r 17          r 18          r 19           ln lk          grad status 
   0    0.01346766  0.0008961823 -245.56979999     0.3789762      1.115224      1.093897      1.181135      1.231855     0.9243195      1.082592     0.8650157       1.20686      1.044504     0.9301775     0.9573576      1.358432      1.004809      0.982138     0.9355796      1.145759      1.008393     0.8705163 -157.0121986191 1.00665543700   -2 
   1 0.01346895764 0.00088207536 -245.90285816 0.38145082421 1.11904161016 1.08736796515 1.18246442333 1.23270500110 0.92294613474 1.07918472871 0.86415671599 1.20469373349 1.04267465310 0.93165199875 0.95688962286 1.35721254409 1.00401556269 0.98078725949 0.93401054585 1.14593270661 1.00874870760 0.87073741532 -156.0655658068 0.58404562951   -2 
   2 0.01348126518 0.00088766646 -242.82674263 0.37736674260 1.16703132453 1.04874611828 1.20243078469 1.24736031705 0.91572998326 1.05617466107 0.85965382186 1.19109146232 1.03054894143 0.94579912510 0.95496400473 1.35048721345 0.99927520909 0.97129743226 0.92251296358 1.14918425297 1.01295899070 0.87348324513 -153.9303058674 0.80412235574   -2 
   3 0.01348974194 0.00087603678 -241.86094554 0.37902296702 1.18895902066 1.02672980672 1.21329786006 1.25547765048 0.91091744142 1.04163754662 0.85657710035 1.18219719942 1.02263295681 0.95482451444 0.95355567752 1.34592654525 0.99606382765 0.96502352297 0.91495252670 1.15121232011 1.01550079880 0.87521779532 -153.0931030790 0.26797255345   -2 
   4 0.01353165604 0.00089160951 -238.83934436 0.38711643254 1.17382715042 1.00801703157 1.24206849732 1.28168623923 0.90014665908 1.00220579620 0.84871437991 1.15725394310 0.99879807642 0.98900221434 0.95043225084 1.33368230004 0.98631311007 0.94365291223 0.88842007559 1.16141645178 1.02491608720 0.88287122848 -152.0240651190 0.34529184415   -2 
   5 0.01354774267 0.00088574942 -237.44639899 0.38780219380 1.16403180704 1.00594412575 1.24638556977 1.28690506754 0.89679289024 0.99073710382 0.84605088971 1.14937370453 0.99113321967 1.00009113051 0.94922110960 1.32953514919 0.98291021137 0.93629754710 0.87929598624 1.16477948475 1.02796774099 0.88540738474 -151.7602849780 0.40442362130   -2 
   6 0.01357753335 0.00088609218 -233.88023083 0.38379630310 1.14845036032 1.00770525726 1.24980413489 1.29334119022 0.89182965234 0.97326343336 0.84176947875 1.13678358727 0.97855976327 1.01928451058 0.94722783484 1.32277113185 0.97710279415 0.92350354383 0.86334188629 1.17085601330 1.03344545807 0.88997040020 -151.3258145210 0.16215480755   -2 
   7 0.01360212505 0.00088573327 -231.28740075 0.38246913777 1.14028197124 1.01325767503 1.24469475679 1.29258865722 0.88845360824 0.96223672324 0.83837474392 1.12763917836 0.96905482563 1.03389529121 0.94539976011 1.31738983590 0.97220108192 0.91271017685 0.84981256202 1.17573323222 1.03802166573 0.89380502892 -151.2124311038 0.21832262990   -2 
   8 0.01362065512 0.00088413068 -230.02624786 0.38550388110 1.13986419460 1.01926592867 1.23420836013 1.28633423795 0.88648214477 0.95698598281 0.83584915496 1.12177703314 0.96255234108 1.04357099295 0.94375113849 1.31337694266 0.96825264154 0.90404931729 0.83886412250 1.17924762731 1.04160973492 0.89683883468 -151.0425202311 0.32723628203   -2 
   9 0.01364293081 0.00089143808 -228.24296434 0.38801156080 1.14330138494 1.02709637325 1.22081656562 1.27757809962 0.88477196817 0.95264515269 0.83313720702 1.11578485412 0.95554874667 1.05436290325 0.94185396198 1.30899184591 0.96367159178 0.89385983353 0.82590645508 1.18339482085 1.04597232384 0.90053188195 -150.8472059463 0.10156575465   -2 
  10 0.01366388563 0.00088873166 -226.58110245 0.38807051234 1.15103801349 1.02606383177 1.20830283277 1.26416351083 0.88534967164 0.95789098297 0.83177755644 1.11519215197 0.95330175748 1.05639913673 0.94000840578 1.30657518401 0.96015254942 0.88597422945 0.81542760375 1.18518976973 1.04886522047 0.90318060758 -150.7489979843 0.13539515724   -2 
  11 0.01366910811 0.00089031618 -226.12801886 0.38768538253 1.15246379987 1.02547702959 1.20626273151 1.26136364957 0.88570726431 0.95980042391 0.83160260141 1.11549263710 0.95314500485 1.05633304953 0.93961049342 1.30619692794 0.95940786089 0.88424378402 0.81305437457 1.18550770947 1.04949140568 0.90378947634 -150.7282210780 0.08030754761   -2 
  12 0.01370294981 0.00089100031 -224.48907992 0.38880440010 1.14802330570 1.01594148175 1.20285522490 1.24804833124 0.88912690911 0.97704292758 0.83154141945 1.12106811179 0.95567029542 1.04929087064 0.93718608738 1.30523794919 0.95551586474 0.87509184508 0.79976412499 1.18570220926 1.05214027475 0.90694659736 -150.6362324233 0.06972321846   -2 
  13 0.01370655392 0.00089221757 -224.31218585 0.38872871705 1.14730853542 1.01547372648 1.20342295433 1.24780533387 0.88942782046 0.97862678213 0.83160444252 1.12175413086 0.95612175208 1.04822045485 0.93696977033 1.30522725123 0.95520164392 0.87434103545 0.79857102762 1.18560434810 1.05230974162 0.90720762938 -150.6293096348 0.06169456721   -2 
  14 0.01372434505 0.00089238240 -223.86139862 0.38957744861 1.14176844464 1.01457193137 1.20867840686 1.25039727815 0.89030650075 0.98488296940 0.83197150572 1.12510231921 0.95879479533 1.04162420443 0.93591677957 1.30525271555 0.95390510263 0.87138946977 0.79344252250 1.18451879887 1.05259677332 0.90811533184 -150.6026880203 0.04128238491   -2 
  15 0.01373249728 0.00089269485 -223.59256461 0.38926187807 1.14206331392 1.01537248478 1.21092881673 1.25299945211 0.89035060811 0.98612099670 0.83217696688 1.12628104235 0.96000037068 1.03868145618 0.93557392718 1.30534211174 0.95356821310 0.87062416253 0.79177910168 1.18384522422 1.05249788055 0.90829785734 -150.5951259520 0.07549686510   -2 
  16 0.01375064162 0.00089025847 -223.16472314 0.38919170271 1.14331381467 1.01725185548 1.21528423141 1.25880180681 0.89024002489 0.98806565977 0.83259050344 1.12861331647 0.96255175289 1.03233360727 0.93485114161 1.30550769339 0.95290574048 0.86915494877 0.78839516299 1.18227586921 1.05216582774 0.90858830556 -150.5811923355 0.03652979949   -2 
  17 0.01374974324 0.00089126463 -223.25226880 0.38941109160 1.14415190503 1.01729663623 1.21425328171 1.25807997341 0.89024302083 0.98730683604 0.83260578599 1.12824459142 0.96225027250 1.03328051583 0.93503720638 1.30558865945 0.95311015965 0.86952487165 0.78898421148 1.18244638537 1.05216103215 0.90851066389 -150.5781333572 0.03792948504   -2 
  18 0.01375067617 0.00089117116 -223.35415297 0.38980775301 1.14515707697 1.01748034698 1.21323325684 1.25766546667 0.89020172264 0.98640551542 0.83265703209 1.12795454727 0.96209469377 1.03388616117 0.93520742019 1.30570115551 0.95331754338 0.86988358752 0.78943945800 1.18248979835 1.05209641732 0.90841926160 -150.5756014563 0.02147242285   -2 
  19 0.01375687761 0.00089122710 -223.32149279 0.38971596556 1.14707959125 1.01833376317 1.21212220098 1.25802261667 0.89013324748 0.98474837517 0.83289027580 1.12777324475 0.96225457753 1.03412953492 0.93550089788 1.30604687147 0.95371328691 0.87049281356 0.78991653739 1.18230711455 1.05186918508 0.90825240658 -150.5728640088 0.02676876704   -2 
  20 0.01376229515 0.00089066812 -223.30150215 0.38968884453 1.14816506225 1.01894748500 1.21143601680 1.25839920926 0.89007604134 0.98352226332 0.83307690836 1.12767598191 0.96242641375 1.03419577089 0.93571592307 1.30631992426 0.95401191369 0.87094721727 0.79023368144 1.18212865513 1.05167321282 0.90812129218 -150.5717137658 0.01596548015   -2 
  21 0.01377752841 0.00089017203 -223.14671993 0.38928068181 1.14711213787 1.01989910613 1.21222713129 1.26008887938 0.89013609293 0.98201343330 0.83357035844 1.12799397654 0.96319884247 1.03357200498 0.93611750853 1.30701833953 0.95459416980 0.87173793483 0.79051499468 1.18161932487 1.05121335597 0.90790231839 -150.5689681766 0.01937133021   -2 
  22 0.01378448814 0.00088990330 -223.13874036 0.38945321485 1.14670562253 1.02011095901 1.21265035791 1.26070682053 0.89017204324 0.98154149495 0.83377126036 1.12816292863 0.96354104008 1.03325412967 0.93627557954 1.30731183252 0.95482979662 0.87205019274 0.79059713290 1.18139163172 1.05101746851 0.90781093467 -150.5680707051 0.02437906373   -2 
  23 0.01379947141 0.00089048791 -223.09889820 0.38977596050 1.14625321753 1.02046372830 1.21364074705 1.26192219245 0.89029175332 0.98076743320 0.83419777636 1.12857142579 0.96427580051 1.03258780937 0.93660895110 1.30794238440 0.95532184159 0.87268679106 0.79074550076 1.18093153674 1.05062699711 0.90762974617 -150.5664773549 0.00969543436   -2 
  24 0.01384582369 0.00089000481 -222.75780075 0.38998485583 1.14844800406 1.01947728764 1.21514356862 1.26272963087 0.89068451323 0.98061369912 0.83508757436 1.12973121169 0.96600880701 1.03084472062 0.93733167793 1.30941209793 0.95644475666 0.87407163529 0.79084997831 1.17973775646 1.04963609502 0.90707912958 -150.5641275850 0.00959713487   -2 
  25 0.01386941682 0.00088998999 -222.52757270 0.38987007562 1.14837214157 1.01970473225 1.21526159786 1.26265784568 0.89092930429 0.98107357265 0.83540275668 1.13022402288 0.96661486231 1.03036873407 0.93762706166 1.30998395606 0.95688738094 0.87458853754 0.79085435653 1.17935111328 1.04922721028 0.90681114595 -150.5633593424 0.02438038637   -2 
  26 0.01391117411 0.00088929147 -222.16704676 0.38990395654 1.14797129025 1.02014863552 1.21530300993 1.26242193237 0.89133812929 0.98193471761 0.83591291110 1.13104090047 0.96760605787 1.02960395402 0.93812012352 1.31093146728 0.95762962925 0.87545355023 0.79084763531 1.17870283094 1.04851733806 0.90633049331 -150.5620690203 0.01588523502   -2 
  27 0.01398632578 0.00088964163 -221.61458438 0.39060741363 1.14754151314 1.02123394864 1.21516770962 1.26204139105 0.89203499941 0.98361114605 0.83667283455 1.13231481678 0.96905152510 1.02870339469 0.93892037471 1.31239912869 0.95881053286 0.87680907756 0.79081174763 1.17777253430 1.04735822395 0.90545296023 -150.5600025783 0.00869352046   -2 
  28 0.01409906655 0.00088895570 -220.62352068 0.39128803853 1.15032335850 1.02144384295 1.21493137654 1.26267789460 0.89236122446 0.98514806836 0.83677475289 1.13266020393 0.96911296866 1.02975083167 0.93945257662 1.31291039937 0.95951671269 0.87757333434 0.79060763668 1.17746670657 1.04614631870 0.90382375379 -150.5574142552 0.02289950476   -2 
  29 0.01412992207 0.00088912286 -220.33102381 0.39135749274 1.15087223301 1.02154456112 1.21499194526 1.26293394690 0.89245748561 0.98552452892 0.83679743259 1.13274010895 0.96909729049 1.03010362076 0.93958913939 1.31302328189 0.95968432645 0.87774492784 0.79055499527 1.17742809268 1.04583592119 0.90337106722 -150.5567461520 0.01735114138   -2 
  30 0.01440817775 0.00088766007 -217.80585523 0.39214981900 1.15051461197 1.02249726668 1.21684475266 1.26584243894 0.89322941822 0.98795549589 0.83683132249 1.13308507728 0.96841632544 1.03400539017 0.94058177178 1.31349992973 0.96072366408 0.87865523579 0.79007327805 1.17761362945 1.04325003927 0.89912449930 -150.5513042431 0.02530628927   -2 
  31 0.01447955267 0.00088833868 -217.33291579 0.39317719481 1.14999432502 1.02283416764 1.21758920656 1.26643794105 0.89347700212 0.98814559821 0.83692159483 1.13321870712 0.96829455960 1.03498092757 0.94079307278 1.31358040890 0.96085936922 0.87866710595 0.78995385927 1.17780523907 1.04266496676 0.89792563350 -150.5478603120 0.01311564558   -2 
  32 0.01448688806 0.00088855875 -217.27156281 0.39319515070 1.14996041421 1.02287366564 1.21768588547 1.26644904163 0.89351292417 0.98807443687 0.83695214257 1.13324678632 0.96830257601 1.03505857546 0.94080566300 1.31358434364 0.96084540307 0.87861940532 0.78994059692 1.17784913413 1.04261741224 0.89776958443 -150.5476448983 0.01086383627   -2 
  33 0.01457044645 0.00088813192 -216.59932490 0.39312246407 1.14913200659 1.02294165314 1.21857113106 1.26559837770 0.89390537332 0.98596741766 0.83748235413 1.13361165439 0.96857332469 1.03552810790 0.94075511731 1.31345741270 0.96025668885 0.87738551903 0.78973443744 1.17858055005 1.04218457254 0.89551425024 -150.5456066525 0.01625618755   -2 
  34 0.01457212528 0.00088806236 -216.63071224 0.39331396604 1.14927675257 1.02289612083 1.21847092684 1.26557644990 0.89389312891 0.98591201771 0.83749226780 1.13361053538 0.96858843895 1.03548438016 0.94073722872 1.31344745459 0.96021542950 0.87731283456 0.78972123721 1.17859534173 1.04217865164 0.89542217210 -150.5451146904 0.01624899075   -2 
  35 0.01457462379 0.00088848183 -216.65925982 0.39349331779 1.14963084269 1.02286234047 1.21832394823 1.26558900678 0.89388318699 0.98585077020 0.83751641770 1.13362130763 0.96862560449 1.03540761777 0.94071249406 1.31344456462 0.96015026369 0.87719214344 0.78970213815 1.17862398885 1.04217628572 0.89526939475 -150.5446292139 0.00516470860   -2 
  36 0.01458271463 0.00088824079 -216.64579763 0.39330722546 1.15013399947 1.02268665872 1.21774674562 1.26563271470 0.89380098554 0.98569701385 0.83756684605 1.13361735914 0.96873864075 1.03506145207 0.94059810455 1.31341150957 0.95989497553 0.87673485754 0.78961876370 1.17868221474 1.04214296986 0.89468726520 -150.5442414201 0.00618336839   -2 
  37 0.01461124282 0.00088864500 -216.75793373 0.39345586016 1.15058782520 1.02241245283 1.21652007765 1.26580986589 0.89358325345 0.98527927767 0.83773384194 1.13362692931 0.96910524333 1.03396915300 0.94023631758 1.31332593765 0.95906603475 0.87521767812 0.78934676616 1.17887891885 1.04200934558 0.89269399984 -150.5434685166 0.00853996608   -2 
  38 0.01463858188 0.00088851920 -216.84330088 0.39340121695 1.14979853697 1.02231453969 1.21618058380 1.26581171431 0.89341641564 0.98497742019 0.83782140628 1.13359414228 0.96933759544 1.03311928828 0.93992658622 1.31321960337 0.95837648664 0.87393789933 0.78909984907 1.17899400693 1.04182642940 0.89089883398 -150.5428168240 0.02136767101   -2 
  39 0.01467173854 0.00088889409 -216.92281613 0.39321359330 1.14888538925 1.02225427925 1.21595341496 1.26580734595 0.89323716715 0.98464818207 0.83791744022 1.13355633356 0.96959677210 1.03215065263 0.93956795021 1.31309515076 0.95757538436 0.87244080826 0.78880690245 1.17911991771 1.04159893279 0.88876186378 -150.5420566844 0.00656425505   -2 
  40 0.01471407271 0.00088936282 -217.11742885 0.39337167515 1.14885256029 1.02205833498 1.21703077665 1.26511174181 0.89305465362 0.98446715771 0.83770723985 1.13325995044 0.96940624425 1.03162932318 0.93921370014 1.31276084892 0.95693449608 0.87120316501 0.78843550298 1.17892005693 1.04112401628 0.88644639798 -150.5412827131 0.00941468734   -2 
  41 0.01474536643 0.00088918831 -217.23407338 0.39331704481 1.14893295803 1.02189860600 1.21771460857 1.26458550570 0.89293116846 0.98437343053 0.83749714156 1.13300412793 0.96917105318 1.03139445822 0.93897985642 1.31248369525 0.95655202651 0.87045713556 0.78815857399 1.17869173390 1.04072803887 0.88485023058 -150.5408998337 0.01602753151   -2 
  42 0.01478347098 0.00088929847 -217.34569776 0.39309576933 1.14913116008 1.02175828372 1.21845409633 1.26402074993 0.89280548922 0.98429298294 0.83723514949 1.13270072211 0.96886164642 1.03118651369 0.93871935440 1.31215206403 0.95613852801 0.86963838155 0.78782527557 1.17838777851 1.04023232815 0.88297463593 -150.5404151294 0.00733145750   -2 
  43 0.01482738964 0.00088900381 -217.48885361 0.39289416920 1.14922039119 1.02174742655 1.21825140368 1.26381358514 0.89273291781 0.98429454939 0.83690221191 1.13237300211 0.96839518716 1.03128205442 0.93852087143 1.31177333257 0.95590502394 0.86914111186 0.78744147949 1.17788325839 1.03956084509 0.88114025192 -150.5398848087 0.01655052569   -2 
  44 0.01491387913 0.00088908915 -217.76409612 0.39248784361 1.14943811287 1.02180407296 1.21770863935 1.26355873137 0.89262487460 0.98433051971 0.83626853957 1.13176554431 0.96748736091 1.03154214838 0.93816544498 1.31105579641 0.95550780664 0.86827128793 0.78669609357 1.17687515232 1.03823095605 0.87763350115 -150.5391434921 0.01707035813   -2 
  45 0.01512393831 0.00089039895 -218.61021349 0.39252831173 1.14943503880 1.02198133497 1.21582253274 1.26350055400 0.89243641153 0.98443349614 0.83487852572 1.13047275957 0.96541272077 1.03235657223 0.93744124321 1.30944002556 0.95479471100 0.86665027006 0.78492960031 1.17435456208 1.03494040725 0.86964196229 -150.5363978002 0.01862850869   -2 
  46 0.01513250638 0.00089019247 -218.64939607 0.39255834630 1.14929460877 1.02192931551 1.21575212132 1.26351080485 0.89241952528 0.98441304943 0.83484795290 1.13044099185 0.96535969584 1.03237530047 0.93742051966 1.30938684603 0.95478208169 0.86662848212 0.78486021062 1.17424221824 1.03479169661 0.86936600340 -150.5360763031 0.00953534679   -2 
  47 0.01516094520 0.00089009288 -218.68573385 0.39227782492 1.14821963705 1.02148811655 1.21584314064 1.26380782558 0.89236078127 0.98420784062 0.83502323875 1.13059109902 0.96551085545 1.03235116322 0.93746344967 1.30938439807 0.95490865994 0.86695113653 0.78466995803 1.17382637784 1.03419662289 0.86886993936 -150.5352538746 0.00831836336   -2 
  48 0.01518724770 0.00089053965 -218.75753961 0.39232970683 1.14774169718 1.02105521935 1.21599014290 1.26405409666 0.89227659119 0.98392895939 0.83530769640 1.13082639005 0.96580877687 1.03224789580 0.93754572546 1.30945506849 0.95510035980 0.86745577205 0.78450692096 1.17341123578 1.03358404894 0.86864604553 -150.5347453207 0.01679726792   -2 
  49 0.01520825421 0.00089053755 -218.82896036 0.39245612625 1.14745374630 1.02071032359 1.21606318474 1.26419290347 0.89219212710 0.98368630369 0.83553637607 1.13100685705 0.96605430379 1.03214288178 0.93760785783 1.30950782594 0.95525461745 0.86787882115 0.78437423181 1.17307028514 1.03308192121 0.86849706896 -150.5343417342 0.00833547401   -2 
  50 0.01528759468 0.00089046304 -218.93732071 0.39239420623 1.14891769155 1.02023402274 1.21602006360 1.26411765464 0.89181499340 0.98275056153 0.83640192827 1.13162398552 0.96706062946 1.03155959465 0.93782829420 1.30972845951 0.95585798184 0.86967342443 0.78386639480 1.17175755748 1.03108213204 0.86828013920 -150.5330401882 0.00699719161   -2 
  51 0.01530014155 0.00089020928 -218.93887854 0.39236174166 1.14896827377 1.02046997534 1.21601172835 1.26404271869 0.89179624624 0.98269778005 0.83648297175 1.13167149764 0.96717303333 1.03147139990 0.93784988068 1.30975952043 0.95593184940 0.86992426332 0.78378748271 1.17157862800 1.03076071989 0.86826497708 -150.5328668171 0.01146270155   -2 
  52 0.01532600105 0.00089011984 -218.91551851 0.39221444386 1.14904854873 1.02116974282 1.21604871189 1.26389961893 0.89180521987 0.98267455384 0.83662118094 1.13175227815 0.96738095856 1.03130817317 0.93789421728 1.30983529755 0.95607556563 0.87041911296 0.78363098216 1.17123993861 1.03010470348 0.86824735791 -150.5325231973 0.00676198475   -2 
  53 0.01535118966 0.00089019316 -218.92572747 0.39240166642 1.14891943911 1.02200720390 1.21617801552 1.26380405686 0.89192684608  0.9828766454 0.83664371155 1.13175356500 0.96747786646 1.03120601254 0.93792128784 1.30991574376 0.95616931599 0.87079584242 0.78348996485 1.17098802952 1.02948723482 0.86823687862 -150.5322129888 0.00614228681   -2 
  54 0.01534970902 0.00089025234 -218.91765715 0.39237323604 1.14894150814 1.02192966721 1.21618580376 1.26382845966 0.89193346677 0.98288945709 0.83663165166 1.13174844167 0.96746083377 1.03122238571 0.93791924382 1.30991318754 0.95615856426 0.87075866694 0.78350036462 1.17101325122 1.02952901409 0.86823545988 -150.5321777595 0.00338428976   -2 
  55 0.01534891444 0.00089013757 -218.86545533 0.39234097551 1.14897001577 1.02148411707 1.21629163448 1.26399935986 0.89207034518 0.98315580162 0.83648294772 1.13166210043 0.96730147142 1.03133694145 0.93789968262 1.30991531097 0.95607940881 0.87055120523 0.78352417680 1.17113728802 1.02960815727 0.86820206667 -150.5320583670 0.00368809971   -2 
  56 0.01534902442 0.00089016968 -218.83028676 0.39234201922 1.14899085195 1.02125141213 1.21636639475 1.26411240152 0.89216957740 0.98334717359 0.83638087573 1.13160438369 0.96719345505 1.03141734420 0.93788805042 1.30992095802 0.95602621067 0.87041225639 0.78353824364 1.17122285246 1.02964962097 0.86817831220 -150.5320256240 0.00397763285   -2 
  57 0.01535025414 0.00089017502 -218.80035639 0.39243039421 1.14897011937 1.02113402684 1.21642593897 1.26420766855 0.89228017368 0.98356562966 0.83626264494 1.13153661977 0.96707000556 1.03150721075 0.93787494150 1.30992880296 0.95596403681 0.87025504461 0.78354898009 1.17132013742 1.02967376455 0.86814726372 -150.5319682516 0.00459810851   -2 
  58 0.01535164613 0.00089028014 -218.76990788 0.39247743970 1.14896096062 1.02112332061 1.21646751531 1.26427134520 0.89236422972 0.98373048425 0.83617627661 1.13148944887 0.96697984344 1.03157715519 0.93786727749 1.30993830231 0.95591766846 0.87013619203 0.78355616047 1.17139664353 1.02968470560 0.86812231048 -150.5319315876 0.00327184444   -2 
  59 0.01535916471 0.00089020485 -218.64025198 0.39258744828 1.14882558475 1.02148683812 1.21648956555 1.26434750450 0.89259824813 0.98421091185 0.83590650148 1.13134192669 0.96669720167 1.03179568699 0.93784385150 1.30996756251 0.95575905296 0.86973790254 0.78356634374 1.17164943746 1.02966628042 0.86801997572 -150.5318180838 0.00564275353   -2 
  60 0.01536169192 0.00089024963 -218.59288817 0.39258380998 1.14882147272 1.02161267558 1.21649637043 1.26436409376 0.89265914505 0.98433440807 0.83583921156 1.13130878314 0.96662574183 1.03185785877 0.93784052590 1.30997927323 0.95571622532 0.86962632746 0.78356886691 1.17172193785 1.02965640365 0.86798827352 -150.5317789773 0.00319541561   -2 
  61 0.01536670425 0.00089010187 -218.51177873 0.39256485337 1.14888154171 1.02179179757 1.21647583319 1.26434125945 0.89270446775 0.98443269781 0.83577902739 1.13128785911 0.96655736380 1.03193354315 0.93784330133 1.30999811024 0.95566140985 0.86947574244 0.78356768092 1.17181618393 1.02962053310 0.86792982744 -150.5317303121 0.00263450500   -2 
  62 0.01537252322 0.00089012798 -218.43597411 0.39258115127 1.14904296153 1.02190619344 1.21647421551 1.26431299712 0.89270392082 0.98442765256 0.83578687889 1.13131904548 0.96655592072 1.03198645895 0.93786265651 1.31002820310 0.95563322370 0.86937178603 0.78356475221 1.17188539269 1.02957014312 0.86786870992 -150.5316910047 0.00583882455   -2 
  63 0.01539144606 0.00088996999 -218.21570202 0.39273114757 1.14949294472 1.02218924869 1.21646424597 1.26421439932 0.89267434212 0.98435530134 0.83584213048 1.13143683065 0.96658177865 1.03213654255 0.93792901192 1.31012360765 0.95555587584 0.86906588116 0.78355259685 1.17208583093 1.02939862413 0.86766962168 -150.5315690921 0.00388192620   -2 
  64 0.01542083233 0.00089007808 -217.89865575 0.39297719801 1.14973477701 1.02237778923 1.21661000126 1.26423870420 0.89263493185 0.98419250522 0.83602904606 1.13169519269 0.96673201650 1.03233434281 0.93806251928 1.31030391990 0.95550465946 0.86871213257 0.78353801774 1.17233586272 1.02912458741 0.86735880350 -150.5314303817 0.00801097643   -2 
  65 0.01544620008 0.00088996072 -217.63491816 0.39319771469 1.14977178867 1.02245877878 1.21674816500 1.26429349939 0.89260511284 0.98405135285 0.83620251229 1.13192134989 0.96687776607 1.03249120423 0.93817958663 1.31045996484 0.95547444676 0.86843536440 0.78352391825 1.17253018757 1.02888315193 0.86708463811 -150.5313073379 0.00735408916   -2 
  66 0.01551719483 0.00088990573 -216.87566717 0.39356236896 1.14951359787 1.02250739283 1.21723881651 1.26464014189 0.89258638762 0.98372432243 0.83673214489 1.13257567138 0.96734796244 1.03289965777 0.93852419072 1.31091938366 0.95545324404 0.86777529621 0.78348530608 1.17300667104 1.02820152758 0.86629489455 -150.5309800833 0.00536134831   -2 
  67 0.01552338403 0.00088979335 -216.81708757 0.39359047170 1.14944471039 1.02246354820 1.21726930178 1.26470419308 0.89260646024 0.98373038459 0.83677594315 1.13262005924 0.96739469276 1.03291944284 0.93855292408 1.31095763656 0.95546825616 0.86775234091 0.78347865165 1.17301944920 1.02813755863 0.86620955755 -150.5309361753 0.00480999052   -2 
  68 0.01554036466 0.00088973241 -216.66010242 0.39357564634 1.14925849371 1.02226514523 1.21735482095 1.26500620633 0.89274130134 0.98386680513 0.83689617488 1.13271670056 0.96754786725 1.03293692257 0.93863498965 1.31106911614 0.95556603719 0.86779797872 0.78345417870 1.17297581594 1.02795665774 0.86592796831 -150.5308216085 0.00417537155   -2 
  69 0.01556431994 0.00088964890 -216.49041138 0.39369241352 1.14911045767 1.02196433561 1.21742648956 1.26547867020 0.89299706067 0.98417645059 0.83704700520 1.13280393153 0.96777330326 1.03291084125 0.93874398607 1.31121742427 0.95576180728 0.86798468706 0.78340719767 1.17281437883 1.02768748990 0.86546472476 -150.5307006272 0.00630991591   -2 
  70 0.01558232187 0.00088973221 -216.36806919 0.39378013549 1.14908915684 1.02178873785 1.21748049897 1.26582240719 0.89319867234 0.98442905729 0.83715535651 1.13286169961 0.96794252919 1.03288441235 0.93882498831 1.31132770856 0.95592073524 0.86815085336 0.78336967943 1.17267430240 1.02748438386 0.86510111646 -150.5306302798 0.00459906697   -2 
  71 0.01560005070 0.00088970413 -216.28454099 0.39394853654 1.14933282883 1.02183372654 1.21748889750 1.26601155899 0.89339109675 0.98470669280 0.83722602362 1.13287390257 0.96808647222 1.03282769423 0.93888971028 1.31141242312 0.95610495341 0.86839387367 0.78331889088 1.17246382632 1.02727502978 0.86467702227 -150.5305115314 0.00679499174   -2 
  72 0.01561285088 0.00088979533 -216.21912266 0.39400965005 1.14957901431 1.02195540252 1.21750766717 1.26610691238 0.89352689767 0.98491134325 0.83726945681 1.13287814958 0.96818448627 1.03278534062 0.93893467171 1.31147071931 0.95624557528 0.86859092040 0.78327989565 1.17229654162 1.02712277959 0.86435230349 -150.5304281039 0.00584250542   -2 
  73 0.01564697061 0.00088949140 -216.05347521 0.39407198984 1.15018593453 1.02249700007 1.21756368556 1.26615818501 0.89383815716 0.98542230999 0.83734488995 1.13286196747 0.96840467943 1.03266447142 0.93903722947 1.31159739122 0.95662807319 0.86917024631 0.78316315574 1.17179657686 1.02670424129 0.86341962071 -150.5302072848 0.00462456153   -2 
  74 0.01565315031 0.00088950549 -216.02267732 0.39404890638 1.15023134114 1.02262362875 1.21761261812 1.26614902922 0.89388179253 0.98549824494 0.83735616479 1.13286839438 0.96843769261 1.03265397027 0.93905661256 1.31162139194 0.95669692867 0.86928171324 0.78314223512 1.17170512432 1.02662890550 0.86323882389 -150.5301728385 0.00410570305   -2 
  75 0.01566557671 0.00088936182 -215.98041521 0.39402477311 1.15009943696 1.02288952483 1.21777547734 1.26607047909 0.89392554311 0.98559444099 0.83736740725 1.13289708432 0.96848010464 1.03265704579 0.93909280547 1.31166435906 0.95682777364 0.86951454598 0.78309834452 1.17151672714 1.02647542647 0.86284429011 -150.5301052918 0.00347603684   -2 
  76 0.01567202736 0.00088946065 -215.97325049 0.39403612290 1.14997292591 1.02299876875 1.21791023903 1.26601872430 0.89391811975 0.98559897824 0.83737018877 1.13293392661 0.96848667647 1.03268579341 0.93911290984 1.31168842417 0.95688798356 0.86963734371 0.78307606510 1.17142383128 1.02639842421 0.86261771406 -150.5300637701 0.00479219430   -2 
  77 0.01567990537 0.00088947585 -215.97851686 0.39409167610 1.14979245426 1.02308442212 1.21806901724 1.26594228806 0.89388790389 0.98557419310 0.83736817627 1.13298319279 0.96848253756 1.03273021308 0.93913454165 1.31171290583 0.95695311029 0.86978331370 0.78304716232 1.17131091823 1.02630359546 0.86232847658 -150.5300178174 0.00219115831   -2 
  78 0.01569948461 0.00088964906 -216.02830615 0.39409710407 1.14984982026 1.02268321294 1.21826562408 1.26577885635 0.89362536079 0.98521609337 0.83732483313 1.13316375076 0.96835432524 1.03295295832 0.93916293580 1.31173376789 0.95700935611 0.87006826826 0.78295934793 1.17106844420 1.02608196003 0.86148072452 -150.5299027861 0.00587382751   -2 
  79 0.01570604099 0.00088959281 -216.04872466 0.39410196749 1.14985642192 1.02254612538 1.21829574800 1.26572356254 0.89353404315 0.98509013762 0.83730639366 1.13321637113 0.96830569493 1.03302390114 0.93916800123 1.31173415502 0.95702024874 0.87015427070 0.78292745385 1.17098830116 1.02600551313 0.86119232975 -150.5298629976 0.00300864470   -2 
  80 0.01571556090 0.00088954498 -216.07076490 0.39400435108 1.14988198696 1.02243729755 1.21819565167 1.26568800952 0.89341523000 0.98491119552 0.83727157811 1.13326045368 0.96822131821 1.03311054144 0.93915981750 1.31171395698 0.95700237570 0.87023233538 0.78287213989 1.17088704186 1.02588811270 0.86075693053 -150.5298112114 0.00230111765   -2 
  81 0.01573499383 0.00088955538 -216.18660030 0.39397450473 1.14983421759 1.02261119932 1.21758521874 1.26573788313 0.89326186867 0.98463052021 0.83717058704 1.13319769419 0.96801619430 1.03318405656 0.93908024476 1.31158962759 0.95684633378 0.87020994198 0.78272464670 1.17072662828 1.02561789426 0.85982324378 -150.5297135631 0.00706389714   -2 
  82 0.01574235101 0.00088968228 -216.22808952 0.39394368249 1.14982865906 1.02268820622 1.21737852637 1.26576336566 0.89321503491 0.98453838819 0.83713361187 1.13316784655 0.96794144884 1.03320501202 0.93904815469 1.31154078530 0.95678290308 0.87019110270 0.78266805789 1.17066889824 1.02551421599 0.85947075625 -150.5296615817 0.00206470046   -2 
  83 0.01577274776 0.00088992502 -216.46630280 0.39392502379 1.14953432380 1.02276823677 1.21720457757 1.26572178109 0.89321563621 0.98445369747 0.83695655595 1.13280204000 0.96766279149 1.03303327772 0.93881870796 1.31121840226 0.95638310626 0.86982034810 0.78239221367 1.17043586529 1.02500428710 0.85802640382 -150.5295455372 0.00446413294   -2 
  84 0.01580589160 0.00089005327 -216.69279340 0.39369079026 1.14935674960 1.02267208813 1.21721801879 1.26559177864 0.89323904976 0.98442793697 0.83676601635 1.13237415126 0.96738619609 1.03277423282 0.93854965619 1.31084479258 0.95592998056 0.86934556460 0.78207978727 1.17016645422 1.02442546417 0.85648616922 -150.5293894179 0.00838211556   -2 
  85 0.01582476238 0.00088996796 -216.82887305 0.39359062756 1.14926927122 1.02257462635 1.21723134991 1.26549231158 0.89324524522 0.98441397485 0.83665650953 1.13212908596 0.96723252628 1.03261443571 0.93839301237 1.31062738466 0.95567117072 0.86906564999 0.78189895866 1.17000647124 1.02409079470 0.85561907234 -150.5293007966 0.00332821302   -2 
  86 0.01584455669 0.00089012974 -216.98668434 0.39358484896 1.14954041618 1.02229733417 1.21733570059 1.26529541876 0.89321649826 0.98442449591 0.83656441076 1.13192655911 0.96713215658 1.03238988781 0.93822917584 1.31040585080 0.95542254986 0.86872431722 0.78169586819 1.16980202951 1.02371337781 0.85479040036 -150.5292018119 0.00154935764   -2 
  87 0.01584912682 0.00089007068 -217.01245924 0.39354356276 1.14955604044 1.02222325550 1.21734250706 1.26522176992 0.89317509441 0.98442483632 0.83656197017 1.13193559890 0.96715305223 1.03231145547 0.93819807351 1.31036747026 0.95539227982 0.86862524653 0.78163996609 1.16972732248 1.02360610368 0.85466862938 -150.5291855192 0.00281318008   -2 
  88 0.01585284999 0.00089008883 -217.03080837 0.39350142414 1.14956735002 1.02217458312 1.21734867118 1.26516574027 0.89313840603 0.98442602119 0.83656436353 1.13195417977 0.96717830534 1.03224554982 0.93817523017 1.31034046545 0.95537360047 0.86854253692 0.78159349006 1.16966304423 1.02351534632 0.85458212738 -150.5291737877 0.00170023807   -2 
  89 0.01586821236 0.00089024679 -217.13176604 0.39350688964 1.14943645917 1.02209557088 1.21729804823 1.26496456729 0.89294225984 0.98441216903 0.83660456998 1.13212437498 0.96734949581 1.03194833265 0.93809838129 1.31025930986 0.95535497647 0.86817867247 0.78138570824 1.16935141143 1.02310151008 0.85436381551 -150.5291232098 0.00203624451   -2 
  90 0.01587066982 0.00089022619 -217.14676812 0.39350444070 1.14941035391 1.02208998706 1.21727933874 1.26494007652 0.89291195471 0.98440498164 0.83660917303 1.13214860375 0.96737404933 1.03190244645 0.93808621304 1.31024604849 0.95535399076 0.86812135308 0.78135144005 1.16929904883 1.02303243885 0.85433551916 -150.5291176555 0.00176758518   -2 
  91 0.01587751165 0.00089021214 -217.17586874 0.39344645369 1.14936420590 1.02211457088 1.21720869114 1.26491496414 0.89283995282 0.98437273646 0.83661797891 1.13220729072 0.96743333461 1.03178660536 0.93805554868 1.31021246747 0.95535988977 0.86796831982 0.78125429395 1.16914816023 1.02283303228 0.85427986055 -150.5291024647 0.00093282356   -2 
  92 0.01588145677 0.00089025139 -217.19304936 0.39344067524 1.14940551028 1.02215864886 1.21715682436 1.26496107533 0.89282635686 0.98433483514 0.83661037975 1.13221015021 0.96743952977 1.03174607884 0.93804113074 1.31019476624 0.95537148063 0.86789562744 0.78119662208 1.16905675007 1.02271112300 0.85427646907 -150.5290955986 0.00228235545   -2 
  93 0.01588607037 0.00089023881 -217.21531062 0.39344879112 1.14944832316 1.02220540480 1.21709473720 1.26501906435 0.89281479425 0.98428610919 0.83659793422 1.13220521003 0.96743957651 1.03170372665 0.93802415431 1.31017310503 0.95538540592 0.86781393284 0.78112886996 1.16894903334 1.02256843415 0.85427665966 -150.5290865970 0.00078154317   -2 
  94 0.01589036779 0.00089025252 -217.22705731 0.39343190702 1.14947269235 1.02222612100 1.21708691069 1.26508847649 0.89283382218 0.98424192540 0.83657846081 1.13217423863 0.96741409717 1.03169576181 0.93801343761 1.31015790225 0.95540159072 0.86775901294 0.78106949699 1.16885484222 1.02243885327 0.85429075780 -150.5290820166 0.00154131840   -2 
  95 0.01589500907 0.00089022970 -217.24055518 0.39342157778 1.14948483029 1.02223839385 1.21708600916 1.26515791636 0.89285784205 0.98419528466 0.83655573347 1.13213559678 0.96738149392 1.03169257713 0.93800234254 1.31014167559 0.95541858158 0.86770373303 0.78100617036 1.16875469166 1.02229926486 0.85430718327 -150.5290778034 0.00069144597   -2 
  96 0.01590103613 0.00089023644 -217.25591990 0.39342219819 1.14946030934 1.02221686102 1.21714034760 1.26520719454 0.89290559713 0.98415658814 0.83652545793 1.13207301393 0.96732288910 1.03171818789 0.93799397941 1.31012806846 0.95543829853 0.86765569247 0.78093131214 1.16864036865 1.02212677579 0.85432942916 -150.5290734919 0.00098399191   -2 
  97 0.01590170829 0.00089025212 -217.25644736 0.39341991011 1.14945807958 1.02221248184 1.21715049144 1.26520546595 0.89291163612 0.98415627867 0.83652268173 1.13206596775 0.96731542873 1.03172435642 0.93799394342 1.31012769235 0.95543977876 0.86765352765 0.78092413719 1.16863047758 1.02210968505 0.85433103523 -150.5290723923 0.00061844847   -2 
  98 0.01590575298 0.00089026356 -217.25618995 0.39342791833 1.14941309951 1.02214752314 1.21722892857 1.26509142386 0.89294542146 0.98419445842 0.83650897532 1.13201766815 0.96725556777 1.03179522354 0.93800017288 1.31013226368 0.95543632084 0.86767563081 0.78089285793 1.16860166192 1.02202871823 0.85432490345 -150.5290668868 0.00053827027   -2 
  99 0.01590614034 0.00089027024 -217.25428009 0.39342439833 1.14941713587 1.02214606508 1.21722892531 1.26507841360 0.89294626039 0.98420060196 0.83650846691 1.13201416401 0.96724994597 1.03180387758 0.93800128171 1.31013306760 0.95543408327 0.86768161825 0.78089125695 1.16860283758 1.02202343056 0.85432127483 -150.5290662939 0.00064407653   -2 
 100 0.01590775832 0.00089024832 -217.24569242 0.39341714058 1.14943934791 1.02214529359 1.21720723608 1.26501856146 0.89294249221 0.98422998798 0.83650698820 1.13200055800 0.96722595626 1.03184244278 0.93800596698 1.31013557209 0.95541995034 0.86771414889 0.78088707160 1.16861520740 1.02200596282 0.85429819517 -150.5290641625 0.00050722353   -2 
 101 0.01590912580 0.00089024789 -217.23962056 0.39343226593 1.14945782440 1.02215900170 1.21717739452 1.26498582617 0.89293340736 0.98425744993 0.83650819943 1.13199431134 0.96720934690 1.03187535424 0.93801091459 1.31013808937 0.95540387250 0.86774997793 0.78088709711 1.16863479901 1.02199573399 0.85426884917 -150.5290624000 0.00087108297   -2 
 102 0.01590983364 0.00089026341 -217.23545666 0.39343726699 1.14946693437 1.02216832387 1.21716382457 1.26497495318 0.89292865508 0.98427154165 0.83650954707 1.13199263869 0.96720205991 1.03189218141 0.93801377339 1.31013979776 0.95539532297 0.86776960459 0.78088778136 1.16864631723 1.02199185945 0.85425208071 -150.5290614750 0.00038739154   -2 
 103 0.01591306414 0.00089025275 -217.20726424 0.39344841617 1.14941241815 1.02220977059 1.21713318639 1.26503349380 0.89290020321 0.98431503920 0.83652309998 1.13200636536 0.96719102082 1.03195044687 0.93802738061 1.31014642437 0.95534933688 0.86787200356 0.78090109419 1.16871583262 1.02198032768 0.85414050205 -150.5290579436 0.00040215636   -2 
 104 0.01591348732 0.00089026355 -217.20185199 0.39345233132 1.14943773694 1.02219806486 1.21715495349 1.26505329282 0.89290293403 0.98430880860 0.83652622087 1.13201338481 0.96719805427 1.03194754436 0.93802888967 1.31014755820 0.95534571582 0.86788208426 0.78090451219 1.16872380990 1.02198201263 0.85411785199 -150.5290568537 0.00094574157   -2 
 105 0.01591438131 0.00089024978 -217.19131329 0.39346725000 1.14948812239 1.02216856935 1.21720316940 1.26509442182 0.89290970405 0.98429205818 0.83653257749 1.13202860236 0.96721450880 1.03193804747 0.93803159584 1.31014940987 0.95533857131 0.86790173917 0.78091183360 1.16873974087 1.02198715322 0.85406759578 -150.5290548296 0.00040870148   -2 
 106 0.01591423784 0.00089024681 -217.19163855 0.39345969245 1.14946799354 1.02217987528 1.21719500053 1.26508588097 0.89291130775 0.98429415579 0.83653223132 1.13202762805 0.96721417017 1.03193784725 0.93803149950 1.31015018753 0.95534155031 0.86789657580 0.78091091833 1.16873645817 1.02198722763 0.85407443840 -150.5290543691 0.00024962086   -2 
 107 0.01591425569 0.00089024206 -217.19121244 0.39346037114 1.14946454876 1.02218131902 1.21719588293 1.26508563448 0.89291283006 0.98429315758 0.83653266916 1.13202870496 0.96721583638 1.03193626869 0.93803167171 1.31015073954 0.95534239337 0.86789574249 0.78091122463 1.16873627085 1.02198772864  0.8540724436 -150.5290542643 0.00027877355   -2 
 108 0.01591454083 0.00089023751 -217.18245812 0.39346018764 1.14943292014 1.02220511079 1.21721453420 1.26508797038 0.89293623866 0.98428074182 0.83654026724 1.13204623829 0.96724096006 1.03191579179 0.93803538702 1.31016003499 0.95535516009 0.86788554294 0.78091627361 1.16873521718 1.02199942962 0.85404331509 -150.5290534288 0.00029906641   -2 
 109 0.01591473707 0.00089024927 -217.17818112 0.39346875560 1.14944805998 1.02220779040 1.21722007338 1.26509092836 0.89294664404 0.98427628238 0.83654447302 1.13205550251 0.96725428213 1.03190618312 0.93803769099 1.31016554922 0.95536255902 0.86788033634 0.78091925709 1.16873491317 1.02200549450 0.85402542342 -150.5290528100 0.00053452645   -2 
 110 0.01591488465 0.00089024509 -217.17527209 0.39347582843 1.14945871382 1.02220741535 1.21722237548 1.26509256226 0.89295307716 0.98427335596 0.83654722786 1.13206158241 0.96726327303 1.03189951328 0.93803923218 1.31016924004 0.95536762426 0.86787660954 0.78092133597 1.16873459417 1.02200984687 0.85401243417 -150.5290524271 0.00030375273   -2 
 111 0.01591541768 0.00089022503 -217.16129733 0.39347585699 1.14949347213 1.02220064845 1.21722573855 1.26510144947 0.89296801438 0.98426995586 0.83655586520 1.13207907038 0.96728847086 1.03188369641 0.93804475579 1.31018149286 0.95538304505 0.86786633671 0.78092808523 1.16873465203 1.02202216430 0.85397108183 -150.5290515004 0.00036636038   -2 
 112 0.01591549389 0.00089022901 -217.15936391 0.39347541004 1.14949499868 1.02220120285 1.21722680405 1.26510349927 0.89296942322 0.98427053664 0.83655707149 1.13208120538 0.96729122659 1.03188270185 0.93804566278 1.31018331392 0.95538495798 0.86786543189 0.78092901242 1.16873496797 1.02202367992 0.85396609087 -150.5290513523 0.00025456782   -2 
 113 0.01591638035 0.00089023960 -217.14290588 0.39349043844 1.14945546574 1.02221227180 1.21723654552 1.26512721677 0.89297444549 0.98428485521 0.83656861703 1.13209857879 0.96731180207 1.03188270687 0.93805578718 1.31020233377 0.95540270729 0.86785949182 0.78093831555 1.16874049979 1.02203922966 0.85391548795 -150.5290503339 0.00047732038   -2 
 114 0.01591649752 0.00089023290 -217.14093983 0.39349265194 1.14945194457 1.02221269512 1.21723681453 1.26512899097 0.89297436329 0.98428665779 0.83656974022 1.13210006865 0.96731355725 1.03188315523 0.93805693081 1.31020433477 0.95540452667 0.86785888996 0.78093934697 1.16874112897 1.02204050629 0.85390933467 -150.5290501142 0.00025723300   -2 
 115 0.01591696355 0.00089021885 -217.13161974 0.39348909387 1.14946606973 1.02221127967 1.21723617674 1.26513069463 0.89297102936 0.98429466454 0.83657250177 1.13210215003 0.96731503709 1.03188948864 0.93806083654 1.31021007734 0.95540900314 0.86785877578 0.78094239016 1.16874359895 1.02204277645 0.85388938669 -150.5290495660 0.00027989858   -2 
 116 0.01591719088 0.00089022240 -217.12774012 0.39349003281 1.14947606320 1.02221162544 1.21723681805 1.26513120073 0.89296952764 0.98429885114 0.83657368564 1.13210273261 0.96731489842 1.03189353872 0.93806280316 1.31021262361 0.95541071992 0.86785923628 0.78094371943 1.16874502113 1.02204330085 0.85388075825 -150.5290493761 0.00040302061   -2 
 117 0.01591819394 0.00089022055 -217.11321781 0.39350525509 1.14951433725 1.02221213967 1.21723901585 1.26513127278 0.89296260612 0.98431633583 0.83657811519 1.13210392186 0.96731256730 1.03191210792 0.93807108482 1.31022266961 0.95541723617 0.86786179217 0.78094908503 1.16875116040 1.02204524150 0.85384381952 -150.5290486360 0.00026492220   -2 
 118 0.01591828131 0.00089021542 -217.11238657 0.39350630565 1.14950447966 1.02221452687 1.21724081658 1.26513230634 0.89296336973 0.98431668918 0.83657841980 1.13210409703 0.96731216733 1.03191376250 0.93807169636 1.31022317194 0.95541740621 0.86786251366 0.78094923094 1.16875172283 1.02204413359 0.85384197140 -150.5290484599 0.00037578311   -2 
 119 0.01591855248 0.00089021935 -217.10910330 0.39350518243 1.14947439049 1.02222331735 1.21724865085 1.26513725573 0.89296699287 0.98431814523 0.83657968932 1.13210526821 0.96731120294 1.03191924740 0.93807377693 1.31022500083 0.95541797920 0.86786513330 0.78094967721 1.16875367525 1.02204059368 0.85383672929 -150.5290480191 0.00011797367   -2 
 120 0.01591866108 0.00089021917 -217.10867796 0.39350841223 1.14947910197 1.02222166616 1.21724893396 1.26513745841 0.89296845892 0.98431720102 0.83657975067 1.13210531338 0.96731052769 1.03192079651 0.93807416116 1.31022498904 0.95541773279 0.86786604215 0.78094948447 1.16875393716 1.02203880304 0.85383551144 -150.5290479442 0.00020351662   -2 
 121 0.01591880120 0.00089022352 -217.10768302 0.39351026113 1.14948532840 1.02222048965 1.21724976170 1.26513809647 0.89297044314 0.98431645032 0.83657993614 1.13210552923 0.96730983159 1.03192276066 0.93807470601 1.31022511274 0.95541750273 0.86786726720 0.78094927294 1.16875431371 1.02203654300 0.85383376780 -150.5290478717 0.00015382437   -2 
 122 0.01591946114 0.00089021169 -217.10170731 0.39351022092 1.14949634465 1.02221793211 1.21725186716 1.26514019280 0.89297848742 0.98431231537 0.83658063630 1.13210636079 0.96730684694 1.03193126911 0.93807706785 1.31022540950 0.95541666435 0.86787266552 0.78094810955 1.16875580532 1.02202602615 0.85382485305 -150.5290475677 0.00032763189   -2 
 123 0.01592003368 0.00089021110 -217.09634349 0.39350936296 1.14950442442 1.02221729325 1.21725465178 1.26514290493 0.89298541388 0.98430951040 0.83658152197 1.13210752460 0.96730470227 1.03193867619 0.93807927510 1.31022605202 0.95541613085 0.86787736026 0.78094719163 1.16875718915 1.02201767837 0.85381720017 -150.5290473747 0.00025525839   -2 
 124 0.01592656281 0.00089020522 -217.04481109 0.39354681807 1.14951945172 1.02223587318 1.21729030436 1.26517860430 0.89305484065 0.98429001974 0.83659389633 1.13212475222 0.96728685387 1.03201691058 0.93810445721 1.31023729732 0.95541251954 0.86792878827 0.78093703710 1.16877230752 1.02192004001 0.85372936032 -150.5290454985 0.00021872060   -2 
 125 0.01592922152 0.00089020114 -217.02333814 0.39355405732 1.14950425284 1.02225287383 1.21730221501 1.26519298262 0.89306451808 0.98429945139 0.83660213329 1.13213608562 0.96729088829 1.03203757388 0.93811466302 1.31024736278 0.95541356187 0.86794304887 0.78093250275 1.16877545353 1.02188044422 0.85368886586 -150.5290449859 0.00039569372   -2 
 126 0.01593026238 0.00089019377 -217.01546665 0.39355896806 1.14949842763 1.02225927573 1.21730580391 1.26519788001 0.89306598912 0.98430495794 0.83660553437 1.13214071701 0.96729361564 1.03204391156 0.93811847105 1.31025175164 0.95541422941 0.86794759773 0.78093057068 1.16877616087 1.02186519157 0.85367225663 -150.5290447914 0.00026954629   -2 
 127 0.01593510837 0.00089019521 -216.98056023 0.39358602572 1.14950032821 1.02228614452 1.21731928786 1.26521901246 0.89305357064 0.98435064254 0.83662460920 1.13216649192 0.96731949780 1.03205787238 0.93813588908 1.31027833856 0.95542132430 0.86795918009 0.78092076601 1.16877483521 1.02179654104 0.85358823654 -150.5290439000 0.00026283543   -2 
 128 0.01593521863 0.00089018962 -216.97944304 0.39357968989 1.14952172651 1.02227651932 1.21731851880 1.26521736588 0.89304774163 0.98435601253 0.83662579260 1.13216794729 0.96732599621 1.03204980308 0.93813533776 1.31028087875 0.95542357007 0.86795287493 0.78091985796 1.16877094802 1.02179835634 0.85358057877 -150.5290434242 0.00034128716   -2 
 129 0.01593525331 0.00089018356 -216.97963811 0.39357968846 1.14952781256 1.02227289791 1.21731802336 1.26521649556 0.89304528673 0.98435816562 0.83662619960 1.13216843183 0.96732868429 1.03204611876 0.93813498284 1.31028184150 0.95542456867 0.86794997230 0.78091945329 1.16876921860 1.02179909007 0.85357737352 -150.5290432880 0.00021169539   -2 
 130 0.01593537657 0.00089018635 -216.98171999 0.39358318394 1.14954721900 1.02226214334 1.21731926195 1.26521521289 0.89303525805 0.98436906415 0.83662873800 1.13217152060 0.96734223034 1.03202744943 0.93813367060 1.31028725233 0.95543041645 0.86793527388 0.78091771756 1.16876114544 1.02180654191 0.85356210351 -150.5290429586 0.00025934106   -2 
 131 0.01593538606 0.00089019025 -216.98173905 0.39358221617 1.14954524296 1.02226325995 1.21731988790 1.26521569435 0.89303489018 0.98436982721 0.83662903401 1.13217194304 0.96734340976 1.03202606940 0.93813362066 1.31028781055 0.95543103523 0.86793391822 0.78091759309 1.16876048090 1.02180674367 0.85356059030 -150.5290428748 0.00020928416   -2 
 132 0.01593545314 0.00089018914 -216.98317906 0.39357983962 1.14951647034 1.02227271221 1.21732240722 1.26521784257 0.89303241814 0.98437314774 0.83663057196 1.13217437562 0.96735097876 1.03201616257 0.93813265701 1.31029104309 0.95543547459 0.86792342028 0.78091645363 1.16875538107 1.02180886706 0.85354865692 -150.5290425459 0.00011482689   -2 
 133 0.01593552255 0.00089019627 -216.98552363 0.39358219550 1.14952259857 1.02227137669 1.21732054978 1.26521729846 0.89303064837 0.98437513206 0.83663112028 1.13217499007 0.96735629317 1.03200673905 0.93813142560 1.31029268776 0.95543899494 0.86791273229 0.78091512728 1.16874965006 1.02181668751 0.85353663099 -150.5290423912 0.00021915327   -2 
 134 0.01593556175 0.00089019387 -216.98675189 0.39358301676 1.14952501230 1.02227035466 1.21731910825 1.26521657870 0.89302959895 0.98437568328 0.83663124702 1.13217506583 0.96735877244 1.03200173009 0.93813065645 1.31029331682 0.95544076165 0.86790702318 0.78091434740 1.16874654784 1.02182041104 0.85352999866 -150.5290423170 0.00019354107   -2 
 135 0.01593578576 0.00089018904 -216.99130997 0.39357616822 1.14953756943 1.02226640785 1.21731284121 1.26521345783 0.89302483480  0.9843779799 0.83663181455 1.13217530143 0.96737092173 1.03197654799 0.93812668743 1.31029633621 0.95544994789 0.86787682754 0.78091012943 1.16873007383 1.02183823099 0.85349378191 -150.5290420095 0.00015966154   -2 
 136 0.01593583515 0.00089019106 -216.99222827 0.39357468431 1.14953805615 1.02226606518 1.21731229479 1.26521318522 0.89302414972 0.98437816427  0.8366318946 1.13217534671 0.96737299048 1.03197208922 0.93812593270 1.31029682245 0.95545161665 0.86787102569 0.78090928644 1.16872691198 1.02184155766 0.85348645136 -150.5290419785 0.00014121801   -2 
 137 0.01593606022 0.00089019339 -216.99711629 0.39357432035 1.14952244452 1.02226671587 1.21731292928 1.26521270299 0.89302253133 0.98437739551 0.83663138583 1.13217473414 0.96737769092 1.03195927293 0.93812301594 1.31029713901 0.95545620634 0.86785020377 0.78090581245 1.16871547505 1.02185324447 0.85345790507 -150.5290418083 0.00018549017   -2 
 138 0.01593610507 0.00089019662 -216.99786205 0.39357358879 1.14951999456 1.02226703375 1.21731329851 1.26521273196 0.89302239677 0.98437709368 0.83663121059 1.13217453343 0.96737805226 1.03195766127 0.93812251291 1.31029699631 0.95545674605 0.86784689169 0.78090518123 1.16871360369 1.02185445295 0.85345285499 -150.5290417715 0.00007273299    0 
-- Found new optimum with likelihood -150.529041771547782 and gradient 0.00007

---- Best joint likelihood found -150.529041771547782 with gradient 0.00007

---- Results for /scratch/38995934/tmpt7arbhyw 
--  Model: C
--        eps_an     theta_bar             a 
-- 0.01593610507 0.00089019662            -1 
--           S_d             b           p_b           S_b 
-- -216.99786205 0.39357358879             0             1 
--           r 2           r 3           r 4           r 5           r 6           r 7           r 8           r 9          r 10          r 11          r 12          r 13          r 14          r 15          r 16          r 17          r 18          r 19 
-- 1.14951999456 1.02226703375 1.21731329851 1.26521273196 0.89302239677 0.98437709368 0.83663121059 1.13217453343 0.96737805226 1.03195766127 0.93812251291 1.31029699631 0.95545674605 0.86784689169 0.78090518123 1.16871360369 1.02185445295 0.85345285499 

---- Expected P_neut(i), 0 < i < n (neutral SFS per site) 
E[P_neut(1)] = 0.0008766476
E[P_neut(2)] = 0.0005043011
E[P_neut(3)] = 0.0002994808
E[P_neut(4)] = 0.0002672871
E[P_neut(5)] = 0.0002224887
E[P_neut(6)] = 0.0001313510
E[P_neut(7)] = 0.0001246191
E[P_neut(8)] = 0.0000927212
E[P_neut(9)] = 0.0001115305
E[P_neut(10)] = 0.0000861157
E[P_neut(11)] = 0.0000839669
E[P_neut(12)] = 0.0000699673
E[P_neut(13)] = 0.0000902899
E[P_neut(14)] = 0.0000618964
E[P_neut(15)] = 0.0000542726
E[P_neut(16)] = 0.0000470723
E[P_neut(17)] = 0.0000650579
E[P_neut(18)] = 0.0000578845
E[P_neut(19)] = 0.0000535354

---- Expected P_sel(i), 0 < i < n (selected SFS per site) 
E[P_sel(1)] = 0.0003179336
E[P_sel(2)] = 0.0001258504
E[P_sel(3)] = 0.0000618461
E[P_sel(4)] = 0.0000489484
E[P_sel(5)] = 0.0000373251
E[P_sel(6)] = 0.0000205688
E[P_sel(7)] = 0.0000184514
E[P_sel(8)] = 0.0000131067
E[P_sel(9)] = 0.0000151496
E[P_sel(10)] = 0.0000112958
E[P_sel(11)] = 0.0000106842
E[P_sel(12)] = 0.0000086642
E[P_sel(13)] = 0.0000109136
E[P_sel(14)] = 0.0000073492
E[P_sel(15)] = 0.0000064212
E[P_sel(16)] = 0.0000055988
E[P_sel(17)] = 0.0000076412
E[P_sel(18)] = 0.0000074218
E[P_sel(19)] = 0.0000093359

---- alpha_dfe = 0.000000

