---- Running command
---- ./polyDFE -d /scratch/38996007/tmp73zp3y_5 -m C -i /scratch/38996007/tmpbwoy19x3 1 -v 1 
---- Performing inference using model C

---- Performing inference on /scratch/38996007/tmp73zp3y_5
----      with -i /scratch/38996007/tmpbwoy19x3 1
---- Data /scratch/38996007/tmp73zp3y_5 does not contain divergence counts. Using option -w.
---- No mutation variability. Using Poisson likelihood.


---- Using provided initial values

-- Starting local optimization
-- Optimizing all parameters
  it     theta_bar           S_d             b           r 2           r 3           r 4           r 5           r 6           r 7           r 8           r 9          r 10          r 11          r 12          r 13          r 14          r 15          r 16          r 17          r 18          r 19           ln lk          grad status 
   0   0.003173891 -107.30439999     0.3296192     0.9469638     0.9230956     0.9466103     0.9502794     0.8771146     0.9116737     0.9146468     0.9159601     0.9612144     0.8649103      0.980338     0.9128444     0.9628696     0.9582216      1.012621      1.209005      1.301762      1.559119 -241.3942630589 2.35733777974   -2 
   1 0.00313350781 -107.28641937 0.32892746871 0.94432229411 0.92078941165 0.94954654603 0.95013479537 0.87897046458 0.91181356338 0.91347803846 0.91521122159 0.96160382330 0.86450789152 0.97954769521 0.91340491955 0.96150627872 0.95773631791 1.01160793733 1.20958390975 1.30127386427 1.55911893391 -239.6764753070 1.69245647601   -2 
   2 0.00309625067 -106.10380700 0.31756619792 0.93667020086 0.91123509569 0.97168425181 0.95189642999 0.89284677732 0.91440956716 0.90742627701 0.91166344352 0.96537984124 0.86282423994 0.97547935770 0.91791207985 0.95352835234 0.95536948730 1.00583677107 1.21440040741 1.29920286112 1.56052746631 -235.8433084836 0.75219626571   -2 
   3 0.00310791944 -106.75802637 0.32139696865 0.93813970492 0.89847020127 1.01160031850 0.95465525248 0.92350449809 0.91959337985 0.89235292373 0.90231030021 0.97399624513 0.85797610401 0.96453810287 0.92905066854 0.93254075445 0.94867246700 0.99030201371 1.22626840385 1.29305073420 1.56318691930 -233.2959308969 0.35786744443   -2 
   4 0.00310924352 -107.04833576 0.32260124472 0.94722095558 0.91192526269 1.00565060145 0.95728027781 0.93942933926 0.92407950916 0.88277692928 0.89593128765 0.98225361406 0.85422717136 0.95527203150 0.94084719524 0.91241654402 0.94243473067 0.97492803889 1.23928442868 1.28768326744 1.56700857730 -232.5282679815 0.33616935592   -2 
   5 0.00310239314 -107.05547513 0.32241489597 0.94659015569 0.91245014677 1.00452550725 0.95748507373 0.93985534538 0.92440617163 0.88235188799 0.89561276317 0.98292440928 0.85399633089 0.95460919445 0.94191976120 0.91071883910 0.94193055113 0.97358841070 1.24051397724 1.28728596262 1.56744410081 -232.4751624538 0.35967134822   -2 
   6 0.00309903644 -106.90445265 0.32035841813 0.94347532244 0.91357231742 1.00048156885 0.95847364979 0.93987898880 0.92560448389 0.88182444703 0.89512586015 0.98524244777 0.85351140005 0.95277558057 0.94570252283 0.90521878709 0.94040933730 0.96918955496 1.24494098806 1.28622041463 1.56926964651 -232.3298897774 0.16162361918   -2 
   7 0.00310713835 -107.17790821 0.32101293138 0.93881756507 0.90915357242 0.99475217480 0.95879834777 0.93347138181 0.92629431389 0.88347106845 0.89573217342 0.98781935931 0.85322497524 0.95078779367 0.95143531114 0.89691442887 0.93813279236 0.96213251588 1.25204665350 1.28478660062 1.57236931937 -232.1980365693 0.14046297549   -2 
   8 0.00310943726 -107.18596131 0.32094732970 0.93906080889 0.90888810250 0.99470857230 0.95866776858 0.93295746040 0.92621460200 0.88360929979 0.89578435926 0.98785575421 0.85320423974 0.95069170265 0.95171663847 0.89642549280 0.93798177744 0.96168359158 1.25242737431 1.28468217390 1.57251288460 -232.1909593648 0.12057147906   -2 
   9 0.00310864522 -107.31053757 0.32089147429 0.94186521542 0.90713613990 0.99554774570 0.95697778483 0.92945705860 0.92501780979 0.88437182063 0.89599856793 0.98732215237 0.85297670976 0.95018545643 0.95279611602 0.89377989636 0.93702226008 0.95908056281 1.25409994471 1.28391607513 1.57290754303 -232.1601067380 0.05391241587   -2 
  10 0.00310817498 -107.39454385 0.32034502313 0.94117238041 0.90790168047 0.99711788800 0.95588222385 0.92825107623 0.92387823850 0.88469159986 0.89605989766 0.98625631014 0.85279964861 0.95008488091 0.95268186107 0.89271740920 0.93647105515 0.95775638454 1.25433569820 1.28339434690 1.57264496924 -232.1498337667 0.07415687714   -2 
  11 0.00310727859 -107.42672916 0.32033365936 0.94099450512 0.90802583892 0.99733225168 0.95569275614 0.92807659053 0.92365632630 0.88472680109 0.89605522975 0.98602616318 0.85275666396 0.95006438484 0.95262056209 0.89253492728 0.93636209598 0.95751250532 1.25433590679 1.28328402152 1.57256118031 -232.1482243758 0.04391146338   -2 
  12 0.00310991350 -107.64196479 0.32050915575 0.94042428445 0.90861952009 0.99783484195 0.95513401806 0.92781341342 0.92267202264 0.88476782830 0.89597215744 0.98478363341 0.85252548068 0.95000854029 0.95206422462 0.89184156902 0.93584074342 0.95642602558 1.25404707752 1.28271906822 1.57196690331 -232.1431576557 0.03458533022   -2 
  13 0.00310941344 -107.96070490 0.31976111913 0.94110893271 0.90744253520 0.99593886072 0.95531753862 0.92856181660 0.92187271243 0.88430936672 0.89556381626 0.98306565871 0.85206808375 0.94987093924 0.95071466171 0.89126012417 0.93507504171 0.95512060904 1.25289960504 1.28177290386 1.57061186892 -232.1339965113 0.03910801537   -2 
  14 0.00310954337 -108.15921914 0.31972997694 0.94084173719 0.90711806958 0.99538083138 0.95532381609 0.92873643689 0.92164123627 0.88403625628 0.89532924675 0.98245289253 0.85183898301 0.94975132242 0.95011631396 0.89104192182 0.93473812470 0.95460933560 1.25232643252 1.28133561330 1.56996917412 -232.1313976668 0.09163820983   -2 
  15 0.00311352910 -108.61514202 0.31955549527 0.94019334687 0.90653313540 0.99428983651 0.95533312635 0.92909042941 0.92117214551 0.88340281451 0.89478555524 0.98111454103 0.85131108377 0.94946382335 0.94874929080 0.89055754169 0.93396796316 0.95345861401 1.25099404286 1.28032978045 1.56848665935 -232.1254699579 0.03952056606   -2 
  16 0.00311588628 -109.51567161 0.31830609357 0.93827187679 0.90644326220 0.99417852143 0.95430081753 0.92825134399 0.92050566074 0.88197811409 0.89350063294 0.97932107721 0.85013369650 0.94850859712 0.94631697770 0.88962240746 0.93244557186 0.95148696666 1.24828096605 1.27825478473 1.56549636624 -232.1154331198 0.07563029147   -2 
  17 0.00311521254 -109.70130097 0.31813551005 0.93806596721 0.90638634144 0.99416778895 0.95403814975 0.92799417635 0.92036376634 0.88169984796 0.89324144831 0.97902558937 0.84989746110 0.94829378974 0.94588178543 0.88943463646 0.93215311823 0.95112971242 1.24776815184 1.27785084557 1.56492595126 -232.1135239584 0.05771934316   -2 
  18 0.00311859079 -110.97307559 0.31703588625 0.93934085491 0.90590775867 0.99442600115 0.95189050859 0.92547093676 0.91940255871 0.87994192743 0.89150306158 0.97771003184 0.84829682462 0.94660625300 0.94343233340 0.88815103917 0.93027149499 0.94904994078 1.24455670215 1.27519703386 1.56130684124 -232.1020462060 0.02532331556   -2 
  19 0.00311827253 -110.77887703 0.31715117891 0.93880301348 0.90579308677 0.99398803424 0.95244283956 0.92583722034 0.91951692792 0.88042172548 0.89188390158 0.97832084501 0.84859903265 0.94677248348 0.94423623437 0.88833591114 0.93066660292 0.94963008122 1.24534870924 1.27572234117 1.56214180209 -232.1005367422 0.02239216074   -2 
  20 0.00311791882 -110.77422346 0.31718022175 0.93878980029 0.90575683164 0.99391427455 0.95248300179 0.92583417377 0.91951005508 0.88047526769 0.89191664614 0.97842317669 0.84861982378 0.94675667929 0.94435503098 0.88833911070 0.93070330686 0.94970789452 1.24544034094 1.27576573932 1.56223000463 -232.1003051959 0.02490961113   -2 
  21 0.00311841159 -110.77366551 0.31728508314 0.93904546317 0.90550085407 0.99336060261 0.95276850023 0.92568949879 0.91942124045 0.88092530202 0.89216431825 0.97938854150 0.84875494530 0.94652314826 0.94542709655 0.88831481959 0.93098327880 0.95039253781 1.24620359565 1.27607589950 1.56294170993 -232.0987702790 0.01474148081   -2 
  22 0.00311766543 -110.79466871 0.31722655797 0.93909963051 0.90554999760 0.99338753729 0.95276906180 0.92558340535 0.91937875543 0.88105470571  0.8922239753 0.97976217701 0.84877755105 0.94637794931 0.94586321217 0.88827377130 0.93107279833 0.95067745999 1.24648483175 1.27615955165 1.56318712228 -232.0983394318 0.03210847293   -2 
  23 0.00311761869 -110.81661967 0.31713366229 0.93917769121 0.90564181325 0.99347075496 0.95276426965 0.92548117233 0.91934355651 0.88118255791 0.89228332767 0.98014257826 0.84879954564 0.94622680054 0.94631225372 0.88823023922 0.93116398413 0.95097384769 1.24677257928 1.27624321088 1.56343714095 -232.0978861220 0.01114829931   -2 
  24 0.00311755954 -110.90372599 0.31710509672 0.93924470657 0.90594197865 0.99390302923 0.95266620033 0.92537004366 0.91932754026 0.88128466324 0.89232334382 0.98061370174 0.84880198387 0.94597149921 0.94695408143 0.88813815960 0.93127706515 0.95143025490 1.24716329614 1.27632542127 1.56375596409 -232.0974593369 0.00717495066   -2 
  25 0.00311797181 -110.90975321 0.31711646708 0.93924947611 0.90581938361 0.99382893510 0.95271185592 0.92552435385 0.91940154659 0.88116546285 0.89227605521 0.98029103866 0.84878628523 0.94608266031 0.94664078519 0.88816471907 0.93121663078 0.95125714678 1.24696558275 1.27626378709 1.56357870409 -232.0972820506 0.01798064596   -2 
  26 0.00311788502 -110.91845134 0.31713039953 0.93923633987 0.90574471771 0.99378761554 0.95273221548 0.92561762159 0.91944642740 0.88108562710 0.89224265088 0.98008543674 0.84877361289 0.94614768391 0.94644597519 0.88817814920 0.93117720415 0.95115180963 1.24684062472 1.27622176728 1.56346469264 -232.0971713188 0.00708684314   -2 
  27 0.00311794081 -110.96956659 0.31702402743 0.93915321405 0.90575552183 0.99384724309 0.95270829895 0.92578540197 0.91954582617 0.88087816892 0.89214482949 0.97962175269 0.84872522117 0.94625131198 0.94604038653 0.88818129495 0.93107976165 0.95095969756 1.24656142057 1.27610132915 1.56319338128 -232.0969563497 0.01140577278   -2 
  28 0.00311779732 -110.98396602 0.31701343345 0.93913751721 0.90576116656 0.99385688883 0.95269426731 0.92580092447 0.91955617147 0.88084064216 0.89212453105 0.97954415676 0.84871338900 0.94626275493 0.94597229925 0.88817783115 0.93106038860 0.95092788015 1.24651119436 1.27607593163 1.56314250381 -232.0969125730 0.00872378749   -2 
  29 0.00311848814 -111.18502976 0.31688852023 0.93916951495 0.90594586560 0.99397474777 0.95245996759 0.92573524255 0.91955532784 0.88051412142 0.89191196842 0.97893779179 0.84856532609 0.94626872944 0.94542217310 0.88809094225 0.93085780704 0.95068029005 1.24605161013 1.27579053531 1.56264856316 -232.0964770107 0.01112945167   -2 
  30 0.00311830752 -111.26557103 0.31681440698 0.93915519974 0.90593289695 0.99395174781 0.95237715335 0.92565173721 0.91951158616 0.88042834250 0.89183956687 0.97879954044 0.84850514613 0.94623305368 0.94527948418 0.88804302693 0.93078428455 0.95060959513 1.24590955873 1.27568285890 1.56248614877 -232.0963252457 0.02365247712   -2 
  31 0.00311911091 -111.75589888 0.31623930158 0.93911501693 0.90578746541 0.99375766783 0.95191276099 0.92509169543 0.91920296271 0.87996671076 0.89141810990 0.97808639619 0.84813816564 0.94597175746 0.94449903687 0.88773461205 0.93034273390 0.95021000562 1.24508903249 1.27503066688 1.56153346036 -232.0954002570 0.01429637938   -2 
  32 0.00311980366 -112.10364549 0.31599153201 0.93893864736 0.90544800004 0.99340584962 0.95169905537 0.92468633525 0.91887689004 0.87976914547 0.89116133580 0.97788126235 0.84787635417 0.94567173433 0.94418167969 0.88747184329 0.93004859536 0.94997769189 1.24464006154 1.27459110479 1.56097147374 -232.0948238404 0.03158686405   -2 
  33 0.00312076431 -112.29598897 0.31583226899 0.93884971699 0.90525724583 0.99320225110 0.95159458975 0.92446674299 0.91868638582 0.87967155037 0.89102196253 0.97779658002 0.84772891927 0.94549073721 0.94402812411 0.88731857254 0.92988439491 0.94985089688 1.24440117968 1.27434542580 1.56066673926 -232.0944943339 0.00857938252   -2 
  34 0.00312095246 -112.46835848 0.31564295386 0.93865976892 0.90503004992 0.99287325552 0.95155101766 0.92431094369 0.91838091661 0.87965722964 0.89089212175 0.97797264241 0.84754899560 0.94514713316 0.94410991831 0.88707890256 0.92970687253 0.94973206604 1.24427361928 1.27408078617 1.56043752288 -232.0942307843 0.01179115449   -2 
  35 0.00312114663 -112.49324417 0.31560983292 0.93864544663 0.90500554495 0.99282744393 0.95154536657 0.92429252503 0.91833055316 0.87965786044 0.89087226790 0.97801145803 0.84751915378 0.94508486220 0.94413553516 0.88703628928 0.92967818344 0.94971326237 1.24426000494 1.27403824659 1.56040591741 -232.0941913039 0.00615348077   -2 
  36 0.00312127449 -112.57444472 0.31555308830 0.93868507448 0.90499905745 0.99269838424 0.95149858536 0.92426641430 0.91810894518 0.87966934733 0.89078995325 0.97824753607 0.84738247045 0.94475845528 0.94435280021 0.88681776545 0.92955491846 0.94963253962 1.24426503598 1.27385894347 1.56031949751 -232.0940591009 0.00479108296   -2 
  37 0.00312135898 -112.58309255 0.31554271886 0.93869348188 0.90500711312 0.99269691287 0.95149130544 0.92426736821 0.91808376490 0.87967036216 0.89077939493 0.97828083702 0.84736351068 0.94471073299 0.94438953476 0.88678486940 0.92953766932 0.94962090369 1.24427011175 1.27383425992 1.56031092108 -232.0940487263 0.00458127119   -2 
  38 0.00312130474 -112.60466704 0.31552359460 0.93870771082 0.90504646515 0.99272833101 0.95146086055 0.92427907749 0.91802066389 0.87966801937 0.89074680085 0.97838047138 0.84730332495 0.94455483344 0.94452021547 0.88667404682 0.92948239439 0.94958183366 1.24429649668 1.27375641507 1.56029163288 -232.0940186400 0.00307021439   -2 
  39 0.00312134442 -112.60785521 0.31551745489 0.93871033399 0.90505841347 0.99274768320 0.95145439111 0.92428518668 0.91801315046 0.87966638586 0.89074014666 0.97840220004 0.84728927223 0.94451651107 0.94455648493 0.88664508674 0.92946882121 0.94957172160 1.24430645293 1.27373775844 1.56028979776 -232.0940136882 0.00314249584   -2 
  40 0.00312128164 -112.61150637 0.31551316548 0.93870519060 0.90507792955 0.99279790971 0.95144169897 0.92429969772 0.91801215049 0.87965988087 0.89072896218 0.97843548068 0.84726346446 0.94444408634 0.94463059964 0.88658688859 0.92944258948 0.94955098032 1.24433016060 1.27370248086 1.56029004926 -232.0940045717 0.00248670742   -2 
  41 0.00312131475 -112.61090630 0.31551169028 0.93870444648 0.90508341117 0.99282123237 0.95143954725 0.92430733942 0.91802062406 0.87965660314 0.89072670252 0.97844335477 0.84725531826 0.94441897670 0.94466099167 0.88656423908 0.92943319167 0.94954290480 1.24434223478 1.27369035271 1.56029317663 -232.0940010824 0.00255027188   -2 
  42 0.00312127676 -112.60772802 0.31551681801 0.93869909211 0.90508748311 0.99287313653 0.95143688666 0.92432501691 0.91805107408 0.87964710126 0.89072378958 0.97845235038 0.84723906543 0.94436622209 0.94473116567 0.88651229014 0.92941241957 0.94952397365 1.24437289895 1.27366434016 1.56030358733 -232.0939941479 0.00186496928   -2 
  43 0.00312131660 -112.60222195 0.31552173839 0.93870366251 0.90508371607 0.99289204279 0.95144212134 0.92433650467 0.91808191416 0.87964160100 0.89072662115 0.97844815294 0.84723394219 0.94434316020 0.94477376199 0.88648273682 0.92940213780 0.94951324169 1.24439605586 1.27365272567 1.56031560861 -232.0939894260 0.00365661145   -2 
  44 0.00312126050 -112.58898231 0.31553967515 0.93871065055 0.90506976015 0.99292249141 0.95145522589 0.92435999696 0.91815362832 0.87962909612 0.89073457862 0.97843282153 0.84722493270 0.94429741979 0.94486598232 0.88641889284 0.92938054272 0.94948979322 1.24444846873 1.27362910289 1.56034420944 -232.0939800006 0.00218285459   -2 
  45 0.00312129700 -112.57656156 0.31554219055 0.93871650343 0.90507137578 0.99288629004 0.95147086770 0.92436317013 0.91818001210 0.87963236264 0.89074733070 0.97841557788 0.84723527926 0.94431072023 0.94488462133 0.88641190367 0.92938277350 0.94948822452 1.24447077357 1.27363572547 1.56036507445 -232.0939690879 0.00588339631   -2 
  46 0.00312113597 -112.54152989 0.31556188239 0.93872147046 0.90507238704 0.99277241192 0.95151245948 0.92436757115 0.91824922986 0.87964229053 0.89078395573 0.97836349980 0.84726703296 0.94435560622 0.94493034378 0.88639698765 0.92939131687 0.94948538068 1.24453217211 1.27365772872 1.56042444750 -232.0939407807 0.00266850132   -2 
  47 0.00312124244 -112.50215356 0.31563403874 0.93870504240 0.90509251946 0.99276209038 0.95153526393 0.92436609097 0.91827157108 0.87966933224 0.89082601237 0.97832788934 0.84731712171 0.94444538232 0.94493603756 0.88642429622 0.92942235344 0.94950293199 1.24458615253 1.27371018268 1.56049344424 -232.0939059169 0.00315531609   -2 
  48 0.00312108857 -112.39497415 0.31570938515 0.93867555916 0.90513309930 0.99291433304 0.95155357539 0.92437769002 0.91825541139 0.87975027677 0.89091610444 0.97831074899 0.84744140967 0.94467684053 0.94490430425 0.88654406029 0.92952214731 0.94957580252 1.24469100397 1.27386567812 1.56065386655 -232.0938351784 0.00840021502   -2 
  49 0.00312091859 -112.36571244 0.31573503042 0.93866980131 0.90514111014 0.99295515971 0.95155763999 0.92438205762 0.91824994047 0.87977239818 0.89093986597 0.97830962907 0.84747505162 0.94473933220 0.94489508630 0.88657862903 0.92955045502 0.94959710874 1.24471917512 1.27390933523 1.56069782646 -232.0938167463 0.00250448900   -2 
  50 0.00312082502 -112.32977225 0.31577208558 0.93880482666 0.90514355342 0.99298820128 0.95158214832 0.92443522100 0.91825672907 0.87980464152 0.89095746772 0.97839198027 0.84750484442 0.94478048925 0.94489529320 0.88664575211 0.92960014049 0.94964833828 1.24474835358 1.27397697102 1.56075318060 -232.0937867069 0.00256704879   -2 
  51 0.00312077159 -112.32776341 0.31577569461 0.93880030940 0.90514698035 0.99298856958 0.95158736018 0.92444380345 0.91826107692 0.87980780330 0.89095821893 0.97840651981 0.84750568046 0.94477874469 0.94489837290 0.88665272143 0.92960527676 0.94965488498 1.24475063793 1.27398319771 1.56075783101 -232.0937832506 0.00320814464   -2 
  52 0.00312072683 -112.31073938 0.31578659527 0.93873064579 0.90519713014 0.99299300756 0.95164746190 0.92453130306 0.91831369508 0.87983931544 0.89096634892 0.97855258470 0.84751053722 0.94475195678 0.94493637036 0.88671657792 0.92965317415 0.94971829264 1.24477282745 1.27403979631 1.56080105478 -232.0937582832 0.00166191294   -2 
  53 0.00312075999 -112.30990053 0.31578847900 0.93874327205 0.90519702567 0.99299425528 0.95165017842 0.92453483559 0.91831881913 0.87984177401 0.89096769525 0.97856330583 0.84751062319 0.94474822567 0.94494176599 0.88672150956 0.92965722749 0.94972424196 1.24477535217 1.27404434474 1.56080501240 -232.0937562541 0.00249204674   -2 
  54 0.00312073933 -112.30819374 0.31580058978 0.93879090522 0.90519067590 0.99300064007 0.95165584899 0.92454268634 0.91833582621 0.87984928071 0.89097214195 0.97859827671 0.84751022989 0.94473376012 0.94496155719 0.88673777649 0.92967085421 0.94974484625 1.24478398301 1.27405930610 1.56081815955 -232.0937507050 0.00095485235   -2 
  55 0.00312069752 -112.30744273 0.31579532162 0.93878269987 0.90519222106 0.99300592936 0.95165556518 0.92454070054 0.91833882211 0.87985122787 0.89097475803 0.97860058322 0.84751117358 0.94473230839 0.94496733668 0.88674036000 0.92967369900 0.94974919618 1.24478734905 1.27406246621 1.56082212868 -232.0937493654 0.00128565119   -2 
  56 0.00312070309 -112.30706078 0.31579305646 0.93878082729 0.90519338733 0.99300854340 0.95165579800 0.92454008595 0.91834045749 0.87985229469 0.89097612605 0.97860192231 0.84751169945 0.94473165130 0.94497024054 0.88674172819 0.92967519301 0.94975143884 1.24478908138 1.27406413706 1.56082419877 -232.0937489092 0.00051933940   -2 
  57 0.00312070211 -112.30552896 0.31580251794 0.93877854569 0.90520730188 0.99301510193 0.95166056125 0.92452893349 0.91836818975 0.87987038611 0.89099995892 0.97862844713 0.84752014024 0.94471589674 0.94502579850 0.88676848290 0.92970419539 0.94979563104 1.24482092472 1.27409600745 1.56086272613 -232.0937458807 0.00087667721   -2 
  58 0.00312070984 -112.30493515 0.31580241264 0.93878082839 0.90520915545 0.99301738507 0.95166194626 0.92452827879 0.91837239753 0.87987339508 0.89100384882 0.97863294800 0.84752175641 0.94471376440 0.94503487300 0.88677306266 0.92970915990 0.94980313467 1.24482641847 1.27410154500 1.56086937170 -232.0937455404 0.00092148595   -2 
  59 0.00312065994 -112.30204789 0.31580122441 0.93879546120 0.90521318200 0.99302950314 0.95166808882 0.92452884872 0.91838734913 0.87988503151 0.89101887194 0.97865108573 0.84752867200 0.94470632087 0.94507094775 0.88679195397 0.92972966135 0.94983401389 1.24484906721 1.27412450679 1.56089673147 -232.0937443175 0.00046358567   -2 
  60 0.00312065229 -112.30193591 0.31580196960 0.93879601242 0.90521284161 0.99302981744 0.95166877536 0.92453062002 0.91838639522 0.87988476781 0.89101842974 0.97865071725 0.84752892349 0.94470733562 0.94507007978 0.88679188725 0.92972960626 0.94983378298 1.24484904291 1.27412454162 1.56089669560 -232.0937442060 0.00056977731   -2 
  61 0.00312066135 -112.29955736 0.31580712736 0.93880658497 0.90521130273 0.99303244714 0.95167918662 0.92455601142 0.91837484879 0.87988226316 0.89101350376 0.97864666657 0.84753296457 0.94472182594 0.94505946725 0.88679192879 0.92972978586 0.94983165309 1.24484992247 1.27412620403 1.56089774130 -232.0937432520 0.00043257940   -2 
  62 0.00312063745 -112.29664704 0.31580683352 0.93880417944 0.90521332472 0.99303215586 0.95168556766 0.92457254095 0.91836864358 0.87988166546 0.89101095405 0.97864479005 0.84753694963 0.94473408884 0.94505187740 0.88679278435 0.92973075972 0.94983081183 1.24485185007 1.27412875460 1.56090013453 -232.0937427445 0.00052406547   -2 
  63 0.00312064149 -112.29606477 0.31580665887 0.93880380896 0.90521405812 0.99303231342 0.95168642383 0.92457466534 0.91836810393 0.87988179619 0.89101075782 0.97864467529 0.84753772079 0.94473619371 0.94505077977 0.88679304679 0.92973103940 0.94983079627 1.24485234538 1.27412935992 1.56090076488 -232.0937426630 0.00030501889   -2 
  64 0.00312063231 -112.28809562 0.31581460596 0.93878951216 0.90522494685 0.99304014263 0.95168778259 0.92457789399 0.91837436207 0.87988774257 0.89101350087 0.97864743868 0.84754897294 0.94476163356 0.94504152670 0.88679881432 0.92973704898 0.94983356928 1.24486190921 1.27414043442 1.56091317826 -232.0937417967 0.00046897696   -2 
  65 0.00312063287 -112.27836598 0.31582485774 0.93879921752 0.90522875132 0.99304598550 0.95168709463 0.92457388904 0.91838558113 0.87989600820 0.89101950833 0.97865351232 0.84756113343 0.94478606372 0.94503610834 0.88680649605 0.92974500619 0.94983847803 1.24487416068 1.27415430351 1.56092914524 -232.0937408605 0.00116719126   -2 
  66 0.00312061040 -112.27285081 0.31583126715 0.93880486289 0.90522983842 0.99304813642 0.95168674277 0.92457129235 0.91839202115 0.87990070028 0.89102312243 0.97865721424 0.84756787129 0.94479927814 0.94503360662 0.88681093546 0.92974962243 0.94984145502 1.24488120626 1.27416223790 1.56093831909 -232.0937403728 0.00042798532   -2 
  67 0.00312059187 -112.26595197 0.31583532010 0.93881356882 0.90522848361 0.99304929165 0.95168988943 0.92456963766 0.91840021908 0.87990673474 0.89102927340 0.97866347992 0.84757466875 0.94480971123 0.94503576429 0.88681688281 0.92975591153 0.94984656798 1.24489027277 1.27417213304 1.56095012840 -232.0937400153 0.00044585811   -2 
  68 0.00312057699 -112.26369617 0.31583698660 0.93881465773 0.90522786994 0.99305044949 0.95169176626 0.92456977604 0.91840284568 0.87990877734 0.89103174906 0.97866613379 0.84757658770 0.94481173630 0.94503790284 0.88681904369 0.92975821054 0.94984870914 1.24489348632 1.27417554088 1.56095428792 -232.0937399130 0.00050459380   -2 
  69 0.00312055699 -112.25447899 0.31584280370 0.93881604631 0.90522685104 0.99305746554 0.95170252437 0.92457344667 0.91841358544 0.87991747982 0.89104339741 0.97867884508 0.84758345628 0.94481533566 0.94505140225 0.88682856164 0.92976835272 0.94985898878 1.24490734493 1.27418989641 1.56097214079 -232.0937395033 0.00062067927   -2 
  70 0.00312053690 -112.24939722 0.31584777106 0.93881505007 0.90522720337 0.99306235825 0.95170912012 0.92457664595 0.91841931257 0.87992237643 0.89105031621 0.97868640209 0.84758702159 0.94481592248 0.94506063534 0.88683420138 0.92977438774 0.94986541001 1.24491546230 1.27419821106 1.56098256996 -232.0937392944 0.00062835067   -2 
  71 0.00312054476 -112.24421611 0.31585410375 0.93881352053 0.90523068514 0.99306694205 0.95171683195 0.92458227367 0.91842473272 0.87992755242 0.89105794560 0.97869496939 0.84759033174 0.94481445991 0.94507271900 0.88684049016 0.92978116983 0.94987300701 1.24492438027 1.27420720522 1.56099399126 -232.0937389280 0.00063855417   -2 
  72 0.00312053748 -112.24122319 0.31585875512 0.93881234701 0.90523343734 0.99307001801 0.95172124068 0.92458629859 0.91842753641 0.87993054712 0.89106250454 0.97870012761 0.84759211042 0.94481282940 0.94508074577 0.88684436039 0.92978534254 0.94987785879 1.24492980361 1.27421262851 1.56100092339 -232.0937387659 0.00024277758   -2 
  73 0.00312053351 -112.24327024 0.31585571574 0.93882049685 0.90523999112 0.99306555745 0.95171579639 0.92459218342 0.91842193268 0.87992810038 0.89105957732 0.97869688179 0.84758947335 0.94480745443 0.94508381669 0.88684324263 0.92978421861 0.94987827233 1.24492776371 1.27420992361 1.56099797786 -232.0937385068 0.00025846831   -2 
  74 0.00312052977 -112.24363960 0.31585570754 0.93882066359 0.90524083714 0.99306568265 0.95171513858 0.92459332419 0.91842112644 0.87992776563 0.89105921163 0.97869651626 0.84758902668 0.94480623362 0.94508481257 0.88684320069 0.92978419874 0.94987861585 1.24492759509 1.27420961810 1.56099769829 -232.0937384757 0.00031431459   -2 
  75 0.00312053866 -112.24557704 0.31585544459 0.93881880100 0.90524533755 0.99307012213 0.95171327489 0.92460028249 0.91841719836 0.87992642677 0.89105775841 0.97869501887 0.84758665897 0.94479860059 0.94509217242 0.88684350570 0.92978467719 0.94988149428 1.24492735931 1.27420850320 1.56099697388 -232.0937383169 0.00017610641   -2 
  76 0.00312054103 -112.24573781 0.31585469769 0.93881797729 0.90524418987 0.99307130348 0.95171428947 0.92460054908 0.91841716930 0.87992653559 0.89105789596 0.97869532598 0.84758644982 0.94479742815 0.94509369430 0.88684376245 0.92978497116 0.94988225103 1.24492758480 1.27420862127 1.56099723213 -232.0937382861 0.00031516892   -2 
  77 0.00312053514 -112.24603892 0.31585384955 0.93881611153 0.90524173384 0.99307263224 0.95171599509 0.92460062798 0.91841724134 0.87992672733 0.89105814444 0.97869590538 0.84758610530 0.94479547252 0.94509624595 0.88684421080 0.92978548121 0.94988352711 1.24492797616 1.27420883857 1.56099768068 -232.0937382363 0.00011877634   -2 
  78 0.00312053894 -112.24647132 0.31585359542 0.93881664167 0.90523850821 0.99307198177 0.95171828948 0.92459961206 0.91841814682 0.87992712492 0.89105874577 0.97869730534 0.84758575711 0.94479288786 0.94509991484 0.88684499099 0.92978631666 0.94988546039 1.24492869711 1.27420932444 1.56099852558 -232.0937382018 0.00022302710   -2 
  79 0.00312053800 -112.24671269 0.31585362959 0.93881715101 0.90523708356 0.99307103814 0.95171931355 0.92459901882 0.91841860550 0.87992731145 0.89105904434 0.97869799697 0.84758556920 0.94479159208 0.94510176596 0.88684538190 0.92978673974 0.94988643369 1.24492904721 1.27420956618 1.56099894056 -232.0937381906 0.00008454622    0 
-- Found new optimum with likelihood -232.093738190650811 and gradient 0.00008

---- Best joint likelihood found -232.093738190650811 with gradient 0.00008

---- Results for /scratch/38996007/tmp73zp3y_5 
--  Model: C
--        eps_an     theta_bar             a 
--             0 0.00312053800            -1 
--           S_d             b           p_b           S_b 
-- -112.24671269 0.31585362959             0             1 
--           r 2           r 3           r 4           r 5           r 6           r 7           r 8           r 9          r 10          r 11          r 12          r 13          r 14          r 15          r 16          r 17          r 18          r 19 
-- 0.93881715101 0.90523708356 0.99307103814 0.95171931355 0.92459901882 0.91841860550 0.87992731145 0.89105904434 0.97869799697 0.84758556920 0.94479159208 0.94510176596 0.88684538190 0.92978673974 0.94988643369 1.24492904721 1.27420956618 1.56099894056 

---- Expected P_neut(i), 0 < i < n (neutral SFS per site) 
E[P_neut(1)] = 0.0031205380
E[P_neut(2)] = 0.0014648073
E[P_neut(3)] = 0.0009416089
E[P_neut(4)] = 0.0007747290
E[P_neut(5)] = 0.0005939753
E[P_neut(6)] = 0.0004808744
E[P_neut(7)] = 0.0004094229
E[P_neut(8)] = 0.0003432308
E[P_neut(9)] = 0.0003089537
E[P_neut(10)] = 0.0003054064
E[P_neut(11)] = 0.0002404475
E[P_neut(12)] = 0.0002456882
E[P_neut(13)] = 0.0002268635
E[P_neut(14)] = 0.0001976739
E[P_neut(15)] = 0.0001934290
E[P_neut(16)] = 0.0001852598
E[P_neut(17)] = 0.0002285205
E[P_neut(18)] = 0.0002209011
E[P_neut(19)] = 0.0002563767

---- Expected P_sel(i), 0 < i < n (selected SFS per site) 
E[P_sel(1)] = 0.0015331552
E[P_sel(2)] = 0.0005467307
E[P_sel(3)] = 0.0003041281
E[P_sel(4)] = 0.0002277582
E[P_sel(5)] = 0.0001630090
E[P_sel(6)] = 0.0001250424
E[P_sel(7)] = 0.0001018589
E[P_sel(8)] = 0.0000822563
E[P_sel(9)] = 0.0000716820
E[P_sel(10)] = 0.0000688644
E[P_sel(11)] = 0.0000528508
E[P_sel(12)] = 0.0000527707
E[P_sel(13)] = 0.0000477118
E[P_sel(14)] = 0.0000407752
E[P_sel(15)] = 0.0000391902
E[P_sel(16)] = 0.0000369131
E[P_sel(17)] = 0.0000448264
E[P_sel(18)] = 0.0000426996
E[P_sel(19)] = 0.0000488744

---- alpha_dfe = 0.000000

