---- Running command
---- ./polyDFE -d /scratch/38996254/tmp_294ii6g -m C -i /scratch/38996254/tmphvuctwio 1 -v 1 
---- Performing inference using model C

---- Performing inference on /scratch/38996254/tmp_294ii6g
----      with -i /scratch/38996254/tmphvuctwio 1
---- Data /scratch/38996254/tmp_294ii6g does not contain divergence counts. Using option -w.
---- No mutation variability. Using Poisson likelihood.


---- Using provided initial values

-- Starting local optimization
-- Optimizing all parameters
  it        eps_an     theta_bar           S_d             b           r 2           r 3           r 4           r 5           r 6           r 7           r 8           r 9          r 10          r 11          r 12          r 13          r 14          r 15          r 16          r 17          r 18          r 19           ln lk          grad status 
   0    0.01346766  0.0008961823 -245.56979999     0.3789762      1.115224      1.093897      1.181135      1.231855     0.9243195      1.082592     0.8650157       1.20686      1.044504     0.9301775     0.9573576      1.358432      1.004809      0.982138     0.9355796      1.145759      1.008393     0.8705163 -181.0415212080 1.32004665983   -2 
   1 0.01349004678 0.00090222135 -238.87298058 0.35575069362 1.04614068099 1.06178037870 1.16511027334 1.28352528550 0.90814564851 1.09682750516 0.88943976583 1.20404218427 1.03727703885 0.92441226492 0.96131603049 1.37106277773 0.99412640559 0.98079449626 0.94318350798 1.14144918493 1.00441370490 0.86816395435 -172.7167910487 1.98960341240   -2 
   2 0.01350463033 0.00087250621 -236.43857698 0.35090665396 0.99154973609 1.03229812345 1.14814076609 1.32410174351 0.89285347592 1.10722560642 0.91002479248 1.19989893045 1.02983464338 0.91851959280 0.96395884077 1.38077871282 0.98405252268 0.97889897703 0.94941801020 1.13696489814 1.00051862436 0.86576884505 -167.5187196029 0.90924030915   -2 
   3 0.01351176705 0.00091375268 -235.52455641 0.36853081399 0.93348661127 0.98008132446 1.11253546783 1.41055621798 0.85671921157 1.13132110882 0.96263159603 1.18910275296 1.01082360040 0.90321494766 0.97042848861 1.40529045670 0.95800003562 0.97342196551 0.96625479963 1.12560269295 0.99140172257 0.85977143890 -161.6271753346 0.47143853628   -2 
   4 0.01351076023 0.00090532111 -234.56734544 0.37223839904 0.93946689386 0.97202764706 1.10264879966 1.41789262994 0.84575089512 1.13447264074 0.97617525385 1.18379287981 1.00362857985 0.89728938810 0.97117416988 1.41067792382 0.94865225919 0.97038523386 0.97126908346 1.12100219953 0.98794853813 0.85695895531 -160.9492810374 0.76778716504   -2 
   5 0.01350714101 0.00091328345 -227.23593295 0.37469880344 0.98321357787 0.94829305903 1.06685689327 1.44180456419 0.80193148795 1.14764077217 1.03566519727 1.16197392992 0.97360339720 0.87228447103 0.97457470893 1.43439511046 0.90906102992 0.95724216003 0.99387948319 1.10143916174 0.97322613385 0.84463723428 -158.4871847961 0.30661069324   -2 
   6 0.01351740005 0.00089925008 -222.75982229 0.37151510234 0.98603163474 0.95549235651 1.06471378234 1.43096519034 0.78863491532 1.14890412754 1.05561300944 1.15336397838 0.96115334965 0.86112043580 0.97513912962 1.44288003514 0.89087172043 0.95029535468 1.00490878924 1.09203949215 0.96530176860 0.83779577373 -157.9014126398 0.46894781578   -2 
   7 0.01352582889 0.00090228967 -219.86653122 0.36909827731 0.98636943987 0.96268424877 1.06635444501 1.42318103598 0.78224769077 1.14944756396 1.06652578002 1.14896513221 0.95428286463 0.85474160646 0.97553703933 1.44795051948 0.88020094547 0.94617811305 1.01184894749 1.08651418962 0.96049759100 0.83359325478 -157.5868827095 0.31668618617   -2 
   8 0.01356262192 0.00090560286 -213.94857191 0.37654098680 0.97321045032 0.98902633250 1.08005454657 1.39244260868 0.77013501496 1.14756174090 1.09002933849 1.13833149195 0.93622837216 0.83696306996 0.97595302736 1.46056288328 0.84959922328 0.93376356587 1.03281342012 1.07008930329 0.94562487302 0.82037786528 -156.8222996907 0.15925813316   -2 
   9 0.01357502581  0.0009094685 -212.78481390 0.37772425639 0.97117796530 0.99164186365 1.08305101733 1.38854232025 0.76976296056 1.14684556877 1.09187395228 1.13735894340 0.93389715788 0.83432653119 0.97594004357 1.46224009878 0.84464409623 0.93169717844 1.03647950897 1.06726227915 0.94296556111 0.81785117303 -156.7763043808 0.16186027316   -2 
  10 0.01361812630 0.00091057166 -210.18779425 0.38193213381 0.96588302496 0.99154389396 1.08967808686 1.38200244890 0.77228017111 1.14385167930 1.09065967789 1.13661209691 0.93002642102 0.82904571494 0.97548718479 1.46448166501 0.83379515366 0.92697265047 1.04468262341 1.06060502230 0.93651996837 0.81137680862 -156.6663407772 0.19584748474   -2 
  11 0.01368264824 0.00091596366 -206.38149652 0.38399375391 0.96179254890 0.98812392081 1.09679610076 1.37737747801 0.77747456499 1.13999589399 1.08610210378 1.13696389428 0.92665646999 0.82350439339 0.97482940757 1.46630595740 0.82152422169 0.92153230735 1.05434163920 1.05275841053 0.92875667212 0.80324493998 -156.5455445273 0.24455450317   -2 
  12 0.01379628582 0.00091259497 -200.55149747 0.38686030594 0.95661734082 0.97939459695 1.10460268581 1.37246881796 0.78665682217 1.13354828931 1.07627441481 1.13810801653 0.92245050361 0.81567968045 0.97348893824 1.46779929665 0.80358780784 0.91333762815 1.06863092949 1.04083636221 0.91681753698 0.79041978916 -156.3699549532 0.18034655920   -2 
  13 0.01385756186 0.00091384949 -197.81597218 0.38633414481 0.95747362330 0.97523750641 1.10484188116 1.37336753232 0.79102397153 1.13125723289 1.07088840916 1.13927029842 0.92176280573 0.81326802183 0.97288675605 1.46766325029 0.79712914302 0.91030121852 1.07387670260 1.03629101982 0.91203761789 0.78488085823 -156.2947443829 0.18059533854   -2 
  14 0.01394523475 0.00090930030 -194.84950438 0.38683887299 0.96004667211 0.96984466961 1.10128858569 1.37657741110 0.79619426653 1.12877839857 1.06330335760 1.14101061893 0.92190530751 0.81124260688 0.97201431079 1.46646700699 0.79056090396 0.90706438388 1.07904282536 1.03134818953 0.90657025671 0.77811753055 -156.2117991024 0.13912510597   -2 
  15 0.01405556066 0.00091148432 -192.09464132 0.38799913521 0.96509152674 0.96644896369 1.09413363566 1.38324078349 0.80108756428 1.12751315284 1.05530448939 1.14353252272 0.92365632449 0.81069874442 0.97123481889 1.46437723232 0.78592245220 0.90463428505 1.08265327611 1.02744028183 0.90166340035 0.77129211569 -156.1377394438 0.17273764077   -2 
  16 0.01415216311 0.00090993983 -190.32938791 0.39039324612 0.96816660669 0.96474458244 1.08748842935 1.38883116936 0.80436675843 1.12695059494 1.04920767669 1.14556842332 0.92556552452 0.81087248926 0.97062516809 1.46230757726 0.78321277288 0.90308480975 1.08462070393 1.02488079233 0.89811015492 0.76600411187 -156.0833762572 0.10718471627   -2 
  17 0.01427209769 0.00091345896 -188.75817918 0.39257478501 0.96930019644 0.96652123999 1.08118800895 1.39504064831 0.80644773934 1.12789037161 1.04446340287 1.14795705746 0.92870469819 0.81245226115 0.97029679836 1.45993366152 0.78260571646 0.90244386482 1.08492804319 1.02358936275 0.89528851443 0.76088528244 -156.0395325122 0.13774602714   -2 
  18 0.01436191418 0.00091161739 -187.92690623 0.39418973247 0.96811832765 0.96861223635 1.07772865305 1.39825226396 0.80699263591 1.12895992858 1.04214468676 1.14940801898 0.93110434763 0.81401872926 0.97015498853 1.45821054380 0.78315094211 0.90239074335 1.08428360360 1.02328719203 0.89376810594 0.75762406943 -156.0017569245 0.13529407220   -2 
  19 0.01476692887 0.00091260780 -184.13759192 0.39622772002 0.96163100808 0.98016662286 1.06824162614 1.40965764476 0.80749919042 1.13516097382 1.03578775801 1.15546992647 0.94197983129 0.82198804790 0.97014149557 1.45159501988 0.78802782178 0.90333325432 1.07979272681 1.02369085334 0.88861233344 0.74469581040 -155.8805987174 0.11611867543   -2 
  20 0.01496721325 0.00090854906 -182.64293593 0.39692571284 0.95996902720 0.98321706223 1.06785890094 1.41138459832 0.80676160991 1.13796046876 1.03490205144 1.15759094506 0.94653652190 0.82580536628 0.97034998413 1.44915850809 0.79122440957 0.90413378069 1.07703295327 1.02444219696 0.88682036686 0.73911937313 -155.8343325325 0.18901187078   -2 
  21 0.01567132574 0.00090574329 -177.56052848 0.39711167303 0.95870334127 0.99145723288 1.07202541968 1.41453141090 0.80380200259 1.14767358250 1.03468109585 1.16434968051 0.96144909027 0.83888043513 0.97155313361 1.44233472134 0.80308148440 0.90734002191 1.06742855727 1.02768665885 0.88156907291 0.72106629245 -155.6846422988 0.18397017512   -2 
  22 0.01712087639 0.00089827722 -169.82369991 0.40503682006 0.96436421782 0.99828088359 1.08765675954 1.41446546081 0.79797734931 1.16435174001 1.03916057220 1.17525993006 0.98711332128 0.86287686814 0.97455041045 1.43264735999 0.82686213088 0.91384932691 1.04932078784 1.03447022517 0.87279621363 0.68845367192 -155.4249923124 0.32220936075   -2 
  23 0.01792699149 0.00090134510 -165.90710111 0.40873562709 0.96940272990 1.00084028992 1.09697152225 1.41478540776 0.79554609792 1.17269190991 1.04263014078 1.18074652888 0.99976052479 0.87505126583 0.97640948512 1.42884507393 0.83937292721 0.91730696048 1.04040579019 1.03806588099 0.86848501467 0.67218142194 -155.2883844470 0.14537775526   -2 
  24 0.01847432491 0.00089997470 -164.11509910 0.41371999942 0.97568441503 0.99642273975 1.10377778662 1.41551885246 0.79638221565 1.17463761575 1.04863577398 1.18236854230 1.00274493940 0.87963230878 0.97842650498 1.43117110039 0.84623448980 0.91926149785 1.03636149531 1.03997766206 0.86619304543 0.66216789504 -155.1785513914 0.21145913841   -2 
  25 0.01892698770 0.00090327394 -162.51345606 0.41601052819 0.98135629088 0.99247971534 1.10946280480 1.41705929371 0.79798251114 1.17546385516 1.05462899380 1.18333679071 1.00366527029 0.88232163847 0.98038428520 1.43467337662 0.85133008119 0.92077269050 1.03378186959 1.04141696248 0.86449240601 0.65431979440 -155.0992600547 0.15710344504   -2 
  26 0.02023232731 0.00089602681 -158.14328221 0.41846565907 0.99104764832 0.98082934575 1.12200432294 1.42343001010 0.80573301491 1.17348192485 1.07465404755 1.18374722870 0.99907257456 0.88460850575 0.98667066848 1.45054272405 0.86272255136 0.92413705700 1.02938753257 1.04439583900 0.85992669551 0.63329813476 -154.8935167298 0.16913142215   -2 
  27 0.02064686243 0.00089705730 -156.75835203 0.41827507953 0.99213875254 0.97975243455 1.12481400848 1.42636153151 0.80874256821 1.17265682575 1.08103086908 1.18383029642 0.99664745436 0.88437226519 0.98879124183 1.45656718654 0.86555357685 0.92498113144 1.02871713491 1.04511115591 0.85847339116 0.62694568834 -154.8404391354 0.17629500789   -2 
  28 0.02204565371 0.00089081196 -152.93497391 0.42032541022 0.98755523536 0.98285700270 1.12902995691 1.43690320961 0.81969534497 1.16888321487 1.10131416255 1.18355480443 0.98572351501 0.88062774330 0.99586144025 1.47877166971 0.87245525103 0.92686921312 1.02826300440 1.04653422479 0.85331529097 0.60633791678 -154.6623321788 0.16268751558   -2 
  29 0.02284007112 0.00089333796 -151.05121773 0.42254957383 0.98482967413 0.98850282133 1.12953290595 1.44314425857 0.82587442706 1.16729814615 1.11133378985 1.18375387602 0.97921351159 0.87751484386 0.99975239204 1.49166410403 0.87502848129 0.92743184001 1.02889742846 1.04679908583 0.85020204003 0.59498457906 -154.5847598535 0.17949475294   -2 
  30 0.02335361457 0.00089212812 -150.11190327 0.42562387484 0.98299085875 0.99357359600 1.12844421729 1.44659313803 0.82954449722 1.16651114367 1.11647407037 1.18400024909 0.97484539224 0.87487461280 1.00205255770 1.49983470797 0.87579925093 0.92737353908 1.02973543884 1.04649401873 0.84792580478 0.58753160605 -154.5276188931 0.10723340365   -2 
  31 0.02369466766 0.00089486533 -149.45202152 0.42753261862 0.98372791976 0.99940439792 1.12631779549 1.44850499479 0.83153919851 1.16693391295 1.11768318807 1.18477404009 0.97195427348 0.87219032053 1.00338236890 1.50515237539 0.87485156014 0.92664390154 1.03113598856 1.04546092992 0.84585418473 0.58189219906 -154.4910192289 0.11486051387   -2 
  32 0.02398017017 0.00089329900 -148.93828515 0.42933532419 0.98514546629 1.00490421198 1.12343003998 1.44925035074 0.83261896774 1.16786828721 1.11669256144 1.18577642658 0.96958081811 0.86919839261 1.00421318304 1.50916598295 0.87282238336 0.92538738173 1.03289195725 1.04379469995 0.84356658944 0.57651800100 -154.4574253329 0.12075108626   -2 
  33 0.02443747540 0.00089386579 -147.79615993 0.42988898499 0.98933897554 1.01403197405 1.11869360547 1.45010612268 0.83370209873 1.17055393968 1.11271385761 1.18819099616 0.96624393567 0.86367238970 1.00527725343 1.51502766860 0.86800565428 0.92257713372 1.03659607410 1.04006986444 0.83915962626 0.56704519647 -154.4037912926 0.10806737185   -2 
  34 0.02469129522 0.00089089729 -147.16150350 0.43000128400 0.99138466133 1.01749575967 1.11646667849 1.45010876027 0.83376779247 1.17253673740 1.10910850240 1.18989331320 0.96478214616 0.86024219165 1.00561905411 1.51758534481 0.86437080029 0.92047116944 1.03910893697 1.03723755865 0.83614797577 0.56115263350 -154.3763407078 0.10625561818   -2 
  35 0.02495017528 0.00089117120 -146.37219441 0.42904380409 0.99347628673 1.01874649730 1.11574868934 1.45025343632 0.83333210748 1.17543981032 1.10401791628 1.19233631166 0.96407124074 0.85645304197 1.00576302441 1.51936695415 0.85948377567 0.91766365706 1.04236223703 1.03336486278 0.83229988024 0.55418416438 -154.3415704218 0.12041927709   -2 
  36 0.02536883539 0.00088806370 -145.38284864 0.42927709253 0.99495208163 1.01692136195 1.11619058915 1.45006972413 0.83187710695 1.18059545678 1.09434631415 1.19675543462 0.96381968670 0.85007988923 1.00561649868 1.52081797473 0.85026754318 0.91229753964 1.04824492103 1.02588094337 0.82508850322 0.54183266688 -154.2868277229 0.14345847724   -2 
  37 0.02585013162 0.00089136309 -144.35944673 0.43016909713 0.99559117784 1.01276296176 1.11861723663 1.45037873063 0.82997452695 1.18674901206 1.08318400991 1.20220974767 0.96449820360 0.84299728916 1.00529667659 1.52139479870 0.83906376698 0.90568055057 1.05540020034 1.01656424278 0.81613538595 0.52701534844 -154.2219996039 0.14275480837   -2 
  38 0.02614594958 0.00089153638 -143.99303407 0.43226902089 0.99422582537 1.00897639473 1.12056033611 1.45034342127 0.82861172756 1.19000919741 1.07662893994 1.20535628107 0.96538036164 0.83886574265 1.00490561418 1.52077155922 0.83191293892 0.90131667005 1.05977266374 1.01039906857 0.81016576749 0.51746192956 -154.1816771287 0.09039763808   -2 
  39 0.02628087626 0.00089471310 -143.88693995 0.43323866153 0.99223978140 1.00670491216 1.12207971597 1.45047235893 0.82795748997 1.19075028946 1.07447831036 1.20651365474 0.96645381794 0.83738903925 1.00456094907 1.51932086578 0.82836852850 0.89897137093 1.06166233587 1.00704451900 0.80676737914 0.51221899303 -154.1608885345 0.08581512232   -2 
  40 0.02639491431 0.00089518842 -143.94776181 0.43440781862 0.98867509318 1.00405374133 1.12337820531 1.45017332273 0.82724963991 1.19011596506 1.07361510115 1.20685600584 0.96798207071 0.83658688060 1.00396383646 1.51652236087 0.82504759718 0.89652240978 1.06294962588 1.00353324172 0.80305578721 0.50668595281 -154.1405930952 0.08923230049   -2 
  41 0.02655444623 0.00089851019 -143.95283481 0.43418902869 0.98281285668 1.00028346262 1.12510799011 1.44945784420 0.82619530987 1.18733009426 1.07423293152 1.20632245139 0.97109445453 0.83631486240 1.00270486315 1.51029430307 0.82007361413 0.89245162990 1.06415190019 0.99768192401 0.79661125764 0.49724487397 -154.1084234709 0.10918795792   -2 
  42 0.02668247973 0.00089739761 -144.06613646 0.43375393943 0.97824791990 0.99723153698 1.12547303567 1.44800626165 0.82516072076 1.18362375783 1.07570213553 1.20490548089 0.97391743923 0.83658138277 1.00128392130 1.50372089405 0.81593739332 0.88875188907 1.06448642133 0.99240590530 0.79066406428 0.48862935436 -154.0796805697 0.10625983807   -2 
  43 0.02680043030 0.00089914762 -144.15951429 0.43187745705 0.97673484515 0.99555180759 1.12441360357 1.44594921944 0.82413687486 1.17861251874 1.07846886947 1.20235023391 0.97683248940 0.83757739594 0.99948595257 1.49591463458 0.81213008922 0.88488053497 1.06384687602 0.98693243861 0.78424137093 0.47927710635 -154.0431128109 0.12557494493   -2 
  44 0.02696129357 0.00089729589 -144.65560436 0.43050289795 0.97682381093 0.99403353065 1.12095918020  1.4418909063 0.82250849040 1.17036366959 1.08306324002 1.19748388681 0.98064679476 0.83948407419 0.99646963070 1.48384108343 0.80706125029 0.87923075387 1.06187474283 0.97902661188 0.77476184383 0.46551106787 -153.9934985177 0.11655163516   -2 
  45 0.02714008556 0.00090032906 -145.47014225 0.42954199613 0.98001249823 0.99406111817 1.11602467150 1.43728858626 0.82078101622 1.16105574843 1.08862600709 1.19125211594 0.98436523197 0.84210077847 0.99279481700 1.47024366925 0.80197954815 0.87298857228 1.05865579896 0.97033823334 0.76402112601 0.44987766983 -153.9470491786 0.10325037018   -2 
  46 0.02720494398 0.00090025043 -146.03243235 0.43029800680 0.98149803274 0.99463167073 1.11381030779 1.43564017556 0.82018273247 1.15813262364 1.09029136628 1.18871563475 0.98501524913 0.84312051013 0.99133149027 1.46580857221 0.80061965402 0.87093052626  1.0569199463 0.96749549960 0.76027140156 0.44429147748 -153.9267446428 0.08333734986   -2 
  47 0.02725796693 0.00090280573 -146.57832282 0.43072628908 0.98308436584 0.99592164743 1.11213767656 1.43488308459 0.81987748302 1.15672129629 1.09117487920 1.18665445572 0.98473813591 0.84400535402 0.99013395423 1.46319652799 0.80017592641 0.86963188389 1.05499220817 0.96570176931 0.75754274490 0.43996898366 -153.9111557443 0.06081222070   -2 
  48 0.02733693603 0.00090273020 -147.58930437 0.43106374672 0.98395957655 0.99825708267 1.10999825106 1.43455082363 0.81965312494 1.15669450448 1.09098328358 1.18375821267 0.98246979311 0.84515186667 0.98838002356 1.46165023638 0.80089701537 0.86858012529 1.05119775158 0.96425126611 0.75440498487 0.43441573701 -153.8921074821 0.10984517708   -2 
  49 0.02751020079 0.00090591751 -149.58226441 0.42963656482 0.98544483744 1.00333683979 1.10637768324 1.43471532802 0.81942592657 1.15788162625 1.08995925727 1.17800905070 0.97690283961 0.84753276742 0.98478976604 1.45973598405 0.80316273473 0.86683703497 1.04280844569 0.96181449722 0.74823023773 0.42316077275 -153.8515274861 0.10886199224   -2 
  50 0.02781520019 0.00090517279 -152.96569063 0.42601252300 0.98568097086 1.00964677486 1.10146688619 1.43497261587 0.81902951398 1.16062970104 1.08728599301 1.16896359142 0.96692879997 0.85117192015 0.97890693390 1.45776179935 0.80757188792 0.86435255941 1.02858864003 0.95829661951 0.73844236722 0.40522304495 -153.8054171681 0.09672219928   -2 
  51 0.02780372072 0.00090606746 -152.54793556 0.42495464285 0.98457121191 1.00634349028 1.10373803935 1.43503113016 0.81908851997 1.16075817034 1.08698939803 1.17070124218 0.96772785134 0.85045097065 0.97970023760 1.45891558161 0.80752119197 0.86491093183 1.02991406131 0.95901018102 0.73969385658 0.40695868050 -153.7784087091 0.13039522261   -2 
  52 0.02780106019 0.00090336385 -152.18272767 0.42411376460 0.98200252496 1.00022397497 1.10736078205 1.43472041943 0.81904369400 1.16098697553 1.08606548081 1.17333804127 0.96851343351 0.84920547634 0.98078058389 1.46090860384 0.80768462692 0.86579956709 1.03148487091 0.96014952109 0.74148720356 0.40918703325 -153.7432503710 0.05333073762   -2 
  53 0.02783542762 0.00090589988 -152.50999588 0.42520074045 0.98078026999 0.99540613615 1.11068874054 1.43433770953 0.81891285724 1.16177131978 1.08422921271  1.1758542499 0.96806764236 0.84780646875 0.98155503350 1.46376461082 0.80873480276 0.86689133746 1.03163243238 0.96163567772 0.74297977144 0.41006162494 -153.7219150577 0.04670426764   -2 
  54 0.02784423674 0.00090529633 -152.60201343 0.42532643981 0.98062648389 0.99490288915 1.11094386646 1.43414619770 0.81884219001 1.16186760956 1.08380533667 1.17620761681 0.96785672422 0.84751958119 0.98163967728 1.46427157087 0.80898130332 0.86708784390 1.03150865443 0.96192817025 0.74322298938 0.41011207205 -153.7191735252 0.03709141060   -2 
  55 0.02798574815 0.00090418541 -153.57896848 0.42292589100 0.98125942725 0.99269642093 1.11250211580 1.43192314111 0.81789039033 1.16337221181 1.07780908424 1.18064712893 0.96423635467 0.84351369951 0.98260426517 1.47155173166 0.81297768454 0.86994139920 1.02877834931 0.96633105683 0.74647710417 0.40998171958 -153.6965245447 0.04183040112   -2 
  56 0.02800268116 0.00090587601 -153.96840524 0.42388585134 0.98156228298 0.99413115048 1.11176280526 1.43205694505 0.81778096595 1.16325729091 1.07742578003 1.18072037186 0.96372981905 0.84299676193 0.98263471281 1.47210564589 0.81358985547 0.87031781609 1.02811514338 0.96699512169 0.74691918062 0.40975506287 -153.6868120992 0.02887460507   -2 
  57 0.02800745387 0.00090547107 -154.07201065 0.42397446146 0.98151317055 0.99456730950 1.11143004535 1.43208956249 0.81773736762 1.16314911020 1.07737157725 1.18063543250 0.96357988377 0.84284907605 0.98261410748 1.47215761634 0.81375917867 0.87040843409 1.02787648125 0.96717062817 0.74703309575 0.40965397504 -153.6854608718 0.03026520377   -2 
  58 0.02804940167 0.00090506981 -154.73990017 0.42276225528 0.98148095309 0.99868895405 1.10871544726 1.43283789501 0.81747300253 1.16222205700 1.07725487662 1.17975362242 0.96237611352 0.84164161550 0.98243605458 1.47244772761 0.81528030449 0.87120519344 1.02571052018 0.96871651632 0.74802947948 0.40865599778 -153.6767543499 0.01674430813   -2 
  59 0.02808256134 0.00090558342 -155.36985270 0.42207005662 0.98175572974 0.99985652676 1.10766712034 1.43326338946 0.81730204464 1.16155625615 1.07731343071 1.17900328845 0.96151562337 0.84073541688 0.98225312704 1.47248497832 0.81648379467 0.87180315510 1.02393193287 0.96986483746 0.74884086946 0.40771584407 -153.6744208073 0.04125418271   -2 
  60 0.02812813122 0.00090528797 -156.30660364 0.42141931228 0.98200054737 1.00081082150 1.10646482245 1.43365588965 0.81704148440 1.16062364971 1.07737645463 1.17793791265 0.96033841714 0.83948883100 0.98196779248 1.47244795780 0.81812032063 0.87259862581 1.02146156714 0.97140633532 0.74995425305 0.40637728709 -153.6710748657 0.02671603301   -2 
  61 0.02812813122 0.00090528797 -156.30660364 0.42141931228 0.98200054737 1.00081082150 1.10646482245 1.43365588965 0.81704148440 1.16062364971 1.07737645463 1.17793791265 0.96033841714 0.83948883100 0.98196779248 1.47244795780 0.81812032063 0.87259862581 1.02146156714 0.97140633532 0.74995425305 0.40637728709 -153.6710748657 0.02671603301   -5 
  62 0.02812822635 0.00090616865 -156.35926864 0.42134945471 0.98200634762 0.99938392082 1.10737513955 1.43334986750 0.81704844583 1.16073712489 1.07738692405 1.17798304199 0.96041807687 0.83952493205 0.98192209089 1.47230959784 0.81808856533 0.87255041310 1.02141494345 0.97133364409 0.74996830820 0.40622275838 -153.6681044950 0.04910567037   -2 
  63 0.02812842088 0.00090629945 -156.57855539 0.42154523858 0.98169111011 0.99532927280 1.10968883654 1.43228891991 0.81700115164 1.16095115310 1.07733665786 1.17802866359 0.96059378521  0.8395919915 0.98174780732 1.47183498556 0.81797106220 0.87238555988 1.02124281995 0.97110423315 0.74999202887 0.40577093001 -153.6616284463 0.01340790142   -2 
  64 0.02812826549 0.00090577003 -156.62333092 0.42118167025 0.98143252408 0.99513368751 1.10974746196 1.43192088031 0.81691931173 1.16090677437 1.07723832850 1.17795707611 0.96060506504 0.83958049422 0.98163163428 1.47156674107 0.81789231905 0.87229151502 1.02110514124 0.97102844200 0.74998596134 0.40554413045 -153.6607168695 0.01808691745   -2 
  65 0.02812805951 0.00090589751 -156.65499095 0.42094181075 0.98133661840 0.99510969714 1.10976454947 1.43171745349 0.81686954290 1.16088340239 1.07717794034 1.17791390921 0.96061552118 0.83957491582 0.98155504795 1.47139028665 0.81783978474 0.87222938367 1.02101064635 0.97098136825 0.74998476779 0.40538402508 -153.6602749619 0.01236595940   -2 
  66 0.02811442542 0.00090817176 -159.05919796 0.41917450891 0.97833706763 0.99633425064 1.10774880600 1.42412483663 0.81458485088 1.15923673047 1.07438488024 1.17569264255 0.96060696770 0.83909152621 0.97832601311 1.46418477940 0.81561690350 0.86967682830 1.01705025515 0.96907999513 0.74992666336 0.39895371189 -153.6495435033 0.02437849447   -2 
  67 0.02811376221 0.00090793600 -159.57526006 0.41878849182 0.97818472023 0.99599188205 1.10719681198 1.42312598354 0.81410650642 1.15876610943 1.07377459075 1.17513568324 0.96046235911 0.83890951231 0.97764441558 1.46277043673 0.81513184609 0.86914121951 1.01621534611 0.96863178117 0.74989551110 0.39758447160 -153.6479522565 0.03759524291   -2 
  68 0.02811631148 0.00090945409 -162.30676240 0.41582738060 0.97890064801 0.99311187199 1.10423399634 1.41949279943 0.81161951619 1.15607035389 1.07052434539 1.17200802321 0.95938950486 0.83776642566 0.97398872809 1.45544867133 0.81247953499 0.86625942876 1.01171130184 0.96610900831 0.74969686668 0.39009530131 -153.6392558744 0.02056336064   -2 
  69 0.02812936850 0.00090980157 -162.74883984 0.41605315201 0.97868933369 0.99205565246 1.10403754506 1.42091890438 0.81147404756 1.15548615954 1.07021280010 1.17143648358 0.95871736279 0.83732180573 0.97363905966 1.45523033674 0.81213376015 0.86593811371 1.01125950838 0.96568729215 0.74954263510 0.38906700658 -153.6365036758 0.03479409532   -2 
  70 0.02814044919 0.00091065730 -162.99597614 0.41599664065 0.97858290536 0.99139944520 1.10399437312 1.42212288056 0.81143158692 1.15510722524 1.07005741839 1.17106944542 0.95820775097 0.83699325712 0.97345291525 1.45525020003 0.81192076610 0.86574714654 1.01100705149 0.96540923142 0.74942009427 0.38840281883 -153.6348402270 0.01868051534   -2 
  71 0.02818317105 0.00091026770 -163.39026950 0.41514442091 0.97780297976 0.99005731777 1.10398645562 1.42541687761 0.81150998393 1.15407836943 1.06983675026 1.17013195912 0.95652666931 0.83593523630 0.97321147757 1.45614435184 0.81146535744 0.86535676961 1.01063677495 0.96470625969 0.74894717992 0.38693095967 -153.6318108640 0.01079070898   -2 
  72 0.02817790508 0.00091033494 -163.31820803 0.41534280825 0.97800079261 0.99043162523 1.10398940307 1.42467580775 0.81151078266 1.15426229570 1.06989084343 1.17030106081 0.95678130084 0.83609101368 0.97327509286 1.45607249507 0.81154874136 0.86542331232 1.01072470338 0.96482290015 0.74900455541 0.38718542327 -153.6316091347 0.00814528341   -2 
  73 0.02823828518 0.00091038379 -163.33474857 0.41509720885 0.97847579838 0.99195805611 1.10413307733 1.42401026873 0.81185526107 1.15386741743 1.07011004567 1.16997340529 0.95528647014 0.83507992372 0.97357352785 1.45808370021 0.81141987472 0.86524356982 1.01100609520 0.96438179447 0.74832637961 0.38647665220 -153.6297979307 0.03040193234   -2 
  74 0.02827923418 0.00090989411 -163.36941814 0.41511077413 0.97870170694 0.99285427591 1.10419698341 1.42353383435 0.81207067221 1.15360389229 1.07024479976 1.16975799651 0.95430290200 0.83440673238 0.97376893150 1.45940443563 0.81133202910 0.86511973640 1.01119196244 0.96407726887 0.74786010245 0.38600146291 -153.6286414860 0.01103314848   -2 
  75 0.02832414007 0.00091037720 -163.42225262 0.41547940682 0.97878872867 0.99288644761 1.10436871227 1.42345154614 0.81227722565 1.15356722478 1.07042447383 1.16974556860 0.95359547135 0.83384934272 0.97399403422 1.46058187272 0.81127439061 0.86501355809 1.01140215326 0.96373522916 0.74731541668 0.38549164927 -153.6276917321 0.00979071356   -2 
  76 0.02844649920 0.00091057251 -163.34280390 0.41536371331 0.97832225032 0.99102614920 1.10475698062 1.42411732241 0.81264711953 1.15390090010 1.07084736331 1.17013082773 0.95260176248 0.83278591554 0.97452651119 1.46280907560 0.81116299713 0.86473259867 1.01187121330 0.96274133066 0.74570450509 0.38406579235 -153.6256943327 0.01748909589   -2 
  77 0.02846767078 0.00091034728 -163.33407680 0.41539328822 0.97823607950 0.99074202721 1.10477818459 1.42420701145 0.81268797731 1.15394867953 1.07089898941 1.17019629983 0.95246827974 0.83262036361 0.97460320267 1.46311922418 0.81114005644 0.86467573020 1.01193655925 0.96256337012 0.74541243920 0.38380744240 -153.6254005773 0.00770061292   -2 
  78 0.02889140493 0.00090984145 -162.74512747 0.41566762080 0.98039318018 0.99275423614 1.10253580662 1.42543637778 0.81187084712 1.15485644699 1.07055134967 1.17213159573 0.95416839183 0.83153370020 0.97498314626 1.46242228273 0.81055986145 0.86292912357 1.01190590254 0.95868246481 0.73830935013 0.37737406890 -153.6202764782 0.01738729190   -2 
  79 0.02880387892 0.00091008309 -162.88005788 0.41575648888 0.97970033173 0.99231207719 1.10324797479 1.42516730683 0.81207642817 1.15466064295 1.07064212863 1.17170622880 0.95386141102 0.83181848904 0.97488197819 1.46247238540 0.81068321243 0.86326957834 1.01187426118 0.95946807461 0.73971651044 0.37861803978 -153.6196533782 0.01009969970   -2 
  80 0.02883644159 0.00091046054 -162.82334106 0.41581033705 0.97957943827 0.99247984215 1.10347497858 1.42524066129 0.81207364126 1.15471825758 1.07064483095 1.17181073687 0.95409913435 0.83186639692 0.97486134024 1.46220629245 0.81064674338 0.86309964999 1.01178940454 0.95915253847 0.73908384129 0.37799104316 -153.6191279111 0.02354682123   -2 
  81 0.02901152864 0.00091079671 -162.57371467 0.41654549966 0.97834381631 0.99316015008 1.10502426725 1.42542440600 0.81209020423 1.15492325334 1.07063930092 1.17223819161 0.95544780779 0.83225866930 0.97465349657 1.46047042669 0.81044084168 0.86212058796 1.01119715270 0.95741542273 0.73557291216 0.37446017161 -153.6162623711 0.01531587338   -2 
  82 0.02911363840 0.00091002886 -162.31888382 0.41638328190 0.97822983264 0.99304563165 1.10590647014 1.42539931875 0.81221442903 1.15494865913 1.07068596750 1.17228303364 0.95619044775 0.83266275795 0.97442676765 1.45926504268 0.81031946437 0.86146736994 1.01063369419 0.95635908589 0.73339415340 0.37209684177 -153.6144617951 0.02455024572   -2 
  83 0.02915267871 0.00091017397 -162.20686234 0.41626404848 0.97838247060 0.99297790831 1.10622098566 1.42542256773 0.81229166820 1.15496671056 1.07072869020 1.17228342881 0.95646198439 0.83284596762 0.97433445432 1.45881269805 0.81027798169 0.86121140962 1.01038960479 0.95595723648 0.73254676137 0.37114185462 -153.6137520365 0.01378706134   -2 
  84 0.02927357890 0.00091047622 -161.95238220 0.41685694320 0.98025732040 0.99220015464 1.10637826488 1.42547265255 0.81272201596 1.15492788872 1.07098973794 1.17194866648 0.95700980558 0.83363964143 0.97391677814 1.45745143192 0.81015510890 0.86030225758 1.00924712309 0.95468974621 0.72971622132 0.36754283029 -153.6112653971 0.01210178222   -2 
  85 0.02929094791 0.00091027748 -161.91668227 0.41694876858 0.98034608978 0.99213750999 1.10628886413 1.42550558810 0.81279685075 1.15492518934 1.07104347796 1.17187482684 0.95702947470 0.83376529631 0.97385101957 1.45731501605 0.81013931295 0.86016581384 1.00904424457 0.95452052909 0.72929611702 0.36694832867 -153.6110095864 0.01420424717   -2 
  86 0.02952280940 0.00091018396 -161.27023378 0.41711809576 0.97991384073 0.99241971325 1.10425981992 1.42668695404 0.81404892824 1.15514599277 1.07209402532 1.17078664110 0.95668609389 0.83561381227 0.97301065193 1.45640596027 0.81000149043 0.85834828657 1.00598254284 0.95249373534 0.72361687783 0.35821733349 -153.6072705184 0.01363687271   -2 
  87 0.02961240510 0.00091088905 -161.12342119 0.41770050569 0.97937300145 0.99276029095 1.10404646427 1.42692464481 0.81432121693 1.15524688979 1.07239771008 1.17049694910 0.95632347148 0.83613943857 0.97276279714 1.45652461015 0.80994471426 0.85770862124 1.00487498684 0.95185790234 0.72159883679 0.35468441360 -153.6058662198 0.01145969792   -2 
  88 0.02963252859 0.00091070809 -161.10101264 0.41779794673 0.97922504832 0.99280726380 1.10418183082 1.42684573995 0.81428377055 1.15524634344 1.07239950969 1.17047558153 0.95617810851 0.83616716307 0.97272967411 1.45667341940 0.80992307194 0.85758654825 1.00466680889 0.95175647770 0.72122048615 0.35385394593 -153.6055598594 0.01635422604   -2 
  89 0.02983251783 0.00091080277 -160.80272844 0.41780161225 0.97827825479 0.99335942204 1.10657943531 1.42575525446 0.81352550823 1.15525871581 1.07219057770 1.17059142676 0.95452228799 0.83603139938 0.97257073981 1.45881449362 0.80969720327 0.85652461197 1.00287614462 0.95098799352 0.71788680243 0.34555340891 -153.6026002830 0.01179694930   -2 
  90 0.02981671080 0.00091076033 -160.89361174 0.41796361642 0.97919318263 0.99299691654 1.10599681888 1.42596371827 0.81348661023 1.15518445994 1.07207897068 1.17069371542 0.95470906920 0.83580267957 0.97264652832 1.45867205722 0.80969594132 0.85669372234 1.00318565392 0.95112575344 0.71842114377 0.34619800295 -153.6017814534 0.01500327192   -2 
  91 0.02981230385 0.00091095991 -160.91648055 0.41793374330 0.97953300025 0.99288590817 1.10581029175 1.42606253798 0.81346590668 1.15516437200 1.07203466093 1.17075221076 0.95477594248 0.83569802766 0.97268478810 1.45864861123 0.80969503303 0.85676020473 1.00330858401 0.95118333694 0.71862370046 0.34637844530 -153.6015289075 0.00730056930   -2 
  92 0.02980619303 0.00091058753 -160.99847966 0.41764050463 0.98006544237 0.99255831718 1.10529097240 1.42632435261 0.81329799808 1.15506057972 1.07179849695 1.17102178127 0.95494495800 0.83517077390 0.97285078837 1.45870324018 0.80966782372 0.85699746736 1.00376565759 0.95141187146 0.71935451591 0.34662226602 -153.6010711382 0.00809800301   -2 
  93 0.02980725600 0.00091082315 -161.00295759 0.41769355356 0.97987322891 0.99265511782 1.10540975428 1.42629783950 0.81330895947 1.15507809124 1.07181699102 1.17101774941 0.95492947654 0.83518757895 0.97284946002 1.45872628276 0.80966985093 0.85698857236 1.00375053564 0.95140971677 0.71932565039 0.34656445813 -153.6009331251 0.00865575214   -2 
  94 0.02980856911 0.00091086222 -161.02978471 0.41779930402 0.97954846387 0.99276340531 1.10554233530 1.42624791912 0.81329924143 1.15508337174 1.07181131891 1.17103244001 0.95491349561 0.83514722475 0.97286213785 1.45876668693 0.80966647599 0.85699782577 1.00377372130 0.95143046041 0.71936213169 0.34648064230 -153.6007748433 0.00556289346   -2 
  95 0.02981124179 0.00091105733 -161.08340149 0.41771841702 0.97904164442 0.99293645072 1.10575365756 1.42618109808 0.81322974171 1.15507178300 1.07173559695 1.17114263526 0.95490755648 0.83489257221 0.97294130945 1.45889869291 0.80964852614 0.85708418901 1.00396020000 0.95154571042 0.71966306488 0.34627632884 -153.6005376411 0.01119846544   -2 
  96 0.02981397743 0.00091091621 -161.15284818 0.41765815561 0.97858429233 0.99305153128 1.10591354813 1.42608137813 0.81313782508 1.15503626498 1.07163159983 1.17125569528 0.95489639451 0.83458837571 0.97302557594 1.45903005478 0.80962280451 0.85718245928 1.00417459447 0.95167471710 0.72002293565 0.34604988822 -153.6003011450 0.00810050371   -2 
  97 0.02982156814 0.00091098159 -161.38097246 0.41720986108 0.97844363759 0.99307535617 1.10607653671 1.42578672092 0.81280034796 1.15485995376 1.07122767604 1.17163336897 0.95486414749 0.83344880776 0.97332086786 1.45943606417 0.80951782709 0.85755461700 1.00496280340 0.95214397426 0.72145865996 0.34524407074 -153.5995452747 0.01834494021   -2 
  98 0.02982715524 0.00091067186 -161.59581111 0.41700253809 0.97847982755 0.99299667964 1.10609766433 1.42552267543 0.81251946872 1.15468923225 1.07088498697 1.17190987504 0.95482605088 0.83251408275 0.97354725533 1.45973205041 0.80942456825 0.85785446725 1.00560173084 0.95252144782 0.72265807640 0.34457592872 -153.5989565820 0.01341112189   -2 
  99 0.02983287653 0.00091104901 -161.93297833 0.41687426655 0.97910731728 0.99277352884 1.10592297932 1.42525902850 0.81217175714 1.15444776243 1.07043431780 1.17224094656 0.95476727569 0.83122657225 0.97384246256 1.46007910358 0.80928752575 0.85827844326 1.00649425864 0.95305127526 0.72444365049 0.34358465649 -153.5981143767 0.00791458009   -2 
 100 0.02983262976 0.00091098235 -161.97224239 0.41690428635 0.97918494011 0.99271946668 1.10583992626 1.42525477695 0.81215810671 1.15442057768 1.07040584055 1.17223494935 0.95475446051 0.83113611496 0.97385081523 1.46007090793 0.80927179141 0.85830811562 1.00655522675 0.95308859876 0.72461474254 0.34348124258 -153.5980343146 0.00569122979   -2 
 101 0.02982850409 0.00091120273 -162.05943680 0.41693034293 0.97949519449 0.99253793667 1.10542812440 1.42540881975 0.81223684276 1.15437435527 1.07043192466 1.17207713842 0.95470790902 0.83108405156 0.97379341418 1.45988905453 0.80923081023 0.85833645278 1.00659883131 0.95312482893 0.72502481342 0.34319488906 -153.5978457873 0.00616607917   -2 
 102 0.02982397658 0.00091107995 -162.11288098 0.41690100540 0.97957805518 0.99239997459 1.10508533473 1.42553539111 0.81233261051 1.15434052317 1.07048562981 1.17188840925 0.95466115591 0.83113884773 0.97370562739 1.45967205182 0.80919772666 0.85832472719 1.00656582295 0.95311452810 0.72528691672 0.34298219371 -153.5977164785 0.00940838246   -2 
 103 0.02981314413 0.00091114460 -162.20324258 0.41669766224 0.97967086009 0.99216860012 1.10440333479 1.42583521634 0.81257237267 1.15428820039 1.07063763455 1.17144897973 0.95456073959 0.83133356790 0.97349037615 1.45916126586 0.80912854018 0.85827877550 1.00645232463 0.95307029390 0.72582527693 0.34252019020 -153.5974463019 0.00519516513   -2 
 104 0.02980198672 0.00091105329 -162.28756083 0.41657672017 0.97938343002 0.99208495724 1.10404547795 1.42594747630 0.81277486469 1.15423941126 1.07077879763 1.17101305944 0.95445703485 0.83161744274 0.97324590528 1.45863949655 0.80906064953 0.85818999106  1.0062758601 0.95298616897 0.72624231526 0.34210079410 -153.5972859650 0.00833462801   -2 
 105 0.02979394212 0.00091122231 -162.34276144 0.41648819311 0.97915356406 0.99208037236 1.10391059867 1.42597552205 0.81290444099 1.15421080467 1.07087489295 1.17071474805 0.95438493173 0.83184262760 0.97306680137 1.45827408537 0.80901299539 0.85811664914 1.00613538166 0.95291792361 0.72651527246 0.34180675636 -153.5971623525 0.00647799873   -2 
 106 0.02978203610 0.00091130838 -162.43930538 0.41650310672 0.97875423918 0.99211903604 1.10393918358 1.42581564765 0.81302573165 1.15414771300 1.07096973281 1.17029239647 0.95426766848 0.83220490029 0.97278253448 1.45773927610 0.80893534506 0.85797890997 1.00588989052 0.95279114472 0.72686422323 0.34137739355 -153.5969907610 0.00547505254   -2 
 107 0.02977792911 0.00091145543 -162.46852930 0.41649027253 0.97867739143 0.99214883839 1.10404768646 1.42568531031 0.81303316524 1.15411994158 1.07097978483 1.17016161220 0.95422347659 0.83234319729 0.97267601053 1.45756146765 0.80890464238 0.85791830590 1.00578692215 0.95273540018 0.72696950368 0.34122126852 -153.5969334539 0.00531197155   -2 
 108 0.02976866794 0.00091147698 -162.54085260 0.41649552394 0.97860589835 0.99219250723 1.10446549598 1.42517046078 0.81294607669 1.15401684485 1.07092454300 1.16988513083 0.95410130376 0.83268015311 0.97240229299 1.45715768586 0.80881794873 0.85774156226 1.00549575318 0.95257104057 0.72717270379 0.34083768262 -153.5967999981 0.00493164905   -2 
 109 0.02976544787 0.00091154238 -162.56038876 0.41643790114 0.97866252237 0.99220077897 1.10466634462 1.42493250337 0.81286828001 1.15396835634 1.07087054974 1.16980263436 0.95404925868 0.83281533966 0.97228925334 1.45701806755 0.80877858497 0.85765910216 1.00536014491 0.95249242579 0.72723480477 0.34067315773 -153.5967443981 0.00494337054   -2 
 110 0.02976290831 0.00091143221 -162.58037650 0.41638228318 0.97875782501 0.99217835250 1.10485333547 1.42467260850 0.81274588799 1.15390610303 1.07077984364 1.16974542483 0.95399165168 0.83294131026 0.97217360761 1.45690055717 0.80873351444 0.85756573821 1.00520523821 0.95240080049 0.72727460122 0.34049960377 -153.5966901843 0.00263622116   -2 
 111 0.02976366728 0.00091147836 -162.58210159 0.41635202136 0.97884279216 0.99214945949 1.10485589247 1.42464705971 0.81265862728 1.15388556189 1.07071137114 1.16978710432 0.95397686480 0.83295486620 0.97215133588 1.45692548034 0.80871741191 0.85753098327 1.00513962747 0.95236165857 0.72724762497 0.34044091629 -153.5966644151 0.00445307611   -2 
 112 0.02976780976 0.00091139873 -162.59766752 0.41631812087 0.97910561431 0.99201101732 1.10478823377 1.42459134819 0.81231263359 1.15380297210 1.07043400406 1.16997344231 0.95392360820 0.83297185237 0.97208333365 1.45705866746 0.80865762993 0.85740351101 1.00489441618 0.95221425297 0.72711474935 0.34023325656 -153.5965851790 0.00303168963   -2 
 113 0.02977380159 0.00091158967 -162.61601188 0.41637749442 0.97899280182 0.99199525750 1.10466710242 1.42470532051 0.81211664248 1.15377304359 1.07026413253 1.17015002434 0.95390660226 0.83292193608 0.97208210264 1.45723239485 0.80862735362 0.85732727630 1.00474193690 0.95211895258 0.72695465420 0.34010134801 -153.5964983270 0.00470986160   -2 
 114 0.02977852707 0.00091162118 -162.62998417 0.41642311229 0.97887654025 0.99198122618 1.10456951814 1.42478344733 0.81198125954 1.15374840505 1.07014304261 1.17027360909 0.95389343083 0.83287725449 0.97208350962 1.45735879739 0.80860522739 0.85727120458 1.00463137716 0.95204847260 0.72682978429 0.34000548068 -153.5964635850 0.00337692650   -2 
 115 0.02978703490 0.00091152173 -162.62580797 0.41632921510 0.97866097503 0.99197870326 1.10444175198 1.42486509977 0.81186808330 1.15371434091 1.07001911939 1.17040665681 0.95387779199 0.83277568156 0.97210300314 1.45752578268 0.80857885468 0.85719494308 1.00449112355 0.95194989085 0.72661616129 0.33987450962 -153.5963848016 0.00325261507   -2 
 116 0.02978827131 0.00091156367 -162.62434831 0.41631484149 0.97866015861 0.99198152744 1.10443623412 1.42486745586 0.81186778220 1.15371124845 1.07001331165 1.17041470860 0.95387657242 0.83275939151 0.97210747946 1.45754189569 0.80857657139 0.85718614694 1.00447806806 0.95193827497 0.72658597176 0.33985863905 -153.5963735206 0.00212756079   -2 
 117 0.02981067367 0.00091168755 -162.64507637 0.41641193771 0.97895023187 0.99196236369 1.10444732552 1.42461879449 0.81208309175 1.15362233703 1.07006012910 1.17032426619 0.95384102393 0.83242141164 0.97218752012 1.45764736800 0.80854416624 0.85704713234 1.00434569926 0.95175578056 0.72604106567 0.33961681310 -153.5962560213 0.00386591637   -2 
 118 0.02982038096 0.00091158068 -162.64775893 0.41640527400 0.97899143295 0.99195656590 1.10445956389 1.42453509620 0.81217401800 1.15358902135 1.07008681533 1.17027658290 0.95382589380 0.83228408677 0.97221729395 1.45767306929 0.80852931609   0.856988774 1.00429294444 0.95167735913 0.72580352576 0.33951228328 -153.5962110805 0.00603542446   -2 
 119 0.02984526649 0.00091152797 -162.63952524 0.41629084769 0.97905362796 0.99197471366 1.10452102037 1.42438684215 0.81240676163 1.15352507717 1.07016973897 1.17016116132 0.95379465915 0.83194960050 0.97229327373 1.45772928903 0.80849337784 0.85684455893 1.00416620428 0.95148012367 0.72519480418 0.33924351525 -153.5960998051 0.00274685608   -2 
 120 0.02986749464 0.00091169604 -162.65087124 0.41632435171 0.97882780914 0.99204820350 1.10460072583 1.42452151173 0.81253197218 1.15353139043 1.07025105543 1.17009133381 0.95378212833 0.83173626761 0.97233348039 1.45771022746 0.80845642921 0.85672520313 1.00405630213 0.95130316485 0.72463316327 0.33898081764 -153.5960159893 0.00617103958   -2 
 121 0.02987914218 0.00091167367 -162.66029347 0.41636372653 0.97869914527 0.99207577504 1.10463034183 1.42459834399 0.81258254367 1.15353466483 1.07028778112 1.17005549558 0.95377426369 0.83163304090 0.97234848062 1.45768892704 0.80843482454 0.85666150436 1.00399747317 0.95120805661 0.72433651109 0.33883948189 -153.5959726589 0.00206452032   -2 
 122 0.02990084947 0.00091152516 -162.65014507 0.41628276996 0.97883891224 0.99203177195 1.10455360679 1.42492540107 0.81241949631 1.15360464631 1.07028121614 1.17007320822 0.95376820873 0.83163986309 0.97228305656 1.45749192523 0.80836693371 0.85653227318 1.00390073509 0.95099881920 0.72374807141 0.33849507647 -153.5958831792 0.00431126706   -2 
 123 0.02990879565 0.00091158298 -162.64708343 0.41626421703 0.97891028534 0.99202450772 1.10453164428 1.42504195040 0.81235131508 1.15363633764 1.07027723473 1.17008860333 0.95376871399 0.83165753849 0.97225509136 1.45741589791 0.80834182791 0.85648464063 1.00386684473 0.95092137905 0.72353093554 0.33836174890 -153.5958539330 0.00409486693   -2 
 124 0.02993506791 0.00091167018 -162.65956039 0.41636581333 0.97911770317 0.99200127144 1.10445689686 1.42534037021 0.81209202930 1.15373971519 1.07024386215 1.17015627396 0.95377117763 0.83176548060 0.97214040567 1.45714079638 0.80825400780 0.85632024074 1.00374990608 0.95065729641 0.72280404047 0.33789068089 -153.5957542400 0.00218239501   -2 
 125 0.02994865087 0.00091164145 -162.66235887 0.41639808425 0.97905046807 0.99203158382 1.10447336139 1.42529872048 0.81198038903 1.15378036196 1.07021745974 1.17020728357 0.95377655167 0.83187175872 0.97206706242 1.45700696171 0.80821034124 0.85622750805 1.00368953924 0.95051712841 0.72242721607 0.33760612575 -153.5957187866 0.00588340244   -2 
 126 0.02998951619 0.00091181284 -162.65721695 0.41641308454 0.97883122144 0.99215751012 1.10456262669 1.42511381403 0.81167140916 1.15390267717 1.07014358093 1.17037095057 0.95379856777 0.83221244688 0.97184664069 1.45662151581 0.80808309706 0.85594818277 1.00351163466 0.95009696231 0.72129865753 0.33673211283 -153.5956139628 0.00274793398   -2 
 127 0.02998230081 0.00091171551 -162.65407235 0.41638225016 0.97888850245 0.99211195905 1.10454142092 1.42508959987 0.81176359675 1.15385469554 1.07015450279 1.17032617590 0.95378986177 0.83215135311 0.97188501956 1.45670637716 0.80810711230 0.85599404678 1.00354105956 0.95016793222 0.72150341174 0.33686324632 -153.5955926449 0.00289203981   -2 
 128 0.02997863939 0.00091171991 -162.65008586 0.41635261833 0.97892797871 0.99208706034 1.10453495585 1.42506010036 0.81182680013 1.15382309141 1.07016120809 1.17029991240 0.95378499358 0.83212197503 0.97190517341 1.45675843547 0.80812062140 0.85601664707 1.00355422874 0.95020349030 0.72161000328 0.33691946165 -153.5955807967 0.00159518894   -2 
 129 0.02997096447 0.00091166610 -162.64912272 0.41634262207 0.97898404623 0.99201871187 1.10452316335 1.42488912244 0.81202356019 1.15371200726 1.07016961188 1.17022087237 0.95376690363 0.83206852798 0.97194413191 1.45689957623 0.80815165878 0.85605735732 1.00357811536 0.95027279664 0.72184361946 0.33698236379 -153.5955603251 0.00240142164   -2 
 130 0.02996758988 0.00091170367 -162.64852706 0.41633889097 0.97900016063 0.99199782160 1.10452363457 1.42481484847 0.81211426225 1.15366319450 1.07017396853 1.17018699205 0.95375947950 0.83204847790 0.97196122756 1.45696617003 0.80816589699 0.85607533625 1.00358785987 0.95030352755 0.72194827160 0.33700166738 -153.5955515480 0.00168960247   -2 
 131 0.02996284557 0.00091171993 -162.65298772 0.41636792274 0.97897020719 0.99198042253 1.10452494138 1.42471188092 0.81223809617 1.15359262123 1.07017583552 1.17013880961 0.95374748211 0.83202742334 0.97198187678 1.45706224350 0.80818499172 0.85609959879 1.00359850837 0.95034559266 0.72209905655 0.33700874984 -153.5955404087 0.00125768093   -2 
 132 0.02996109963 0.00091175326 -162.65305009 0.41636759203 0.97893969968 0.99198944835 1.10452846609 1.42469139616 0.81227468909 1.15357174501 1.07017498890 1.17012452790 0.95374348771 0.83202541834 0.97198755738 1.45709767603 0.80819139163 0.85610886713 1.00360248988 0.95036117693 0.72215804634 0.33699941315 -153.5955362862 0.00168119068   -2 
 133 0.02995498273 0.00091175102 -162.65514325 0.41637409658 0.97879219627 0.99202879998 1.10453226756 1.42463777444 0.81237971101 1.15350236271 1.07016432769 1.17007608124 0.95372704429 0.83202559004 0.97200104152 1.45721485544 0.80821090364 0.85614048299 1.00361102489 0.95041429523 0.72237002862 0.33694726115 -153.5955245162 0.00125723675   -2 
 134 0.02995653104 0.00091174929 -162.65275232 0.41635960904 0.97885238928 0.99201723622 1.10452724888 1.42466991677 0.81233384922 1.15352747622 1.07016378003 1.17009232198 0.95373092112 0.83203033858 0.97199446756 1.45717870801 0.80820420936 0.85613275639 1.00361071855 0.95040070390 0.72232157917 0.33694914245 -153.5955200894 0.00144008200   -2 
 135 0.02995755119 0.00091171463 -162.65201322 0.41635462522 0.97889426423 0.99200722447 1.10452015856 1.42469818344 0.81229265134 1.15354684739 1.07016078301 1.17010430484 0.95373277708 0.83203597923 0.97198792598 1.45715068376 0.80819858637 0.85612753776 1.00361150147 0.95039131354 0.72229253688 0.33694331534 -153.5955166405 0.00093529056   -2 
 136 0.02995919978 0.00091171336 -162.65055499 0.41634547338 0.97896790667 0.99200372405 1.10451065645 1.42478088716 0.81219379450 1.15359455876 1.07015196580 1.17013363543 0.95373669729 0.83205758791 0.97197212744 1.45709705201 0.80818709895 0.85612032493 1.00360947285 0.95037707600 0.72225805587 0.33690515329 -153.5955109244 0.00138515780   -2 
 137 0.02996018137 0.00091168971 -162.65189483 0.41635380754 0.97898898675 0.99200555598 1.10450561885 1.42483239520 0.81212839129 1.15362516690 1.07014507527 1.17015258159 0.95373879317 0.83207427806 0.97196087743 1.45706325761 0.80817962281 0.85611608186 1.00360758180 0.95036885846 0.72224231549 0.33687094511 -153.5955065200 0.00158039142   -2 
 138 0.02996265711 0.00091173211 -162.65413768 0.41636880175 0.97900302865 0.99203009853 1.10450739918 1.42496692660 0.81196421020 1.15370862552 1.07013020269 1.17020589913 0.95374638793 0.83212504750 0.97193204342 1.45698227319 0.80816179767  0.8561069852 1.00360101877 0.95035031474 0.72221389208 0.33676139754 -153.5954949605 0.00143794361   -2 
 139 0.02996452923  0.0009117149 -162.65612963 0.41637981657 0.97896021216 0.99205396595 1.10451372230 1.42503421971 0.81185945914 1.15376171493 1.07011995726 1.17024154448 0.95375136876 0.83216527422 0.97191055657 1.45692788771 0.80814981374 0.85609974650 1.00359500025 0.95033724105 0.72220144892 0.33666128633 -153.5954872802 0.00211864858   -2 
 140 0.02996732710 0.00091175228 -162.65515388 0.41637112878 0.97888362827 0.99209370179 1.10453262545 1.42510548046 0.81172971414 1.15383199883 1.07010920972 1.17029111000 0.95375958978 0.83222585562 0.97188112061 1.45685751778 0.80813466461 0.85608936072 1.00358454441 0.95031928712 0.72219058477 0.33649977618 -153.5954749344 0.00182469368   -2 
 141 0.02997020944 0.00091171586 -162.65459533 0.41636432030 0.97879988849 0.99211399629 1.10454770455 1.42510844965 0.81164315653 1.15387583513 1.07009995561 1.17032608777 0.95376484913 0.83228230745 0.97185307457 1.45679898672 0.80812210681 0.85607693379 1.00357121322 0.95030083809 0.72218908096 0.33631860303 -153.5954614034 0.00239509558   -2 
 142 0.02997631593 0.00091172769 -162.65065477 0.41633568603 0.97866574909 0.99214620144 1.10458081796 1.42507139380 0.81150495072 1.15394751561 1.07008557973 1.17038838013 0.95377512511 0.83239585610 0.97179827134 1.45669133583 0.80809935363 0.85605043427 1.00354169391 0.95026287183 0.72219369925 0.33592584308 -153.5954417435 0.00262120493   -2 
 143 0.02999959652 0.00091196777 -162.65844124 0.41641488899 0.97877802800 0.99203047685 1.10459164733 1.42450378447 0.81144795200 1.15393185643 1.07005323533 1.17044273807 0.95377883874 0.83271287996 0.97163172877 1.45643528658 0.80804330570 0.85593852046 1.00343744971 0.95011581436 0.72227154145 0.33437202366 -153.5952757313 0.00750610070   -2 
 144 0.03000898212 0.00091191079 -162.66351690 0.41645386452 0.97881130004 0.99196949777 1.10457738704 1.42428130888 0.81144541198 1.15390529029 1.07003711417 1.17044752885 0.95377470801 0.83282471652 0.97156707634 1.45634034403 0.80802092682 0.85589239656 1.00339252811 0.95005532717 0.72230147139 0.33375505319 -153.5952095709 0.00408685078   -2 
 145 0.03002895160 0.00091180520 -162.64595193 0.41632687578 0.97887794594 0.99186084702 1.10449575668 1.42403553381 0.81159965128 1.15375889125 1.07001408238 1.17036918371 0.95374589701 0.83295030633 0.97146946334 1.45623560373 0.80798473151 0.85580013919 1.00329203524 0.94992989171 0.72235225312 0.33252175216 -153.5950832099 0.00309826910   -2 
 146 0.03002802288 0.00091193001 -162.65845563 0.41640252031 0.97881195004 0.99191990640 1.10448358318 1.42427471533 0.81167172906 1.15372478802 1.07002218786 1.17031660799 0.95373278825 0.83285115117 0.97150694226 1.45631431207 0.80799248183 0.85581004305 1.00329617518 0.94994001579 0.72233165855 0.33264924127 -153.5950283790 0.00301848879   -2 
 147 0.03002816461 0.00091188615 -162.66192047 0.41641821494 0.97878230344 0.99193466088 1.10447104510 1.42436621684 0.81170894380 1.15370133420 1.07002313420 1.17028662386 0.95372396062 0.83280385682 0.97152167282 1.45634821229 0.80799437782 0.85581093985 1.00329401084 0.94993996943 0.72232194891 0.33267834649 -153.5950129979 0.00312640199   -2 
 148 0.03003026911 0.00091185238 -162.66057991 0.41636774230 0.97868280054 0.99202647552 1.10441588729 1.42490035900 0.81195397438 1.15356197965 1.07003668981 1.17010717835 0.95367300721 0.83251666616 0.97161394063 1.45656421893 0.80800664761 0.85581236403 1.00328009062 0.94993400160 0.72226426221 0.33279616388 -153.5949475164 0.00138467140   -2 
 149 0.03003109700 0.00091182612 -162.66236913 0.41638354794 0.97877646338 0.99199642540 1.10443157100 1.42479262896 0.81195804536 1.15356244386 1.07003721146 1.17010647415 0.95367065341 0.83249756124 0.97161917147 1.45657747128 0.80800537788 0.85580500529 1.00328276575 0.94992781692 0.72225874580 0.33277785805 -153.5949369996 0.00243818011   -2 
 150 0.03003206228 0.00091185388 -162.66186462 0.41638420281 0.97886977990 0.99197413371 1.10445112284 1.42469958287 0.81196942169 1.15356265740 1.07004010732 1.17010401485 0.95366832714 0.83247146501 0.97162786672 1.45659847819 0.80800490367 0.85579783813 1.00328322541 0.94992165534 0.72225139447 0.33276039352 -153.5949282795 0.00095261936   -2 
 151 0.03003638845 0.00091180060 -162.65722739 0.41634275181 0.97888343544 0.99197065316 1.10449452493 1.42460204615 0.81205787713 1.15354036480 1.07005553539 1.17006562838 0.95365210775 0.83232202779 0.97167853827 1.45671730086 0.80800583689 0.85577459130 1.00325682112 0.94989870574 0.72220391716 0.33271389452 -153.5949130828 0.00142596603   -2 
 152 0.03004723713 0.00091186078 -162.66603002 0.41638125234 0.97882030422 0.99200337812 1.10456993106 1.42452730994 0.81226389151 1.15348998588 1.07009431333 1.16998088007 0.95361524623 0.83195649213 0.97180493022 1.45700592483 0.80800797930 0.85572080377 1.00319439695 0.94984126124 0.72207680012 0.33259953369 -153.5948838496 0.00082791469   -2 
 153 0.03004569457 0.00091184321 -162.66434593 0.41637302273 0.97883123270 0.99199855949 1.10454782234 1.42456016742 0.81222369772 1.15349863082 1.07008644500 1.16999745853 0.95362134698 0.83201526291 0.97178375627 1.45695587303 0.80800658824 0.85572825534 1.00320273985 0.94984819533 0.72209295589 0.33261464532 -153.5948823756 0.00067154547   -2 
 154 0.03004582166 0.00091185875 -162.66349074 0.41636858515 0.97883727240 0.99200037377 1.10452378031 1.42461849961 0.81219941305 1.15350328785 1.07008191969 1.17000907288 0.95362372404 0.83202908408 0.97177768530 1.45693706140 0.80800419731 0.85572748562 1.00320391287 0.94984453855 0.72208640112 0.33261038619 -153.5948801624 0.00139413942   -2 
 155 0.03004649469 0.00091183867 -162.66360145 0.41637133351 0.97884607803 0.99200256589 1.10444622051 1.42479271748 0.81212485467 1.15351432415 1.07006633854 1.17004219553 0.95362920361 0.83206446867 0.97175983291 1.45688091572 0.80799589646 0.85572282432 1.00320107533 0.94983071648 0.72206157391 0.33259363110 -153.5948745133 0.00045510212   -2 
 156 0.03004660007 0.00091184805 -162.66373672 0.41637216957 0.97884258992 0.99200246921 1.10446765125 1.42475080401 0.81214057903 1.15351226235 1.07006978901 1.17003608517 0.95362809835 0.83205487586 0.97176412488 1.45689294946 0.80799721140 0.85572203252 1.00320183252 0.94983136761 0.72206222780 0.33259346894 -153.5948740032 0.00052475859   -2 
 157 0.03004692836 0.00091184317 -162.66436983 0.41637622763 0.97883765774 0.99200257230 1.10448545554 1.42471663793 0.81215119481 1.15351038041 1.07007187505 1.17003210887 0.95362705591 0.83204552514 0.97176740420 1.45690131417 0.80799754667 0.85571950671 1.00320020614 0.94982950888 0.72205794307 0.33258955496 -153.5948733744 0.00053861878   -2 
 158 0.03004807323 0.00091185821 -162.66457441 0.41637810369 0.97882986341 0.99200443309 1.10452392201 1.42465322016 0.81217060943 1.15350786932 1.07007622753 1.17002703578 0.95362544154 0.83202336305 0.97177454200 1.45691789944 0.80799731293 0.85571132638 1.00319598990 0.94982128333 0.72204024005 0.33257430649 -153.5948720828 0.00060274846   -2 
 159 0.03004971827 0.00091184951 -162.66492537 0.41638034712 0.97882016461 0.99200678648 1.10455718314 1.42459609031 0.81218726266 1.15350444695 1.07007943605 1.17002290221 0.95362316072 0.83199654113 0.97178192487 1.45693342592 0.80799566918 0.85569951834 1.00318952219 0.94980844890 0.72201298845 0.33255124813 -153.5948707740 0.00083137404   -2 
 160 0.03005330603 0.00091186022 -162.66391867 0.41637417969 0.97881187781 0.99201391113 1.10460879084 1.42451379194 0.81221422021 1.15349928892 1.07008492822 1.17001833331 0.95361925551 0.83194366503 0.97179593984 1.45696101194 0.80799137391 0.85567449696 1.00317116919 0.94977958029 0.72195212826 0.33249965688 -153.5948682891 0.00093413884   -2 
 161 0.03005849906 0.00091182896 -162.66408375 0.41637522556 0.97881361390 0.99201393449 1.10462812902 1.42447557175 0.81223249904 1.15349174589 1.07008668336 1.17001629825 0.95361336177 0.83187711307 0.97181000216 1.45698555766 0.80798262336 0.85563875940 1.00314335965 0.94973455355 0.72186039435 0.33242121288 -153.5948635587 0.00215673969   -2 
 162 0.03008305870 0.00091186426 -162.66014471 0.41635387696 0.97886479316 0.99202433780 1.10467787338 1.42439954014 0.81230264472 1.15346514446 1.07009514438 1.17001823305 0.95358964723 0.83157829175 0.97187272895 1.45709086642 0.80794063495 0.85547232688 1.00300749412 0.94952071850 0.72142371390 0.33204550502 -153.5948404280 0.00234288752   -2 
 163 0.03008956580 0.00091183769 -162.66265759 0.41637149595 0.97887155968 0.99202301531 1.10466429959 1.42441845779 0.81230931998 1.15345821442 1.07009364126 1.17002047249 0.95358320132 0.83150931725 0.97188389675 1.45710733635 0.80792779279 0.85542798426 1.00296897263 0.94946168955 0.72130444344 0.33194077301 -153.5948302043 0.00225145722   -2 
 164 0.03010775992 0.00091193326 -162.66795768 0.41641408347 0.97890354759 0.99203470243 1.10458333346 1.42458617465 0.81230405106 1.15345013466 1.07008792003 1.17003928045 0.95357000081 0.83134949478 0.97190428279 1.45713000237 0.80788990362 0.85530571531 1.00286286759 0.94929322403 0.72096268978 0.33163331029 -153.5948032894 0.00164588366   -2 
 165 0.03012413247 0.00091194702 -162.67064908 0.41643538197 0.97891230954 0.99204043673 1.10448997068 1.42477065575 0.81228077347 1.15344457686 1.07007752681 1.17005894854 0.95355850161 0.83123106837 0.97191100929 1.45712730491 0.80785288111 0.85519443489 1.00276168147 0.94913717873 0.72064789994 0.33134387522 -153.5947925882 0.00208134878   -2 
 166 0.03013519349 0.00091195550 -162.66540138 0.41640082771 0.97890684088 0.99204543807 1.10442946478 1.42490758465 0.81224881727 1.15344601441 1.07006762280 1.17007664336 0.95355279583 0.83118440207 0.97190249373 1.45710048597 0.80782536350 0.85511768024 1.00269031731 0.94902710455 0.72042659706 0.33113104552 -153.5947768662 0.00247914588   -2 
 167 0.03014150315 0.00091190763 -162.66338133 0.41638617875 0.97889360523 0.99204402836 1.10439663918 1.42497575806 0.81222394673 1.15344620159 1.07005924300 1.17008602943 0.95354914714 0.83117032851 0.97189146438 1.45707382093 0.80780815593 0.85507243911 1.00264656881 0.94896189582 0.72029643884 0.33100190219 -153.5947684338 0.00119033894   -2 
 168 0.03018068838 0.00091192036 -162.65769466 0.41635874268 0.97880151740 0.99205923222 1.10448176014 1.42503105765 0.81190698927 1.15349743425 1.06997161374 1.17016543012 0.95354727318 0.83156689797 0.97162847284 1.45656217255 0.80766724576 0.85475305590 1.00231448772 0.94848846342 0.71935719200 0.32990267079 -153.5947004284 0.00231418301   -2 
 169 0.03018468580 0.00091201796 -162.66292083 0.41639691037 0.97883770746 0.99205557621 1.10449586231 1.42498473441 0.81189243545 1.15349799688 1.06996547938 1.17016143569 0.95354573870 0.83162979510 0.97159297157 1.45650366041 0.80765267717 0.85471974147 1.00228245999 0.94843846017 0.71925721603 0.32976021089 -153.5946795178 0.00278821235   -2 
 170 0.03018631994 0.00091201395 -162.66737506 0.41642576107 0.97885528968 0.99204771188 1.10449770148 1.42494461076 0.81189199698 1.15349375415 1.06996224856 1.17015315663 0.95354324478 0.83166112224 0.97157502624 1.45647689860 0.80764614905 0.85470548719 1.00226929899 0.94841715357 0.71921506944 0.32969152690 -153.5946701195 0.00118493785   -2 
 171 0.03018729667 0.00091197210 -162.66590027 0.41638478079 0.97896402020 0.99199950644 1.10448048371 1.42464741774 0.81201512840 1.15344441765 1.06997361103 1.17005392035 0.95352359502 0.83178035642 0.97152018730 1.45644445962 0.80764094210 0.85469700442 1.00227837008 0.94840048726 0.71917742527 0.32946811705 -153.5946421850 0.00116603783   -2 
 172 0.03018710769 0.00091201581 -162.67025262 0.41638254901 0.97897596715 0.99198230200 1.10446829537 1.42449118757 0.81211561086 1.15340875893 1.06998605146 1.16997558188 0.95350830956 0.83186324911 0.97148505783 1.45643894233 0.80764051412 0.85470353820 1.00229054814 0.94840321381 0.71917490780 0.32930220627 -153.5946328131 0.00233862147   -2 
 173 0.03018676812 0.00091200732 -162.67724636 0.41639658704 0.97895804779 0.99196717782 1.10445299004 1.42437239935 0.81220230423 1.15337531930 1.06999542135 1.16990371387 0.95349319037 0.83193433989 0.97145393117 1.45643629327 0.80763998598 0.85471203252 1.00230299365 0.94840853278 0.71917834046 0.32915145136 -153.5946241116 0.00145729654   -2 
 174 0.03018633313 0.00091205308 -162.67972723 0.41639257136 0.97890069704 0.99197788912 1.10444892951 1.42442336366 0.81221769294 1.15336885912 1.06999731078 1.16988397280 0.95348754790 0.83194956168 0.97144737111 1.45644555387 0.80764017826 0.85472366266 1.00231894723 0.94841937041 0.71919521251 0.32909150581 -153.5946148470 0.00228969297   -2 
 175 0.03018510499 0.00091206670 -162.68940879 0.41639841937 0.97873154332 0.99199972082 1.10443035281 1.42458427888 0.81224199672 1.15335089069 1.06999674780 1.16983522724 0.95347100401 0.83197919356 0.97143189981 1.45646975369 0.80763943790 0.85475566131 1.00235570559 0.94844960469 0.71924551263 0.32893856723 -153.5945984598 0.00134682469   -2 
 176 0.03018508808 0.00091203262 -162.68931083 0.41639666222 0.97875670568 0.99199421303 1.10442724883 1.42458797133 0.81223037295 1.15335128086 1.06999330345 1.16983902439 0.95347036528 0.83197193299 0.97143345285 1.45646930674 0.80763863140 0.85475614746 1.00235339740 0.94845064785 0.71925032023 0.32894042037 -153.5945950968 0.00147917161   -2 
 177 0.03018495369 0.00091201019 -162.68654257 0.41637335411 0.97885480011 0.99198222164 1.10442267611 1.42462101824 0.81218852182 1.15335660871 1.06998306780 1.16985523388 0.95346928630 0.83194596126 0.97144053475 1.45647239506 0.80763655733 0.85476110278 1.00235006079 0.94845788919 0.71927312845 0.32893972907 -153.5945876574 0.00074043805   -2 
 178 0.03018462358 0.00091202349 -162.69194639 0.41639749165 0.97889349649 0.99198210619 1.10442758740 1.42468416392 0.81213613513 1.15336835267 1.06997300831 1.16987978402 0.95346906557 0.83191005271 0.97145285987 1.45648395429 0.80763532466 0.85477308037 1.00235118217 0.94847445619 0.71931447671 0.32892595686 -153.5945824531 0.00092208090   -2 
 179 0.03018449147 0.00091204040 -162.69262091 0.41639640704 0.97889977644 0.99198517489 1.10443174620 1.42470882160 0.81211706852 1.15337410254 1.06997011493 1.16989043498 0.95346957801 0.83189568741 0.97145851121 1.45648973098 0.80763527159 0.85477851432 1.00235130948 0.94848199523 0.71933256787 0.32891932338 -153.5945810039 0.00097052521   -2 
 180 0.03018353964 0.00091200738 -162.69691564 0.41637601758 0.97887361598 0.99200596669 1.10445713973 1.42485731798 0.81198749562 1.15341160146 1.06994926310 1.16996361390 0.95347233938 0.83179077825 0.97149872268 1.45653039478 0.80763533379 0.85481812804 1.00235456114 0.94853893856 0.71946872659 0.32886600600 -153.5945721345 0.00048277686   -2 
 181 0.03018248922 0.00091200469 -162.70418633 0.41638121957 0.97881878512 0.99202169270 1.10446846017 1.42482012843 0.81194715942 1.15343266606 1.06994664811 1.17001397166 0.95347931474 0.83170841172 0.97153598504 1.45656638221 0.80764317499 0.85485533504 1.00236240934 0.94860082657 0.71961934511 0.32879998465 -153.5945673385 0.00149703463   -2 
 182 0.03018187170 0.00091202951 -162.70720124 0.41637743218 0.97879617179 0.99203063000 1.10447482892 1.42479390120 0.81192962989 1.15344398262 1.06994648071 1.17004142889 0.95348375812 0.83166312839 0.97155713399 1.45658678457 0.80764823208 0.85487673177 1.00236784718 0.94863666289 0.71970716409 0.32876107101 -153.5945645478 0.00067943822   -2 
 183 0.03018009176 0.00091201120 -162.71297558 0.41635698154 0.97881595491 0.99201600264 1.10445785202 1.42465961936 0.81194032501 1.15344454808 1.06994811361 1.17007777097 0.95349134637 0.83156915395 0.97159915948 1.45662046171 0.80766322470 0.85492767462 1.00238490267 0.94872582254 0.71994409044 0.32864871444 -153.5945582718 0.00056343184   -2 
 184 0.03017912450 0.00091202394 -162.71782719 0.41636935008 0.97885647852 0.99198498981 1.10443622555 1.42462498155 0.81198442028 1.15342295223 1.06994952607 1.17006073603 0.95349060589 0.83155766961 0.97160329437 1.45661595134 0.80767030267 0.85494597179 1.00239239057 0.94875745522 0.72004916671 0.32858988001 -153.5945549561 0.00058039442   -2 
 185 0.03017885523 0.00091203441 -162.71766846 0.41636409104 0.97885930127 0.99197839224 1.10443120333 1.42462993916 0.81200376820 1.15341348079 1.06995039941 1.17004816089 0.95348940857 0.83156438877 0.97160007198 1.45660968177 0.80767198613 0.85494917923 1.00239512337 0.94876311814 0.72007466083 0.32857217877 -153.5945539125 0.00094827114   -2 
 186 0.03017782933 0.00091200740 -162.71807676 0.41635083661 0.97884801778 0.99195342152 1.10440899710 1.42466095494 0.81208315220 1.15337071870 1.06995189530 1.16998814419 0.95348218052 0.83160217508 0.97158064230 1.45657713937 0.80767714983 0.85495814482 1.00240418831 0.94877972879 0.72016657013 0.32850240782 -153.5945498911 0.00051900417   -2 
 187 0.03017737037 0.00091202623 -162.71905008 0.41635342594 0.97883310566 0.99195452580 1.10440645310 1.42468659751 0.81211831270 1.15335248132 1.06995269281 1.16995469676 0.95347779534 0.83163291786 0.97156595244 1.45655738446 0.80767837849 0.85495927274 1.00240448405 0.94878292239 0.72020464248 0.32846604291 -153.5945485145 0.00079492958   -2 
 188 0.03017708555 0.00091202382 -162.72035330 0.41635995376 0.97882008883 0.99195623310 1.10440548996 1.42470252557 0.81213885591 1.15334087860 1.06995255037 1.16993151901 0.95347430767 0.83165592392 0.97155470891 1.45654296558 0.80767855941 0.85495889538 1.00240321708 0.94878348997 0.72022806924 0.32844105481 -153.5945476227 0.00032606053   -2 
 189 0.03017694409 0.00091203551 -162.71986004 0.41636265777 0.97881430541 0.99200172525 1.10442693802 1.42471814447 0.81213609046 1.15334028539 1.06994963056 1.16989319659 0.95346541222 0.83172499640 0.97152181487 1.45651209403 0.80767249846 0.85494675033 1.00238997135 0.94876875796 0.72024705056 0.32838729373 -153.5945459905 0.00080820480   -2 
 190 0.03017692730 0.00091202441 -162.71982643 0.41636535379 0.97881153596 0.99201902124 1.10443578165 1.42472216325 0.81213182923 1.15334103686 1.06994790134 1.16987680594 0.95346119985 0.83175671847 0.97150641518 1.45649816718 0.80766928190 0.85494044429 1.00238273942 0.94876083334 0.72025377841 0.32836248012 -153.5945452124 0.00039729205   -2 
 191 0.03017730621 0.00091201436 -162.71678696 0.41635443606 0.97882565543 0.99202297322 1.10444945530 1.42471641897 0.81210774987 1.15335485324 1.06994674923 1.16986340759 0.95345621310 0.83181110483 0.97148167886 1.45648140301 0.80766214312 0.85492582337 1.00237323873 0.94874049993 0.72025237674 0.32831767260 -153.5945437966 0.00048820082   -2 
 192 0.03017761804 0.00091200375 -162.71595340 0.41635469039 0.97883292318 0.99201699534 1.10445399478 1.42471056109 0.81209244763 1.15336385319 1.06994646177 1.16985999834 0.95345413224 0.83183820659 0.97146963495 1.45647456886 0.80765813267 0.85491735184 1.00236653612 0.94872821105 0.72024851369 0.32829339617 -153.5945432855 0.00058348153   -2 
 193 0.03017855152 0.00091202400 -162.71437909 0.41635977707 0.97884938000 0.99199563695 1.10446072918 1.42469782493 0.81205700407 1.15338783974 1.06994821737 1.16986223766 0.95345188600 0.83189248860 0.97144737019 1.45646605272 0.80764964812 0.85489824627 1.00235329929 0.94869937598 0.72023371023 0.32823958642 -153.5945418318 0.00068741913   -2 
 194 0.03017890164 0.00091201881 -162.71452452 0.41636499878 0.97884852916 0.99198739022 1.10445943532 1.42469344491 0.81204738741 1.15339387314 1.06994875145 1.16986493283 0.95345158309 0.83190467637 0.97144247212 1.45646509994 0.80764730454 0.85489267841 1.00235044594 0.94869083967 0.72022741589 0.32822430354 -153.5945412245 0.00038520315   -2 
 195 0.03018082671 0.00091204691 -162.71344397 0.41637426628 0.97881938171 0.99196479174 1.10444005393 1.42468508098 0.81202222688 1.15341217595 1.06995419837 1.16989212779 0.95345541131 0.83192495701 0.97143730278 1.45647554768 0.80764063097 0.85487297510 1.00234378152 0.94865867965 0.72018992950 0.32816840058 -153.5945395277 0.00064698946   -2 
 196 0.03018233393 0.00091204397 -162.71252467 0.41637912024 0.97879634474 0.99194985733 1.10442299918 1.42467801224 0.81200632372 1.15342168466 1.06995716532 1.16991203523 0.95345801368 0.83193396395 0.97143530204 1.45648365650 0.80763584526 0.85485858903 1.00234076824 0.94863520648 0.72016012760 0.32812774695 -153.5945385830 0.00069327888   -2 
 197 0.03018528539 0.00091205290 -162.70839104 0.41637114671 0.97876675119 0.99193206355 1.10439277081 1.42466805924 0.81198436505 1.15343217682 1.06996141187 1.16994794811 0.95346285573 0.83193969281 0.97143523484 1.45649969671 0.80762769739 0.85483275748 1.00233701651 0.94859280049 0.72010139379 0.32805320671 -153.5945365258 0.00060761385   -2 
 198 0.03018783494 0.00091204569 -162.70537203 0.41636690093 0.97874900123 0.99192025311 1.10436834090 1.42465899270 0.81196888184 1.15343620696 1.06996325198 1.16997526439 0.95346609155 0.83193953887 0.97143592472 1.45651191765 0.80762081363 0.85481097922 1.00233332597 0.94855718466 0.72005030738 0.32799017244 -153.5945357274 0.00062702089   -2 
 199 0.03020007733 0.00091203353 -162.69823942 0.41638730503 0.97885304162 0.99195560002 1.10431416758 1.42463029645 0.81195855080 1.15338138387 1.06994658167 1.17004163271 0.95346731995 0.83186282754 0.97144915450 1.45654365518 0.80759167984 0.85471619813 1.00226731819 0.94840616811 0.71980071034 0.32770381082 -153.5945262724 0.00175468663   -2 
 200 0.03020427518 0.00091205757 -162.69495223 0.41638816864 0.97888723959 0.99197184562 1.10430454952 1.42462655657 0.81195884872 1.15336303011 1.06994147625 1.17006144308 0.95346779270 0.83183502790 0.97145427902 1.45655376167 0.80758230877 0.85468482070 1.00224563924 0.94835593618 0.71971538904 0.32760621607 -153.5945229616 0.00073827001   -2 
 201 0.03022411847 0.00091206903 -162.68417517 0.41639352401 0.97887414625 0.99207207109 1.10440275176 1.42468669078 0.81201944855 1.15327411693 1.06991524393 1.17007422307 0.95345945715 0.83167446318 0.97147897395 1.45656563091 0.80754478582 0.85455403040 1.00214933763 0.94814529935 0.71931421317 0.32715301855 -153.5945114046 0.00136615379   -2 
 202 0.03022810488 0.00091205460 -162.68290261 0.41639908224 0.97886661792 0.99208583875 1.10442310486 1.42469930509 0.81203245954 1.15325840927 1.06991025801 1.17007321369 0.95345725722 0.83164265396 0.97148327275 1.45656585693 0.80753741036 0.85452851588 1.00212951076 0.94810417358 0.71923412511 0.32706189673 -153.5945096714 0.00055471513   -2 
 203 0.03022749401 0.00091208400 -162.68554095 0.41640426876 0.97884949549 0.99202374373 1.10443329679 1.42471669140 0.81204216837 1.15329486112 1.06992095355 1.17004227797 0.95345595714 0.83165739606 0.97147800014 1.45654842983 0.80754209888 0.85454243673 1.00214043578 0.94812520474 0.71925314319 0.32707337780 -153.5945069812 0.00102169431   -2 
 204 0.03022727812 0.00091207467 -162.68705262 0.41640800658 0.97884021241 0.99199795757 1.10443604240 1.42472198361 0.81204616267 1.15330998892 1.06992498751 1.17002710161 0.95345479314 0.83166337420 0.97147514885 1.45653935758 0.80754389568 0.85454829284 1.00214457780 0.94813433294 0.71926050060 0.32707695629 -153.5945057474 0.00042263282   -2 
 205 0.03022698341 0.00091206858 -162.68810704 0.41640217314 0.97882807275 0.99196087402 1.10444040720 1.42472992272 0.81205430984 1.15333766797 1.06993254598 1.16999653572 0.95345216911  0.8316743129 0.97146929444 1.45652020438 0.80754724528 0.85455945604 1.00215036278 0.94815250094 0.71927262142 0.32708028862 -153.5945049987 0.00054840907   -2 
 206 0.03022692472 0.00091207409 -162.68807974 0.41639879519 0.97882761874 0.99195727189 1.10444109974 1.42473108751 0.81205627730 1.15334375896 1.06993428879 1.16998904161 0.95345145991 0.83167692857 0.97146780928 1.45651519772 0.80754805426 0.85456225358 1.00215203995 0.94815734643 0.71927540043 0.32708049106 -153.5945046961 0.00029234612   -2 
 207 0.03022663609 0.00091205572 -162.69037023 0.41638758271 0.97884094374 0.99198456196 1.10443113850 1.42471765669 0.81206579983 1.15337189793 1.06994091515 1.16993261700 0.95344315493 0.83169298985 0.97145518199 1.45647216304 0.80755236130 0.85458169892 1.00215870901 0.94819599450 0.71929265630 0.32707480921 -153.5945035537 0.00039939531   -2 
 208 0.03022662163 0.00091206742 -162.69102082 0.41639055762 0.97884183668 0.99198748152 1.10443181762 1.42471790046 0.81206599663 1.15337159802 1.06994110194 1.16993171753 0.95344298074 0.83169379831 0.97145465787 1.45647058893 0.80755263281 0.85458297960 1.00215904740 0.94819837611 0.71929362402 0.32707387671 -153.5945032180 0.00040090013   -2 
 209 0.03022660157 0.00091206997 -162.69225056 0.41639632240 0.97884081328 0.99199054362 1.10443188862 1.42471725058 0.81206588247 1.15337042077 1.06994090890 1.16993032198 0.95344253527 0.83169476027 0.97145358785 1.45646804838 0.80755289725 0.85458468920 1.00215839106 0.94820178859 0.71929492968 0.32707243297 -153.5945029603 0.00012744084   -2 
 210 0.03022649842 0.00091206587 -162.69538021 0.41639576471 0.97883130512 0.99200539431 1.10443296126 1.42471377312 0.81206455133 1.15336028334 1.06993954063 1.16992258443 0.95343926013 0.83170181740 0.97144566838 1.45645013783 0.80755464628 0.85459690096 1.00214438091 0.94822900943 0.71930458098 0.32706067033 -153.5945026446 0.00053817829   -2 
 211 0.03022636756 0.00091207350 -162.69876898 0.41639123939 0.97882364383 0.99202350017 1.10443510297 1.42471049248 0.81206316602 1.15334825366 1.06993823501 1.16991329495 0.95343538538 0.83171085504 0.97143594402 1.45642805218 0.80755695839 0.85461251094 1.00212669002 0.94826359658 0.71931704420 0.32704556950 -153.5945022049 0.00022078810   -2 
 212 0.03022619611 0.00091207077 -162.70313839 0.41638421266  0.9788229826 0.99202904413 1.10443564986 1.42470554928 0.81206099450 1.15333522601 1.06993593165 1.16990212140 0.95343031658 0.83172145748 0.97142381551 1.45640171152 0.80755959502 0.85463222459 1.00210189127 0.94830619646 0.71933349673 0.32702510171 -153.5945019262 0.00024217250   -2 
 213 0.03022617537 0.00091206715 -162.70407173 0.41638674840 0.97883648201 0.99200515605 1.10443310959 1.42470513639 0.81206051479 1.15333952588 1.06993545470 1.16990346162 0.95343036380 0.83172015066 0.97142396258 1.45640492568 0.80755914661 0.85463242546 1.00210534195 0.94830529419 0.71933517315 0.32702210649 -153.5945015571 0.00046832369   -2 
 214 0.03022616699 0.00091207379 -162.70413674 0.41638567422 0.97884217721 0.99199656516 1.10443258704 1.42470569340 0.81206052528 1.15334184710 1.06993548811 1.16990439918 0.95343057401 0.83171960467 0.97142424593 1.45640676598 0.80755900615 0.85463251222 1.00210715831 0.94830498907 0.71933593788 0.32702073748 -153.5945013255 0.00013476834   -2 
 215 0.03022615248 0.00091207480 -162.70444102 0.41638427438 0.97884563146 0.99198269378 1.10443085802 1.42470580151 0.81206029155 1.15334578776 1.06993511666 1.16990593439 0.95343078818 0.83171829363 0.97142468958 1.45641019086 0.80755861916 0.85463236785 1.00210965671 0.94830424007 0.71933713207 0.32701797238 -153.5945012720 0.00021125876   -2 
 216 0.03022614923 0.00091207209 -162.70460438 0.41638449429 0.97884461350 0.99198117899 1.10443036768 1.42470552260 0.81206015580 1.15334637128 1.06993494014 1.16990613858 0.95343075600 0.83171794186 0.97142470347 1.45641081567 0.80755849149 0.85463227723 1.00210967600 0.94830407210 0.71933735610 0.32701733707 -153.5945012321 0.00012038982   -2 
 217 0.03022612246 0.00091207169 -162.70530516 0.41638240615 0.97882943304 0.99198892182 1.10442861191 1.42470440743 0.81205949310 1.15335069290 1.06993435302 1.16990796488 0.95343072508 0.83171513477 0.97142593287 1.45641602117 0.80755764906 0.85463153813 1.00210811755 0.94830397197 0.71933901655 0.32701198910 -153.5945011069 0.00012891326   -2 
 218 0.03022610984 0.00091207388 -162.70565773 0.41638173763 0.97882529373 0.99199233251 1.10442793659 1.42470385880 0.81205916375 1.15335241656 1.06993399958 1.16990873025 0.95343069156 0.83171383255 0.97142645905 1.45641828194 0.80755723952 0.85463118011 1.00210953211 0.94830387371 0.71933984134 0.32700943204 -153.5945010875 0.00013789791   -2 
 219 0.03022610984 0.00091207388 -162.70565773 0.41638173763 0.97882529373 0.99199233251 1.10442793659 1.42470385880 0.81205916375 1.15335241656 1.06993399958 1.16990873025 0.95343069156 0.83171383255 0.97142645905 1.45641828194 0.80755723952 0.85463118011 1.00210953211 0.94830387371 0.71933984134 0.32700943204 -153.5945010875 0.00013789791   -5 
 220 0.03022610720 0.00091207205 -162.70589266 0.41638271065 0.97882697412 0.99199144154 1.10442757289 1.42470335965 0.81205898290 1.15335224608 1.06993375658 1.16990862171 0.95343054625 0.83171354155 0.97142644037 1.45641839343 0.80755711183 0.85463102550 1.00211111434 0.94830375375 0.71934006986 0.32700882869 -153.5945010571 0.00016773789   -2 
 221 0.03022610720 0.00091207205 -162.70589266 0.41638271065 0.97882697412 0.99199144154 1.10442757289 1.42470335965 0.81205898290 1.15335224608 1.06993375658 1.16990862171 0.95343054625 0.83171354155 0.97142644037 1.45641839343 0.80755711183 0.85463102550 1.00211111434 0.94830375375 0.71934006986 0.32700882869 -153.5945010571 0.00016773789   -5 
 222 0.03022610612 0.00091207455 -162.70589071 0.41638238941 0.97882863419 0.99199180626 1.10442764548 1.42470339563 0.81205896507 1.15335229843 1.06993369884 1.16990867520 0.95343053138 0.83171339764 0.97142644037 1.45641857886 0.80755705423 0.85463098436 1.00211251678 0.94830366065 0.71934023625 0.32700843202 -153.5945010322 0.00014043581   -2 
 223 0.03022610612 0.00091207455 -162.70589071 0.41638238941 0.97882863419 0.99199180626 1.10442764548 1.42470339563 0.81205896507 1.15335229843 1.06993369884 1.16990867520 0.95343053138 0.83171339764 0.97142644037 1.45641857886 0.80755705423 0.85463098436 1.00211251678 0.94830366065 0.71934023625 0.32700843202 -153.5945010322 0.00014043581   -5 
 224 0.03022610501 0.00091207267 -162.70604184 0.41638290140 0.97882988463 0.99199153487 1.10442741504 1.42470304641 0.81205883244 1.15335218418 1.06993351326 1.16990859242 0.95343044286 0.83171317737 0.97142644037 1.45641866874 0.80755694795 0.85463088640 1.00211439386 0.94830360523 0.71934041121 0.32700796022 -153.5945010112 0.00011223355   -2 
 225 0.03022610501 0.00091207267 -162.70604184 0.41638290140 0.97882988463 0.99199153487 1.10442741504 1.42470304641 0.81205883244 1.15335218418 1.06993351326 1.16990859242 0.95343044286 0.83171317737 0.97142644037 1.45641866874 0.80755694795 0.85463088640 1.00211439386 0.94830360523 0.71934041121 0.32700796022 -153.5945010112 0.00011223355   -5 
 226 0.03022610427 0.00091207438 -162.70605257 0.41638259437 0.97883119261 0.99199123317 1.10442745062 1.42470307693 0.81205879639 1.15335221305 1.06993347505 1.16990865141 0.95343045926 0.83171303188 0.97142652259 1.45641884696 0.80755688443 0.85463081833 1.00211477995 0.94830344387 0.71934056491 0.32700752367 -153.5945009949 0.00010437349   -2 
 227 0.03022610427 0.00091207438 -162.70605257 0.41638259437 0.97883119261 0.99199123317 1.10442745062 1.42470307693 0.81205879639 1.15335221305 1.06993347505 1.16990865141 0.95343045926 0.83171303188 0.97142652259 1.45641884696 0.80755688443 0.85463081833 1.00211477995 0.94830344387 0.71934056491 0.32700752367 -153.5945009949 0.00010437349   -5 
 228 0.03022610381 0.00091207283 -162.70617725 0.41638292782 0.97883244650 0.99199084600 1.10442729895 1.42470282849 0.81205868827 1.15335212131 1.06993334196 1.16990859625 0.95343037807 0.83171281364 0.97142653767 1.45641893534 0.80755679185 0.85463072100 1.00211499227 0.94830329057 0.71934074423 0.32700704492 -153.5945009800 0.00009256855    0 
-- Found new optimum with likelihood -153.594500980098701 and gradient 0.00009

---- Best joint likelihood found -153.594500980098701 with gradient 0.00009

---- Results for /scratch/38996254/tmp_294ii6g 
--  Model: C
--        eps_an     theta_bar             a 
-- 0.03022610381 0.00091207283            -1 
--           S_d             b           p_b           S_b 
-- -162.70617725 0.41638292782             0             1 
--           r 2           r 3           r 4           r 5           r 6           r 7           r 8           r 9          r 10          r 11          r 12          r 13          r 14          r 15          r 16          r 17          r 18          r 19 
-- 0.97883244650 0.99199084600 1.10442729895 1.42470282849 0.81205868827 1.15335212131 1.06993334196 1.16990859625 0.95343037807 0.83171281364 0.97142653767 1.45641893534 0.80755679185 0.85463072100 1.00211499227 0.94830329057 0.71934074423 0.32700704492 

---- Expected P_neut(i), 0 < i < n (neutral SFS per site) 
E[P_neut(1)] = 0.0008849789
E[P_neut(2)] = 0.0004339925
E[P_neut(3)] = 0.0002940113
E[P_neut(4)] = 0.0002459444
E[P_neut(5)] = 0.0002536019
E[P_neut(6)] = 0.0001213018
E[P_neut(7)] = 0.0001488236
E[P_neut(8)] = 0.0001205268
E[P_neut(9)] = 0.0001170610
E[P_neut(10)] = 0.0000869598
E[P_neut(11)] = 0.0000704612
E[P_neut(12)] = 0.0000752896
E[P_neut(13)] = 0.0001036353
E[P_neut(14)] = 0.0000547517
E[P_neut(15)] = 0.0000582503
E[P_neut(16)] = 0.0000630103
E[P_neut(17)] = 0.0000584558
E[P_neut(18)] = 0.0000488402
E[P_neut(19)] = 0.0000427915

---- Expected P_sel(i), 0 < i < n (selected SFS per site) 
E[P_sel(1)] = 0.0003417843
E[P_sel(2)] = 0.0001146078
E[P_sel(3)] = 0.0000636805
E[P_sel(4)] = 0.0000469013
E[P_sel(5)] = 0.0000441325
E[P_sel(6)] = 0.0000196151
E[P_sel(7)] = 0.0000226754
E[P_sel(8)] = 0.0000175036
E[P_sel(9)] = 0.0000163075
E[P_sel(10)] = 0.0000116801
E[P_sel(11)] = 0.0000091853
E[P_sel(12)] = 0.0000095575
E[P_sel(13)] = 0.0000128380
E[P_sel(14)] = 0.0000067005
E[P_sel(15)] = 0.0000072501
E[P_sel(16)] = 0.0000077798
E[P_sel(17)] = 0.0000074978
E[P_sel(18)] = 0.0000074465
E[P_sel(19)] = 0.0000122914

---- alpha_dfe = 0.000000

