---- Running command
---- ./polyDFE -d /scratch/40840289/tmpdlwi4rhk -m C -i /scratch/40840289/tmprx8y6fk8 1 -v 1 
---- Performing inference using model C

---- Performing inference on /scratch/40840289/tmpdlwi4rhk
----      with -i /scratch/40840289/tmprx8y6fk8 1
---- Data /scratch/40840289/tmpdlwi4rhk does not contain divergence counts. Using option -w.
---- No mutation variability. Using Poisson likelihood.


---- Using provided initial values

-- Starting local optimization
-- Optimizing all parameters
  it        eps_an     theta_bar           S_d             b           p_b           S_b           r 2           r 3           r 4           r 5           r 6           r 7           r 8           r 9           ln lk          grad status 
   0 0.00000449946   0.000731729 -15.495060000     0.1773756  0.0009289272   0.007920217      0.756295     0.8118638     0.8203224     0.7703739     0.7596918     0.7652355     0.8437457      1.011566 -69.63832736633 0.39379278868   -2 
   1 0.00000449946 0.00072122380 -15.519414874 0.17761100187 0.00092892437 0.00792021709 0.75987013335 0.80997483759 0.81272602319 0.76361204123 0.76372843249 0.77610858247 0.84570023717 1.00706742042 -69.10534555114 0.54335501282   -2 
   2 0.00000449946 0.00072503171 -15.526023058 0.17653868035 0.00092893545 0.00792021845 0.78836650565 0.80633247899 0.77578091411 0.72910600145 0.79044145972 0.84506844097 0.85974592845 0.98404602783 -66.96878493616 0.16586535655   -2 
   3 0.00000449946 0.00072312474 -15.550013611 0.17610825686 0.00092893952 0.00792021903 0.77241921001 0.81022108778 0.77579912422 0.72243062642 0.80012960770 0.87295243756 0.86643162328 0.97568729134 -66.65493821084 0.15746343836   -2 
   4 0.00000449946 0.00072557720 -15.549157276 0.17597437353 0.00092894094 0.00792021917 0.77102864534 0.81094202419 0.77680010979 0.72224538966 0.80118566677 0.87613911086 0.86734991905 0.97481260510 -66.62269817075 0.04988247521   -2 
   5 0.00000449946 0.00072422273 -15.590117170 0.17613680321 0.00092893876 0.00792021999 0.76907186893 0.81148407870 0.78850648852 0.72701758049 0.80113671569 0.88147926015 0.86996132695 0.97183213402 -66.57789973508 0.03912626560   -2 
   6 0.00000449946 0.00072491174 -15.594409154 0.17616471311 0.00092893846 0.00792022008 0.77007937955 0.81170948153 0.78907787335 0.72761256466 0.80110295904 0.88157067124 0.87022351497 0.97181717374 -66.57401513940 0.04121403624   -2 
   7 0.00000449946 0.00072375536 -15.623796278 0.17648246627 0.00092893498 0.00792022041 0.77451815648 0.81241026054 0.79048650473 0.73002682894 0.80077303565 0.88132631591 0.87119255254 0.97190443045 -66.56301115386 0.01376730981   -2 
   8 0.00000449947 0.00072341885 -15.656063826 0.17681780092 0.00092893158 0.00792022064 0.77367634824 0.81427647325 0.79039304151 0.73200278480 0.80147787130 0.88116148455 0.87258332410 0.97343464439 -66.55935408064 0.02869994023   -2 
   9 0.00000449947 0.00072389302 -15.667255650 0.17692431143 0.00092893055 0.00792022077 0.77352487200 0.81493106704 0.79040895467 0.73271945359 0.80179207937 0.88115639585 0.87313505914 0.97406109876 -66.55811229445 0.00851179183   -2 
  10 0.00000449947 0.00072399453 -15.702198380 0.17726653969 0.00092892747 0.00792022186 0.77480583891 0.81424931061 0.79069908232 0.73336898971 0.80281086238 0.88165966764 0.87447746071 0.97587653713 -66.55643628964 0.00630847706   -2 
  11 0.00000449947 0.00072387317 -15.704647247 0.17728682512 0.00092892733 0.00792022195 0.77475630261 0.81425436113 0.79075030520 0.73334416559 0.80286369718 0.88172853049 0.87453690804 0.97596703441 -66.55635741155 0.00591367313   -2 
  12 0.00000449947 0.00072406858 -15.711386770 0.17731669167 0.00092892736 0.00792022235 0.77446744449 0.81447262711 0.79104319379 0.73316461927 0.80304643163 0.88207287992 0.87470640342 0.97624424788 -66.55611179174 0.00605739599   -2 
  13 0.00000449948 0.00072400790 -15.716140248 0.17734030012 0.00092892736 0.00792022261 0.77429050404 0.81459194211 0.79120859245 0.73303400247 0.80314548254 0.88228735764 0.87479626558 0.97639993961 -66.55603322207 0.00208798077   -2 
  14 0.00000449948 0.00072393239 -15.722226611 0.17735098787 0.00092892772 0.00792022281 0.77459502450 0.81462331366 0.79125205203 0.73290286800 0.80317701637 0.88250015132 0.87481764046 0.97647513875 -66.55596782556 0.00323724339   -2 
  15 0.00000449948 0.00072397657 -15.723800741 0.17735022766 0.00092892788 0.00792022291 0.77466911625 0.81463898049 0.79126567834 0.73288007463 0.80318800020 0.88255638237 0.87482558314 0.97649617694 -66.55595317477 0.00109654713   -2 
  16 0.00000449948 0.00072402683 -15.740399822 0.17731654325 0.00092893012 0.00792022392  0.7744924626 0.81477500456 0.79130189185 0.73299918093 0.80326879008 0.88287563827 0.87488922334 0.97660558582 -66.55589256024 0.00178483243   -2 
  17 0.00000449949 0.00072401642 -15.746989290 0.17730328477 0.00092893102 0.00792022434 0.77444742215 0.81481047350 0.79131123967 0.73304211336 0.80329495681 0.88298068514 0.87491049699 0.97664141831 -66.55588526135 0.00184723423   -2 
  18 0.00000449951 0.00072406738 -15.792383888 0.17718316721 0.00092893793 0.00792022777 0.77476753858 0.81477373921 0.79133444059 0.73327086232 0.80339416961 0.88332336325 0.87500756426 0.97677694184 -66.55579182137 0.00187387643   -2 
  19 0.00000449950 0.00072402124 -15.787647981 0.17718886497 0.00092893736 0.00792022741 0.77470742693 0.81477467548 0.79133396723 0.73321138206 0.80336606392 0.88320430950 0.87498437603 0.97673929244 -66.55577795756 0.00266240868   -2 
  20 0.00000449950 0.00072406394 -15.778147048 0.17718601255 0.00092893652 0.00792022687 0.77460147407 0.81478445571 0.79134310244 0.73306958625 0.80330024881 0.88289821573 0.87493148694 0.97664894147 -66.55574779416 0.00127970058   -2 
  21 0.00000449950 0.00072402853 -15.776379896 0.17717785156 0.00092893652 0.00792022674 0.77459952144 0.81475100620 0.79132651426 0.73301580735 0.80326500550 0.88276914968 0.87490162239 0.97660149583 -66.55573914248 0.00195705132   -2 
  22 0.00000449950 0.00072405802 -15.773782608 0.17715565118 0.00092893674 0.00792022663 0.77462407278 0.81468813040 0.79129424222 0.73292782180 0.80320279576 0.88254440750 0.87484757895  0.9765153945 -66.55572533070 0.00080559610   -2 
  23 0.00000449950 0.00072403455 -15.774076787 0.17713447983 0.00092893721 0.00792022674 0.77461419839 0.81463402292 0.79124758531 0.73289422325 0.80315829823 0.88244575439 0.87480127626 0.97645141889 -66.55571921625 0.00172701741   -2 
  24 0.00000449950 0.00072406865 -15.775164430 0.17707999063 0.00092893844 0.00792022709 0.77459307503 0.81452237465 0.79114239528 0.73282819569 0.80305967351 0.88224141540 0.87469501436 0.97630643652 -66.55570820800 0.00094237710   -2 
  25 0.00000449951 0.00072411060 -15.780909417 0.17704470184 0.00092893979 0.00792022792 0.77442858854 0.81461386366 0.79113020324 0.73285359519 0.80303795179 0.88238567552 0.87463975111 0.97626723188 -66.55568375222 0.00195637426   -2 
  26 0.00000449951 0.00072407518 -15.782614567 0.17703774627 0.00092894013 0.00792022815 0.77440954473 0.81462041851 0.79112403924 0.73285579741 0.80303073332 0.88241621878 0.87462510305 0.97625637949 -66.55567654553 0.00152173672   -2 
  27 0.00000449952 0.00072406182 -15.810744559 0.17691253944 0.00092894573 0.00792023126 0.77473176650 0.81455448001 0.79107015047 0.73287260617 0.80295029302 0.88281448287 0.87444155333 0.97611926546 -66.55558828641 0.00208252545   -2 
  28 0.00000449952 0.00072412045 -15.815024550 0.17689088040 0.00092894665 0.00792023177 0.77472998003 0.81455944894 0.79107920144 0.73287423947 0.80295040924 0.88283044699 0.87443247063 0.97611251607 -66.55557486757 0.00281889173   -2 
  29 0.00000449956 0.00072424303 -15.875698379 0.17661873196 0.00092895908 0.00792023893 0.77423965525 0.81460731442 0.79122516873 0.73283542978 0.80297766865 0.88269852703 0.87438703213 0.97606316303 -66.55540382798 0.00296008982   -2 
  30 0.00000449958 0.00072419334 -15.913537120 0.17645267741 0.00092896686 0.00792024353 0.77421346678 0.81454902570 0.79120829678 0.73276238549 0.80295170296 0.88247589328 0.87435313063 0.97600683946 -66.55532834270 0.00739922256   -2 
  31 0.00000449968 0.00072458713 -16.096761966 0.17562107012 0.00092900502 0.00792026592 0.77441613916 0.81427901573 0.79107717528 0.73240540197 0.80281121594 0.88134422316 0.87419811308 0.97573021469 -66.55492923455 0.00232950811   -2 
  32 0.00000449970 0.00072466161 -16.138309208 0.17542919299 0.00092901377 0.00792027102 0.77446973360 0.81421922431 0.79101183648 0.73232046893 0.80275260790 0.88110604552 0.87414100821 0.97564406452 -66.55491274698 0.00265682590   -2 
  33 0.00000449972 0.00072460489 -16.168110191 0.17526498122 0.00092902079 0.00792027502 0.77449132407 0.81418606499 0.79078807135 0.73223837259 0.80256789142 0.88104075301 0.87397666610 0.97544727244 -66.55485578758 0.00613606696   -2 
  34 0.00000449977 0.00072481663 -16.252590616 0.17476579625 0.00092904146 0.00792028668 0.77457515396 0.81413023946 0.79011696897 0.73201197651 0.80199336175 0.88092470758 0.87345899725 0.97483065950 -66.55467745292 0.00256611093   -2 
  35 0.00000449980 0.00072489663 -16.312847533 0.17436525698 0.00092905761 0.00792029576 0.77418705359 0.81394038749 0.78982741534 0.73180253588 0.80151789045 0.88089297566 0.87293350129 0.97422599832 -66.55457624845 0.00306139194   -2 
  36 0.00000449981 0.00072496834 -16.323582558 0.17428859113 0.00092906064 0.00792029740 0.77412470861 0.81389373715 0.78980120579 0.73175930437 0.80143746784 0.88087763031 0.87283185305 0.97410969570 -66.55456141489 0.00166422687   -2 
  37 0.00000449983 0.00072497537 -16.343646888 0.17413396798 0.00092906703 0.00792030067 0.77403445960 0.81364721114 0.78991669447 0.73160099931 0.80131422724 0.88071863123 0.87257083056 0.97381823736 -66.55452352557 0.00149085652   -2 
  38 0.00000449983 0.00072500321 -16.345886316 0.17411438010 0.00092906786 0.00792030109 0.77403935659 0.81362266949 0.78993450386 0.73157818252 0.80130552120 0.88068574133 0.87253833801 0.97378209120 -66.55451979037 0.00090384998   -2 
  39 0.00000449983 0.00072498875 -16.350214118 0.17407634045 0.00092906979 0.00792030194 0.77409240171 0.81358758619 0.78996432481 0.73150383394 0.80130848068 0.88053807821 0.87245940309 0.97369440007 -66.55451198280 0.00053253555   -2 
  40 0.00000449983 0.00072499133 -16.351413300 0.17406512138 0.00092907041 0.00792030219 0.77410615090 0.81358461444 0.78996890478 0.73148214185 0.80131212865 0.88048884880 0.87243732274 0.97366893229 -66.55451144923 0.00046877426   -2 
  41 0.00000449983 0.00072499596 -16.349860595 0.17407748543 0.00092907014 0.00792030188 0.77406017144 0.81363374989 0.78992805594 0.73150730841 0.80132366155 0.88050380497 0.87246842332 0.97370300314 -66.55450917694 0.00031412896   -2 
  42 0.00000449983 0.00072499292 -16.350213903 0.17407437638 0.00092907029 0.00792030198 0.77407614735 0.81362188537 0.78993624979 0.73149914068 0.80132296625   0.880491625 0.87246011753 0.97369536853 -66.55450888996 0.00026953091   -2 
  43 0.00000449983 0.00072499523 -16.350422256 0.17407100617 0.00092907065 0.00792030206 0.77409621154 0.81361798003 0.78993613908 0.73148800871 0.80132933754 0.88045706956 0.87245246934 0.97368699782 -66.55450839257 0.00033811337   -2 
  44 0.00000449984 0.00072498877 -16.350501237 0.17406951633 0.00092907091 0.00792030211 0.77410149376 0.81361866615 0.78993231913 0.73148164526 0.80133427291 0.88043283924 0.87244877501 0.97368172019 -66.55450811045 0.00029050970   -2 
  45 0.00000449984 0.00072499316 -16.350492254 0.17406613484 0.00092907163 0.00792030236 0.77409824617 0.81363005842 0.78991851939 0.73147136292 0.80134802450 0.88037738346 0.87244427615 0.97367320372 -66.55450757308 0.00021054511   -2 
  46 0.00000449984 0.00072498934 -16.350443542 0.17406683271 0.00092907165 0.00792030240 0.77409020745 0.81362896319 0.78991795008 0.73147403175 0.80134584333 0.88038495406 0.87244581105 0.97367480187 -66.55450742438 0.00025938808   -2 
  47 0.00000449984 0.00072499504 -16.350277219 0.17406765649 0.00092907181 0.00792030251 0.77407333357 0.81362903785 0.78991553053 0.73147997999 0.80134277704 0.88039718454 0.87244974511 0.97367870781 -66.55450717882 0.00008252058    0 
-- Found new optimum with likelihood -66.554507178820245 and gradient 0.00008

---- Best joint likelihood found -66.554507178820245 with gradient 0.00008

---- Results for /scratch/40840289/tmpdlwi4rhk 
--  Model: C
--        eps_an     theta_bar             a 
-- 0.00000449984 0.00072499504            -1 
--           S_d             b           p_b           S_b 
-- -16.350277219 0.17406765649 0.00092907181 0.00792030251 
--           r 2           r 3           r 4           r 5           r 6           r 7           r 8           r 9 
-- 0.77407333357 0.81362903785 0.78991553053 0.73147997999 0.80134277704 0.88039718454 0.87244974511 0.97367870781 

---- Expected P_neut(i), 0 < i < n (neutral SFS per site) 
E[P_neut(1)] = 0.0007249921
E[P_neut(2)] = 0.0002805988
E[P_neut(3)] = 0.0001966252
E[P_neut(4)] = 0.0001431710
E[P_neut(5)] = 0.0001060639
E[P_neut(6)] = 0.0000968285
E[P_neut(7)] = 0.0000911838
E[P_neut(8)] = 0.0000790661
E[P_neut(9)] = 0.0000784376

---- Expected P_sel(i), 0 < i < n (selected SFS per site) 
E[P_sel(1)] = 0.0005364303
E[P_sel(2)] = 0.0001831640
E[P_sel(3)] = 0.0001196894
E[P_sel(4)] = 0.0000831641
E[P_sel(5)] = 0.0000594956
E[P_sel(6)] = 0.0000528280
E[P_sel(7)] = 0.0000486152
E[P_sel(8)] = 0.0000413320
E[P_sel(9)] = 0.0000403035

---- alpha_dfe = 0.001869

