---- Running command
---- ./polyDFE -d /scratch/40841841/tmpfxp8znho -m C -i /scratch/40841841/tmp59_26x95 1 -v 1 
---- Performing inference using model C

---- Performing inference on /scratch/40841841/tmpfxp8znho
----      with -i /scratch/40841841/tmp59_26x95 1
---- Data /scratch/40841841/tmpfxp8znho does not contain divergence counts. Using option -w.
---- No mutation variability. Using Poisson likelihood.


---- Using provided initial values

-- Starting local optimization
-- Optimizing all parameters
  it        eps_an     theta_bar           S_d             b           p_b           S_b           r 2           r 3           r 4           r 5           r 6           r 7           r 8           r 9          r 10          r 11          r 12          r 13          r 14          r 15          r 16          r 17          r 18          r 19          r 20          r 21          r 22          r 23          r 24          r 25          r 26          r 27          r 28          r 29          r 30          r 31          r 32          r 33          r 34          r 35          r 36          r 37          r 38          r 39           ln lk          grad status 
   0 0.00000450288   0.001050261 -26.884510000     0.1464485   0.004419742    0.05627203     0.4932568     0.4490162      0.411058     0.4293708     0.4059378     0.3950674     0.4836194     0.4412304     0.4459431     0.5171633     0.4880109      0.499798     0.5114526     0.4705895     0.3840001     0.3914661     0.4942643     0.4410675     0.4295933     0.3836019     0.3386893     0.4566943     0.4425798     0.4623484      0.424307     0.4116725     0.4906384     0.4335386     0.4045893     0.5819833     0.4816641     0.5724359     0.5396078     0.5300813       0.62822     0.8578236      0.810246      2.052769 -261.9582679780 0.98290566543   -2 
   1 0.00000450287 0.00103611245 -26.906270216 0.14664725859 0.00441968661 0.05627204036 0.49164870266 0.44803062844 0.41262167418 0.42991231713 0.40439797428 0.39431565362 0.48346867161 0.44136905952 0.44545306239 0.51820423792 0.48770718173 0.49964284890 0.51153183924 0.47073657111 0.38412229760 0.39115534305 0.49511014462 0.44030546475 0.42884931358 0.38280935016 0.33836315534 0.45690902170 0.44327582529 0.46249314980 0.42430702117 0.41193302395 0.49079110112 0.43272026136 0.40439709845 0.58153945424 0.48181425271 0.57243591875 0.53969087843 0.53106348588 0.62803020273 0.85868737950 0.80859959976 2.04987143761 -261.1292619718 0.64538929158   -2 
   2 0.00000450284 0.00104403883 -26.663579994 0.14491170576 0.00442039245 0.05627298981 0.46420946369 0.42853998861 0.47232057335 0.45328654787 0.36175492258 0.37407223304 0.48287270039 0.44902214303 0.43271213819 0.55642298011 0.48074951001 0.49731799017 0.51669898407 0.47759043804 0.38941530042 0.38243819597 0.52521158600 0.41759879941 0.40656893635 0.35881716612 0.32863023121 0.46517814521 0.46761526817 0.46837924550   0.425244196 0.42135412338 0.49692898928 0.40772201257 0.39891636918 0.56867437511 0.48768539190 0.57371832849 0.54351436852 0.56504931934 0.62326927406 0.88962049255 0.75874315372 1.96732007996 -252.8876170191 0.47055404329   -2 
   3 0.00000450282 0.00102340706 -26.590313903 0.14515356420 0.00442048516 0.05627358440 0.48548157752 0.43078924012 0.47154699752 0.45595465786 0.34735775149 0.36538583930 0.48145593617 0.45154911652 0.42590267908 0.57372043069 0.47643435631 0.49531291611 0.51869644493 0.48086800811 0.39225728784 0.37678634501 0.54304281255 0.40368434125 0.39273895506 0.34376288342 0.32211492716 0.47011784292 0.48352997439 0.47184533900 0.42556442400 0.42743446229 0.50060177404 0.39149439838 0.39502349249 0.56001315205 0.49132613852 0.57414781999 0.54570536209 0.58839329447 0.61970651139 0.90881496763 0.72738690811 1.91958717076 -250.3370754787 1.30584635264   -2 
   4 0.00000450281 0.00103639786 -26.478850348 0.14482961610 0.00442071386 0.05627409116 0.50254311491 0.43382245421 0.46962803896 0.45772755947 0.33793236669 0.35952453818 0.48070066346 0.45356308117 0.42117279718 0.58673144030 0.47345691557 0.49400346207 0.52033767158 0.48345163683 0.39449106297 0.37265585423 0.55687634584 0.39355927275 0.38265214099 0.33279369610 0.31728204773 0.47396989747 0.49600397344 0.47456492254 0.42586810199 0.43217529431 0.50348266367 0.37958431611 0.39212209557 0.55360487231 0.49417955781 0.57455630358 0.54745091026 0.60684060282 0.61709636190 0.92372660535 0.70450545820 1.88528256830 -248.4768194412 0.38375292159   -2 
   5 0.00000450278 0.00104211123 -26.309934470 0.14372941179 0.00442136702 0.05627574086 0.48018450757 0.44979190210 0.43737059120 0.44962431742 0.33850997511 0.35672303695 0.48085543249 0.45564787375 0.41601960223 0.59922742614 0.46979040775 0.49245873924 0.52316510740 0.48814878438 0.39907654917 0.36459189059 0.58300454471 0.37363043888 0.36227211679 0.30974997539 0.30661179461 0.48241460785 0.52389085199 0.48068990237 0.42668148058 0.44323616486 0.51007166873 0.35326006442 0.38549144398 0.53984214172 0.50091433825 0.57564370351 0.55159937191 0.65080832089 0.61143258776 0.95580215972 0.65656797029 1.83069493129 -245.5642030246 0.22738867807   -2 
   6 0.00000450278 0.00103552560 -26.311856627 0.14377766231 0.00442140384 0.05627601807 0.48020738467 0.44591653202 0.43677224815 0.44763065947 0.34158940675 0.35795153120 0.48060418651 0.45486579674 0.41630938699 0.59610690364 0.46972197904 0.49224157243 0.52283283530 0.48800538299 0.39921955923 0.36384575378 0.58369873260 0.37185758341 0.36030992793 0.30725015112 0.30532307144 0.48302969024 0.52633474863 0.48115532105 0.42666073159 0.44437770812 0.51062109606 0.35003952770 0.38459212804 0.53825256034 0.50158008810 0.57560854315 0.55193779416 0.65564048620 0.61064683159 0.95819250975 0.65144443239 1.82903452347 -245.3237811374 0.53854586078   -2 
   7 0.00000450279 0.00104392885 -26.248877768 0.14336861466 0.00442177241 0.05627736322 0.48306366420 0.42815093101 0.43622224931 0.43905790540 0.35724438729 0.36441254523 0.47971586651 0.45121034116 0.41822555860 0.58072914201 0.46979824721 0.49147115141 0.52126587104 0.48722249665 0.39979239412 0.36068808735 0.58588795223 0.36429505842 0.35184276530 0.29632280497 0.29960052197 0.48573780473 0.53714489890 0.48323699585 0.42659141618 0.44955400014 0.51309628325 0.33579495789 0.38055678373 0.53125056178 0.50461497238 0.57548146240 0.55349077454 0.67769330808 0.60716999473 0.96856807711 0.62907019501 1.82445771469 -244.3010078681 0.12328169704   -2 
   8 0.00000450280 0.00104149953 -26.234062988 0.14321336506 0.00442204076 0.05627867476 0.47934103589 0.43577537032 0.44391515937 0.43911417096 0.36477430416 0.36865040976 0.47808009846 0.44726831092 0.42057242420 0.56602617754 0.47021137432 0.49053550955 0.51833471658 0.48451963058 0.39866049509 0.35926477556 0.57953952415 0.36119369534 0.34772172092 0.28976260960 0.29571003165 0.48585530576 0.54012433449 0.48343489773 0.42600675572 0.45201877738 0.51364176138 0.32582775262 0.37742403892 0.52676405936 0.50591290502 0.57464915120 0.55376618691 0.68922610496 0.60438311846 0.96943123048 0.61600913104 1.83340447370 -243.9702174256 0.15021067025   -2 
   9 0.00000450280 0.00104346538 -26.229915085 0.14316342257 0.00442207169 0.05627877338 0.47951619458 0.43626866080 0.44426247730 0.43928327299 0.36500367703 0.36884032227 0.47801730720 0.44708336057 0.42072137652 0.56531827047 0.47025481694 0.49049533542 0.51816297346 0.48434445914 0.39857279405 0.35920780775 0.57904973775 0.36106859563 0.34752629897 0.28939975072 0.29548416047 0.48583062682 0.54019893361 0.48342564374 0.42596606560 0.45214315373 0.51365428023 0.32522892127 0.37723277845 0.52651678359 0.50597722697 0.57459137959 0.55377112044 0.68981531944 0.60421867367 0.96935486094 0.61530023116 1.83418581214 -243.9524558280 0.07675989994   -2 
  10 0.00000450281 0.00104160945 -26.245912692 0.14296055679 0.00442229642 0.05627984860 0.48512563113 0.43903288712 0.44392112932 0.44263914856 0.36259845424 0.36887447198 0.47766053805 0.44614057305 0.42172071451 0.56213606150 0.47061139425 0.49015578243 0.51658554965 0.48250527931 0.39739376258 0.35910458277 0.57310482667 0.36096467754 0.34671119346 0.28688189497 0.29371904983 0.48495261672 0.53887275856 0.48286021807 0.42544155936 0.45262461274 0.51327789630 0.32024367114 0.37556367035 0.52475874459 0.50614620794 0.57385426853 0.55348633163 0.69252356439 0.60280027954 0.96628710383 0.61061769498 1.84345263851 -243.8615048771 0.06132031244   -2 
  11 0.00000450283 0.00104432627 -26.283046041 0.14221447230 0.00442276839 0.05628165239 0.48121775235 0.43782326013 0.44207227153 0.44614384356 0.35773634493 0.36790431844 0.47807614711 0.44630040698 0.42271679487 0.56241786718 0.47125696356 0.49013588061 0.51523758020 0.48054565707 0.39586586403 0.35943946825 0.56563393457 0.36178137956 0.34655243310 0.28430251890 0.29171342514 0.48350792089 0.53583793528 0.48191045477 0.42475404697 0.45283365959 0.51255019868 0.31407140241 0.37349061646 0.52303607300 0.50614909044 0.57288807425 0.55298578629 0.69399235628 0.60118330413 0.96100867548 0.60612293253 1.85633879371 -243.7780996767 0.12638268801   -2 
  12 0.00000450283 0.00104292470 -26.294352223 0.14211720858 0.00442284099 0.05628197029 0.48056080465 0.43749566663 0.44173863920 0.44654874353 0.35694920480 0.36770655462 0.47811677906 0.44632324950 0.42284082330 0.56251684465 0.47133670598 0.49011527732 0.51501032618 0.48021645892 0.39560087465 0.35949394821 0.56440895558 0.36192817159 0.34653653909 0.28387835701 0.29137634869 0.48324690678 0.53529065506 0.48173400783 0.42462841903 0.45284854842 0.51240983255 0.31303401996 0.37313574755 0.52274683503 0.50613328558 0.57271175850 0.55288595622 0.69417399567 0.60090256719 0.96007639320 0.60538925672 1.85834966217 -243.7660121558 0.04004596541   -2 
  13 0.00000450285 0.00104386178 -26.379509283 0.14152751338 0.00442327436 0.05628390517 0.48211163193 0.43398901051 0.44092408233 0.44260976794 0.35529939176 0.36620906025 0.47780723015 0.44664705456 0.42221711360 0.56499064548 0.47102028605 0.48977720008 0.51439003858 0.47914096263 0.39441134543 0.35977727360 0.56052897499 0.36293683499 0.34690892044 0.28240724956 0.28999582942 0.48174222468 0.53201155883 0.48060687478 0.42388848473 0.45237637402 0.51139026811 0.30841024548 0.37148587534 0.52167189106 0.50566342042 0.57167579004 0.55209789326 0.69302038666 0.59958260255 0.95510072956 0.60308144545 1.86203783868 -243.7273333548 0.03289582499   -2 
  14 0.00000450286 0.00104358076 -26.402515803 0.14147152472 0.00442331609 0.05628414850 0.48034811474 0.43590832447 0.44126099937 0.44242752079 0.35620824967 0.36624911837 0.47750289953 0.44644576335 0.42181614275 0.56478593450 0.47070175180 0.48959071166 0.51443894492 0.47926265083 0.39442692444 0.35969776433 0.56132090047 0.36292037407 0.34697056582 0.28254295954 0.29003425634 0.48164098515 0.53187260404 0.48047767415 0.42379757187 0.45215768395 0.51123101022 0.30842592107 0.37145386423 0.52170009091 0.50548075249 0.57154971352 0.55193648945 0.69234611057 0.59951847702 0.95500064871 0.60336769744 1.85927702651 -243.7157015353 0.03754455448   -2 
  15 0.00000450286 0.00104413572 -26.406377379 0.14144837660 0.00442332984 0.05628420944 0.48027783573 0.43610758339 0.44130628351 0.44238048858 0.35634303818 0.36624749795 0.47745570806 0.44641755761 0.42174650859 0.56477285003 0.47064745906 0.48955842670 0.51444481801 0.47927758460 0.39442206256 0.35968642166 0.56143274355 0.36292547242 0.34698499004 0.28255726807 0.29003151917 0.48161287486 0.53182510314 0.48044708947 0.42377634449 0.45211538282 0.51119569408 0.30839530351 0.37143632861 0.52169809268 0.50544486784 0.57152017769 0.55190221745 0.69221748040 0.59949802117 0.95494865843 0.60340356901 1.85883135335 -243.7143992017 0.02510318622   -2 
  16 0.00000450287 0.00104379208 -26.515394236 0.14114091129 0.00442358117 0.05628559906 0.48151725078 0.43734469177 0.44162130770 0.44107997154 0.35838173744 0.36598232737 0.47648865414 0.44584991023 0.42034374794 0.56465914175 0.46953892704 0.48884790113 0.51440847059 0.47938430492 0.39417152495 0.35945984076 0.56308822243 0.36308649237 0.34727122691 0.28268159118 0.28983121291 0.48088460170 0.53055225634 0.47970847195 0.42326266716 0.45121525906 0.51037399208 0.30735228108 0.37091788940 0.52151891191 0.50466598891 0.57080529056 0.55112127958 0.68956452239 0.59893210326 0.95338159340 0.60384527868 1.85057957482 -243.7011599065 0.02179068785   -2 
  17 0.00000450288 0.00104465893 -26.626135557 0.14074896476 0.00442386459 0.05628705753 0.48179157412 0.43682634357 0.44166001701 0.44047225880 0.35952460240 0.36576964038 0.47589782856 0.44547627738 0.41931112819 0.56464791085 0.46869501336 0.48829039524 0.51435418758 0.47943214689 0.39392295471 0.35926640850 0.56431551717 0.36324973443 0.34753174230 0.28275493379 0.28960935236 0.48020153767 0.52935401654 0.47901835483 0.42277462914 0.45038745767 0.50960657532 0.30626152140 0.37039228872 0.52132072768 0.50393956930 0.57012531198 0.55038443985 0.68716833395 0.59837536083 0.95187456861 0.60417758407 1.84405465652 -243.6957477417 0.05338314510   -2 
  18 0.00000450289 0.00104408794 -26.687808987 0.14055194028 0.00442401237 0.05628783951 0.48176667818 0.43643701770 0.44163036246 0.44020697282 0.36001615020 0.36565472913 0.47561260957 0.44528781101 0.41880113271 0.56463167343 0.46827099670 0.48800404132 0.51431295461 0.47944266352 0.39378752704 0.35916285301 0.56490809504 0.36333059375 0.34766230261 0.28278718273 0.28948849707 0.47984165097 0.52872721123 0.47865490241 0.42251591275 0.44995383715 0.50920258760 0.30568155099 0.37011197168 0.52120950091 0.50355678455 0.56976480307 0.54999502099 0.68592566698 0.59807725675 0.95107850742 0.60433788520 1.84077574053 -243.6926764392 0.02829478378   -2 
  19 0.00000450291 0.00104535319 -26.854130157 0.13993169657 0.00442444314 0.05629000774 0.48074825724 0.43497250691 0.44130029333 0.44015908295 0.36031769883 0.36540444041 0.47521330450 0.44495107432 0.41786874387 0.56456670128 0.46743378719 0.48739562216 0.51414581613 0.47937929084 0.39343022840 0.35890226012 0.56596994788 0.36350578935 0.34794994619 0.28282509901 0.28915427970 0.47894738799 0.52719646070 0.47774819333 0.42185477049 0.44887988082 0.50819192513 0.30414827927 0.36937264698 0.52088486258 0.50259029549 0.56884244616 0.54900406319 0.68293464570 0.59729265704 0.94908539927 0.60464139443 1.83398975280 -243.6854345140 0.04105779951   -2 
  20 0.00000450291 0.00104497287 -26.909548439 0.13974710022 0.00442457684 0.05629070255 0.48039567901 0.43454781352 0.44114932193 0.44018091164 0.36027509823 0.36532073241 0.47511198248 0.44485032571 0.41762408609 0.56451778827 0.46720012029 0.48721397991 0.51407147194 0.47933526010 0.39331245300 0.35881655971 0.56621584093 0.36354784445 0.34802550697 0.28282764900 0.28904554087 0.47867082231 0.52673276451 0.47746744691 0.42164698399 0.44855026642 0.50787900418 0.30367016194 0.36913943161 0.52077272856 0.50228961624 0.56855245767 0.54869426048 0.68203807440 0.59704158177 0.94846872436 0.60471198970 1.83210255415 -243.6835490776 0.02849610557   -2 
  21 0.00000450295 0.00104651027 -27.178869961 0.13881395802 0.00442524036 0.05629409864 0.47923939574 0.43337474025 0.44020163711 0.44068737392 0.35886549393 0.36493788281 0.47493567501 0.44448404670 0.41699762208 0.56407893189 0.46644390253 0.48650711475 0.51355927126 0.47893259929 0.39273524613 0.35839729872 0.56654076102 0.36362946102 0.34824367434 0.28275739306 0.28851176338 0.47745003836 0.52477154800 0.47622118336 0.42069333250 0.44710638107 0.50648664841 0.30148110105 0.36805309092 0.52016950323 0.50093329485 0.56721982505 0.54728352514 0.67830528007 0.59584730335 0.94574291180 0.60481745245 1.82583450320 -243.6750453497 0.04776210792   -2 
  22 0.00000450296 0.00104601574 -27.277638730 0.13851066408 0.00442546685 0.05629529715 0.47897808714 0.43310843382 0.43985981885 0.44082691285 0.35827151095 0.36479287009 0.47487522587 0.44434903933 0.41682919604 0.56387600805 0.46621045839 0.48626694136 0.51334662878 0.47875564598 0.39252552094 0.35824306946 0.56652895110 0.36363311934 0.34829261627 0.28271819102 0.28832132591 0.47703306237 0.52412015417 0.47579479518 0.42036177264 0.44661728387 0.50601035117 0.30073443416 0.36767605818 0.51994265494 0.50046658876 0.56675630290 0.54679575502 0.67707883944 0.59542487467 0.94481340798 0.60481291709 1.82396241313 -243.6721495775 0.03946971210   -2 
  23 0.00000450301 0.00104754981 -27.716087621 0.13717964732 0.00442646618 0.05630058236 0.47925647125 0.43310637372 0.43857047715 0.44122305905 0.35528836451 0.36415731447 0.47467203560 0.44377667437 0.41644546863 0.56277553633 0.46543427201 0.48531861996 0.51227365319 0.47780994456 0.39159694376 0.35754751847 0.56575201162 0.36350717005 0.34834471821 0.28246638957 0.28748422189 0.47531909980 0.52155226124 0.47403378343 0.41895701122 0.44461979650 0.50404025370 0.29763115439 0.36607456076 0.51888174969 0.49851409928 0.56479045274 0.54474161002 0.67229988411 0.59359053098 0.94100239617 0.60455257070 1.81797175309 -243.6611044662 0.04447393264   -2 
  24 0.00000450301 0.00104680626 -27.713297266 0.13721732055 0.00442644684 0.05630051559 0.47931287351 0.43320692171 0.43864994645 0.44112763225 0.35535234599 0.36416209887 0.47465637753 0.44377548256 0.41648519407 0.56275533487 0.46547043717 0.48534011522 0.51226458262 0.47779481444 0.39160661316 0.35755121383 0.56565298757 0.36348112660 0.34831299044 0.28245517031 0.28749497613 0.47536040324 0.52163540231 0.47407481658 0.41898326788 0.44467085652 0.50408580844 0.29770364855 0.36610512988 0.51888262883 0.49855521836 0.56482683692 0.54478244003 0.67246465957 0.59361670059 0.94109716564 0.60451145791 1.81835318574 -243.6590922464 0.03414182719   -2 
  25 0.00000450301 0.00104658671 -27.735487194 0.13739439672 0.00442638683 0.05630050385 0.48077143570 0.43518416993 0.44001019550 0.43969872294 0.35599748670 0.36419724947 0.47444789471 0.44372350297 0.41717527522 0.56228524346 0.46601880319 0.48559255115 0.51195087949 0.47738482484 0.39161840910 0.35749699869 0.56379616370 0.36301433172 0.34777920847 0.28221406894 0.28752078054 0.47576778878 0.52261461573 0.47446340299 0.41917507955 0.44518151789 0.50450978170 0.29834456178 0.36632249137 0.51869963541 0.49889753500 0.56508789122 0.54510055653 0.67443420084 0.59372263169 0.94205283545 0.60375098902 1.82409555884 -243.6440844772 0.01874473626   -2 
  26 0.00000450301 0.00104648561 -27.747267379 0.13743730773 0.00442637724 0.05630055119 0.48106033164 0.43569101457 0.44039506764 0.43931328815 0.35618578114 0.36421408929 0.47439709036 0.44371455765 0.41740756706 0.56214132978 0.46620312997 0.48567809905 0.51184811791 0.47724788404 0.39161963427 0.35747652858 0.56317663492 0.36285678106 0.34759910162 0.28213012522 0.28752428318 0.47589780895 0.52293385231 0.47458648942 0.41923259662 0.44534445511 0.50464349714 0.29854262885 0.36638626062 0.51863140968 0.49900294106 0.56516574823 0.54519706931 0.67507899055 0.59374799121 0.94235786109 0.60348987960 1.82600251855 -243.6432362734 0.02224723230   -2 
  27 0.00000450302 0.00104652892 -27.838936020 0.13736718429 0.00442647720 0.05630133817 0.47948471338 0.43524972616 0.44070816305 0.43929723797 0.35648043679 0.36435390930 0.47449671120 0.44381471654 0.41821042964 0.56186921873 0.46684757217 0.48599943271 0.51155544681 0.47680915223 0.39160412047 0.35738858268 0.56111881573 0.36230633058 0.34696581655 0.28180394158 0.28748016678 0.47628181082 0.52394066139 0.47493922315 0.41936091744 0.44582239013 0.50501926560 0.29904058892 0.36650710554 0.51832252189 0.49926911972 0.56533398250 0.54542391871 0.67714184577 0.59372765752 0.94325489406 0.60251424902 1.83229750496 -243.6339892613 0.03537295360   -2 
  28 0.00000450303 0.00104709850 -27.868438641 0.13733268701 0.00442651500 0.05630160688 0.47912232338 0.43508905787 0.44076867558 0.43932974444 0.35655870360 0.36439866226 0.47453480322 0.44384927058 0.41845401736 0.56179540716 0.46704452801 0.48609888227 0.51146871167 0.47667607079 0.39159923492 0.35736105311 0.56048954873 0.36213443434 0.34676740099 0.28170037832 0.28746493907 0.47640051138 0.52425309019 0.47504818982 0.41939968063 0.44597073350 0.50513527303 0.29919377396 0.36654287363 0.51822383284 0.49935064258 0.56538454124 0.54549282634 0.67778591022 0.59371873846 0.94353112836 0.60220563847 1.83422659987 -243.6326637492 0.02039548670   -2 
  29 0.00000450304 0.00104701005 -28.007817366 0.13718862576 0.00442669718 0.05630290977 0.48001689794 0.43400743287 0.44010258019 0.43990822641 0.35647945370 0.36448139233 0.47466186113 0.44392851709 0.41904854705 0.56163818646 0.46754081896 0.48633801310 0.51119073180 0.47624278722 0.39154423631 0.35723737813 0.55854354276 0.36152474698 0.34605788748 0.28130245611 0.28737301588 0.47674091544 0.52522201950 0.47536075220 0.41948237674 0.44642851871 0.50546968707 0.29966306596 0.36661337985 0.51781764140 0.49957028011 0.56548589700 0.54566069304 0.67989892484 0.59360820062 0.94430992688 0.60104992754 1.83968529386 -243.6266747446 0.01697373406   -2 
  30 0.00000450305 0.00104728349 -28.019316374 0.13716873140 0.00442671639 0.05630302966 0.48010193716 0.43400802694 0.44005463920 0.43995638979 0.35645885925 0.36448385840 0.47467125113 0.44393313860 0.41906589946 0.56164106105 0.46755811019 0.48634689071 0.51117945106 0.47622174388 0.39153979309 0.35722883329 0.55844713063 0.36148568939 0.34601114624 0.28127381364 0.28736486775 0.47675926972 0.52527733615 0.47537787964 0.41948538333 0.44645595415 0.50548824196 0.29969198677 0.36661535645 0.51778776588 0.49958176947 0.56548893926 0.54566829160 0.68002994347 0.59359686330 0.94434965244 0.60096846154 1.83992472028 -243.6263610629 0.01444748217   -2 
  31 0.00000450306 0.00104708435 -28.189991348 0.13692291202 0.00442698788 0.05630479713 0.48094289202 0.43478998278 0.43940959677 0.44050163080 0.35599844263 0.36443126814 0.47472527119 0.44392915597 0.41893659121 0.56178294368 0.46750998498 0.48631762829 0.51110947669 0.47605844533 0.39146104366 0.35711478518 0.55776984882 0.36105815771 0.34548659160 0.28092031563 0.28724075097 0.47688790819 0.52574945767 0.47550284516 0.41947340424 0.44670692589 0.50562885759 0.29997812883 0.36659379314 0.51740329001 0.49965424289 0.56545690090 0.54569022129 0.68133352335 0.59340178951 0.94459294882 0.59998772951 1.84085447031 -243.6231964513 0.01488268555   -2 
  32 0.00000450308 0.00104767558 -28.317470516 0.13670473466 0.00442720848 0.05630617173 0.48085968762 0.43528731853 0.43928014040 0.44074657878 0.35572779863 0.36439794247 0.47476264060 0.44392920897 0.41875806066 0.56192574942 0.46740495810 0.48626689140 0.51110963308 0.47600731126 0.39141079329 0.35704461130 0.55755456801 0.36080575985 0.34516652984 0.28068695757 0.28715176696 0.47694198600 0.52598388170 0.47555859845 0.41945184648 0.44684522388 0.50569426425 0.30014893027 0.36656511693 0.51714816082 0.49968131800 0.56541536940 0.54568303998 0.68207975079 0.59325705365 0.94466912056 0.59934886176 1.84070927063 -243.6216675788 0.03774156596   -2 
  33 0.00000450310 0.00104738748 -28.527792807 0.13636742181 0.00442756240 0.05630840814 0.48054158197 0.43597333465 0.43913993011 0.44106827243 0.35531093718 0.36433733723 0.47480631006 0.44391871918 0.41844846734 0.56214417785 0.46721355778 0.48617031593 0.51111158737 0.47593346730 0.39132708436 0.35693137401 0.55726668837 0.36041228059 0.34466579027 0.28031655542 0.28700729570 0.47701377745 0.52632685502 0.47563458286 0.41941052485 0.44705229058 0.50578528907 0.30041294723 0.36651352705 0.51674067075 0.49971435248 0.56533925272 0.54566126202 0.68322067291 0.59301916361 0.94475496230 0.59833821032 1.84025437490 -243.6191608356 0.01886453947   -2 
  34 0.00000450314 0.00104853005 -28.864819636 0.13578291024 0.00442815754 0.05631207634 0.47987181599 0.43597432839 0.43954677170 0.44108696402 0.35495879843 0.36426271938 0.47482290772 0.44388630343 0.41793612750 0.56240990437 0.46685270799 0.48597932677 0.51115163279 0.47590023055 0.39120311137 0.35677420116 0.55722069487 0.35991412841 0.34401230803 0.27979328791 0.28678672777 0.47704055749 0.52663910191 0.47567541252 0.41931676121 0.44727661516 0.50584513914 0.30075277195 0.36640767653 0.51615736226 0.49970828844 0.56517890252 0.54557538060 0.68456185959 0.59264124255 0.94468005904 0.59692794664 1.83836965242 -243.6154465708 0.04895887493   -2 
  35 0.00000450317 0.00104830572 -29.163932159 0.13529543003 0.00442867165 0.05631528152 0.47933756238 0.43581224258 0.43991047213 0.44101941079 0.35468904209 0.36418941407 0.47481007040 0.44384099050 0.41748977512 0.56260086679 0.46652753464 0.48579918603 0.51117486523 0.47586943347 0.39109030327 0.35663591920 0.55721497310 0.35949604628 0.34346302954 0.27934734345 0.28659445152 0.47704483389 0.52686972354 0.47569327864 0.41922685469 0.44745085839 0.50587867503 0.30103443122 0.36630952165 0.51565585730 0.49968928522 0.56502788076 0.54548770672 0.68564881585 0.59230752066 0.94457143346 0.59573005883 1.83657833048 -243.6122885679 0.02556369055   -2 
  36 0.00000450324 0.00104964536 -29.779298744 0.13428808250 0.00442974663 0.05632193811 0.47973197533 0.43463219260 0.44062934706 0.44039781303 0.35452791074 0.36403338826 0.47463549380 0.44366760527 0.41668825761 0.56268519180 0.46586299288 0.48538031587 0.51115026100 0.47580926512 0.39084433274 0.35636111006 0.55746058914 0.35879147877 0.34252322866 0.27853009540 0.28621178233 0.47691895059 0.52702363352 0.47560277000 0.41899099271 0.44764302327 0.50581158441 0.30149380163 0.36607088237 0.51470975726 0.49955249805 0.56464707705 0.54522058848 0.68718823830 0.59161211638 0.94404373223 0.59356048379 1.83209010460 -243.6059649950 0.04085528734   -2 
  37 0.00000450326 0.00104929920 -29.956742575 0.13401718770 0.00443004894 0.05632383259 0.47989661272 0.43429011029 0.44076591125 0.44018614075 0.35451327777 0.36398198604 0.47456049581 0.44360155282 0.41647776521 0.56265905267 0.46567548342 0.48525208170 0.51112375065 0.47578256200 0.39076907814 0.35628121441 0.55753837723 0.35860759173 0.34227795402 0.27831018572 0.28610383284 0.47686382472 0.52702612814 0.47555850426 0.41891546779 0.44767415938 0.50577268960 0.30160785646 0.36599723191 0.51444956742 0.49949881903 0.56452724290 0.54513112118 0.68753478677 0.59141088247 0.94385182718 0.59298047984 1.83075690299 -243.6043474113 0.02081803337   -2 
  38 0.00000450331 0.00105016149 -30.403727076 0.13331141122 0.00443084955 0.05632878763 0.48098787621 0.43377892044 0.44050768692 0.43948375616 0.35483281542 0.36383433094 0.47419656516 0.44332442061 0.41617296867 0.56215816572 0.46526599459 0.48488115018 0.51089823365 0.47564663170 0.39054445037 0.35607501947 0.55783147718 0.35831374839 0.34187825555 0.27787522609 0.28584228299 0.47654916588 0.52664326789 0.47527701218 0.41864977796 0.44753165363 0.50549130982 0.30173970699 0.36575788580 0.51388455733 0.49922656292 0.56412100429 0.54478119346 0.68752420323 0.59087562646 0.94298442008 0.59186794210 1.82698056324 -243.6002238787 0.03148798503   -2 
  39 0.00000450333 0.00104982199 -30.562487146 0.13307268469 0.00443113164 0.05633054657 0.48122484055 0.43368526873 0.44033950769 0.43924469588 0.35496875330 0.36377617454 0.47404611191 0.44321002637 0.41609555676 0.56192496788 0.46513107217 0.48474303504 0.51079162267 0.47558286610 0.39045841225 0.35599998570 0.55792960617 0.35823268141 0.34176816880 0.27774025990 0.28575167920 0.47641244758 0.52645388549 0.47515237775 0.41854433566 0.44744790906 0.50536449561 0.30176149603 0.36566526644 0.51369843007 0.49910946971 0.56396170627 0.54463868057 0.68739121499 0.59068239818 0.94262443612 0.59152905733 1.82563525220 -243.5988976893 0.02865480971   -2 
  40 0.00000450345 0.00105165759 -31.564669157 0.13149314597 0.00443296840 0.05634181179 0.48163164741 0.43400826282 0.43892245303 0.43800531747 0.35601298431 0.36341912732 0.47302890181 0.44243059916 0.41588248152 0.56012903104 0.46440543577 0.48386804830 0.50995939985 0.47509201471 0.38988641899 0.35552582480 0.55852205841 0.35790721911 0.34132188548 0.27703819347 0.28520046782 0.47537655566 0.52487531845 0.47419211356 0.41780298779 0.44667805417 0.50437238789 0.30171431545 0.36502612334 0.51264149437 0.49822387342 0.56285254019 0.54360951659 0.68559189258 0.58944732972 0.93999281739 0.58981802019 1.81728543373 -243.5905060659 0.03880162082   -2 
  41 0.00000450348 0.00105134418 -31.836945520 0.13108164027 0.00443346086 0.05634484136 0.48143623441 0.43413257683 0.43857818977 0.43775875129 0.35624243695 0.36331596689 0.47275786536 0.44221409636 0.41584554021 0.55963179861 0.46422299624 0.48363042059 0.50970832243 0.47493587703 0.38972424572 0.35539386532 0.55863443695 0.35783878640 0.34123238573 0.27687180518 0.28505471050 0.47507391666 0.52440510470 0.47390837998 0.41759067771 0.44643448013 0.50407677550 0.30167033536 0.36484496269 0.51237184377 0.49796203383 0.56253697517 0.54331159955 0.68497759949 0.58911083180 0.93924048311 0.58942086982 1.81515287722 -243.5884673384 0.03741688331   -2 
  42 0.00000450355 0.00105291439 -32.381008524 0.13020375923 0.00443448593 0.05635103064 0.48043647951 0.43452858208 0.43811674867 0.43758797944 0.35654899673 0.36311096249 0.47226449881 0.44178822762 0.41584201675 0.55864091433 0.46391025296 0.48316452722 0.50914328831 0.47456346259 0.38938057537 0.35511977681 0.55872674170 0.35775863323 0.34114212100 0.27660156806 0.28476875074 0.47440079124 0.52333501375 0.47326754998 0.41712756912 0.44584085378 0.50340152185 0.30149176259 0.36445301140 0.51187216572 0.49736751350 0.56185343007 0.54265170507 0.68337068884 0.58842144401 0.93760849200 0.58880164567 1.81125705095 -243.5830772126 0.03917896985   -2 
  43 0.00000450358 0.00105284766 -32.699448531 0.12971047981 0.00443507997 0.05635463537 0.47977374209 0.43469944812 0.43791860575 0.43756611671 0.35663753828 0.36297984509 0.47198591787 0.44153512697 0.41584147001 0.55807396051 0.46373329071 0.48288905570 0.50878869781 0.47431839691 0.38916981397 0.35495271033 0.55871176381 0.35772253314 0.34111179088 0.27646360715 0.28460330932 0.47398751659 0.52267771665 0.47287079560 0.41684415026 0.44546102200 0.50298115672 0.30135625273 0.36421460303 0.51159079388 0.49699748592 0.56143712070 0.54224571476 0.68232574221 0.58801294747 0.93662181789 0.58849496559 1.80913347802 -243.5809119506 0.02324638435   -2 
  44 0.00000450366 0.00105431448 -33.316675456 0.12870498553 0.00443629842 0.05636191912 0.47895532008 0.43464666240 0.43810118192 0.43803327688 0.35625340541 0.36268148509 0.47155475562 0.44104910509 0.41584865227 0.55710699439 0.46343249722 0.48234501857 0.50796368744 0.47367736891 0.38869605953 0.35458025884 0.55825301470 0.35771234949 0.34118410551 0.27630790726 0.28428147884 0.47304876470 0.52118772745 0.47194729824 0.41619972083 0.44450331954 0.50198708058 0.30089277376 0.36367771863 0.51108991181 0.49611853134 0.56050122654 0.54130805425 0.67960927552 0.58715857290 0.93446853931 0.58821080451 1.80593124003 -243.5763096536 0.05097922984   -2 
  45 0.00000450372 0.00105416551 -33.811785830 0.12793928621 0.00443725787 0.05636768967 0.47846385898 0.43449373823 0.43827408229 0.43841150692 0.35585589951 0.36242989382 0.47121974331 0.44065938968 0.41583362007 0.55636898750 0.46318824819 0.48190716173 0.50729065998 0.47314145386 0.38830869309 0.35427506820 0.55780931851 0.35770446789 0.34125282349 0.27619974277 0.28402607927 0.47228908152 0.51999006228 0.47119653558 0.41567569756 0.44371604024 0.50117677724 0.30049506118 0.36324190354 0.51069667712 0.49540010032 0.55974207095 0.54054466414 0.67738378588 0.58647246614 0.93274015039 0.58802687400 1.80354222799 -243.5727469349 0.03152127598   -2 
  46 0.00000450382 0.00105550444 -34.628660970 0.12667741118 0.00443887050 0.05637734007 0.47894195306 0.43392920689 0.43866626018 0.43899304284 0.35488265397 0.36199118718 0.47075114845 0.44004577072 0.41571840788 0.55535671956 0.46277591710 0.48118581423 0.50614430435 0.47216659463 0.38763110256 0.35373497013 0.55675220933 0.35768627293 0.34140700514 0.27608402634 0.28360293658 0.47098422301 0.51797175406 0.46988895304 0.41475780306 0.44230489972 0.49975358209 0.29970788624 0.36247744012 0.51006115475 0.49412460949 0.55841898277 0.53920134118 0.67343781301 0.58530197270  0.9298294158 0.58788885131 1.80030738283 -243.5667046121 0.03908660121   -2 
  47 0.00000450386 0.00105522453 -34.905890855 0.12627294700 0.00443940970 0.05638059003 0.47919837591 0.43370287880 0.43875929178 0.43912361763 0.35452109247 0.36183777355 0.47059989264 0.43984262660 0.41565132290 0.55505334143 0.46262763458 0.48094131365 0.50575843231 0.47182641315 0.38739687913 0.35354627808 0.55634318624 0.35767204742 0.34145748569 0.27605242214 0.28345977571 0.47054218094 0.51729950570 0.46944269117 0.41444177789 0.44181777812 0.49926577667 0.29942335613 0.36221367428 0.50984610548 0.49368384681 0.55796464336 0.53873850129 0.67209518287 0.58490203075 0.92885342745 0.58786044035 1.79932245210 -243.5650855508 0.01905160769   -2 
  48 0.00000450389 0.00105569144 -35.145428170 0.12591659074 0.00443991292 0.05638361083 0.47985337949 0.43348104194 0.43869534299 0.43896215615 0.35409880575 0.36170011047 0.47052334275 0.43970168035 0.41547845933 0.55497954971 0.46246715386 0.48073182021 0.50543381515 0.47148325260 0.38716636494 0.35335051601 0.55575728396 0.35762494897 0.34149710934 0.27605705441 0.28332785197 0.47013687579 0.51673207132 0.46901704907 0.41412699155 0.44132589887 0.49878976354 0.29907786738 0.36194615557 0.50964838708 0.49323590124 0.55751649553 0.53827410435 0.67081784860 0.58451560939 0.92800214364 0.58791417059 1.79892618615 -243.5633417711 0.02067480495   -2 
  49 0.00000450391 0.00105552570 -35.266183426 0.12574542429 0.00444017029 0.05638516822 0.48015408328 0.43337099435 0.43861840436 0.43881005383 0.35387068346 0.36162870597 0.47049247673 0.43963711621 0.41536144414 0.55498290501 0.46237616720 0.48062597342 0.50527457147 0.47130066682 0.38704410511 0.35324422432 0.55541041862 0.35759034588 0.34151292000 0.27606588134 0.28325952876 0.46993000844 0.51645547261 0.46879590747 0.41395976638 0.44106459505 0.49854001233 0.29888130745 0.36180284728 0.50954510414 0.49299645984 0.55727942910 0.53802693538 0.67016034708 0.58431216686 0.92757783193 0.58795636584 1.79882446315 -243.5627784190 0.01408860858   -2 
  50 0.00000450394 0.00105625549 -35.479261775 0.12542096401 0.00444070691 0.05638838050 0.48033418609  0.4333241385 0.43821101429 0.43806049033 0.35339516461 0.36150986568 0.47052506289 0.43959583127 0.41493612863 0.55532890636 0.46215002348 0.48045069933 0.50504183178 0.47091062132 0.38678225786 0.35299605200 0.55439600582 0.35744485108 0.34151143270 0.27613544390 0.28312142695 0.46953940466 0.51603483181 0.46834547934 0.41358919572 0.44048411581 0.49801065082 0.29834142945 0.36147354112 0.50933084363 0.49245249392 0.55676110870 0.53747367735 0.66885692129 0.58387444517 0.92685697032 0.58815625578 1.79944091927 -243.5610364012 0.03090848870   -2 
  51 0.00000450397 0.00105606768 -35.615324075 0.12522568242 0.00444105148 0.05639046133 0.48032280540 0.43329360035 0.43792566884 0.43754824564 0.35309499601 0.36143104871 0.47054293406 0.43957057945 0.41464086268 0.55556933738 0.46199500707 0.48033697850 0.50489805259 0.47065591745 0.38661027693 0.35283096142 0.55371284082 0.35733962625 0.34150311825 0.27618405805 0.28303130922 0.46929013404 0.51577950663 0.46805450849 0.41334589143 0.44010480760 0.49766663474 0.29797748017 0.36125607098 0.50918920113 0.49209476784 0.55642159967 0.53711036492 0.66802630551 0.58358743124 0.92640578566 0.58829252286 1.79989250413 -243.5599406164 0.01307201649   -2 
  52 0.00000450399 0.00105664797 -35.742568375 0.12501811613 0.00444144317 0.05639279071 0.47974167259 0.43333041545 0.43764024965 0.43701483691 0.35287759035 0.36135737103 0.47055447802 0.43956392522 0.41425114884 0.55589570815 0.46180088885 0.48022807188 0.50479740039 0.47038968314 0.38642095750 0.35263558187 0.55287421375 0.35716978825 0.34145508052 0.27625613494 0.28293125605 0.46904893372 0.51560581456 0.46775114314 0.41306857796 0.43968170949 0.49729486902 0.29750340921 0.36099840834 0.50902275172 0.49168196590 0.55603858381 0.53669415574 0.66721526209 0.58326128040 0.92601837030 0.58847510066 1.80063085045 -243.5589392742 0.01584061595   -2 
  53 0.00000450399 0.00105644375 -35.746600782 0.12501432722 0.00444146173 0.05639290718 0.47968261158 0.43332284501 0.43763202455 0.43700378325 0.35288130543 0.36135194760 0.47054607631 0.43956035577 0.41422629581 0.55590446288 0.46178663293 0.48022143327 0.50479601955 0.47037775833 0.38641095569 0.35262394160 0.55282827669 0.35715412684 0.34144645685 0.27626040916 0.28292572720 0.46904055243 0.51560905243 0.46773824450 0.41305377074 0.43966114737 0.49727772180 0.29747233054 0.36098357518 0.50901194238 0.49165983180 0.55601860054 0.53667199494 0.66719102427 0.58324343581 0.92601032198 0.58848417277 1.80066772567 -243.5587427745 0.00734062353   -2 
  54 0.00000450401 0.00105665213 -35.736881916 0.12498916515 0.00444167434 0.05639416167 0.47904215607 0.43320363076 0.43775370003 0.43724425615 0.35319702391 0.36130020003 0.47035620274 0.43950307644 0.41392111082 0.55589823326 0.46159640123 0.48016088092 0.50486800655 0.47030234727 0.38631393626 0.35248473651 0.55232605485 0.35688530455 0.34126367377 0.27632049091 0.28286473105 0.46902787012 0.51585239508 0.46765456893 0.41289421823 0.43946825233 0.49713632692 0.29703204200 0.36080316478 0.50887010487 0.49141615520 0.55581050502 0.53643146285 0.66722495172 0.58304535588 0.92614081388 0.58858749613 1.80110773065 -243.5577564797 0.00825934180   -2 
  55 0.00000450402 0.00105635696 -35.718632985 0.12499262964 0.00444186000 0.05639527756 0.47909051919 0.43309609934 0.43779307270 0.43740275384 0.35343410360 0.36124554861 0.47018019986 0.43943473358 0.41367539602 0.55583810511 0.46142886648 0.48009865267 0.50492140726 0.47024085797 0.38622907747 0.35236101438 0.55192051618 0.35663512858 0.34108548407 0.27636983332 0.28280899185 0.46902537261 0.51608606855 0.46758960877 0.41275472854 0.43930762442 0.49702071239 0.29662935008 0.36064112478 0.50873739993 0.49120392114 0.55562997038 0.53622194516 0.66730981461 0.58286933030 0.92627396403 0.58866506423 1.80138139951 -243.5571947667 0.02250772618   -2 
  56 0.00000450404 0.00105661560 -35.690433746 0.12498956607 0.00444211974 0.05639681906 0.47926035657 0.43297497707 0.43784412102 0.43760993167 0.35374773108 0.36117518939 0.46995043487 0.43934501866 0.41335192223 0.55575520146 0.46120663868 0.48001690007 0.50499564525 0.47016121476 0.38611568301 0.35219385000 0.55137984564 0.35629357903 0.34084102834 0.27643756299 0.28273317020 0.46902506226 0.51640949215 0.46750392841 0.41256560451 0.43909096213 0.49686585959 0.29607663734 0.36041972094 0.50855655634 0.49091564817 0.55538551852 0.53593755133 0.66743593969 0.58263030224 0.92646182553 0.58877086014 1.80174720401 -243.5564300764 0.00594305112   -2 
  57 0.00000450405 0.00105639721 -35.666348516 0.12500137660 0.00444227882 0.05639777244 0.47955465107 0.43305355941 0.43774584544 0.43750910928 0.35372588911 0.36115073558 0.46991178589 0.43930557568 0.41328555519 0.55568229818 0.46113784658 0.47997891732 0.50500416473 0.47013314301 0.38606705638 0.35211772236 0.55121113875 0.35612483122 0.34070973920 0.27646704388 0.28269214413 0.46902963384 0.51656503893 0.46746954544 0.41247339820 0.43899302694 0.49679834334 0.29577183929 0.36030210052 0.50846021603 0.49077439555 0.55526791405 0.53579839727 0.66753954681 0.58251000378 0.92655301359 0.58880846635 1.80175507960 -243.5561004434 0.01193873141   -2 
  58 0.00000450405 0.00105653293 -35.653992371 0.12500338455 0.00444235496 0.05639822074 0.47967568817 0.43310143638 0.43770105991 0.43745354328 0.35370236837 0.36114323036 0.46990524531 0.43929137671 0.41326750499 0.55565103415 0.46111376749 0.47996444281 0.50500692506 0.47012339637 0.38604735229 0.35208556834 0.55114848630 0.35605112165 0.34065135155 0.27648010376 0.28267395947 0.46903297868 0.51663407624 0.46745593347 0.41243333400 0.43895122642 0.49677017365 0.29563351500 0.36024947600 0.50841770719 0.49071263440 0.55521703746 0.53573767336 0.66759026598 0.58245739021 0.92659487399 0.58882458115 1.80174811505 -243.5559567784 0.00579654245   -2 
  59 0.00000450408 0.00105641190 -35.583664604 0.12502405470 0.00444275757 0.05640059904 0.47955114000 0.43336166330 0.43746184533 0.43701854625 0.35334814265 0.36114337098 0.47002054326 0.43926133006 0.41336459083  0.5555089365 0.46110185278 0.47992213578 0.50497597098 0.47010947477 0.38598467142 0.35196894445 0.55107654469 0.35575287494 0.34039564431 0.27653001112 0.28259216260 0.46905659972 0.51690761930 0.46741520777 0.41227001922 0.43879362048 0.49667058805 0.29498637786 0.36001255683 0.50823173679 0.49045736071 0.55501283461  0.5354876281 0.66786811898 0.58223631171 0.92676512041 0.58887178439 1.80146337790 -243.5553761943 0.00825579509   -2 
  60 0.00000450408 0.00105653869 -35.575142145 0.12502460842 0.00444280465 0.05640087350 0.47952086706 0.43337021569 0.43744844348 0.43698301100 0.35330892616 0.36114504891 0.47003664803 0.43926055489 0.41338189899 0.55549720332 0.46110566450 0.47991955370 0.50497107785 0.47010974274 0.38598002574 0.35195905136 0.55108045434 0.35572529023 0.34037069371 0.27653462783 0.28258391209 0.46905939550 0.51693245497 0.46741227615 0.41225459570 0.43877946947 0.49666213329 0.29491879834 0.35998847016 0.50821348940 0.49043292640 0.55499376771 0.53546378416 0.66789821174 0.58221502635 0.92678090429 0.58887532921 1.80142516126 -243.5553109780 0.00556722140   -2 
  61 0.00000450410 0.00105653376 -35.530361488 0.12504128462 0.00444305431 0.05640235745 0.47918080166 0.43318584886 0.43746727521 0.43690182703 0.35310840845 0.36115443727 0.47012336164 0.43926441304 0.41351072529 0.55545717122 0.46115677090 0.47991360017 0.50492294312 0.47011716327 0.38597078516 0.35193128990 0.55119129896 0.35563082839 0.34027182207 0.27654744795 0.28254731840 0.46906883557 0.51700160012 0.46740587230 0.41219659821 0.43873299429 0.49663684201 0.29461329678 0.35988384635 0.50813777383 0.49033954225 0.55492377037 0.53537298821 0.66803447843 0.58213094154 0.92682000708 0.58887326584 1.80114446291 -243.5550283655 0.00395953128   -2 
  62 0.00000450410 0.00105663499 -35.518087006 0.12504840532 0.00444312198 0.05640276434 0.47918751575 0.43310901887 0.43749008245 0.43692306141 0.35307760462 0.36115380355 0.47013407409 0.43926509961 0.41354508378 0.55545407392 0.46117475984 0.47991296541 0.50490418240 0.47011911173 0.38597264028 0.35193199433 0.55124212318 0.35562448786 0.34025838268 0.27654650722 0.28254026518 0.46906842003 0.51699665408 0.46740646758 0.41218960493 0.43873027322 0.49663625791 0.29455327819 0.35986491203 0.50812553256 0.49032776742 0.55491607021 0.53536165236 0.66805836728 0.58211900553 0.92681309727 0.58886539411 1.80105520789 -243.5549735467 0.00763791541   -2 
  63 0.00000450412 0.00105651248 -35.477692643 0.12508236973 0.00444334884 0.05640414784 0.47924545777 0.43283851318 0.43756497948 0.43701184669 0.35298694282 0.36114624840 0.47015644566 0.43926333196 0.41365604739 0.55544389018 0.46123427352 0.47990844342 0.50483491202 0.47012311493 0.38598001750 0.35193828028 0.55142261325 0.35561410271 0.34022052171 0.27653994968 0.28251765103 0.46906361796 0.51696340769 0.46740853493 0.41217045056 0.43872615234 0.49663683423 0.29436431864 0.35980619827 0.50808817092 0.49029537694 0.55489575448 0.53533045806 0.66812873677 0.58208412754 0.92677563005 0.58883287796 1.80073911297 -243.5547960755 0.00312327591   -2 
  64 0.00000450414 0.00105655820 -35.436474194 0.12512652367 0.00444358460 0.05640560334 0.47938794597 0.43282188455 0.43760268654 0.43713348410 0.35298977293 0.36113170442 0.47013592829 0.43925931917 0.41373190354 0.55545355392 0.46128689278 0.47990660467 0.50476833169 0.47012588762 0.38599625817 0.35196272534 0.55161712303 0.35564911900 0.34021684767 0.27652377941 0.28250303301 0.46905286050 0.51688009027 0.46741615800 0.41217311548 0.43874539575 0.49665227104 0.29423422058 0.35977215041 0.50807326227 0.49029684332 0.55490357342 0.53533255563 0.66816366853 0.58207746831 0.92670452236 0.58878659832 1.80046390598 -243.5546806257 0.00923649889   -2 
  65 0.00000450415 0.00105635979 -35.395761272 0.12517531982 0.00444382079 0.05640706997 0.47950240487 0.43282614793 0.43763120960 0.43724841681 0.35299995813 0.36111619547 0.47011117367 0.43925438008 0.41380189993 0.55546372485 0.46133702107 0.47990447166 0.50470288482 0.47012805217 0.38601280752 0.35198833733 0.55180912809 0.35568774811 0.34021616096 0.27650673687  0.2824891329 0.46904145040 0.51679290018 0.46742402266 0.41217760290 0.43876647011 0.49666875164 0.29410991139 0.35974042129 0.50806035076 0.49030123893 0.55491372867 0.53533751945 0.66819487130 0.58207326189 0.92663077151 0.58873922973 1.80019689440 -243.5545666239 0.00470566725   -2 
  66 0.00000450418 0.00105643899 -35.323340938 0.12525871351 0.00444424924 0.05640972271 0.47941433008 0.43305681542 0.43763853103 0.43737456693 0.35309422632 0.36110664310 0.47007278117 0.43926317801 0.41387985254 0.55551273902 0.46141342928 0.47991839230 0.50463073607 0.47014306388 0.38605242801 0.35204754944 0.55211077081 0.35578714447 0.34024521966 0.27647570392 0.28247579870 0.46902855095 0.51663288668 0.46744883170 0.41220692684 0.43882399140 0.49671419850 0.29394863558 0.35971039623 0.50806412798 0.49034018706 0.55495948589 0.53537790714 0.66823113758 0.58209618044 0.92651487466 0.58866204416 1.79991361128 -243.5543353491 0.01131471044   -2 
  67 0.00000450420 0.00105624772 -35.276979902 0.12531684425 0.00444452768 0.05641145458 0.47933439063 0.43320015936 0.43763555546 0.43744057455 0.35315760291 0.36110127919 0.47004824221 0.43926919119 0.41392391048 0.55554483041 0.46145970687 0.47992806954 0.50458846295 0.47015306751 0.38607827888 0.35208638167 0.55229825132 0.35585332095 0.34026634822 0.27645557297 0.28246811553 0.46902072558 0.51652990195 0.46746549888 0.41222749769 0.43886255592 0.49674460975 0.29384969483 0.35969326543 0.50806875071 0.49036783195 0.55499115976 0.53540650753 0.66825256995 0.58211345003 0.92644187192 0.58861290692 1.79975032282 -243.5541981979 0.00322637535   -2 
  68 0.00000450427 0.00105630696 -35.123423808 0.12550783867 0.00444550967 0.05641757110 0.47909429732 0.43319764956 0.43753216672 0.43712118873 0.35343937413 0.36118845827 0.47011280214 0.43937487005 0.41387151102 0.55573410869 0.46153075165 0.48004394842 0.50470673505 0.47024692462 0.38619345925 0.35224220985 0.55258468148 0.35613231672 0.34043157322 0.27640979784 0.28249349696 0.46905554852 0.51630511006 0.46756989854 0.41236957595 0.43905014319 0.49690267350 0.29375136014 0.35974019804 0.50819193746 0.49056427680 0.55519256772 0.53561002803 0.66829401897 0.58228653241 0.92639597823 0.58853402430 1.80028228737 -243.5538044975 0.01056124920   -2 
  69 0.00000450429 0.00105613909 -35.084071768 0.12556063865 0.00444576569 0.05641917167 0.47905148369 0.43318239086 0.43750596045 0.43703935729 0.35350481546 0.36121028897 0.47012984069 0.43940106902 0.41385462371 0.55578018255 0.46154612714 0.48007366056 0.50474062852 0.47027119104 0.38622275463 0.35228185051 0.55264876369 0.35620381241 0.34047526047 0.27639862380 0.28250102002 0.46906565829 0.51625124252 0.46759736071 0.41240717440 0.43909899017 0.49694395045 0.29373085126 0.35975434556 0.50822550855 0.49061642623 0.55524575399 0.53566407189 0.66830426883 0.58233302107 0.92638905502 0.58851597691 1.80043642380 -243.5537035262 0.00530348311   -2 
  70 0.00000450438 0.00105598160 -34.911336325 0.12578898490 0.00444691855 0.05642637000 0.47939649732 0.43297395433 0.43748366467 0.43680553948 0.35366120836 0.36130781443 0.47023645199 0.43951366884 0.41375660747 0.55595099711 0.46158325869 0.48021282181 0.50495496297 0.47038980376 0.38634838949 0.35244565022 0.55277179545 0.35649970617 0.34068112994 0.27636763951 0.28255337014 0.46913884654 0.51611185858 0.46773152204 0.41258759474 0.43931876524 0.49713505296 0.29372774725 0.35985263449 0.50840535168 0.49086731309 0.55549902412 0.53592510430 0.66835711754 0.58256882968 0.92647080751 0.58849100859 1.80141879036 -243.5533258875 0.00463820105   -2 
  71 0.00000450436 0.00105595731 -34.947827820 0.12574154750 0.00444668198 0.05642489429 0.47929650475 0.43303908266 0.43751134684 0.43690608557 0.35359892924 0.36128472768 0.47021703307 0.43948758825 0.41378217543 0.55590656564 0.46157332699 0.48018359126 0.50491640981 0.47036660988 0.38632069624 0.35240785145 0.55272117915 0.35643039452 0.34063801267 0.27637868460 0.28254592747 0.46912953279 0.51616355987 0.46770567527 0.41255125772 0.43927201159 0.49709585309 0.29374347680 0.35983808583 0.50837258236 0.49081673758 0.55544782684 0.53587279987 0.66835065093 0.58252381807 0.92647721131 0.58850864729 1.80124766875 -243.5532724327 0.00514038461   -2 
  72 0.00000450435 0.00105605111 -34.962201716 0.12572114163 0.00444659165 0.05642432745 0.47926140674 0.43307389253 0.43753515077 0.43697144288 0.35356003857 0.36127518711 0.47021224781 0.43947696147 0.41379503720 0.55588566136 0.46156867800 0.48017280020 0.50490575091 0.47035895498 0.38630939387 0.35239134299 0.55268776740 0.35639940159 0.34062135339 0.27638568120 0.28254510839 0.46912951381 0.51619667735 0.46769704596 0.41253802785 0.43925347947 0.49708118820 0.29375841863 0.35983593663 0.50836273556 0.49079824003 0.55542905511 0.53585386699 0.66835089083 0.58250889063 0.92649349896 0.58852276591 1.80120277985 -243.5532359297 0.00421952287   -2 
  73 0.00000450434 0.00105598464 -34.989794488 0.12568726964 0.00444643212 0.05642333501 0.47920958676 0.43314184434 0.43760372606 0.43715145045 0.35344445913 0.36125355000 0.47020749853 0.43945308610 0.41382260238 0.55583315153 0.46155449991 0.48015248881 0.50489760149 0.47034703870 0.38628605034 0.35235516638 0.55258256075 0.35633080448 0.34059124108 0.27640585353 0.28254951585 0.46913899009 0.51629384048 0.46768462723 0.41251626837 0.43921828449 0.49705546102 0.29381247569 0.35984244756 0.50835296179 0.49076786555 0.55539777604 0.53582330756 0.66835748419 0.58248893876 0.92656143713 0.58856894150 1.80118130731 -243.5531635407 0.00435024314   -2 
  74 0.00000450434 0.00105605647 -34.992263226 0.12568337182 0.00444642126 0.05642326649 0.47922774542 0.43314567811 0.43761613912 0.43717998743 0.35342402558 0.36125186578 0.47021007189 0.43945115966 0.41382643897 0.55582624367 0.46155225119 0.48015173002 0.50490203069 0.47034759333 0.38628376571 0.35235058190 0.55255969198 0.35632152414 0.34058931621 0.27641030005 0.28255218840 0.46914354340 0.51631491231 0.46768523197 0.41251572405 0.43921534046 0.49705419542 0.29382687234 0.35984699011 0.50835553083 0.49076703293 0.55539679346 0.53582271334 0.66836060652 0.58249040547 0.92658119603 0.58858032281 1.80120447166 -243.5531402758 0.00382975839   -2 
  75 0.00000450434 0.00105597359 -35.004346482 0.12567578708 0.00444639836 0.05642314044 0.47941955659 0.43311967821 0.43768970131 0.43735893949 0.35326879238 0.36124232634 0.47023427749 0.43943964489 0.41384601570 0.55577662611 0.46153145830 0.48015195362 0.50495255608 0.47035779135 0.38627091535 0.35232074359 0.55236704940 0.35626020354 0.34058599844 0.27644639685 0.28257865829 0.46918628866 0.51648601923 0.46769804288 0.41252231132 0.43920347357 0.49705466256 0.29395416255 0.35989323353 0.50838908396 0.49077589106 0.55540408414 0.53583418444 0.66838834608 0.58251802894 0.92675395971 0.58867663444 1.80146368257 -243.5530231390 0.00220017624   -2 
  76 0.00000450434 0.00105605283 -34.996542176 0.12568664560 0.00444646963 0.05642358505 0.47925762048 0.43312069602 0.43765417467 0.43726342851 0.35331699868 0.36126000861 0.47025237650 0.43945833764 0.41384355043 0.55580337439 0.46153888865 0.48016967727 0.50498166744 0.47037357544 0.38628135678 0.35232924677 0.55235318728 0.35627053098 0.34060267620 0.27645532462 0.28259118725 0.46920438501 0.51651621497 0.46771379505 0.41253949311 0.43921890614 0.49707162821 0.29399423227 0.35991534941 0.50841367561 0.49079909696 0.55542745934 0.53585901856 0.66840212066 0.58254544817 0.92680262453 0.58870332641 1.80159279220 -243.5529611954 0.00403853629   -2 
  77 0.00000450435 0.00105600047 -34.994525628 0.12569114540 0.00444649036 0.05642371737 0.47922780129 0.43311794909 0.43764452760 0.43723984616 0.35332719636 0.36126401754 0.47025658368 0.43946257920 0.41384250220 0.55580915977 0.46154009843 0.48017409012 0.50498997264 0.47037772673 0.38628389066 0.35233107711 0.55234613450 0.35627250714 0.34060732125 0.27645831549 0.28259511381 0.46920992400 0.51652692915 0.46771829554 0.41254441814 0.43922305283 0.49707633163 0.29400771086 0.35992236526 0.50842109002 0.49080581025 0.55543413872 0.53586621945 0.66840615072 0.58255360174 0.92681846171 0.58871219794 1.80163132470 -243.5529456644 0.00250314747   -2 
  78 0.00000450438 0.00105593525 -34.951279799 0.12577670131 0.00444694306 0.05642658997 0.47926432807 0.43304837585 0.43751937623 0.43691567607 0.35345619308 0.36133370126 0.47033917708 0.43953787465 0.41382789253 0.55590109352 0.46155670045 0.48026149048 0.50517201560 0.47046505078 0.38633209282 0.35235960818 0.55214021823 0.35629408677 0.34070411936 0.27653377816 0.28268738634 0.46934001853 0.51680664164 0.46781738836 0.41265099674 0.43930719247 0.49717604036 0.29433794530 0.36008734409 0.50858923453 0.49095138459 0.55557822113 0.53602296537 0.66850101998 0.58273590874 0.92720573048 0.58893240780 1.80250073306 -243.5527542519 0.00561257481   -2 
  79 0.00000450438 0.00105600993 -34.946075564 0.12578531442 0.00444699604 0.05642692349 0.47928006226 0.43304746428 0.43751524369 0.43689726077 0.35346669024 0.36134067830 0.47034777558 0.43954575197 0.41382761414 0.55591062152 0.46155920376 0.48027107866 0.50519134227 0.47047482141 0.38633762768 0.35236291563 0.55211915650 0.35629645006 0.34071492682 0.27654253871 0.28269794754 0.46935479712 0.51683816605 0.46782871456 0.41266307971 0.43931675270 0.49718742501 0.29437574251 0.36010618474 0.50860830815 0.49096786769 0.55559457303 0.53604073540 0.66851232516 0.58275662036 0.92724934663 0.58895774683 1.80259424128 -243.5527267604 0.00349774805   -2 
  80 0.00000450444 0.00105577428 -34.868232805 0.12593796159 0.00444781637 0.05643212038 0.47965929965 0.43317343197 0.43771246471 0.43716471737 0.35346408847 0.36139057934 0.47041605525 0.43961501676 0.41384815002 0.55599071252 0.46159646231 0.48038169613 0.50541168299 0.47059785139 0.38641125166 0.35240633379 0.55186826992 0.35632208293 0.34086269843 0.27667419345 0.28285297110 0.46956299296 0.51728284115 0.46798947136 0.41283451072 0.43945129592 0.49734895920 0.29494174221 0.36038407877 0.50888134414 0.49120287766 0.55582711978 0.53629455981 0.66868418234 0.58305433936 0.92785719485 0.58933398218 1.80373234533 -243.5523753100 0.00424735168   -2 
  81 0.00000450448 0.00105556905 -34.814510288 0.12603735221 0.00444838209 0.05643569498 0.47956425060 0.43327913754 0.43786943208 0.43743249746 0.35345020876 0.36142515466 0.47046904337 0.43966620968 0.41389423889 0.55605399922 0.46164536039 0.48045757071 0.50553316233 0.47068149693 0.38646654317 0.35244302582 0.55178562875 0.35634685026 0.34095688680 0.27676155716 0.28295382387 0.46969731644 0.51755027512 0.46809768537 0.41294699901 0.43954293892 0.49745876579 0.29530184696 0.36056290518 0.50905710705 0.49135579618 0.55598040972 0.53646015828 0.66881026594 0.58324781060 0.92823125006 0.58957808537 1.80436624533 -243.5522048911 0.00903147202   -2 
  82 0.00000450450 0.00105565080 -34.791853804 0.12607564766 0.00444861730 0.05643717505 0.47951815638 0.43332292238 0.43793259207 0.43754301676 0.35344628338 0.36144083138 0.47049328557 0.43968911467 0.41391727028 0.55608283764 0.46166894343 0.48048989117 0.50558114653 0.47071671698 0.38649043116 0.35245941660 0.55176245948 0.35635839786 0.34099527593 0.27679741138 0.28299497485 0.46975220473 0.51765660500 0.46814255035 0.41299318824 0.43958110442 0.49750444004 0.29544720790 0.36063551574 0.50912870455 0.49141835252 0.55604344286 0.53652795686 0.66886381526 0.58332686776 0.92838155998 0.58967751651 1.80461484207 -243.5521284663 0.00239276932   -2 
  83 0.00000450451 0.00105556529 -34.774846747 0.12610200374 0.00444878978 0.05643825096 0.47938964797 0.43326391725 0.43786905745 0.43752324541 0.35346150006 0.36145731384 0.47052229793 0.43971376442 0.41397896479 0.55612188007 0.46172269752 0.48051188330 0.50556269643 0.47073817563 0.38651536621 0.35248437476 0.55191018440 0.35638244621 0.34100763974 0.27681423652 0.28301096674 0.46977083285 0.51764934368 0.46816796422 0.41301420268 0.43960606865 0.49753308572 0.29548470649 0.36065973279 0.50915331303 0.49144427548 0.55607361661 0.53655682864 0.66891360072 0.58335827082 0.92839427675 0.58971323612 1.80451618725 -243.5520546230 0.00801193991   -2 
  84 0.00000450452 0.00105568755 -34.759551934 0.12612196241 0.00444894079 0.05643918649 0.47930147382 0.43321698376 0.43781520552 0.43750373579 0.35347630527 0.36147241923 0.47054859610 0.43973608477 0.41403440418 0.55615718170 0.46177116629 0.48053144955 0.50554521559 0.47075705997 0.38653764688 0.35250691267 0.55204594050 0.35640434791 0.34101776131 0.27682844369 0.28302420201 0.46978620831 0.51763913773 0.46818991147 0.41303198335 0.43962781595 0.49755797733 0.29551350081 0.36067930699 0.50917346816 0.49146596233 0.55609926153 0.53658105613 0.66895770059 0.58338441605 0.92840115908 0.58974251523 1.80442107809 -243.5519766193 0.00284407232   -2 
  85 0.00000450455 0.00105571591 -34.722500255 0.12617606065 0.00444930904 0.05644147734 0.47925111550 0.43312414587 0.43769372983 0.43743235826 0.35350667361 0.36150102456 0.47059919679 0.43978094392 0.41416189046 0.55623124094 0.46188335087 0.48057114157 0.50548989769 0.47079589287 0.38658918194 0.35256148988 0.55239331312 0.35645876394 0.34103608886 0.27685866490 0.28305081722 0.46981446386 0.51759007903 0.46823779759 0.41306920138 0.43967709766 0.49761373448 0.29556122580 0.36071668573 0.50921179052 0.49151041756 0.55615380672 0.53663114152 0.66906227418 0.58343724718 0.92838797827 0.58979973086 1.80413040453 -243.5519038567 0.00488639569   -2 
  86 0.00000450455 0.00105562532 -34.714510816 0.12618962545 0.00444938976 0.05644198266 0.47926895870 0.43311463766 0.43767655778 0.43741665531 0.35351100509 0.36150490820 0.47060616619 0.43978784695 0.41418533143 0.55624335896 0.46190441306 0.48057777005 0.50547708102 0.47080264539 0.38659936365 0.35257277302 0.55246593075 0.35647030373 0.34103901603 0.27686443237 0.28305564254 0.46981903598 0.51757638013 0.46824704708 0.41307618561 0.43968698445 0.49762478456 0.29556808507 0.36072314102 0.50921834017 0.49151863661 0.55616421222 0.53664047712 0.66908390741 0.58344688066 0.92838108468 0.58980982462 1.80406432536 -243.5518763521 0.00449381256   -2 
  87 0.00000450458 0.00105556226 -34.672789937 0.12625294305 0.00444980209 0.05644454949 0.47951151685 0.43314101768 0.43765506215 0.43735377161 0.35352779531 0.36151867180 0.47062945906 0.43981470262 0.41428501159 0.55629208010 0.46199732925 0.48060635628 0.50541623491 0.47083250668 0.38664777755 0.35262817283 0.55281459554 0.35652821319 0.34105045751 0.27689054049 0.28307633693 0.46983732222 0.51749793954 0.46829018299 0.41310775865 0.43973442888 0.49767730889 0.29558688428 0.36074886744 0.50924512539 0.49155505545 0.55621192681 0.53668219399 0.66918979143 0.58348898372 0.92833429511 0.58985183883 1.80374475935 -243.5517493355 0.00269529257   -2 
  88 0.00000450458 0.00105562543 -34.668271854 0.12625679862 0.00444984542 0.05644481618 0.47950143273 0.43318091443 0.43769743059 0.43737153965 0.35352741715 0.36151803575 0.47062664377 0.43981373002 0.41427970409 0.55629001980 0.46199557823 0.48060751728 0.50541922794 0.47083398934 0.38665045501 0.35263201622 0.55282359542 0.35653300677 0.34105052367 0.27689157509 0.28307663256 0.46983769123 0.51749018293 0.46829279333 0.41310929027 0.43973783526 0.49768085248 0.29558051949 0.36074805629 0.50924528791 0.49155647373 0.55621455361 0.53668398147 0.66919764057 0.58349036752 0.92832933602 0.58985194292 1.80375222160 -243.5517238566 0.00542198288   -2 
  89 0.00000450460 0.00105551313 -34.649061576 0.12627911767 0.00445003677 0.05644600543 0.47942576137 0.43335955828 0.43789600960 0.43745654655 0.35352194129 0.36151177660 0.47060813229 0.43980480121 0.41424560417 0.55627380288 0.46197942702 0.48060957393 0.50543556112 0.47083794076 0.38665989293 0.35264710407 0.55284610415 0.35655278396 0.34104952969 0.27689480707 0.28307649024 0.46983742309 0.51745489925 0.46830235744 0.41311438395 0.43975130990 0.49769454034 0.29554723921 0.36074202923 0.50924366246 0.49156064598 0.55622392006 0.53668960436 0.66922938938 0.58349386905 0.92830533350 0.58984908407 1.80380143973 -243.5516224959 0.00152870550   -2 
  90 0.00000450460 0.00105548048 -34.641224165 0.12628733583 0.00445012102 0.05644652254 0.47952961354 0.43325883944 0.43786949637 0.43748427211 0.35352495995 0.36151411626 0.47060857745 0.43980445798 0.41421542030 0.55626870807 0.46195930500 0.48061261651 0.50546554982 0.47084080934 0.38666040920 0.35264947718 0.55279467785 0.35655802905 0.34104928360 0.27689367046 0.28307391469 0.46983809483 0.51745216358 0.46830455610 0.41311487834 0.43975498930 0.49769796655 0.29551852858 0.36073422399 0.50924108182 0.49156000880 0.55622557067 0.53668940791 0.66923660660 0.58349245769 0.92830979700 0.58984279062 1.80392796464 -243.5515868925 0.00186983096   -2 
  91 0.00000450460 0.00105551141 -34.639645663 0.12628823102 0.00445013744 0.05644662235 0.47953393946 0.43325026406 0.43786687225 0.43748857906 0.35352581315 0.36151484338 0.47060917633 0.43980481340 0.41421073512 0.55626842144 0.46195624669 0.48061347284 0.50547102608 0.47084159027 0.38666067696 0.35265003851 0.55278596601 0.35655910111 0.34104935653 0.27689353174 0.28307351119 0.46983840647 0.51745191918 0.46830512343 0.41311509733 0.43975579870 0.49769875904 0.29551323482 0.36073286315 0.50924077278 0.49156003912 0.55622605455 0.53668953397 0.66923815170 0.58349237837 0.92831107311 0.58984181350 1.80395138947 -243.5515827370 0.00177524786   -2 
  92 0.00000450463 0.00105550110 -34.601771711 0.12632151109 0.00445054953 0.05644914816 0.47939015251 0.43315166027 0.43781348122 0.43756456441 0.35354135357 0.36152842880 0.47061906923 0.43981014136 0.41410107578 0.55625893592 0.46188307057 0.48063125436 0.50559708599 0.47085825530 0.38666583484 0.35266258122 0.55257626976 0.35658424520 0.34105042881 0.27688959545 0.28306306156 0.46984491200 0.51744512157 0.46831792907 0.41311968807 0.43977476729 0.49771711687 0.29538136016 0.36069865793 0.50923231453 0.49155997212 0.55623692766 0.53669173098 0.66927460586 0.58348946709 0.92834130953 0.58981688028 1.80450096274 -243.5515099562 0.00177176088   -2 
  93 0.00000450468 0.00105548908 -34.540087713 0.12638641928 0.00445123831 0.05645339105 0.47944073288 0.43328008961 0.43780444729 0.43754505534 0.35354046340 0.36153042525 0.47061499011 0.43980695572 0.41398864621 0.55624291639 0.46180204177 0.48064581392 0.50573071973 0.47087454883 0.38667046351 0.35267785617 0.55232230621 0.35661759516 0.34105108680 0.27688330254 0.28304723288 0.46985275158 0.51743531287 0.46833489024 0.41312570027 0.43980122173 0.49774233545 0.29518134627 0.36064749661 0.50921997194 0.49155963376 0.55625222744 0.53669476272 0.66932543827 0.58348531371 0.92838127415 0.58978073322 1.80514197257 -243.5514204062 0.00502221648   -2 
  94 0.00000450469 0.00105540859 -34.526426188 0.12640238349 0.00445139374 0.05645435109 0.47944976392 0.43330579301 0.43780376799 0.43753761383 0.35353945375 0.36153020698 0.47061352406 0.43980592175 0.41396665368 0.55623954946 0.46178587146 0.48064855363 0.50575734136 0.47087780023 0.38667140182 0.35268108223 0.55227008872 0.35662472817 0.34105123718 0.27688194074 0.28304379428 0.46985446157 0.51743328949 0.46833857537 0.41312704086 0.43980698604 0.49774782761 0.29513739672 0.36063633876 0.50921737872 0.49155963252 0.55625562768 0.53669550879 0.66933650325 0.58348452221 0.92838999048 0.58977298999 1.80527321502 -243.5514025939 0.00142282302   -2 
  95 0.00000450478 0.00105526521 -34.427896216 0.12652067491 0.00445258345 0.05646170794 0.47951804830 0.43331590210 0.43796529602 0.43739218963 0.35352522349 0.36152489062 0.47062391830 0.43982104354 0.41405316158 0.55628412647 0.46183616553 0.48066801782 0.50576161113 0.47090265048 0.38668957376 0.35270482525 0.55224385673 0.35666487070 0.34106371961 0.27688280734 0.28303413792 0.46988122281 0.51745125871 0.46837292787 0.41314835167 0.43984968657 0.49779188956 0.29489384912 0.36058714359 0.50922606663 0.49157842793 0.55629437370 0.53672046166 0.66941447837 0.58350512933 0.92847445218 0.58975931909 1.80550037767 -243.5513100543 0.00414766627   -2 
  96 0.00000450479 0.00105531150 -34.413362518 0.12653692314 0.00445276000 0.05646279763 0.47952168777 0.43331565573 0.43798458486 0.43737723082 0.35352443838 0.36152515792 0.47062700188 0.43982451958 0.41406914806 0.55629247431 0.46184647675 0.48067171683 0.50576040310 0.47090699517 0.38669289671 0.35270863701 0.55224714084 0.35667076050 0.34106608794 0.27688338773 0.28303330515 0.46988589429 0.51745511867 0.46837851990 0.41315205394 0.43985626541 0.49779882181 0.29486055789 0.36058102943 0.50922840895 0.49158199789 0.55630080020 0.53672498619 0.66942635186 0.58350923309 0.92848823191 0.58975883633 1.80552419377 -243.5512950994 0.00243200766   -2 
  97 0.00000450488 0.00105523788 -34.313160492 0.12665547772 0.00445403822 0.05647069565 0.47934066101 0.43324339832 0.43798679139 0.43738956583 0.35353433124 0.36153834288 0.47066489815 0.43986245254 0.41423323229 0.55637133808 0.46196597136 0.48070584735 0.50570867266 0.47094430247 0.38672482804 0.35273838820 0.55240366214 0.35670876492 0.34109079647 0.27689493980 0.28303764215 0.46992927212 0.51750182651 0.46842486937 0.41318668780 0.43990546722 0.49785290341 0.29467521104 0.36055872385 0.50926287375 0.49162024917 0.55635683965 0.53677061081 0.66951289909 0.58355599959 0.92860345496 0.58978258694 1.80548060051 -243.5511838722 0.00215150988   -2 
  98 0.00000450491 0.00105524215 -34.276722622 0.12669871307 0.00445451080 0.05647361600 0.47930147766 0.43322099810 0.43797341717 0.43740590515 0.35353955654 0.36154436692 0.47067939354 0.43987695824 0.41429240652 0.55640003167 0.46201106783 0.48071926683 0.50568866434 0.47095873033 0.38673746259 0.35274964201 0.55247171588 0.35672225615 0.34110085983 0.27690019258 0.28304064813 0.46994641224 0.51752120475 0.46844269943 0.41320048292 0.43992383050 0.49787335788 0.29461477457 0.36055354077 0.50927785315 0.49163599700 0.55637874857 0.53678913477 0.66954494594 0.58357547689 0.92864776730 0.58979497543 1.80545233102 -243.5511741515 0.00274919047   -2 
  99 0.00000450495 0.00105513972 -34.233796502 0.12675277162 0.00445508423 0.05647716543 0.47930183405 0.43320145172 0.43793470514 0.43744043835 0.35354712871 0.36155244103 0.47069581089 0.43989384191 0.41435816749 0.55643173186 0.46206468409 0.48073595283 0.50566372911 0.47097654046 0.38675365686 0.35276336813 0.55256779786 0.35673740686 0.34111433111 0.27690804788 0.28304648901 0.46996856750 0.51754761510 0.46846508398 0.41321857610 0.43994608456 0.49789855026 0.29455502039 0.36055224437 0.50929939284 0.49165746868 0.55640691834 0.53681402307 0.66958335538 0.58360237521 0.92870327932 0.58981568138 1.80540074400 -243.5511562395 0.00422483102   -2 
 100 0.00000450500 0.00105516144 -34.188862677 0.12680790420 0.00445569151 0.05648092211 0.47933919058 0.43319314916 0.43788806984 0.43748612055 0.35355728576 0.36156274422 0.47071404295 0.43991248652 0.41442287463 0.55646449984 0.46212045254 0.48075506989 0.50563972577 0.47099657905 0.38677194749 0.35277845234 0.55267684706 0.35675313816 0.34112979659 0.27691759870 0.28305438406 0.46999349511 0.51757806953 0.46848982735 0.41323904124 0.43997008734 0.49792602407 0.29450127386 0.36055452473 0.50932491535 0.49168222938 0.55643834984 0.53684248045 0.66962449380 0.58363356511 0.92876444605 0.58984191344 1.80534431501 -243.5511247674 0.00280855075   -2 
 101 0.00000450502 0.00105508571 -34.169843716 0.12683356557 0.00445596186 0.05648259893 0.47937379469 0.43319961283 0.43786527162 0.43750943309 0.35356253520 0.36156793844 0.47072117339 0.43992012917 0.41444359247 0.55647618146 0.46214183017 0.48076413865 0.50563219569 0.47100596634 0.38678075335 0.35278539179 0.55272937603 0.35675955205 0.34113763808 0.27692297407 0.28305952602 0.47000563220 0.51759357058 0.46850151872 0.41324921293 0.43998092229 0.49793869997 0.29448734414 0.36055921085 0.50933871504 0.49169503865 0.55645361138 0.53685697788 0.66964278942 0.58364985846 0.92879315040 0.58985767704 1.80532066322 -243.5511118937 0.00231749763   -2 
 102 0.00000450505 0.00105505014 -34.138164667 0.12687548390 0.00445642314 0.05648545803 0.47944799699 0.43322544549 0.43783224360 0.43755262860 0.35357371732 0.36157879895 0.47073422302 0.43993394189 0.41447048488 0.55649477184 0.46217504534 0.48078147186 0.50562501534 0.47102353047 0.38679712316 0.35279800681 0.55282259541 0.35677036840 0.34115245049 0.27693363319 0.28307033998 0.47002808630 0.51762277106 0.46852278002 0.41326815597 0.44000005350 0.49796139156 0.29447498900 0.36057155695 0.50936543201 0.49171931973 0.55648161756 0.53688423447 0.66967478996 0.58368086101 0.92884508621 0.58988958436 1.80529009516 -243.5510994049 0.00157089668   -2 
 103 0.00000450505 0.00105510312 -34.138025162 0.12687634942 0.00445646158 0.05648569859 0.47942988048 0.43325525350 0.43785963919 0.43755498784 0.35357993958 0.36158477384 0.47073777505 0.43993716568 0.41444855481 0.55649298397 0.46216728413 0.48078806413 0.50564255110 0.47102935794 0.38680213474 0.35280135310 0.55283387314 0.35677129934 0.34115761574 0.27693862977 0.28307683654 0.47003473384 0.51763243242 0.46852827327 0.41327415293 0.44000362358 0.49796639928 0.29450520799 0.36058448831 0.50937626960 0.49172802799 0.55648944299 0.53689346886 0.66968000868 0.58369221352 0.92885775069 0.58990586568 1.80532682115 -243.5510839385 0.00434340179   -2 
 104 0.00000450506 0.00105503270 -34.138278945 0.12688483374 0.00445662972 0.05648676092 0.47934568776 0.43337443993 0.43797246859 0.43756147568 0.35360517433 0.36160923721 0.47075084596 0.43994939490 0.41435034560 0.55648269951 0.46213137122 0.48081559347 0.50571854782 0.47105382971 0.38682349790 0.35281553590 0.55288194219 0.35677482354 0.34118003222 0.27696052666 0.28310542286 0.47006338730 0.51767431744 0.46855188993 0.41330021824 0.44001883973 0.49798786236 0.29463986336 0.36064172474 0.50942371855 0.49176609148 0.55652340032 0.53693378500 0.66970210477 0.58374186611 0.92891212461 0.58997749915 1.80548483783 -243.5510234763 0.00201051443   -2 
 105 0.00000450508 0.00105500651 -34.139191787 0.12690083490 0.00445688889 0.05648840000 0.47955134712 0.43333630596 0.43799812320 0.43757787455 0.35363353568 0.36163895621 0.47077273217 0.43996982638 0.41425157695 0.55648368904 0.46209756345 0.48085415268 0.50581489752 0.47108954870 0.38685510847 0.35283760886 0.55294596994 0.35678233556 0.34121368732 0.27699370471 0.28314846448 0.47010617054 0.51773522434 0.46858799079 0.41333975107 0.44004306852 0.49802122265 0.29484336400 0.36072777988 0.50949422630 0.49182343950 0.55657496787 0.53699454020 0.66973753276 0.58381615041 0.92899208727 0.59008377192 1.80570420303 -243.5509356164 0.00225963658   -2 
 106 0.00000450509 0.00105496495 -34.139376677 0.12690327913 0.00445692190 0.05648860984 0.47955467453 0.43332981751 0.43799562341 0.43758058125 0.35363634357 0.36164206581 0.47077575035 0.43997263104 0.41424447458 0.55648549533 0.46209564832 0.48085866534 0.50582480570 0.47109386827 0.38685895320 0.35284042154 0.55295315506 0.35678355324 0.34121780165 0.27699777223 0.28315369596 0.47011139724 0.51774246154 0.46859250511 0.41334463174 0.44004622820 0.49802547233 0.29486793326 0.36073818442 0.50950273143 0.49183045695 0.55658135320 0.53700198386 0.66974219847 0.58382518864 0.92900186859 0.59009654185 1.80572909635 -243.5509289457 0.00236304013   -2 
 107 0.00000450512 0.00105500615 -34.140269533 0.12692617464 0.00445738149 0.05649151407 0.47944242656 0.43325617921 0.43793137845 0.43763430716 0.35367416967 0.36168438822 0.47082713790 0.44001912649 0.41420044244 0.55653286913 0.46209565934 0.48092209803 0.50594487539 0.47115529736 0.38691283918 0.35288120602 0.55304789793 0.35680455984 0.34127449380 0.27705335680 0.28322445592 0.47018390392 0.51784032618 0.46865624292 0.41341218953 0.44009233558 0.49808633580 0.29519471394 0.36087752379 0.50961768925 0.49192645101 0.55667002567 0.53710396553 0.66981106835 0.58394817502 0.92913825589 0.59026760234 1.80606015771 -243.5508514174 0.00113629351   -2 
 108 0.00000450513 0.00105504201 -34.139698540 0.12693312934 0.00445750217 0.05649227678 0.47946529892 0.43330055011 0.43793373826 0.43763218692 0.35367168358 0.36168383884 0.47083113781 0.44002462138 0.41422867654 0.55654703137 0.46211102331 0.48092859872 0.50594686142 0.47116373532 0.38692149994 0.35288921970 0.55305747498 0.35681086346 0.34128495327 0.27706426196 0.28323800322 0.47019676789 0.51785578259 0.46866874675 0.41342541194 0.44010279979 0.49809914819 0.29525793689 0.36090415163 0.50963848110 0.49194497292 0.55668755210 0.53712368576 0.66982680959 0.58397130924 0.92916299014 0.59029852619 1.80609335969 -243.5508394074 0.00363531143   -2 
 109 0.00000450515 0.00105497219 -34.138603438 0.12695158257 0.00445778147 0.05649404586 0.47951439843 0.43340205901 0.43793994499 0.43762428598 0.35366389363 0.36168058130 0.47083821673 0.44003565974 0.41429761120 0.55657868180 0.46214759379 0.48094169776 0.50594715994 0.47118170102 0.38694044452 0.35290711628 0.55307704732 0.35682531354 0.34130832604 0.27708884665 0.28326851240 0.47022534039 0.51788974651 0.46869678682 0.41345514862 0.44012654184 0.49812805510 0.29540097120 0.36096421653 0.50968499370 0.49198664523 0.55672699645 0.53716805052 0.66986249901 0.58402324606 0.92921791050 0.59036781273 1.80616114810 -243.5508133406 0.00078904792   -2 
 110 0.00000450517 0.00105495536 -34.135372956 0.12696258741 0.00445803450 0.05649562969 0.47948096185 0.43335063941 0.43800074862 0.43763865571 0.35366586838 0.36168066260 0.47084805425 0.44004579116 0.41438227931 0.55660760926 0.46219473051 0.48094706974 0.50592169284 0.47119111971 0.38695067836 0.35292001493 0.55307859042 0.35684133312 0.34132184035 0.27710363996 0.28328552264 0.47024175465 0.51790426415 0.46871578575 0.41347396011 0.44014615970 0.49814972011 0.29547505776 0.36099607067 0.50970907064 0.49201154250 0.55675268082 0.53719480447 0.66989278838 0.58405252674 0.92925116936 0.59040188760 1.80616955957 -243.5507990311 0.00144570935   -2 
 111 0.00000450517 0.00105497359 -34.134891822 0.12696357884 0.00445806524 0.05649582149 0.47948012444 0.43334585675 0.43800670061 0.43764060805 0.35366642077 0.36168091773 0.47084936795 0.44004706113 0.41439171556 0.55661087550 0.46220017142 0.48094774249 0.50591874956 0.47119221012 0.38695182419 0.35292151010 0.55307869764 0.35684328629 0.34132333957 0.27710528442 0.28328737725 0.47024358534 0.51790578556 0.46871796174 0.41347608098 0.44014847697 0.49815224138 0.29548291548 0.36099948695 0.50971166250 0.49201430979 0.55675559377 0.53719778692 0.66989637475 0.58405574011 0.92925493875 0.59040549458 1.80617038024 -243.5507975283 0.00046319583   -2 
 112 0.00000450518 0.00105495920 -34.131420492 0.12697042131 0.00445824154 0.05649691952 0.47952669951 0.43334617695 0.43799426611 0.43764815668 0.35367259664 0.36168451511 0.47085432389 0.44005119576 0.41442128069 0.55661845002 0.46222073141 0.48094908094 0.50590307285 0.47119476571 0.38695461197 0.35292718667 0.55307497402 0.35685343606 0.34132778107 0.27711071091 0.28329270207 0.47024885526 0.51790734415 0.46872604812 0.41348351458 0.44015911667 0.49816278475 0.29550222147 0.36100834966 0.50971782011 0.49202328770 0.55676622620 0.53720764264 0.66991296705 0.58406509287 0.92926588801 0.59041314774 1.80616165184 -243.5507937475 0.00046253945   -2 
 113 0.00000450518 0.00105494843 -34.130891814 0.12697109031 0.00445826403 0.05649705987 0.47951301687 0.43335126202 0.43799277450 0.43764856706 0.35367364071 0.36168550548 0.47085511238 0.44005179344 0.41442026972 0.55661850200 0.46222114895 0.48094961726 0.50590324274 0.47119514468 0.38695481738 0.35292765276 0.55307501000 0.35685448178 0.34132798880 0.27711097318 0.28329281948 0.47024915566 0.51790719109 0.46872666630 0.41348399055 0.44016013145 0.49816369655 0.29550160057 0.36100828565 0.50971782776 0.49202373688 0.55676696670 0.53720816646 0.66991455072 0.58406543925 0.92926674889 0.59041283390 1.80616303569 -243.5507928428 0.00089913611   -2 
 114 0.00000450519 0.00105496139 -34.129861366 0.12697184584 0.00445830497 0.05649731398 0.47949260187 0.43336030032 0.43799071203 0.43764963589 0.35367566454 0.36168741921 0.47085674889 0.44005304673 0.41441869726 0.55661885615 0.46222208143 0.48095072789 0.50590368104 0.47119595448 0.38695527336 0.35292856063 0.55307521756 0.35685642528 0.34132842201 0.27711148726 0.28329307468 0.47024978705 0.51790702190 0.46872786211 0.41348491360 0.44016202650 0.49816542179 0.29550056296 0.36100823162 0.50971793018 0.49202462295 0.55676839121 0.53720919560 0.66991751030 0.58406615829 0.92926858932 0.59041235975 1.80616584879 -243.5507915377 0.00028603512   -2 
 115 0.00000450528 0.00105491612 -34.099313277 0.12701115171 0.00445958748 0.05650525435 0.47952059476 0.43342357889 0.43793696970 0.43765320378 0.35371247369 0.36172480903 0.47088312081 0.44007513735 0.41437603870 0.55661780810 0.46224194739 0.48097314697 0.50590635397 0.47121252384 0.38696482735 0.35295203749 0.55307451522 0.35691022273 0.34133937420 0.27712590715 0.28330005917 0.47026510539 0.51789910332 0.46875996646 0.41351030581 0.44021539305 0.49821327920 0.29547288083 0.36100683546 0.50971936019 0.49204887040 0.55680768006 0.53723773018 0.67000042186 0.58408517589 0.92932111419 0.59039708931 1.80622474157 -243.5507796295 0.00084314085   -2 
 116 0.00000450526 0.00105493234 -34.105936917 0.12700253480 0.00445931081 0.05650354188 0.47951155714 0.43340085104 0.43795582125 0.43765315115 0.35370296285 0.36171543033 0.47087690202 0.44007013547 0.41438766774 0.55661921998 0.46223770289 0.48096830275 0.50590648864 0.47120914139 0.38696299406 0.35294687140 0.55307549145 0.35689800925 0.34133713707 0.27712281153 0.28329866504 0.47026201684 0.51790154359 0.46875296560 0.41350481870 0.44020348692 0.49820268096 0.29547929802 0.36100740354 0.50971949606 0.49204373614 0.55679915128 0.53723165887 0.66998189018 0.58408133631 0.92930988445 0.59040110817 1.80621347689 -243.5507781521 0.00063085949   -2 
 117 0.00000450526 0.00105491768 -34.105308071 0.12700364161 0.00445934043 0.05650372562 0.47950984999 0.43339484562 0.43796001704 0.43765350709 0.35370227313 0.36171498420 0.47087682597 0.44007026467 0.41438871645 0.55662002762 0.46223806042 0.48096867578 0.50590705123 0.47120958562 0.38696335030 0.35294726456 0.55307609692 0.35689864351 0.34133746181 0.27712313147 0.28329890348 0.47026249894 0.51790195126 0.46875357497 0.41350534987 0.44020430581 0.49820346920 0.29547905174 0.36100758732 0.50971987960 0.49204433440 0.55679994560 0.53723234041 0.66998312415 0.58408196204 0.92931108298 0.59040136773 1.80621583061 -243.5507772539 0.00100044081   -2 
 118 0.00000450528 0.00105492763 -34.100111005 0.12701050141 0.00445957634 0.05650518646 0.47949931356 0.43334014126 0.43800373172 0.43765860829 0.35369526443 0.36171013689 0.47087636102 0.44007163131 0.41440130602 0.55662910025 0.46224152360 0.48097217677 0.50591318524 0.47121387313 0.38696683603 0.35295044571 0.55308272353 0.35690288415 0.34134042432 0.27712580872 0.28330109641 0.47026696154 0.51790671289 0.46875854861 0.41350974414 0.44021036619 0.49820952784 0.29547794369 0.36100962422 0.50972389836 0.49204945498 0.55680643120 0.53723813264 0.66999222166 0.58408761533 0.92932153216 0.59040486502 1.80623863699 -243.5507711684 0.00034968773   -2 
 119 0.00000450528 0.00105493669 -34.099401988 0.12701149365 0.00445961057 0.05650540005 0.47950178607 0.43334542481 0.43800338541 0.43765861214 0.35369377728 0.36170879247 0.47087582375 0.44007142698 0.41440414858 0.55663046294 0.46224177235 0.48097240881 0.50591427995 0.47121440765 0.38696739499 0.35295067998 0.55308408273 0.35690274960 0.34134088645 0.27712614700 0.28330147891 0.47026766837 0.51790795065 0.46875904029 0.41351025446 0.44021068422 0.49820995777 0.29547827676 0.36101015927 0.50972483109 0.49205017537 0.55680715559 0.53723892695 0.66999263983 0.58408858476 0.92932297377 0.59040604689 1.80624233262 -243.5507706209 0.00078783895   -2 
 120 0.00000450528 0.00105493669 -34.099401988 0.12701149365 0.00445961057 0.05650540005 0.47950178607 0.43334542481 0.43800338541 0.43765861214 0.35369377728 0.36170879247 0.47087582375 0.44007142698 0.41440414858 0.55663046294 0.46224177235 0.48097240881 0.50591427995 0.47121440765 0.38696739499 0.35295067998 0.55308408273 0.35690274960 0.34134088645 0.27712614700 0.28330147891 0.47026766837 0.51790795065 0.46875904029 0.41351025446 0.44021068422 0.49820995777 0.29547827676 0.36101015927 0.50972483109 0.49205017537 0.55680715559 0.53723892695 0.66999263983 0.58408858476 0.92932297377 0.59040604689 1.80624233262 -243.5507706209           NAN   -8 
 121 0.00000450528 0.00105492614 -34.099355738 0.12701177374 0.00445961420 0.05650542292 0.47950159198 0.43334619878 0.43800282003 0.43765844195 0.35369355344 0.36170857622 0.47087566379 0.44007131850 0.41440441609 0.55663050408 0.46224172822 0.48097236238 0.50591434209 0.47121441142 0.38696742580 0.35295066910 0.55308419008 0.35690267421 0.34134091847 0.27712616852 0.28330151158 0.47026771625 0.51790807563 0.46875905346 0.41351028182 0.44021066625 0.49820995283 0.29547833079 0.36101021627 0.50972492459 0.49205022862 0.55680719287 0.53723898350 0.66999260467 0.58408866658 0.92932307147 0.59040617892 1.80624247593 -243.5507701993 0.00029962374   -2 
 122 0.00000450529 0.00105491956 -34.096623202 0.12701654209 0.00445975768 0.05650631856 0.47951111717 0.43338335740 0.43798831072 0.43765722054 0.35368788367 0.36170285207 0.47087315414 0.44006998296 0.41441688358 0.55663565898 0.46224230906 0.48097284218 0.50591900244 0.47121640975 0.38696981432 0.35295118420 0.55309038175 0.35690062407 0.34134289428 0.27712746954 0.28330323766 0.47027074240 0.51791425093 0.46876063913 0.41351214139 0.44021083106 0.49821083074 0.29548080047 0.36101295658 0.50972954175 0.49205316319 0.55680976663 0.53724215175 0.66999273525 0.58409293747 0.92932722486 0.59041254945 1.80625783975 -243.5507681227 0.00029902446   -2 
 123 0.00000450529 0.00105491956 -34.096623202 0.12701654209 0.00445975768 0.05650631856 0.47951111717 0.43338335740 0.43798831072 0.43765722054 0.35368788367 0.36170285207 0.47087315414 0.44006998296 0.41441688358 0.55663565898 0.46224230906 0.48097284218 0.50591900244 0.47121640975 0.38696981432 0.35295118420 0.55309038175 0.35690062407 0.34134289428 0.27712746954 0.28330323766 0.47027074240 0.51791425093 0.46876063913 0.41351214139 0.44021083106 0.49821083074 0.29548080047 0.36101295658 0.50972954175 0.49205316319 0.55680976663 0.53724215175 0.66999273525 0.58409293747 0.92932722486 0.59041254945 1.80625783975 -243.5507681227           NAN   -8 
 124 0.00000450529 0.00105493107 -34.095872387 0.12701725431 0.00445979577 0.05650655348 0.47950691032 0.43337270722 0.43799240994 0.43765856539 0.35368844644 0.36170317151 0.47087405283 0.44007067099 0.41441885718 0.55663710445 0.46224306061 0.48097358471 0.50592033242 0.47121729508 0.38697060877 0.35295158331 0.55309201924 0.35690050521 0.34134353683 0.27712790585 0.28330376964 0.47027171971 0.51791587619 0.46876132508 0.41351280788 0.44021117084 0.49821138354 0.29548149399 0.36101375312 0.50973085129 0.49205411434 0.55681068965 0.53724318619 0.66999325598 0.58409426445 0.92932916980 0.59041428062 1.80626291664 -243.5507674939 0.00080884510   -2 
 125 0.00000450529 0.00105493107 -34.095872387 0.12701725431 0.00445979577 0.05650655348 0.47950691032 0.43337270722 0.43799240994 0.43765856539 0.35368844644 0.36170317151 0.47087405283 0.44007067099 0.41441885718 0.55663710445 0.46224306061 0.48097358471 0.50592033242 0.47121729508 0.38697060877 0.35295158331 0.55309201924 0.35690050521 0.34134353683 0.27712790585 0.28330376964 0.47027171971 0.51791587619 0.46876132508 0.41351280788 0.44021117084 0.49821138354 0.29548149399 0.36101375312 0.50973085129 0.49205411434 0.55681068965 0.53724318619 0.66999325598 0.58409426445 0.92932916980 0.59041428062 1.80626291664 -243.5507674939 0.00080884510   -5 
 126 0.00000450529 0.00105492012 -34.095827992 0.12701751648 0.00445979938 0.05650657640 0.47950635812 0.43337199599 0.43799241251 0.43765847925 0.35368839544 0.36170311437 0.47087400264 0.44007063501 0.41441894709 0.55663710510 0.46224305070 0.48097357583 0.50592037203 0.47121731218 0.38697064122 0.35295158966 0.55309209590 0.35690046784 0.34134357215 0.27712793144 0.28330380416 0.47027177132 0.51791597987 0.46876135332 0.41351284378 0.44021117504 0.49821140084 0.29548154688 0.36101381096 0.50973094021 0.49205417237 0.55681074058 0.53724325069 0.66999325858 0.58409434899 0.92932922362 0.59041440876 1.80626314431 -243.5507670800 0.00023677488   -2 
 127 0.00000450529 0.00105492012 -34.095827992 0.12701751648 0.00445979938 0.05650657640 0.47950635812 0.43337199599 0.43799241251 0.43765847925 0.35368839544 0.36170311437 0.47087400264 0.44007063501 0.41441894709 0.55663710510 0.46224305070 0.48097357583 0.50592037203 0.47121731218 0.38697064122 0.35295158966 0.55309209590 0.35690046784 0.34134357215 0.27712793144 0.28330380416 0.47027177132 0.51791597987 0.46876135332 0.41351284378 0.44021117504 0.49821140084 0.29548154688 0.36101381096 0.50973094021 0.49205417237 0.55681074058 0.53724325069 0.66999325858 0.58409434899 0.92932922362 0.59041440876 1.80626314431 -243.5507670800 0.00023677488   -5 
 128 0.00000450529 0.00105492012 -34.095827992 0.12701751648 0.00445979938 0.05650657640 0.47950635812 0.43337199599 0.43799241251 0.43765847925 0.35368839544 0.36170311437 0.47087400264 0.44007063501 0.41441894709 0.55663710510 0.46224305070 0.48097357583 0.50592037203 0.47121731218 0.38697064122 0.35295158966 0.55309209590 0.35690046784 0.34134357215 0.27712793144 0.28330380416 0.47027177132 0.51791597987 0.46876135332 0.41351284378 0.44021117504 0.49821140084 0.29548154688 0.36101381096 0.50973094021 0.49205417237 0.55681074058 0.53724325069 0.66999325858 0.58409434899 0.92932922362 0.59041440876 1.80626314431 -243.5507670800           NAN   -8 
 129 0.00000450529 0.00105492012 -34.095827992 0.12701751648 0.00445979938 0.05650657640 0.47950635812 0.43337199599 0.43799241251 0.43765847925 0.35368839544 0.36170311437 0.47087400264 0.44007063501 0.41441894709 0.55663710510 0.46224305070 0.48097357583 0.50592037203 0.47121731218 0.38697064122 0.35295158966 0.55309209590 0.35690046784 0.34134357215 0.27712793144 0.28330380416 0.47027177132 0.51791597987 0.46876135332 0.41351284378 0.44021117504 0.49821140084 0.29548154688 0.36101381096 0.50973094021 0.49205417237 0.55681074058 0.53724325069 0.66999325858 0.58409434899 0.92932922362 0.59041440876 1.80626314431 -243.5507670800 0.00023677488   -8 
-- Local optimization: reached maximum number of likelihood evaluations allowed.
-- Found new optimum with likelihood -243.550767080084029 and gradient 0.00024

---- Best joint likelihood found -243.550767080084029 with gradient 0.00024

---- Results for /scratch/40841841/tmpfxp8znho 
--  Model: C
--        eps_an     theta_bar             a 
-- 0.00000450529 0.00105492012            -1 
--           S_d             b           p_b           S_b 
-- -34.095827992 0.12701751648 0.00445979938 0.05650657640 
--           r 2           r 3           r 4           r 5           r 6           r 7           r 8           r 9          r 10          r 11          r 12          r 13          r 14          r 15          r 16          r 17          r 18          r 19          r 20          r 21          r 22          r 23          r 24          r 25          r 26          r 27          r 28          r 29          r 30          r 31          r 32          r 33          r 34          r 35          r 36          r 37          r 38          r 39 
-- 0.47950635812 0.43337199599 0.43799241251 0.43765847925 0.35368839544 0.36170311437 0.47087400264 0.44007063501 0.41441894709 0.55663710510 0.46224305070 0.48097357583 0.50592037203 0.47121731218 0.38697064122 0.35295158966 0.55309209590 0.35690046784 0.34134357215 0.27712793144 0.28330380416 0.47027177132 0.51791597987 0.46876135332 0.41351284378 0.44021117504 0.49821140084 0.29548154688 0.36101381096 0.50973094021 0.49205417237 0.55681074058 0.53724325069 0.66999325858 0.58409434899 0.92932922362 0.59041440876 1.80626314431 

---- Expected P_neut(i), 0 < i < n (neutral SFS per site) 
E[P_neut(1)] = 0.0010549156
E[P_neut(2)] = 0.0002529194
E[P_neut(3)] = 0.0001523904
E[P_neut(4)] = 0.0001155113
E[P_neut(5)] = 0.0000923386
E[P_neut(6)] = 0.0000621853
E[P_neut(7)] = 0.0000545095
E[P_neut(8)] = 0.0000620916
E[P_neut(9)] = 0.0000515820
E[P_neut(10)] = 0.0000437177
E[P_neut(11)] = 0.0000533823
E[P_neut(12)] = 0.0000406357
E[P_neut(13)] = 0.0000390298
E[P_neut(14)] = 0.0000381217
E[P_neut(15)] = 0.0000331397
E[P_neut(16)] = 0.0000255139
E[P_neut(17)] = 0.0000219021
E[P_neut(18)] = 0.0000324148
E[P_neut(19)] = 0.0000198158
E[P_neut(20)] = 0.0000180045
E[P_neut(21)] = 0.0000139214
E[P_neut(22)] = 0.0000135848
E[P_neut(23)] = 0.0000215695
E[P_neut(24)] = 0.0000227650
E[P_neut(25)] = 0.0000197803
E[P_neut(26)] = 0.0000167779
E[P_neut(27)] = 0.0000171996
E[P_neut(28)] = 0.0000187706
E[P_neut(29)] = 0.0000107488
E[P_neut(30)] = 0.0000126948
E[P_neut(31)] = 0.0000173461
E[P_neut(32)] = 0.0000162214
E[P_neut(33)] = 0.0000177999
E[P_neut(34)] = 0.0000166693
E[P_neut(35)] = 0.0000201943
E[P_neut(36)] = 0.0000171164
E[P_neut(37)] = 0.0000264970
E[P_neut(38)] = 0.0000163916
E[P_neut(39)] = 0.0000488626

---- Expected P_sel(i), 0 < i < n (selected SFS per site) 
E[P_sel(1)] = 0.0008618126
E[P_sel(2)] = 0.0001887727
E[P_sel(3)] = 0.0001079080
E[P_sel(4)] = 0.0000789030
E[P_sel(5)] = 0.0000613936
E[P_sel(6)] = 0.0000404663
E[P_sel(7)] = 0.0000348460
E[P_sel(8)] = 0.0000390964
E[P_sel(9)] = 0.0000320541
E[P_sel(10)] = 0.0000268528
E[P_sel(11)] = 0.0000324492
E[P_sel(12)] = 0.0000244692
E[P_sel(13)] = 0.0000233008
E[P_sel(14)] = 0.0000225792
E[P_sel(15)] = 0.0000194851
E[P_sel(16)] = 0.0000148994
E[P_sel(17)] = 0.0000127088
E[P_sel(18)] = 0.0000186965
E[P_sel(19)] = 0.0000113652
E[P_sel(20)] = 0.0000102713
E[P_sel(21)] = 0.0000079017
E[P_sel(22)] = 0.0000076736
E[P_sel(23)] = 0.0000121280
E[P_sel(24)] = 0.0000127441
E[P_sel(25)] = 0.0000110267
E[P_sel(26)] = 0.0000093153
E[P_sel(27)] = 0.0000095125
E[P_sel(28)] = 0.0000103426
E[P_sel(29)] = 0.0000059013
E[P_sel(30)] = 0.0000069455
E[P_sel(31)] = 0.0000094585
E[P_sel(32)] = 0.0000088165
E[P_sel(33)] = 0.0000096440
E[P_sel(34)] = 0.0000090039
E[P_sel(35)] = 0.0000108756
E[P_sel(36)] = 0.0000091915
E[P_sel(37)] = 0.0000141891
E[P_sel(38)] = 0.0000087539
E[P_sel(39)] = 0.0000260265

---- alpha_dfe = 0.008659

