---- Running command
---- ./polyDFE -d /scratch/38995530/tmpdfx4s2oe -m C -i /scratch/38995530/tmppx9erba4 1 -v 1 
---- Performing inference using model C

---- Performing inference on /scratch/38995530/tmpdfx4s2oe
----      with -i /scratch/38995530/tmppx9erba4 1
---- Data /scratch/38995530/tmpdfx4s2oe does not contain divergence counts. Using option -w.
---- No mutation variability. Using Poisson likelihood.


---- Using provided initial values

-- Starting local optimization
-- Optimizing all parameters
  it     theta_bar           S_d             b           r 2           r 3           r 4           r 5           r 6           r 7           r 8           r 9          r 10          r 11          r 12          r 13          r 14          r 15          r 16          r 17          r 18          r 19           ln lk          grad status 
   0  0.0008889703 -275.47030000     0.3631272      1.108895      1.085894       1.17146       1.22055     0.9183284      1.078414     0.8619392      1.201028      1.044525     0.9376269     0.9625282      1.367893       1.02253       1.02738     0.9952897      1.232454      1.175055      1.245369 -153.0181978395 0.56088865668   -2 
   1 0.00089103277 -275.36333530 0.35661063989 1.15337024186 1.08990269209 1.16828527624 1.23811075581 0.91569670194 1.08340022531 0.85197587181 1.20859624947 1.06906049888 0.92785063926 0.96252792739 1.36081631063 1.02731803800 1.02450661789 1.00468756307 1.24348280272 1.15923073598 1.24094882659 -151.1871401278 1.17676006408   -2 
   2 0.00086294406 -277.46118150 0.35436488233 1.21742079195 1.09433808337 1.16177692055 1.26551414534 0.91077114478 1.09093472246 0.83526256570 1.22056008532 1.11052264684 0.91139170991 0.96221322326 1.34855762086 1.03509190384 1.01942614706 1.02040948785 1.26184469818 1.13276625168 1.23325496125 -148.6195155393 0.44512130300   -2 
   3 0.00086252719 -284.83535509 0.36300179202 1.25179796507 1.11682177419 1.16871214843 1.31716761380 0.90880995993 1.11059963091 0.80977239672 1.24815050264 1.19390430853 0.88436493769 0.96477847429 1.33136390901 1.05315610081 1.01244545106 1.05414237315 1.30132894843 1.08535561766 1.22136766638 -146.6192135116 0.64685464175   -2 
   4 0.00087091466 -285.93059445 0.36104647744 1.25049998887 1.12439111594 1.17360859750 1.33072894491 0.90962568405 1.11704716873 0.80373223746 1.25681097295 1.21842947302 0.87744679048 0.96612713439 1.32762221229 1.05900477920 1.01094729018 1.06468541234 1.31363842395 1.07222723670 1.21845123016 -145.9900218166 0.60517313891   -2 
   5 0.00085815431 -289.90393208 0.35534214202 1.20780485538 1.14346663310 1.19175633992 1.36295746214 0.91419819911 1.13685686467 0.78744528660 1.28353561819 1.29390306451 0.85733319747 0.97113342273 1.31783727978 1.07823940087 1.00689323942 1.09937090663 1.35383315727 1.03175402236 1.20986376287 -144.2753386497 0.15747787635   -2 
   6 0.00086747060 -292.04126049 0.35715337837 1.19359264171 1.12910610940 1.20215797661 1.33341567638 0.92408246684 1.14108422964 0.79270718647 1.28969090622 1.30056742984 0.85660441550 0.97685160921 1.32370958397 1.08865054172 1.00893949546 1.11663149880 1.37275875794 1.01747002255 1.20994213484 -143.8981113447 0.27846422923   -2 
   7 0.00086468536 -292.64004522 0.35772225974 1.19063194293 1.12523720168 1.20374588661 1.32557660015 0.92637794776 1.14168592204 0.79417450443 1.29077875485 1.30132829820 0.85649068862 0.97826669802 1.32522813380 1.09124417742 1.00944862390 1.12104555117 1.37751875681 1.01375476834 1.20993470039 -143.8144739738 0.15653371460   -2 
   8 0.00086129005 -292.66779458 0.35429181360 1.19286706362 1.11990610554 1.20369147155 1.31129669994 0.93044860717 1.14164142068 0.79795485066 1.29161642975 1.29955233497 0.85685572513 0.98124596515 1.32885611293 1.09650736141 1.01070153786 1.13021786670 1.38714079259 1.00604672932 1.21009969829 -143.6886551743 0.08760022647   -2 
   9 0.00086105295 -293.93011134 0.35522855092 1.20573813388 1.12176153481 1.19748984481 1.30337518401 0.93295807649 1.13912862827 0.80323476342 1.28982655423 1.29181878235 0.85818006961 0.98466886035 1.33359883151 1.10240008528 1.01244274007 1.14114810746 1.39799763620 0.99650323410 1.21051268170 -143.5979642928 0.07444337791   -2 
  10 0.00086212658 -294.01936150 0.35493602429 1.20617370377 1.12288416970 1.19689458205 1.30389134202 0.93311402687 1.13877491054 0.80402309039 1.28949087625 1.29049569960 0.85848641042 0.98516861412 1.33433497983 1.10322001509 1.01275223734 1.14271248307 1.39949089172 0.99513943267 1.21063755862 -143.5881174381 0.08704791132   -2 
  11 0.00086020166 -295.17946896 0.35417910169 1.20219937812 1.13221855700 1.19270921396 1.31208236152 0.93318439840 1.13575207353 0.80971548352 1.28633421458 1.27972648251 0.86095964662 0.98869476172 1.33963785052 1.10900952071 1.01507825087 1.15415111897 1.41011609325 0.98489940127 1.21160178342 -143.5270634123 0.03264867021   -2 
  12 0.00086106683 -295.67168250 0.35493764555 1.20218119789 1.13019820595 1.19529411398 1.31569764594 0.93261042884 1.13596116128 0.81028973470 1.28609564654 1.27856691283 0.86168214729 0.98921548141 1.34042801441 1.10978913331 1.01567075470 1.15598083936 1.41152535636 0.98300270316 1.21200724782 -143.5173646227 0.03383218363   -2 
  13 0.00086141770 -295.72684878 0.35470023706 1.20234781467 1.12934010538 1.19641750451 1.31698087277 0.93236907584 1.13614825790 0.81042583505 1.28608111661 1.27830918583 0.86197550547 0.98938558521 1.34068266776 1.11002932602 1.01590808171 1.15659499693 1.41195257752 0.98232101969 1.21218776797 -143.5147820361 0.04150365823   -2 
  14 0.00086034407 -295.85217220 0.35431124929 1.20246833578 1.12767999568 1.19834058302 1.31904758585 0.93186722483 1.13650391849 0.81058389189 1.28605414199 1.27792632795 0.86250567926 0.98965068066 1.34107362808 1.11040177784 1.01633303871 1.15764089221 1.41262451511 0.98107292719 1.21251808603 -143.5107264947 0.00786619781   -2 
  15 0.00085983626 -296.24500099 0.35429837385 1.20429094164 1.12934517336 1.19914289132 1.31878909694 0.93133248191 1.13785465078 0.81023759202 1.28676634940 1.27898582668 0.86359312798 0.98994341467 1.34143306674 1.11067403198 1.01724716316 1.15892805783 1.41303458574 0.97905973940 1.21340172458 -143.5089556280 0.01630955086   -2 
  16 0.00085996332 -296.29229583 0.35424029802 1.20448836139 1.12959209555 1.19926274392 1.31877768228 0.93128325682 1.13806872567 0.81019400052 1.28689554243 1.27917135178 0.86376820594 0.98999696905 1.34150061191 1.11072362355 1.01739804682 1.15913235645 1.41310494353 0.97875243392 1.21355052839 -143.5087058262 0.00763304558   -2 
  17 0.00085974271 -296.48897846 0.35404389181 1.20363242131 1.12994271043 1.19940209991 1.31889134417 0.93140913160 1.13874533478 0.81011163916 1.28745419435 1.27996291010 0.86441926954 0.99023490336 1.34180461504 1.11093885525 1.01799958054 1.15986919284 1.41337858488 0.97768031907 1.21417384813 -143.5080704572 0.00624201927   -2 
  18 0.00085985189 -296.59725779 0.35415746269 1.20350584969 1.12977035621 1.19933416293 1.31898079150 0.93155012983 1.13885497612 0.81012272661 1.28762200523 1.28020418983 0.86461292309 0.99032176814 1.34191442382 1.11101814108 1.01820199001 1.16009056919 1.41347071497 0.97736368939 1.21439796208 -143.5078604083 0.00722112644   -2 
  19 0.00085997614 -296.62348361 0.35415959474 1.20351744107 1.12969327908 1.19930527840 1.31901898986 0.93160967972 1.13887501309 0.81013297929 1.28767443124 1.28027947956 0.86467353620 0.99035211644 1.34195266976 1.11104616308 1.01826954454 1.16016073450 1.41350222620 0.97726518308 1.21447506772 -143.5078038215 0.00393347763   -2 
  20 0.00085986963 -296.70641690 0.35406440998 1.20374513759 1.12916638873 1.19905924778 1.31913405965 0.93189497645 1.13877929371 0.81020104513 1.28780795991 1.28049749993 0.86486924294 0.99046465231 1.34208547884 1.11114945133 1.01852656833 1.16039664757 1.41360888272 0.97690381578 1.21478824426 -143.5076517255 0.00194335310   -2 
  21 0.00085984645 -296.71693598 0.35407352376 1.20374593498 1.12917360036 1.19905238583 1.31913290990 0.93191057292 1.13875783373 0.81020820601 1.28780624521 1.28049937188 0.86487606145 0.99047071764 1.34209142140 1.11115535891 1.01854195706 1.16040711759 1.41361403861 0.97688320936 1.21481009057 -143.5076455876 0.00212784694   -2 
  22 0.00085991254 -296.77573690 0.35409713056 1.20376910255 1.12931740758 1.19904806830 1.31912828069 0.93200952317 1.13860717827 0.81026242125 1.28778548552 1.28049642517 0.86491155306 0.99051075306 1.34213011227 1.11119525391 1.01863981209 1.16046801748 1.41364839099 0.97676128835 1.21495401139 -143.5076173594 0.00180731773   -2 
  23 0.00085990268 -296.83848261 0.35405844712 1.20377391695 1.12949789872 1.19906238716 1.31911642125 0.93212024633 1.13841629640 0.81033304653 1.28774849213 1.28047768815 0.86494890832 0.99056018515 1.34217521246 1.11124508185 1.01876355066 1.16053967148 1.41368998489 0.97660692588 1.21514179869 -143.5075943281 0.00244376699   -2 
  24 0.00085986119 -296.86621158 0.35404426646 1.20377149306 1.12955912461 1.19906905113 1.31911023028 0.93216158107 1.13834038165 0.81036157847 1.28773179032 1.28046775341 0.86496303268 0.99058000319 1.34219265779 1.11126516384 1.01881437945 1.16056825460 1.41370647916 0.97654264344 1.21522000350 -143.5075919548 0.00093715253   -2 
  25 0.00085982144 -296.89133646 0.35401758229 1.20378782099 1.12953663939 1.19909432612 1.31911473431 0.93217259795 1.13831186886 0.81038313347 1.28771924589 1.28045474148 0.86496960845 0.99059499907 1.34220460850 1.11128151609 1.01885545812 1.16058825238 1.41371983313 0.97649072954 1.21528837934 -143.5075872745 0.00121096409   -2 
  26 0.00085983637 -296.90447438 0.35400680137 1.20380367946 1.12951176016 1.19911151704 1.31912143707 0.93217106000 1.13831175781 0.81039209968 1.28771552445 1.28044882128 0.86497132090 0.99060157485 1.34220969597 1.11128898021 1.01887339402 1.16059628947 1.41372612577 0.97646865624 1.21531977034 -143.5075845977 0.00133990253   -2 
  27 0.00085984395 -296.97919283 0.35399959140 1.20386181974 1.12935510195 1.19918740055 1.31915198700 0.93214074715 1.13834202898 0.81042643721 1.28769927508 1.28041778971 0.86497298994 0.99062721614 1.34222714999 1.11131954103 1.01894904150 1.16062654124 1.41375142656 0.97637231622 1.21545865346 -143.5075745419 0.00059722294   -2 
  28 0.00085984600 -296.96728738 0.35400002153 1.20384065309 1.12939298725 1.19916820953 1.31914574228 0.93214168735 1.13834418337 0.81041816586 1.28770327503 1.28042336907 0.86497121452 0.99062140913 1.34222251328 1.11131305589 1.01893360734 1.16061940856 1.41374597645 0.97639090757 1.21543238931 -143.5075738242 0.00051909680   -2 
  29 0.00085984002 -296.96921858 0.35400245528 1.20382408768 1.12940618321 1.19915785262 1.31914318425 0.93213423316 1.13835576025 0.81041374450 1.28770484745 1.28042346276 0.86496846067 0.99061899110 1.34221929359 1.11131051941 1.01892875773 1.16061567482 1.41374364435 0.97639499344 1.21542706318 -143.5075730765 0.00073429664   -2 
  30 0.00085985707 -296.97773272 0.35400243321 1.20377437799 1.12945094644 1.19912469718 1.31913717951 0.93210466296 1.13840393180 0.81039840884 1.28771150988 1.28042346335 0.86495804879 0.99061108661 1.34220815390 1.11130238543 1.01891328066 1.16060267755 1.41373619429 0.97640730207 1.21541257364 -143.5075711191 0.00042528694   -2 
  31 0.00085986430 -296.98646633 0.35399310246 1.20378641750 1.12944064433 1.19911635900 1.31913328423 0.93208562817 1.13842892038 0.81039039831 1.28771217731 1.28041966213 0.86495065767 0.99060598919 1.34220084827 1.11129807879 1.01890696327 1.16059504118 1.41373169878 0.97640899369 1.21541079160 -143.5075699913 0.00103207322   -2 
  32 0.00085984363 -297.01659400 0.35397622045 1.20381803788 1.12940059100 1.19909164181 1.31911878868 0.93202908729 1.13849820520 0.81036642838 1.28771166895 1.28040628838 0.86492808495 0.99059030896 1.34217811932 1.11128471884 1.01888835845 1.16057188457 1.41371747002 0.97641224903 1.21540622777 -143.5075670665 0.00060327437   -2 
  33 0.00085987042 -297.03027254 0.35398455923 1.20381368877 1.12939687021 1.19909728141 1.31911797898 0.93202331177 1.13850194183 0.81036262996 1.28770955028 1.28040229813 0.86492298115 0.99058674148 1.34217320880 1.11128175307 1.01888503431 1.16056665476 1.41371398551 0.97641072370 1.21540706352 -143.5075653119 0.00048589758   -2 
  34 0.00085986724 -297.03542549 0.35398628710 1.20380751611 1.12939536876 1.19909928096 1.31911685292 0.93202233258 1.13850005306 0.81036139339 1.28770781792 1.28040025856 0.86492106747 0.99058534296 1.34217116303 1.11128045519 1.01888387016 1.16056462251 1.41371236406 0.97640960338 1.21540734579 -143.5075649675 0.00046144390   -2 
  35 0.00085988193 -297.11808198 0.35395200589 1.20369881570 1.12938589149 1.19914679906 1.31910135125 0.93202061504 1.13844184594 0.81034313741 1.28767328513 1.28036278228 0.86488765163 0.99056103057 1.34213545442 1.11125722694 1.01886430555 1.16052862147 1.41368253694 0.97638558654 1.21541456453 -143.5075603852 0.00059753181   -2 
  36 0.00085992015 -297.21722708 0.35391739213 1.20372452539 1.12936237048 1.19914311771 1.31906876383 0.93201405007 1.13837055018 0.81032071401 1.28762747278 1.28031572516 0.86484894830 0.99052998570 1.34209052884 1.11122639223 1.01883839420 1.16048492843 1.41364269315 0.97635382887 1.21541651319 -143.5075559199 0.00200855173   -2 
  37 0.00085994253 -297.44792207 0.35385162168 1.20378344201 1.12930157418 1.19911857699 1.31898796867 0.93199521644 1.13820747733 0.81026814895 1.28752019476 1.28020612214 0.86475998709 0.99045766087 1.34198582798 1.11115413028 1.01877775973 1.16038390096 1.41354932311 0.97627989907 1.21541815046 -143.5075463343 0.00067959100   -2 
  38 0.00085992940 -297.44501934 0.35385198598 1.20377091843 1.12930412392 1.19910579503 1.31898838347 0.93199192274 1.13821650574 0.81026861759 1.28752221214 1.28020827828 0.86476207177 0.99045832097 1.34198692344 1.11115409300 1.01877758013 1.16038517522 1.41354919221 0.97628011513 1.21541469460 -143.5075455161 0.00072384452   -2 
  39 0.00085992769 -297.43610771 0.35384331034 1.20373029571 1.12931838123 1.19905262723 1.31899143822 0.93197808088 1.13825426619 0.81027009442 1.28752994096 1.28021638468 0.86476967892 0.99045951578 1.34199009262 1.11115265897 1.01877570943 1.16038881694 1.41354684953 0.97627941616 1.21539960492 -143.5075435891 0.00044810426   -2 
  40 0.00085993956 -297.43971093 0.35385292616 1.20373431739 1.12931724985 1.19903517384 1.31898895564 0.93197080799 1.13826663934 0.81026927194 1.28753044390 1.28021728619 0.86477148656 0.99045847489 1.34198891892 1.11114995944 1.01877310375 1.16038828577 1.41354317990 0.97627724344 1.21539098862 -143.5075426435 0.00031290438   -2 
  41 0.00085994574 -297.44027001 0.35385239909 1.20373601486 1.12931658606 1.19902879695 1.31898788292 0.93196764649 1.13827183791 0.81026886965 1.28753058747 1.28021760813 0.86477227046 0.99045786892 1.34198831010 1.11114864887 1.01877177660 1.16038797880 1.41354138980 0.97627612810 1.21538689240 -143.5075424841 0.00033046435   -2 
  42 0.00085994359 -297.44681988 0.35384658197 1.20373872717 1.12930300677 1.19896487473 1.31897235386 0.93193401010 1.13832035422 0.81026339420 1.28752927672 1.28021835560 0.86477907696 0.99045002961 1.34198008997 1.11113386021 1.01875720605 1.16038347712 1.41352131251 0.97626366441 1.21534348522 -143.5075414243 0.00015354797   -2 
  43 0.00085995018 -297.45617618 0.35384739967 1.20370947296 1.12929813040 1.19897638030 1.31896256264 0.93191852678 1.13833002697 0.81025733613 1.28752287500 1.28021371823 0.86478150687 0.99044194876 1.34197065435 1.11112062284 1.01874434826 1.16037754378 1.41350336577 0.97625209462 1.21530714885 -143.5075409726 0.00037194512   -2 
  44 0.00085995710 -297.45937929 0.35384574106 1.20370145793 1.12929657357 1.19898135506 1.31895914763 0.93191317277 1.13833264532 0.81025500516 1.28752030721 1.28021177442 0.86478229257 0.99043876145 1.34196697197 1.11111552807 1.01873939287 1.16037518190 1.41349646580 0.97624760297 1.21529321597 -143.5075408141 0.00021294388   -2 
  45 0.00085995112 -297.46945142 0.35383654129 1.20370003671 1.12928747293 1.19899177468 1.31894720806 0.93190049154 1.13832811339 0.81024668626 1.28750913438 1.28020225862 0.86478224659 0.99042734968 1.34195362970 1.11109903412 1.01872349722 1.16036613135 1.41347430633 0.97623277208 1.21525075231 -143.5075403800 0.00022355813   -2 
  46 0.00085996188 -297.48852325 0.35383165826 1.20372078898 1.12927693384 1.19899646412 1.31893251875 0.93188745795 1.13831086289 0.81023415810 1.28749112125 1.28018592574 0.86477969927 0.99041068673 1.34193302713 1.11107462494 1.01869974049 1.16035126305 1.41344154139 0.97620993459 1.21518920079 -143.5075398630 0.00036654953   -2 
  47 0.00085996020 -297.49397713 0.35383173773 1.20372363152 1.12927439898 1.19899546415 1.31892901888 0.93188476642 1.13830557952 0.81023098852 1.28748643272 1.28018154422 0.86477867745 0.99040651454 1.34192773899 1.11106853805 1.01869376861 1.16034732318 1.41343338246 0.97620411758 1.21517412863 -143.5075397246 0.00017506957   -2 
  48 0.00085997831 -297.52243506 0.35382750580 1.20370278690 1.12927578893 1.19896186971 1.31892457114 0.93188546613 1.13827186819 0.81021876196 1.28746707339 1.28016111036 0.86476894219 0.99038840498 1.34190524238 1.11104446995 1.01866903739 1.16032802364 1.41340093574 0.97617799763 1.21511632643 -143.5075391856 0.00025640760   -2 
  49 0.00085997772 -297.53486442 0.35381727507 1.20368757130 1.12927241331 1.19894304161 1.31892149738 0.93188707924 1.13825609104 0.81021372807 1.28745849598 1.28015142844 0.86476244868 0.99038073441 1.34189533210 1.11103492616 1.01865912853 1.16031865509 1.41338810787 0.97616676910 1.21509549030 -143.5075388183 0.00017605928   -2 
  50 0.00085997562 -297.53706368 0.35381659595 1.20368564170 1.12927070203 1.19894040941 1.31892038520 0.93188718700 1.13825404862 0.81021307831 1.28745726947 1.28014996164 0.86476111409 0.99037974883 1.34189398378 1.11103387267 1.01865798454 1.16031721420 1.41338671580 0.97616536018 1.21509382535 -143.5075387831 0.00013576082   -2 
  51 0.00085999000 -297.56956097 0.35380958437 1.20368307371 1.12923487164 1.19891639578 1.31889851470 0.93188803616 1.13823501550 0.81020732527 1.28744377690 1.28013191790 0.86473743486 0.99036988925 1.34187976927 1.11102745609 1.01864959635 1.16029797255 1.41337876696 0.97615149619 1.21509833380 -143.5075383197 0.00015965761   -2 
  52 0.00085999619 -297.58508804 0.35380406998 1.20368087444 1.12922095728 1.19890692245 1.31888777084 0.93188731723 1.13822663459 0.81020445191 1.28743707458 1.28012313552 0.86472574060 0.99036502089 1.34187281409 1.11102457348 1.01864590223 1.16028858155 1.41337525700 0.97614511875 1.21510215098 -143.5075382419 0.00021851236   -2 
  53 0.00085999471 -297.60039158 0.35379809945 1.20367598665 1.12921170696 1.19889982373 1.31887709303 0.93188490337 1.13821918826 0.81020132660 1.28743005952 1.28011435554 0.86471421441 0.99036019786 1.34186571468 1.11102173227 1.01864244523 1.16027928412 1.41337186150 0.97613915943 1.21510717086 -143.5075381246 0.00021537018   -2 
  54  0.0008599979 -297.61899622 0.35378912988 1.20366976372 1.12920628383 1.19889415615 1.31886499374 0.93188049431 1.13821119418 0.81019730663 1.28742132555 1.28010375499 0.86470028596 0.99035394896 1.34185691226 1.11101826771 1.01863835547 1.16026793392 1.41336774218 0.97613216929 1.21511438148 -143.5075380199 0.00017448827   -2 
  55 0.00085999739 -297.61867374 0.35379267851 1.20366915537 1.12921904882 1.19890019096 1.31886834337 0.93187686071 1.13821397407 0.81019681116 1.28742125057 1.28010474281 0.86470227030 0.99035385843 1.34185698624 1.11101803198 1.01863867800 1.16026891520 1.41336747902 0.97613323782 1.21511514125 -143.5075378692 0.00025391652   -2 
  56 0.00086000102 -297.61830073 0.35379343795 1.20366969875 1.12922892037 1.19890518404 1.31887115119 0.93187405093 1.13821627768 0.81019642572 1.28742121821 1.28010551506 0.86470368917 0.99035367609 1.34185699933 1.11101786175 1.01863898439 1.16026956393 1.41336729255 0.97613402442 1.21511602789 -143.5075377817 0.00013429911   -2 
  57 0.00085999515 -297.61800882 0.35379156902 1.20367000405 1.12924396510 1.19891379580 1.31887580884 0.93186766447 1.13822078856 0.81019528980 1.28742056131 1.28010651799 0.86470598322 0.99035308455 1.34185638539 1.11101720799 1.01863934810 1.16027024432 1.41336654485 0.97613547019 1.21511866257 -143.5075376781 0.00006654272    0 
-- Found new optimum with likelihood -143.507537678160617 and gradient 0.00007

---- Best joint likelihood found -143.507537678160617 with gradient 0.00007

---- Results for /scratch/38995530/tmpdfx4s2oe 
--  Model: C
--        eps_an     theta_bar             a 
--             0 0.00085999515            -1 
--           S_d             b           p_b           S_b 
-- -297.61800882 0.35379156902             0             1 
--           r 2           r 3           r 4           r 5           r 6           r 7           r 8           r 9          r 10          r 11          r 12          r 13          r 14          r 15          r 16          r 17          r 18          r 19 
-- 1.20367000405 1.12924396510 1.19891379580 1.31887580884 0.93186766447 1.13822078856 0.81019528980 1.28742056131 1.28010651799 0.86470598322 0.99035308455 1.34185638539 1.11101720799 1.01863934810 1.16027024432 1.41336654485 0.97613547019 1.21511866257 

---- Expected P_neut(i), 0 < i < n (neutral SFS per site) 
E[P_neut(1)] = 0.0008599952
E[P_neut(2)] = 0.0005175752
E[P_neut(3)] = 0.0003237148
E[P_neut(4)] = 0.0002577650
E[P_neut(5)] = 0.0002268454
E[P_neut(6)] = 0.0001335669
E[P_neut(7)] = 0.0001398378
E[P_neut(8)] = 0.0000870955
E[P_neut(9)] = 0.0001230195
E[P_neut(10)] = 0.0001100885
E[P_neut(11)] = 0.0000676039
E[P_neut(12)] = 0.0000709749
E[P_neut(13)] = 0.0000887685
E[P_neut(14)] = 0.0000682478
E[P_neut(15)] = 0.0000584017
E[P_neut(16)] = 0.0000623642
E[P_neut(17)] = 0.0000714993
E[P_neut(18)] = 0.0000466373
E[P_neut(19)] = 0.0000549998

---- Expected P_sel(i), 0 < i < n (selected SFS per site) 
E[P_sel(1)] = 0.0003020037
E[P_sel(2)] = 0.0001284737
E[P_sel(3)] = 0.0000677623
E[P_sel(4)] = 0.0000484112
E[P_sel(5)] = 0.0000393844
E[P_sel(6)] = 0.0000218114
E[P_sel(7)] = 0.0000217202
E[P_sel(8)] = 0.0000129682
E[P_sel(9)] = 0.0000176601
E[P_sel(10)] = 0.0000153036
E[P_sel(11)] = 0.0000091317
E[P_sel(12)] = 0.0000093416
E[P_sel(13)] = 0.0000114105
E[P_sel(14)] = 0.0000085841
E[P_sel(15)] = 0.0000071993
E[P_sel(16)] = 0.0000075452
E[P_sel(17)] = 0.0000085002
E[P_sel(18)] = 0.0000054540
E[P_sel(19)] = 0.0000063329

---- alpha_dfe = 0.000000

