---- Running command
---- ./polyDFE -d /scratch/40841536/tmpvw96kzbk -m C -i /scratch/40841536/tmpfuj0egs5 1 -v 1 
---- Performing inference using model C

---- Performing inference on /scratch/40841536/tmpvw96kzbk
----      with -i /scratch/40841536/tmpfuj0egs5 1
---- Data /scratch/40841536/tmpvw96kzbk does not contain divergence counts. Using option -w.
---- No mutation variability. Using Poisson likelihood.


---- Using provided initial values

-- Starting local optimization
-- Optimizing all parameters
  it        eps_an     theta_bar           S_d             b           p_b           S_b           r 2           r 3           r 4           r 5           r 6           r 7           r 8           r 9          r 10          r 11          r 12          r 13          r 14          r 15          r 16          r 17          r 18          r 19          r 20          r 21          r 22          r 23          r 24           ln lk          grad status 
   0 0.00000450451  0.0008647194 -33.444059999     0.1398527   0.005009714    0.05328228     0.5834314      0.499803     0.5581096     0.5076067      0.557493     0.6522272     0.6050956     0.5227928     0.5765882     0.4982845     0.5150672     0.5206269      0.482151     0.5460091     0.5199818      0.523935     0.5814646     0.6159988     0.7697745     0.7047025     0.6593795      0.914738      1.558127 -180.3563769381 1.33399365590   -2 
   1 0.00000450451 0.00088253727 -33.403670382 0.13947504305 0.00500986076 0.05328232301 0.58802186834 0.50318164207 0.56183554987 0.50402442757 0.55788365542 0.65166745978 0.60583020708 0.52417827542 0.57648768916 0.49748968077 0.51625201116 0.52035125056 0.48266617374 0.54696866132 0.51970641269 0.52365773404 0.58156588495 0.61663846970 0.76925923766 0.70565998651 0.65937944555 0.91414476284 1.56118332630 -178.6001669029 0.81375851079   -2 
   2 0.00000450453 0.00086344847 -33.717953838 0.14081730537 0.00500928079 0.05328247732 0.64315667576 0.55236583220 0.61907371116 0.44010018558 0.55866773621 0.63525538443 0.61359476393 0.54556319757 0.57101951760 0.48114121298 0.53509825433 0.51319011491 0.49001613676 0.56202492945 0.51299620637 0.51700113922 0.58134241183 0.62595126413 0.75715472153 0.72037111089 0.65731208532 0.90011642689 1.60718288545 -170.1474754193 0.37539792622   -2 
   3 0.00000450454 0.00085532394 -33.833584487 0.14095582274 0.00500921760 0.05328266722 0.62787908482 0.55280040250 0.62357264333 0.43387741966 0.56107975979 0.63526074996 0.61710843303 0.55197002789 0.57115186287 0.47785153034 0.54122730075 0.51211192804 0.49287909612 0.56723880304 0.51175018544 0.51571046399 0.58206482777 0.62956911157 0.75488323229 0.72573454206 0.65749399464 0.89750134981 1.62241472859 -169.3850366299 0.76177962585   -2 
   4 0.00000450456 0.00086676329 -33.948732683 0.14058971472 0.00500934821 0.05328302996 0.60649928955 0.55334374883 0.63053927273 0.42505439051 0.56552910255 0.63601621000 0.62328657779 0.56284472509 0.57172539106 0.47272796602 0.55167638656 0.51055231429 0.49782283498 0.57615809192 0.50985855963 0.51373383650 0.58345012188 0.63580920920 0.75141642725 0.73493618883 0.65798431007 0.89351655100 1.64839095790 -168.3091662752 0.21687039603   -2 
   5 0.00000450460 0.00086534298 -34.440883745 0.14163520054 0.00500892697 0.05328382762 0.62011475671 0.53729375199 0.62118117075 0.41480680542 0.57281103988 0.63820578921 0.63523050707 0.58767035348 0.57276657292 0.45932662522 0.57920273139 0.50602846882 0.51145092440 0.60086801291 0.50420001213 0.50777991484 0.58704649126 0.65344492550 0.74135527871 0.76109713498 0.65902131751 0.88190855265 1.71295364473 -167.1680280479 0.11111608744   -2 
   6 0.00000450461 0.00086853893 -34.569480029 0.14205779097 0.00500876088 0.05328401699 0.62172312533 0.54351202089 0.62105508210 0.41797519716 0.57267980495 0.63931758171 0.63574089197 0.58984891153 0.57345303277 0.45733195856 0.58420625949 0.50546426338 0.51477640059 0.60647268120 0.50311111694 0.50655385609 0.58823156399 0.65805451812 0.73955558522 0.76776852168 0.65960753998 0.87983431273 1.72323867616 -167.0434657795 0.32308411102   -2 
   7 0.00000450463 0.00086349515 -34.817973732 0.14303858952 0.00500837914 0.05328431491 0.62332816974 0.55382109023 0.62084552340 0.42356258273 0.57217384957 0.64103673996 0.63623352315 0.59294151108 0.57454842675 0.45415457357 0.59224301124 0.50455076181 0.52024935602 0.61568575983 0.50131716968 0.50452874307 0.59018390703 0.66569771520 0.73661311327 0.77884087404 0.66057331481 0.87644153618 1.73942098459 -166.8454370080 0.05883598021   -2 
   8 0.00000450466 0.00086269568 -35.019368900 0.14380254375 0.00500811140 0.05328475051 0.62288274246 0.55222177897 0.62860646497  0.4314226449 0.57302900307 0.64457243414 0.63621289834 0.59133938385 0.57727274590 0.45460635270 0.59599508410 0.50562765442 0.52516522930 0.62261850103 0.50110136372 0.50396440018 0.59312486809 0.67311895016 0.73659160959 0.78896048162 0.66283043839 0.87647109923 1.74592274257 -166.7645374298 0.04071364233   -2 
   9 0.00000450466 0.00086340383 -35.018788795 0.14379765687 0.00500811709 0.05328477555 0.62325067087 0.55207307825 0.62853272844 0.43139435928 0.57317438120 0.64468157663 0.63629398796 0.59122405400 0.57741453048 0.45481015365 0.59589229284 0.50577198141 0.52525769034 0.62266174353 0.50119939121 0.50404787673 0.59326682646 0.67329283252 0.73677399857 0.78915389817 0.66297851987 0.87668725704 1.74573018159 -166.7615046817 0.04944303595   -2 
  10 0.00000450467 0.00086252984 -35.035250344 0.14395413769 0.00500810137 0.05328504275 0.62660229311 0.55013267006 0.62707406422 0.43063883041 0.57467523697 0.64564700570 0.63710020064 0.58981321374 0.57889183422 0.45716494068 0.59444724246 0.50739325008 0.52611483166 0.62283898681 0.50233262891 0.50502335052 0.59479491417 0.67501912855 0.73887750904 0.79099590825 0.66460794794 0.87917815198 1.74293560382 -166.7398381757 0.03229707158   -2 
  11 0.00000450469 0.00086194111 -35.041527676 0.14410231722 0.00500811214 0.05328544206 0.62409087735 0.55068971528 0.62676706499 0.42982645656 0.57622032939 0.64668112735 0.63819435756 0.58859019953 0.58066420903 0.46025097339 0.59270065422 0.50955998655 0.52712531956 0.62289983073 0.50396996567 0.50647135534 0.59683396364 0.67711906395 0.74183093321 0.79314175090 0.66685834686 0.88267745648 1.73990546851 -166.7214480975 0.05916751463   -2 
  12 0.00000450470 0.00086265370 -35.039175351 0.14411227367 0.00500812121 0.05328551672 0.62380311632 0.55087753884 0.62680773437 0.42972134705 0.57645835939 0.64685153239 0.63838383290 0.58842400644 0.58096208531 0.46078209548 0.59242280733 0.50993853295 0.52730205304 0.62291384643 0.50426423271 0.50673382593 0.59719533170 0.67748524682 0.74235549721 0.79351373369 0.66726141872 0.88329930258 1.73945327388 -166.7184246059 0.01664681741   -2 
  13 0.00000450472 0.00086210547 -35.021407175 0.14439061167 0.00500808967 0.05328586204 0.62574851056 0.55264103527 0.62846709313 0.43003409341 0.57589005200 0.64662771241 0.63852187695 0.58879524573 0.58135456037 0.46215713190 0.59196679354 0.51104310472 0.52775426863 0.62286008189 0.50535329445 0.50775883129 0.59840752420 0.67853666036 0.74414452786 0.79449401194 0.66874914252 0.88543067647 1.73922656078 -166.7121641497 0.01417693441   -2 
  14 0.00000450472 0.00086187104 -35.019735362 0.14440640021 0.00500808792 0.05328587925 0.62563045329 0.55259091747 0.62848244689 0.43008287955 0.57588445746 0.64663950547 0.63853307446 0.58886191787 0.58135037784 0.46216271046 0.59200784656 0.51106073761 0.52776733278 0.62287371636 0.50538558757 0.50779274161 0.59843908274 0.67855971507 0.74418780418 0.79451518362 0.66879426699 0.88548309473 1.73935548178 -166.7118400984 0.01548837885   -2 
  15 0.00000450473 0.00086214611 -34.991745540 0.14449654229 0.00500809851 0.05328606339 0.62454494257 0.55208046692 0.62866883654 0.43064442412 0.57590938462 0.64684177053 0.63870266833 0.58962269025 0.58132080295 0.46218230331 0.59251551939 0.51122775492 0.52791301051 0.62305427503 0.50571367887 0.50814124147 0.59875678088 0.67879334456 0.74461660579 0.79473561580 0.66925176658 0.88600325845 1.74089563583 -166.7098336638 0.00914705028   -2 
  16 0.00000450476 0.00086202289 -34.916584123 0.14477962047 0.00500810689 0.05328652064 0.62507113861 0.55149986464 0.62863718172 0.43157386743 0.57595884357 0.64717859926 0.63898561030 0.59112041879 0.58121572185 0.46212010140 0.59365517127 0.51152512950 0.52821167296 0.62346380304 0.50641162924 0.50889928542 0.59941889189 0.67926345345 0.74548959228 0.79517765786 0.67024333044 0.88706724628 1.74423318945 -166.7076406803 0.00971767975   -2 
  17 0.00000450477 0.00086186456 -34.888473778 0.14488528719 0.00500810947 0.05328668748 0.62529272274 0.55140957515 0.62863708025 0.43185399258 0.57598920717 0.64729382972 0.63908550575 0.59160599287 0.58119066507 0.46210156855 0.59404359356 0.51162949486 0.52831869278 0.62361090942 0.50665545648 0.50916496305 0.59965090989 0.67943036138 0.74579364216 0.79533666344 0.67059147843 0.88743813898 1.74536454263 -166.7074350414 0.01069893849   -2 
  18 0.00000450479 0.00086197526 -34.832218636 0.14505206494 0.00500812269 0.05328698036 0.62577588986 0.55192741857 0.62876265622 0.43203384786 0.57613585734 0.64748051640 0.63926560895 0.59212072288 0.58123979456 0.46210655386 0.59457041945 0.51179892018 0.52850322380 0.62386382184 0.50702441941 0.50957041185 0.60000898281 0.67970601417 0.74625271599 0.79561408757 0.67112662651 0.88799972641 1.74687144975 -166.7065781027 0.02495270956   -2 
  19 0.00000450482 0.00086137864 -34.752105709 0.14530962566 0.00500813601 0.05328740251 0.62634874603 0.55272856089 0.62895164730 0.43221796387 0.57635599601 0.64773500754 0.63951723859 0.59277250908 0.58132867010 0.46212199606 0.59528311736 0.51203709844 0.52876523153   0.624222237 0.50753844819 0.51013657203 0.60050955623 0.68009571070 0.74689149997 0.79600970665 0.67187536576 0.88878180597 1.74890184112 -166.7054020069 0.01015247666   -2 
  20 0.00000450485 0.00086137851 -34.642315054 0.14555977770 0.00500817716 0.05328791210 0.62616400734 0.55367253403 0.62949476525 0.43208662798 0.57680907469 0.64810260757 0.63990022478 0.59299383161 0.58166648503 0.46227463402 0.59582649735 0.51233361138 0.52909894709 0.62466179458 0.50804322786 0.51069372620 0.60102882831 0.68056158267 0.74753612924 0.79652277976 0.67262315246 0.88957153288 1.75043789813 -166.7041761487 0.01907986211   -2 
  21 0.00000450486 0.00086103613 -34.586511381 0.14569348318 0.00500819615 0.05328817129 0.62602960276 0.55406236704 0.62975857878 0.43199892799 0.57703779472 0.64828324935 0.64009170923 0.59305688901 0.58185161083 0.46236237536 0.59606814849 0.51248229353 0.52926695261 0.62488116797 0.50828573153 0.51096175885 0.60128136148 0.68079441356 0.74784750890 0.79678273880 0.67298447093 0.88995325092 1.75112089143 -166.7037104347 0.01017293369   -2 
  22 0.00000450495 0.00086086596 -34.255605943 0.14630269899 0.00500834828 0.05328956352 0.62586667455 0.55379716449 0.63095206607 0.43134174469 0.57828506442 0.64925104606 0.64115679474 0.59242742589 0.58322186630 0.46313482961 0.59659851971 0.51327976931 0.53017086352 0.62600731840 0.50926251518 0.51204075365 0.60238873198 0.68199393850 0.74916762714 0.79821547815 0.67447705215 0.89157375448 1.75268237987 -166.7008606743 0.02099315184   -2 
  23 0.00000450497 0.00086050650 -34.198294482 0.14641775808 0.00500837198 0.05328980537 0.62588470316 0.55370361052 0.63107698907 0.43125330378 0.57845842420 0.64939140643 0.64131692126 0.59231189182 0.58344668623 0.46327006503 0.59666150374 0.51341055078 0.53031935380 0.62618947476 0.50941348050 0.51220775958 0.60256412565 0.68219109243 0.74937457761 0.79845401616 0.67471048544 0.89182813543 1.75287904592 -166.7003785950 0.01285782464   -2 
  24 0.00000450504 0.00086028770 -33.899970251 0.14694341016 0.00500851015 0.05329100154 0.62694287105 0.55304354611 0.63085812058 0.43125860402 0.57884760539 0.64983372337 0.64186947216 0.59181363446 0.58440759105 0.46396351731 0.59668927873 0.51398470797 0.53096805267 0.62695009268 0.50994976672 0.51279903833 0.60324494068 0.68305029120 0.75015698020 0.79953020273 0.67556585221 0.89279238984 1.75317244044 -166.6982126130 0.01287834602   -2 
  25 0.00000450507 0.00085988823 -33.805499834 0.14711156447 0.00500855316 0.05329137610 0.62699129508 0.55301031299 0.63066954721 0.43138891799 0.57882447714 0.64988322630 0.64194956474 0.59174956657 0.58461291052 0.46415832326 0.59664671261 0.51412938733 0.53113056053 0.62712965747 0.51005401050 0.51291300205 0.60339679817 0.68326924282 0.75032613335 0.79981338930 0.67574142202 0.89300212549 1.75316188948 -166.6976150207 0.02449746176   -2 
  26 0.00000450524 0.00085966578 -33.088579193 0.14829629322 0.00500891154 0.05329420266 0.62703948451 0.55325126859 0.62926268066 0.43263546577 0.57846983083 0.65016687845 0.64243865665 0.59151303266 0.58600011276 0.46559328038 0.59628338599 0.51517071362 0.53229462465 0.62839423678 0.51073731069 0.51365398344 0.60444501770 0.68484399713 0.75148621630 0.80186727267 0.67691039274 0.89444252516 1.75305418069 -166.6930627104 0.01489854290   -2 
  27 0.00000450534 0.00085908554 -32.703422933 0.14894154717 0.00500910948 0.05329574824 0.62661828608 0.55360175308 0.62905069206 0.43326346213 0.57826380318 0.65025020504 0.64258760404 0.59164727562 0.58650268175 0.46624253734 0.59613940396 0.51564467333 0.53282240297 0.62895126625 0.51101761572 0.51395274203 0.60491070415 0.68557776422 0.75200142472 0.80283146993 0.67740423006 0.89508612452 1.75320536094 -166.6917649250 0.02536957627   -2 
  28 0.00000450541 0.00085924322 -32.446111640 0.14935556525 0.00500924946 0.05329678629 0.62635506628 0.55388582343 0.62912067152 0.43364933663 0.57816000562 0.65030948907 0.64267231746 0.59182510418 0.58676821874 0.46663375632 0.59607876117 0.51593598215 0.53314544868 0.62928857364 0.51118383715 0.51412728646 0.60519593389 0.68603373588 0.75231946123 0.80343128581 0.67769882988 0.89548439671 1.75342310829 -166.6907319965 0.01840420221   -2 
  29 0.00000450556 0.00085832254 -31.851326474 0.15035341177 0.00500957437 0.05329924544 0.62580177029 0.55449077056 0.63007636144 0.43427917469 0.57805581142 0.65041740177 0.64276586469 0.59257604288 0.58703482987 0.46731654443 0.59609121108 0.51647545006 0.53374032588 0.62989028487 0.51146806696 0.51441448103 0.60572878279 0.68691471435 0.75292443389 0.80459299126 0.67821704367 0.89624882470 1.75441804915 -166.6883645760 0.02618407571   -2 
  30 0.00000450564 0.00085839083 -31.562495210 0.15082869508 0.00500974052 0.05330045812 0.62574128212 0.55474191580 0.63067647143 0.43451135739 0.57808101493 0.65049970142 0.64282159091 0.59301851903 0.58710251385 0.46759578269 0.59615720734 0.51671156157 0.53399871065 0.63015010108 0.51159280250 0.51453664385 0.60596699978 0.68730754813 0.75320162642 0.80510919070 0.67844222260 0.89660013991 1.75507948544 -166.6872025691 0.02116284904   -2 
  31 0.00000450584 0.00085729683 -30.805716602 0.15214317660 0.00501017846 0.05330373665 0.62611994905 0.55507634925 0.63244560692 0.43481811728 0.57837500091 0.65078571847 0.64298490348 0.59438414752 0.58706655889 0.46813680141 0.59652497970 0.51723370268 0.53456445421 0.63071306445 0.51187401251 0.51479865015 0.60651896324 0.68821120441 0.75386864720 0.80628969443 0.67894425859 0.89745073414 1.75738325040 -166.6847411456 0.01628079555   -2 
  32 0.00000450575 0.00085797511 -31.135289273 0.15156482156 0.00500999593 0.05330235629 0.62646356430 0.55460451794 0.63142051141 0.43438339921 0.57856933057 0.65084012165 0.64305114066 0.59390893305 0.58696681798 0.46770028572 0.59662887833 0.51691845301 0.53421251618 0.63037387554 0.51173787154 0.51465803516 0.60622676399 0.68768906954 0.75355548408 0.80559036322 0.67866931306 0.89705290818 1.75708100149 -166.6832062099 0.02553449872   -2 
  33 0.00000450572 0.00085780890 -31.279342412 0.15132936472 0.00500991467 0.05330177292 0.62661456350 0.55435035243 0.63097326928 0.43413970098 0.57869251450 0.65087754433 0.64308739215 0.59372894958 0.58688923429 0.46747106085 0.59671497004 0.51676171394 0.53403663519 0.63020364040 0.51167147144 0.51458723052 0.60608588560 0.68743518607 0.75340914497 0.80524901152 0.67853386901 0.89686792506 1.75706117395 -166.6824312513 0.01096999803   -2 
  34 0.00000450568 0.00085821535 -31.450033580 0.15102567936 0.00500983693 0.05330114660 0.62690907320 0.55397583609 0.63073195052 0.43355824033 0.57912348946 0.65105359616 0.64321074593 0.59374507009 0.58658779624 0.46694654427 0.59711045641 0.51645412010 0.53368296729 0.62986077217 0.51154974585 0.51444217009 0.60583101072 0.68695874440 0.75317586231 0.80459899671 0.67826826040 0.89657664986 1.75783803670 -166.6814327353 0.01810749044   -2 
  35 0.00000450566 0.00085805132 -31.524679046 0.15090292189 0.00500980215 0.05330088635 0.62696644326 0.55382182730 0.63067353784 0.43328076281 0.57931865622 0.65112678217 0.64325824440 0.59377768511 0.58642446847 0.46668682729 0.59730920668 0.51630278229 0.53350868764 0.62969034897 0.51148762835 0.51436757177 0.60570556075 0.68672690611 0.75306186679 0.80428307987 0.67813491105 0.89643498401 1.75824830849 -166.6810235215 0.00925872965   -2 
  36 0.00000450564 0.00085833151 -31.631267224 0.15069958225 0.00500977003 0.05330056863 0.62675197624 0.55382432761 0.63097213274 0.43281413638 0.57964096877 0.65123470050 0.64331246328 0.59399837271 0.58602741405 0.46614251518 0.59776031942 0.51599325506 0.53314775610 0.62933361026 0.51135046217 0.51419742584 0.60544617944 0.68625685608 0.75283475002 0.80364340666 0.67784259072 0.89615489438 1.75928611382 -166.6803589142 0.01143018583   -2 
  37 0.00000450563 0.00085820543 -31.653049902 0.15066285681 0.00500976359 0.05330051345 0.62667409559 0.55384548562 0.63105431587 0.43272459970 0.57968832551 0.65124237423 0.64331063694 0.59405591880 0.58592790445 0.46601495244 0.59786039237 0.51591930556 0.53306136084 0.62924713696 0.51131469320 0.51415324083 0.60538238481 0.68614491540 0.75277820279 0.80349201491 0.67776882830 0.89608547371 1.75951804143 -166.6802160102 0.00567341488   -2 
  38 0.00000450563 0.00085832391 -31.683931921 0.15059192386 0.00500977014 0.05330049649 0.62650311000 0.55407546024 0.63135375413 0.43266351816 0.57964413223 0.65117596429 0.64323722984 0.59424806603 0.58566096010 0.46570833790 0.59808180970 0.51573541257 0.53284326905 0.62902505518 0.51120859033 0.51402102278 0.60521132179 0.68586296351 0.75262625736 0.80311551219 0.67755739948 0.89590029068 1.76004777744 -166.6799619195 0.00627286752   -2 
  39 0.00000450563 0.00085823549 -31.689255922 0.15058178785 0.00500977274 0.05330050647 0.62648114420 0.55412117084 0.63140477981 0.43266811181 0.57961036145 0.65114671040 0.64320884235 0.59429138401 0.58559733649 0.46563866262 0.59812469524 0.51569161686 0.53279109260 0.62897125312 0.51118025155 0.51398593910 0.60516822478 0.68579518145 0.75258717668 0.80302603565 0.67750259498 0.89585274216 1.76014840221 -166.6799096295 0.00475681358   -2 
  40 0.00000450564 0.00085829909 -31.698622788 0.15054423082 0.00500979964 0.05330062279 0.62658110278 0.55427880149 0.63152820811 0.43279555696 0.57937858068 0.65098222806 0.64305625639 0.59446740784 0.58534753256 0.46537334062 0.59826082395 0.51551613716 0.53257919764 0.62875130201 0.51105140410 0.51382585174 0.60498242018 0.68551650851 0.75241769138 0.80266266966 0.67725677860 0.89564671520 1.76046074232 -166.6797303713 0.00421533495   -2 
  41 0.00000450564 0.00085823372 -31.699214311 0.15053966082 0.00500980745 0.05330066352 0.62660136990 0.55428218658 0.63152159162 0.43283366250 0.57931917405 0.65094163482 0.64301841724 0.59449778828 0.58529782591 0.46532057455 0.59827918670 0.51547860795 0.53253345261 0.62870357827 0.51102031681 0.51378731786 0.60493955219 0.68545522683 0.75237798344 0.80258394393 0.67719838993 0.89559851322 1.76049795202 -166.6797006220 0.00412446695   -2 
  42 0.00000450565 0.00085830926 -31.695158775 0.15052081753 0.00500984441 0.05330084353 0.62668382886 0.55421649158 0.63141784879 0.43298818269 0.57911976510 0.65081215052 0.64289532005 0.59457464390 0.58516115496 0.46517141334 0.59830746190 0.51536444119 0.53239204397 0.62855627622 0.51091418933 0.51365516502 0.60479820486 0.68526131733 0.75224674682 0.80233825023 0.67699958672 0.89543943390 1.76053546168 -166.6796072169 0.00354855068   -2 
  43 0.00000450565 0.00085826184 -31.692120700 0.15051655230 0.00500986112 0.05330093003 0.62667286563 0.55416292997 0.63135166248 0.43304139159 0.57905191177 0.65076706083 0.64285080604 0.59458714662 0.58512083644 0.46512564464 0.59830221710 0.51532506590 0.53234276359 0.62850484157 0.51087266188 0.51360359233 0.60474493818 0.68519185225 0.75219648793 0.80225183579 0.67692273360 0.89537845734 1.76050675258 -166.6795794203 0.00405199204   -2 
  44 0.00000450566 0.00085835998 -31.682084904 0.15050279450 0.00500990559 0.05330115072 0.62660230639 0.55402183274 0.63118493386 0.43314627193 0.57892687681 0.65068311542 0.64276369455 0.59458973687 0.58505497845 0.46504516943 0.59826741660 0.51524731240 0.53224410206 0.62840216176 0.51078128187 0.51348990653 0.60463084346 0.68504883613 0.75208817454 0.80207667576 0.67675411020 0.89524705534 1.76038245336 -166.6795184345 0.00320699418   -2 
  45 0.00000450567 0.00085832529 -31.676143250 0.15049962072 0.00500992882 0.05330127226 0.62653097499 0.55395225907 0.63110486496 0.43317118000 0.57888692981 0.65065152995 0.64272849138 0.59456876187 0.58503690340 0.46502058040 0.59823355879 0.51521643119 0.53220473874 0.62836092352 0.51073899861 0.51343775544 0.60458017561 0.68498946289 0.75203865357 0.80200602388 0.67667760169 0.89518717490 1.76027737106 -166.6794931785 0.00372031896   -2 
  46 0.00000450568 0.00085841160 -31.663982773 0.15049186200 0.00500997336 0.05330150049 0.62640203809 0.55384917167 0.63098432440 0.43318468414 0.57884567424 0.65061117571 0.64267921019 0.59451060863 0.58502238335 0.46499500891 0.59815870005 0.51517183416 0.53214743050 0.62830076069 0.51066934937 0.51335215598 0.60449916719 0.68489956175 0.75195810595 0.80190171308 0.67655283350 0.89508983957 1.76005412970 -166.6794493020 0.00284257449   -2 
  47 0.00000450569 0.00085841136 -31.651101968 0.15048866257 0.00501001908 0.05330174287 0.62628406422 0.55376505453 0.63088335718 0.43316624360 0.57882202098 0.65057654904 0.64263516909 0.59443244819 0.58501674595 0.46498106385 0.59806975047 0.51513290427 0.53209783823 0.62824804106 0.51060217048 0.51327042272 0.60442305935 0.68481938735 0.75188032979 0.80181108404 0.67643469606 0.89499599198 1.75979448537 -166.6794259444 0.00292594139   -2 
  48 0.00000450571 0.00085849323 -31.629464480 0.15048724758 0.00501009353 0.05330214366 0.62619670621 0.55370042056 0.63079389182 0.43307676638 0.57882066566 0.65053691759 0.64258140929 0.59428151911 0.58502364555 0.46498211606 0.59791266764 0.51508588350 0.53203912981 0.62818415559 0.51050701218 0.51315630218 0.60431936224 0.68471915926 0.75177001493 0.80170311799 0.67627168627 0.89486314573 1.75934658351 -166.6793776781 0.00505344260   -2 
  49 0.00000450572 0.00085843128 -31.611946240 0.15049174192 0.00501015363 0.05330247808 0.62614928499 0.55366298900 0.63073852049 0.43298738487 0.57882360490 0.65050451275 0.64253900193 0.59415202352 0.58502991270 0.46498736357 0.59778073543 0.51505036975 0.53199572252 0.62813610672 0.51043210492 0.51306727643 0.60423887133 0.68464395887 0.75168258121 0.80162378622 0.67614530531 0.89475798973 1.75897326751 -166.6793325783 0.00328672273   -2 
  50 0.00000450574 0.00085847942 -31.593570735 0.15049923186 0.00501021680 0.05330283559 0.62619868964 0.55368080047 0.63074633304 0.43287332265 0.57883884789 0.65047985800 0.64250812927 0.59402219621 0.58503898202 0.46500406080 0.59765067871 0.51502490526 0.53196666008 0.62810216484 0.51036792129 0.51299256340 0.60417302928 0.68458961107 0.75160707302 0.80157120745 0.67604090293 0.89466757591 1.75861557823 -166.6792872784 0.00396747564   -2 
  51 0.00000450575 0.00085841647 -31.582724076 0.15050821056 0.00501025461 0.05330305867 0.62623626211 0.55370066311 0.63076468104 0.43280069429 0.57884778762 0.65046544504 0.64249185964 0.59394684251 0.58504312972 0.46501630887 0.59757513994 0.51501232035 0.53195338118 0.62808574852 0.51033307405 0.51295270016 0.60413834708 0.68456350975 0.75156563522 0.80154786301 0.67598590959 0.89461811585 1.75841159116 -166.6792634918 0.00191709809   -2 
  52 0.00000450576 0.00085843312 -31.572217916 0.15052108146 0.00501029318 0.05330329503 0.62629484277 0.55375465886 0.63083401840 0.43273804176 0.57886051267 0.65046361576 0.64249351164 0.59390068455 0.58504638327 0.46503670230 0.59752475265 0.51501339258 0.53195875408 0.62808853015 0.51031743572 0.51293688508 0.60412728229 0.68456618145 0.75154660077 0.80155933391 0.67596648897 0.89459585790 1.75829237788 -166.6792440231 0.00290340538   -2 
  53 0.00000450577 0.00085837592 -31.564462183 0.15053435716 0.00501032248 0.05330348215 0.62632660733 0.55379534959 0.63089076526 0.43269494592 0.57886940540 0.65046433337 0.64249826404 0.59387345603 0.58504798810 0.46505367544 0.59749305004 0.51501729053 0.53196714906 0.62809503226 0.51031017161 0.51293069575 0.60412454459 0.68457506404 0.75153748037 0.80157628926 0.67596039315 0.89458534802 1.75822379555 -166.6792301012 0.00191766073   -2 
  54 0.00000450580 0.00085838377 -31.544353805 0.15057118410 0.00501040250 0.05330399812 0.62635215343 0.55389270702 0.63104538012 0.43262928321 0.57889817557 0.65048985949 0.64253771137 0.59385689949 0.58505552689 0.46510629950 0.59745598879 0.51504637426 0.53201301920 0.62813792891 0.51031849629 0.51294724854 0.60414985674 0.68463528734 0.75154735746 0.80166402450 0.67599187677 0.89459872797 1.75819043779 -166.6791989033 0.00362644449   -2 
  55 0.00000450582 0.00085830468 -31.529464022 0.15060253611 0.00501046283 0.05330439470 0.62635075239 0.55394966798 0.63114496528 0.43259162522 0.57891872288 0.65051158534 0.64257022129 0.59385472693 0.58506157567 0.46514628381 0.59743724685 0.51507114044 0.53205107481 0.62817410953 0.51032958960 0.51296541346 0.60417446523 0.68468646578 0.75156083263 0.80173664825 0.67602381186 0.89461604346 1.75819301215 -166.6791762579 0.00291351614   -2 
  56 0.00000450590 0.00085827684 -31.466440171 0.15073208106 0.00501072313 0.05330609993 0.62630618947 0.55408932303 0.63143858507 0.43253057184 0.57901322226 0.65063309181 0.64273261786 0.59392047966 0.58510221935 0.46531687725 0.59742686490 0.51519558467 0.53223267596 0.62835230184 0.51040872788 0.51307780606 0.60431384640 0.68493629058 0.75166102086 0.80207903783 0.67620842666 0.89474164662 1.75840266661 -166.6790862409 0.00510725408   -2 
  57 0.00000450596 0.00085814522 -31.425696207 0.15082107552 0.00501089313 0.05330722264 0.62628015038 0.55414174352 0.63157281026 0.43251395996 0.57907180276 0.65071242485 0.64283649833 0.59397614155 0.58513207121 0.46542483307 0.59743499994 0.51527857238 0.53235190023 0.62847032970 0.51046590307 0.51315671918 0.60440995494 0.68510186568 0.75173433442 0.80230362594 0.67633628698 0.89483320994 1.75857697883 -166.6790347612 0.00531038377   -2 
  58 0.00000450619 0.00085793847 -31.257823557 0.15118131998 0.00501159796 0.05331186138 0.62626817628 0.55426621070 0.63195670380 0.43252820139 0.57931443541 0.65104745953 0.64326122770 0.59424876045 0.58527527453 0.46585800323 0.59752183535 0.51562665836 0.53284327609 0.62896165795 0.51071970604 0.51349838684 0.60482166067 0.68578829727 0.75206468795 0.80322646879 0.67688357236 0.89524444954 1.75942330590 -166.6788533984 0.00633654131   -2 
  59 0.00000450623 0.00085806406 -31.222771816 0.15125288894 0.00501174806 0.05331283985 0.62640196806 0.55420832837 0.63182572123 0.43261968817 0.57935590115 0.65110615706 0.64332044137 0.59433765511 0.58533202522 0.46592041656 0.59760026866 0.51569634997 0.53292955003 0.62905450517 0.51078769633 0.51357903512 0.60491465084 0.68591481676 0.75216104485 0.80338596697 0.67700554499 0.89536316701 1.75971881162 -166.6786794146 0.01320096188   -2 
  60 0.00000450636 0.00085777979 -31.132922289 0.15145798316 0.00501213748 0.05331541815 0.62673997209 0.55399403517 0.63135106661 0.43290104319 0.57944469388 0.65123719767 0.64344356289 0.59457967291 0.58549012200 0.46606034552 0.59783751113 0.51587180763 0.53313942828 0.62928476886 0.51097184310 0.51379260339 0.60515801922 0.68622889508 0.75242547762 0.80377405981 0.67732516184 0.89568890419 1.76054526913 -166.6781802788 0.00420108111   -2 
  61 0.00000450640 0.00085784506 -31.102486731 0.15151994390 0.00501227204 0.05331629325 0.62674129608 0.55397012332 0.63121092416 0.43302920423 0.57947031063 0.65127104701 0.64346179300 0.59467265833 0.58556357370 0.46608106649 0.59795932350 0.51592462802 0.53319051311 0.62934863946 0.51104349860 0.51386783271 0.60524089032 0.68631183064 0.75253437288 0.80386519238 0.67743202484 0.89582238097 1.76089171834 -166.6781107094 0.00659750739   -2 
  62 0.00000450647 0.00085772262 -31.055127081 0.15162283329 0.00501248416 0.05331768432 0.62665433114 0.55395582500 0.63101536074 0.43323751348 0.57950210431 0.65131183283 0.64347258807 0.59481878643 0.58568610105 0.46609648098 0.59817017244 0.51600177535 0.53325723627 0.62943832780 0.51116005137 0.51398638302 0.60536959167 0.68642634404 0.75271431944 0.80398237155 0.67759749335 0.89604279490 1.76146102320 -166.6780049538 0.00393444200   -2 
  63 0.00000450652 0.00085778024 -31.024632368 0.15168290004 0.00501262307 0.05331858250 0.62654071542 0.55401860896 0.63101996935 0.43335690355 0.57951843068 0.65132741296 0.64346278178 0.59490608676 0.58577410711 0.46608168675 0.59832829851 0.51604161233 0.53327797958 0.62947858869 0.51123939087 0.51406064545 0.60544750396 0.68647226696 0.75284147882 0.80401366566 0.67769596479 0.89619839589 1.76184569221 -166.6779387515 0.00602440413   -2 
  64 0.00000450656 0.00085767084 -30.995783541 0.15174503834 0.00501275623 0.05331945352 0.62642169119 0.55409243604 0.63107137180 0.43345628836 0.57952874776 0.65133453585 0.64344503207 0.59498222558 0.58585815445 0.46605710849 0.59848407438 0.51607447065 0.53328791233 0.62950862777 0.51131580719 0.51412980027 0.60551871762 0.68650380856 0.75296556011 0.80402469075 0.67778568324 0.89635016849 1.76220929735 -166.6778691959 0.00365933928   -2 
  65 0.00000450663 0.00085765256 -30.948103569 0.15184278965 0.00501297872 0.05332089847 0.62635258024 0.55424872096 0.63130649705 0.43356325342 0.57954596371 0.65134165603 0.64341241985 0.59508529892 0.58599441534 0.46599591969 0.59874247331 0.51611647387 0.53328099845 0.62953870733 0.51144153335 0.51423712727 0.60562624472 0.68652443832 0.75317392568 0.80399617628 0.67791919414 0.89660488559 1.76277805754 -166.6777850961 0.00447687110   -2 
  66 0.00000450666 0.00085753266 -30.927443666 0.15188941834 0.00501307684 0.05332154317 0.62638648272 0.55430307549 0.63143385674 0.43358167686 0.57955385531 0.65134466625 0.64340105807 0.59511856757 0.58604887702 0.46596436337 0.59884855237 0.51613036031 0.53327069684 0.62954539242 0.51149495052 0.51428061826 0.60566871118 0.68652296023 0.75326363936 0.80396903230 0.67797133194 0.89671456075 1.76300078993 -166.6777408794 0.00513595288   -2 
  67 0.00000450673 0.00085750289 -30.884611895 0.15197923259 0.00501328133 0.05332287314 0.62657268272 0.55439850360 0.63172089535 0.43358268044 0.57958121572 0.65136298121 0.64339449173 0.59517414375 0.58615512894 0.46589934596 0.59905340389 0.51615575585 0.53324399308 0.62955479036 0.51160262277 0.51436566869 0.60575093661 0.68650984107 0.75344580904 0.80389988600 0.67807061648 0.89693742259 1.76342094529 -166.6776544820 0.00276444719   -2 
  68 0.00000450673 0.00085745277 -30.885777368 0.15197812201 0.00501327755 0.05332285022 0.62658859515 0.55437170710 0.63169415325 0.43356043919 0.57958796119 0.65137186541 0.64340849783 0.59516404561 0.58614634224 0.46590407093 0.59903462321 0.51615382276 0.53324321236 0.62955338147 0.51159760446 0.51436034562 0.60574546941 0.68650586743 0.75343781860 0.80389697131 0.67806295624 0.89692782788 1.76337890625 -166.6776384550 0.00347457587   -2 
  69 0.00000450672 0.00085749838 -30.888527863 0.15196809572 0.00501327454 0.05332281761 0.62671726082 0.55423058912 0.63156391330 0.43342635144 0.57963977091 0.65143692844 0.64350297891 0.59510967081 0.58610351693 0.46593157047 0.59893540465 0.51614621882 0.53323868257 0.62954849325 0.51157643779 0.51433525237 0.60571978852 0.68648242330 0.75340505518 0.80387637770 0.67802464611 0.89688864542 1.76315751962 -166.6775749921 0.00131924326   -2 
  70 0.00000450673 0.00085752416 -30.886846684 0.15196209507 0.00501330205 0.05332296600 0.62663643922 0.55418228441 0.63151264791 0.43327772094 0.57969029178 0.65150202938 0.64360544055 0.59504415944 0.58605828438 0.46595802849 0.59882536374 0.51613620473 0.53322537622 0.62953927600 0.51155864829 0.51430812534 0.60569114271 0.68644266423 0.75338007515 0.80383193347 0.67797888250 0.89686018333 1.76290639892 -166.6775488734 0.00085465752   -2 
  71 0.00000450674 0.00085750340 -30.883471829 0.15196420572 0.00501333229 0.05332314833 0.62658479806 0.55425616994 0.63156981575 0.43328287803 0.57966324094 0.65147438493 0.64358755136 0.59502608900 0.58604528993 0.46595541101 0.59879883296 0.51612735269 0.53321160069 0.62952785680 0.51155277508 0.51429657792 0.60567782634 0.68641742583 0.75337341301 0.80379965166 0.67795804018 0.89685240821 1.76284013662 -166.6775377015 0.00157893390   -2 
  72 0.00000450674 0.00085752221 -30.882470123 0.15196419066 0.00501334093 0.05332319917 0.62657907621 0.55427183565 0.63158291349 0.43328472816 0.57965700938 0.65146793195 0.64358324019 0.59502191414 0.58604228532 0.46595480646 0.59879235699 0.51612517628 0.53320811840 0.62952504107 0.51155135764 0.51429364695 0.60567447140 0.68641094637 0.75337187435 0.80379134071 0.67795268464 0.89685058783 1.76282417317 -166.6775352801 0.00067321308   -2 
  73 0.00000450676 0.00085750446 -30.874286995 0.15197067832 0.00501341663 0.05332366217 0.62664831947 0.55427568832 0.63161052243 0.43329843055 0.57961603075 0.65142324539 0.64354767715 0.59499290731 0.58601988410 0.46594741421 0.59874594027 0.51610684121 0.53317954970 0.62950143396 0.51153926375 0.51426954750 0.60564699544 0.68635860069 0.75335838488 0.80372427810 0.67790900785 0.89683399794 1.76271078469 -166.6775253793 0.00067204826   -2 
  74 0.00000450681 0.00085753376 -30.856017652 0.15198148337 0.00501359378 0.05332474177 0.62660315974 0.55419831556 0.63157236391 0.43331640914 0.57958256539 0.65138179969 0.64350506277 0.59495692919 0.58598934246 0.46593485013 0.59867482949 0.51607565180 0.53312949498 0.62946153740 0.51151782864 0.51422492671 0.60559734917 0.68626382022 0.75333620103 0.80360343225 0.67782730208 0.89680840975 1.76254331795 -166.6775120128 0.00192898545   -2 
  75 0.00000450683 0.00085751261 -30.851424367 0.15198519492 0.00501363962 0.05332502335 0.62658663462 0.55417901953 0.63155970062 0.43331907657 0.57957490448 0.65137221092 0.64349477398 0.59494812038 0.58598165359 0.46593137907 0.59865766440 0.51606773029 0.53311701532 0.62945144975 0.51151225267 0.51421367299 0.60558484830 0.68624034297 0.75333028669 0.80357360073 0.67780685541 0.89680163657 1.76250291648 -166.6775085536 0.00053982630   -2 
  76 0.00000450686 0.00085752349 -30.842556919 0.15199468679 0.00501374229 0.05332566088 0.62652780921 0.55419241239 0.63150830215 0.43329083676 0.57958965461 0.65138684388 0.64349899156 0.59494783674 0.58597684021 0.46592354676 0.59865386939 0.51605852652 0.53310520474 0.62944061930 0.51150322701 0.51419953660 0.60557011272 0.68621856355 0.75331944613 0.80354780409 0.67778291422 0.89679021763 1.76250048365 -166.6775033199 0.00061496710   -2 
  77 0.00000450686 0.00085751051 -30.841026287 0.15199742683 0.00501376235 0.05332578766 0.62652709537 0.55419467535 0.63150137230 0.43328385602 0.57959272534 0.65139030796 0.64350078270 0.59494866133 0.58597653123 0.46592192410 0.59865563998 0.51605737773 0.53310425233 0.62943941083 0.51150170827 0.51419777746 0.60556839994 0.68621708984 0.75331743192 0.80354646784 0.67778029926 0.89678803394 1.76250603376 -166.6775024965 0.00083809797   -2 
  78 0.00000450691 0.00085750705 -30.829519942 0.15201711758 0.00501391709 0.05332676225 0.62656521471 0.55421457613 0.63146667686 0.43323012919 0.57961861442 0.65142063089 0.64351953180 0.59495946393 0.58597788851 0.46591048797 0.59867806437 0.51605177019 0.53310226165 0.62943441372 0.51149184001 0.51418834483 0.60556006578 0.68621569759 0.75330393010 0.80354926383 0.67776783119 0.89677352285 1.76257070795 -166.6774967135 0.00050873731   -2 
  79 0.00000450694 0.00085747663 -30.821997014 0.15203278902 0.00501403092 0.05332748361 0.62657548431 0.55420970685 0.63149227506 0.43321469460 0.57962853700 0.65143491464 0.64353370533 0.59497086263 0.58598445315 0.46590645967 0.59870211966 0.51605380145 0.53310909110 0.62943856575 0.51148922024 0.51418894236 0.60556266966 0.68622941258 0.75330037846 0.80356969562 0.67777163700 0.89677038612 1.76263798389 -166.6774935830 0.00173071466   -2 
  80 0.00000450704 0.00085747247 -30.801593074 0.15207299086 0.00501433957 0.05332943477 0.62660322348 0.55419812753 0.63157028206 0.43318068199 0.57965501785 0.65147320893 0.64357313143 0.59500327296 0.58600438749 0.46589750851 0.59876865247 0.51606132101 0.53312978354 0.62945230161 0.51148388368 0.51419269049 0.60557220375 0.68626988463 0.75329342264 0.80362903345 0.67778523551 0.89676496165 1.76282419721 -166.6774858283 0.00076148074   -2 
  81 0.00000450715 0.00085742677 -30.778140313 0.15212108077 0.00501471640 0.05333181481 0.62654282620 0.55420646115 0.63162676386 0.43321400478 0.57966894638 0.65149636484 0.64361030391 0.59504196686 0.58603880993 0.46590483282 0.59884016023 0.51608481018 0.53316725572 0.62948590587 0.51149299859 0.51421329797 0.60560176599 0.68633619538 0.75330943787 0.80371892151 0.67782470503 0.89678749535 1.76302992787 -166.6774752738 0.00215407015   -2 
  82 0.00000450721 0.00085744305 -30.764223607 0.15214831229 0.00501494003 0.05333322418 0.62651603960 0.55421449394 0.63165550207 0.43323811978 0.57967707448 0.65150942565 0.64363182804 0.59506489908 0.58606006454 0.46591094793 0.59888120225 0.51609997455 0.53319031728 0.62950723949 0.51149993188 0.51422686858 0.60562077849 0.68637640439 0.75332137193 0.80377292576 0.67784985440 0.89680364664 1.76314909704 -166.6774695231 0.00110730559   -2 
  83 0.00000450728 0.00085738848 -30.752022183 0.15217585420 0.00501515149 0.05333456232 0.62656932661 0.55422788371 0.63161838084 0.43328297801 0.57967682653 0.65150839970 0.64363910002 0.59507910261 0.58608075656 0.46592874534 0.59890138112 0.51612117305 0.53321510258 0.62953469505 0.51151721212 0.51424850381 0.60564783849 0.68641638295 0.75334988916 0.80382275819 0.67788454941 0.89683866433 1.76321730724 -166.6774563038 0.00242681420   -2 
  84 0.00000450735 0.00085738117 -30.737513747 0.15220669356 0.00501540231 0.05333614564 0.62663783431 0.55424665180 0.63157430537 0.43333768432 0.57967790844 0.65150816327 0.64364796967 0.59509614369 0.58610606447 0.46595162222 0.59892378764 0.51614746670 0.53324512231 0.62956852764 0.51153932316 0.51427544986 0.60568130387 0.68646419095 0.75338627614 0.80388188109 0.67792720794 0.89688320154 1.76329528900 -166.6774458096 0.00104524837   -2 
  85 0.00000450736 0.00085739298 -30.735247798 0.15221095587 0.00501544250 0.05333639815 0.62664140050 0.55425027734 0.63157059979 0.43334556532 0.57967943742 0.65150927192 0.64364958681 0.59509880541 0.58611038591 0.46595655503 0.59892582906 0.51615241561 0.53325018296 0.62957471518 0.51154413878 0.51428071296 0.60568761595 0.68647177455 0.75339410340 0.80389082895 0.67793508719 0.89689264189 1.76330453282 -166.6774444775 0.00084203940   -2 
  86 0.00000450736 0.00085739298 -30.735247798 0.15221095587 0.00501544250 0.05333639815 0.62664140050 0.55425027734 0.63157059979 0.43334556532 0.57967943742 0.65150927192 0.64364958681 0.59509880541 0.58611038591 0.46595655503 0.59892582906 0.51615241561 0.53325018296 0.62957471518 0.51154413878 0.51428071296 0.60568761595 0.68647177455 0.75339410340 0.80389082895 0.67793508719 0.89689264189 1.76330453282 -166.6774444775           NAN   -8 
  87 0.00000450737 0.00085737910 -30.735227499 0.15221130041 0.00501544598 0.05333642059 0.62662842007 0.55424999083 0.63157416749 0.43334430707 0.57968092144 0.65151039485 0.64364942199 0.59509846870 0.58611075953 0.46595869808 0.59892330108 0.51615374887 0.53325078760 0.62957614354 0.51154634856 0.51428247282 0.60568942306 0.68647206559 0.75339756897 0.80389049706 0.67793718813 0.89689672478 1.76329948239 -166.6774431540 0.00099246029   -2 
  88 0.00000450737 0.00085739334 -30.734850528 0.15221081442 0.00501546531 0.05333653972 0.62657320723 0.55425165066 0.63159502570 0.43333894643 0.57969016326 0.65151786975 0.64364998790 0.59509779653 0.58611365080 0.46597047445 0.59891089515 0.51616130046 0.53325451109 0.62958434091 0.51155840643 0.51429213804 0.60569945537 0.68647424122 0.75341651003 0.80388950749 0.67794876794 0.89691894387 1.76327545498 -166.6774389406 0.00037915129   -2 
  89 0.00000450738 0.00085740147 -30.734349074 0.15221153570 0.00501549296 0.05333671469 0.62655475369 0.55425004468 0.63161092165 0.43333171216 0.57969901842 0.65152478530 0.64364924509 0.59509588206 0.58611637140 0.46598547303 0.59889395690 0.51617080512 0.53325894637 0.62959454119 0.51157437013 0.51430491352 0.60571255899 0.68647658046 0.75344134165 0.80388744753 0.67796408697 0.89694773104 1.76324145440 -166.6774377484 0.00081714625   -2 
  90 0.00000450739 0.00085738785 -30.733952029 0.15221301352 0.00501551827 0.05333687637 0.62654761462 0.55424756324 0.63162139547 0.43332530075 0.57970566423 0.65152987111 0.64364808521 0.59509383963 0.58611838240 0.46599849840 0.59887883615 0.51617902088 0.53326268556 0.62960331457 0.51158847855 0.51431620569 0.60572407367 0.68647844148 0.75346319962 0.80388533552 0.67797763634 0.89697314047 1.76321085093 -166.6774365769 0.00072848116   -2 
  91 0.00000450739 0.00085738785 -30.733952029 0.15221301352 0.00501551827 0.05333687637 0.62654761462 0.55424756324 0.63162139547 0.43332530075 0.57970566423 0.65152987111 0.64364808521 0.59509383963 0.58611838240 0.46599849840 0.59887883615 0.51617902088 0.53326268556 0.62960331457 0.51158847855 0.51431620569 0.60572407367 0.68647844148 0.75346319962 0.80388533552 0.67797763634 0.89697314047 1.76321085093 -166.6774365769 0.00072848116   -5 
  92 0.00000450739 0.00085739876 -30.733865286 0.15221308752 0.00501552141 0.05333689558 0.62655886663 0.55424802600 0.63161927440 0.43332558843 0.57970545441 0.65152981148 0.64364821266 0.59509390771 0.58611854067 0.46599929226 0.59887822518 0.51617959592 0.53326299565 0.62960393189 0.51158959644 0.51431714310 0.60572499267 0.68647865683 0.75346482232 0.80388529252 0.67797878251 0.89697513205 1.76320993244 -166.6774356921 0.00077272314   -2 
  93 0.00000450739 0.00085738457 -30.733633153 0.15221532666 0.00501553689 0.05333699558 0.62660564296 0.55424788360 0.63160674737 0.43332617233 0.57970320998 0.65152825690 0.64364778009 0.59509343664 0.58611863232 0.46600290684 0.59887452733 0.51618210323 0.53326416217 0.62960655030 0.51159495932 0.51432160935 0.60572927310 0.68647928426 0.75347255236 0.80388449179 0.67798422959 0.89698453760 1.76320315998 -166.6774334021 0.00022091328   -2 
  94 0.00000450739 0.00085738833 -30.733571355 0.15221525192 0.00501553955 0.05333701161 0.62659551491 0.55424922966 0.63160858299 0.43332671070 0.57970386918 0.65152897552 0.64364843249 0.59509392408 0.58611909520 0.46600355839 0.59887456139 0.51618265603 0.53326456766 0.62960718419 0.51159582230 0.51432236358 0.60573005540 0.68647967645 0.75347381397 0.80388481463 0.67798516573 0.89698619663 1.76320397757 -166.6774332570 0.00025056677   -2 
  95 0.00000450739 0.00085738436 -30.733483629 0.15221565792 0.00501554480 0.05333704493 0.62659000715 0.55425036685 0.63160883752 0.43332730835 0.57970420707 0.65152947304 0.64364901753 0.59509434768 0.58611957394 0.46600476365 0.59887405267 0.51618359931 0.53326516116 0.62960822853 0.51159753297 0.51432382784 0.60573152028 0.68648017548 0.75347629036 0.80388501621 0.67798697768 0.89698920361 1.76320382053 -166.6774331285 0.00028247009   -2 
  96 0.00000450739 0.00085738436 -30.733483629 0.15221565792 0.00501554480 0.05333704493 0.62659000715 0.55425036685 0.63160883752 0.43332730835 0.57970420707 0.65152947304 0.64364901753 0.59509434768 0.58611957394 0.46600476365 0.59887405267 0.51618359931 0.53326516116 0.62960822853 0.51159753297 0.51432382784 0.60573152028 0.68648017548 0.75347629036 0.80388501621 0.67798697768 0.89698920361 1.76320382053 -166.6774331285           NAN   -8 
  97 0.00000450739 0.00085738860 -30.733424305 0.15221573466 0.00501554734 0.05333706080 0.62659160580 0.55425078301 0.63160861753 0.43332757598 0.57970432724 0.65152967102 0.64364927354 0.59509453431 0.58611979393 0.46600532912 0.59887380779 0.51618404285 0.53326543947 0.62960871725 0.51159833643 0.51432451705 0.60573220584 0.68648041556 0.75347745213 0.80388509667 0.67798783343 0.89699054161 1.76320376494 -166.6774330224 0.00026054898   -2 
  98 0.00000450739 0.00085738860 -30.733424305 0.15221573466 0.00501554734 0.05333706080 0.62659160580 0.55425078301 0.63160861753 0.43332757598 0.57970432724 0.65152967102 0.64364927354 0.59509453431 0.58611979393 0.46600532912 0.59887380779 0.51618404285 0.53326543947 0.62960871725 0.51159833643 0.51432451705 0.60573220584 0.68648041556 0.75347745213 0.80388509667 0.67798783343 0.89699054161 1.76320376494 -166.6774330224 0.00026054898   -5 
  99 0.00000450739 0.00085738860 -30.733424305 0.15221573466 0.00501554734 0.05333706080 0.62659160580 0.55425078301 0.63160861753 0.43332757598 0.57970432724 0.65152967102 0.64364927354 0.59509453431 0.58611979393 0.46600532912 0.59887380779 0.51618404285 0.53326543947 0.62960871725 0.51159833643 0.51432451705 0.60573220584 0.68648041556 0.75347745213 0.80388509667 0.67798783343 0.89699054161 1.76320376494 -166.6774330224 0.00026054898   -8 
 100 0.00000450739 0.00085738860 -30.733424305 0.15221573466 0.00501554734 0.05333706080 0.62659160580 0.55425078301 0.63160861753 0.43332757598 0.57970432724 0.65152967102 0.64364927354 0.59509453431 0.58611979393 0.46600532912 0.59887380779 0.51618404285 0.53326543947 0.62960871725 0.51159833643 0.51432451705 0.60573220584 0.68648041556 0.75347745213 0.80388509667 0.67798783343 0.89699054161 1.76320376494 -166.6774330224 0.00026054898   -8 
-- Local optimization: reached maximum number of likelihood evaluations allowed.
-- Found new optimum with likelihood -166.677433022448582 and gradient 0.00026

---- Best joint likelihood found -166.677433022448582 with gradient 0.00026

---- Results for /scratch/40841536/tmpvw96kzbk 
--  Model: C
--        eps_an     theta_bar             a 
-- 0.00000450739 0.00085738860            -1 
--           S_d             b           p_b           S_b 
-- -30.733424305 0.15221573466 0.00501554734 0.05333706080 
--           r 2           r 3           r 4           r 5           r 6           r 7           r 8           r 9          r 10          r 11          r 12          r 13          r 14          r 15          r 16          r 17          r 18          r 19          r 20          r 21          r 22          r 23          r 24 
-- 0.62659160580 0.55425078301 0.63160861753 0.43332757598 0.57970432724 0.65152967102 0.64364927354 0.59509453431 0.58611979393 0.46600532912 0.59887380779 0.51618404285 0.53326543947 0.62960871725 0.51159833643 0.51432451705 0.60573220584 0.68648041556 0.75347745213 0.80388509667 0.67798783343 0.89699054161 1.76320376494 

---- Expected P_neut(i), 0 < i < n (neutral SFS per site) 
E[P_neut(1)] = 0.0008573850
E[P_neut(2)] = 0.0002686152
E[P_neut(3)] = 0.0001584022
E[P_neut(4)] = 0.0001353830
E[P_neut(5)] = 0.0000743058
E[P_neut(6)] = 0.0000828384
E[P_neut(7)] = 0.0000798018
E[P_neut(8)] = 0.0000689820
E[P_neut(9)] = 0.0000566918
E[P_neut(10)] = 0.0000502532
E[P_neut(11)] = 0.0000363225
E[P_neut(12)] = 0.0000427889
E[P_neut(13)] = 0.0000340439
E[P_neut(14)] = 0.0000326583
E[P_neut(15)] = 0.0000359880
E[P_neut(16)] = 0.0000274150
E[P_neut(17)] = 0.0000259400
E[P_neut(18)] = 0.0000288529
E[P_neut(19)] = 0.0000309782
E[P_neut(20)] = 0.0000323013
E[P_neut(21)] = 0.0000328215
E[P_neut(22)] = 0.0000264233
E[P_neut(23)] = 0.0000334389
E[P_neut(24)] = 0.0000629932

---- Expected P_sel(i), 0 < i < n (selected SFS per site) 
E[P_sel(1)] = 0.0006625770
E[P_sel(2)] = 0.0001858156
E[P_sel(3)] = 0.0001028810
E[P_sel(4)] = 0.0000842646
E[P_sel(5)] = 0.0000448033
E[P_sel(6)] = 0.0000487056
E[P_sel(7)] = 0.0000459536
E[P_sel(8)] = 0.0000390258
E[P_sel(9)] = 0.0000315827
E[P_sel(10)] = 0.0000276172
E[P_sel(11)] = 0.0000197194
E[P_sel(12)] = 0.0000229746
E[P_sel(13)] = 0.0000180953
E[P_sel(14)] = 0.0000171981
E[P_sel(15)] = 0.0000187889
E[P_sel(16)] = 0.0000141985
E[P_sel(17)] = 0.0000133338
E[P_sel(18)] = 0.0000147266
E[P_sel(19)] = 0.0000157060
E[P_sel(20)] = 0.0000162736
E[P_sel(21)] = 0.0000164367
E[P_sel(22)] = 0.0000131571
E[P_sel(23)] = 0.0000165597
E[P_sel(24)] = 0.0000310338

---- alpha_dfe = 0.010561

