---- Running command
---- ./polyDFE -d /scratch/40841271/tmp20r0iy4_ -m C -i /scratch/40841271/tmppuw4g374 1 -v 1 
---- Performing inference using model C

---- Performing inference on /scratch/40841271/tmp20r0iy4_
----      with -i /scratch/40841271/tmppuw4g374 1
---- Data /scratch/40841271/tmp20r0iy4_ does not contain divergence counts. Using option -w.
---- No mutation variability. Using Poisson likelihood.


---- Using provided initial values

-- Starting local optimization
-- Optimizing all parameters
  it        eps_an     theta_bar           S_d             b           p_b           S_b           r 2           r 3           r 4           r 5           r 6           r 7           r 8           r 9          r 10          r 11          r 12          r 13          r 14          r 15          r 16          r 17          r 18          r 19           ln lk          grad status 
   0 0.00000449744  0.0008503307 -68.014330000     0.1127644   0.003905648    0.03800569     0.5669393     0.5649833     0.5475162     0.4995644     0.5648594     0.6039999     0.4662727     0.5802472     0.5323765     0.5838853     0.5587549     0.5490204     0.5681745     0.5012596     0.6027202     0.6738647     0.7739941      1.427315 -145.2496143239 0.42366476629   -2 
   1 0.00000449744 0.00083831237 -68.059435781 0.11351484614 0.00390543359 0.03800559295 0.56527802881 0.56996827411 0.53635560887 0.49513218693 0.57711857021 0.60869694863 0.46906987320 0.57630636769 0.52612968281 0.58445354426 0.55169481134 0.54740904096 0.56762056130 0.50274862283 0.60213651544 0.66810179772 0.76895101609 1.43770253503 -144.2686739898 0.92541301321   -2 
   2 0.00000449744 0.00085247258 -67.886610149 0.11497635529 0.00390501609 0.03800527186 0.56366895838 0.59071670655 0.49921972005 0.48025742195 0.62609343434 0.62772235198 0.48039031527 0.56259707333 0.50384815765 0.58732010811 0.52634769059 0.54188403826 0.56605676813 0.50883317873 0.60044294729 0.64725150736 0.75083483054 1.47935358390 -141.1230339188 0.17549620364   -2 
   3 0.00000449744 0.00084941562 -67.568643078 0.11585587467 0.00390476007 0.03800495990 0.56671188879 0.57551172574 0.50278853857 0.47692267915 0.63879209644 0.63490908442 0.48757629404 0.55467829852 0.48883875204 0.58943935635 0.50770602064 0.53761102287 0.56489422911 0.51427503847 0.59913484934 0.63032264736 0.73646185230 1.50637305566 -140.5550930473 0.37606217406   -2 
   4 0.00000449744 0.00085490553 -67.440460390 0.11589902087 0.00390474477 0.03800488360 0.56756120850 0.57244616293 0.50433312700 0.47645080598 0.64120707284 0.63651614545 0.48933904130 0.55293135170 0.48533209291 0.59002335038 0.50325529590 0.53660774344 0.56465839336 0.51570185202 0.59885905294 0.62618629528 0.73297943829 1.51298962296 -140.4102074042 0.11287619343   -2 
   5 0.00000449744 0.00085376022 -66.907487711 0.11585233046 0.00390473949 0.03800458534 0.56109711099 0.57323945978 0.51496614702 0.47890405441 0.63062438686 0.63439502915 0.49172966147 0.55025151857 0.47764436927 0.59099616057 0.49186402459 0.53376365302 0.56383671718 0.51989886153 0.59789165268 0.61408243447 0.72311878790 1.52279699581 -140.1735336953 0.13177125530   -2 
   6 0.00000449744 0.00085561903 -66.815643914 0.11578374945 0.00390475564 0.03800454368 0.56080689310 0.57362059737 0.51608436512 0.47928114421 0.62908484321 0.63397947300 0.49192728682 0.55002616497 0.47680287682 0.59109799303 0.49051506172 0.53341865498 0.56373590162 0.52044085102 0.59777016477 0.61256126361 0.72190090291 1.52365931320 -140.1548655178 0.06463757242   -2 
   7 0.00000449743 0.00085415916 -66.371588854 0.11554823131 0.00390480445 0.03800431753 0.56401767135 0.57641352823 0.51571646978 0.48062793000 0.62093676101 0.63017806942 0.49095496559 0.55015240944 0.47506339197 0.59078978774 0.48647697529 0.53210569422 0.56313405988 0.52221256002 0.59707658956 0.60693327739 0.71756850775 1.52085418790 -140.0996213434 0.04621230542   -2 
   8 0.00000449743 0.00085502432 -66.308355387 0.11548888809 0.00390481866 0.03800428881 0.56416657265 0.57649990058 0.51529618986 0.48069446974 0.62047056613 0.62981881889 0.49073737304 0.55027458622 0.47508566295 0.59071395229 0.48626289282 0.53200830385 0.56307318004 0.52234544638 0.59700462165 0.60647108981 0.71724467473 1.52011248445 -140.0956548787 0.05119210700   -2 
   9 0.00000449743 0.00085461327 -65.739667093 0.11510840576 0.00390490182 0.03800399929 0.56367686568 0.57578286622 0.50987539752 0.48072282845 0.61759107555 0.62653850158 0.48820077536 0.55160607157 0.47596358404 0.58970325489 0.48505587181 0.53117943222 0.56241859554 0.52323561674 0.59624733781 0.60271228993 0.71470811718 1.51130641035 -140.0659141956 0.02709352592   -2 
  10 0.00000449743 0.00085493045 -65.549037640 0.11499100125 0.00390492628 0.03800389787 0.56320840800 0.57532497400 0.50844616430 0.48058249134 0.61709121662 0.62566645107 0.48737531829 0.55197766598 0.47631168635 0.58932598024 0.48480403754 0.53091922091 0.56218120158 0.52343090465 0.59597680305 0.60162532430 0.71398621038 1.50841386509 -140.0637144592 0.02775331493   -2 
  11 0.00000449743 0.00085433054 -65.396896595 0.11497670122 0.00390492107 0.03800379594 0.56208406341 0.57438725487 0.50838444092 0.48003217823 0.61774059321 0.62549615834 0.48675671852 0.55199767591 0.47665849046 0.58887943636 0.48493055930 0.53070992391 0.56190209948 0.52329822416 0.59567375853 0.60111687886 0.71366046435 1.50619715414 -140.0586147762 0.05856288032   -2 
  12 0.00000449742 0.00085538749 -65.162953008 0.11492735083 0.00390492065 0.03800364274 0.56063870247 0.57309781445 0.50854632838 0.47919885979 0.61888318200 0.62538667923 0.48589728023 0.55198449917 0.47718043362 0.58822385741 0.48518739794 0.53041665222 0.56149048834 0.52305545162 0.59522699321 0.60046199318 0.71325120899 1.50309890998 -140.0516124631 0.01837711682   -2 
  13 0.00000449742 0.00085488202 -64.847234877 0.11507454938 0.00390485337 0.03800338032 0.56136933996 0.57245737638 0.50985516274 0.47784645135 0.62046123383 0.62578185024 0.48507396234 0.55126000762 0.47759601076 0.58717511858 0.48582479111 0.52994951793 0.56075113511 0.52218855217 0.59444361816 0.60016483119 0.71301634900 1.50013911498 -140.0457860069 0.03033118751   -2 
  14 0.00000449742 0.00085527719 -64.784478112 0.11509651711 0.00390484202 0.03800332910 0.56155430929 0.57246208164 0.51008842903 0.47765055576 0.62070906894 0.62587803293 0.48496035464 0.55112209505 0.47766132863 0.58700093073 0.48595223713 0.52987166130 0.56062153802 0.52201976983 0.59430526952 0.60014159548 0.71299546555 1.49972857286 -140.0448028645 0.01369037282   -2 
  15 0.00000449742 0.00085483119 -64.388155133 0.11539448563 0.00390472093 0.03800296242 0.56232587079 0.57425618897 0.51075359046 0.47743565256 0.62088108505 0.62657370408 0.48492436315 0.55015265069 0.47771747294 0.58626763201 0.48676859339 0.52949999828 0.55992668937 0.52082427254 0.59354841043 0.60051128589 0.71318573062 1.49961706985 -140.0407210435 0.01553029341   -2 
  16 0.00000449742 0.00085519926 -64.295304186 0.11544778201 0.00390469733 0.03800287889 0.56228660954 0.57446039906 0.51077310340 0.47755660970 0.62082705163 0.62671482574 0.48501443657 0.55003665577 0.47771704762 0.58622005991 0.48693165910 0.52947061216 0.55984180219 0.52061654716 0.59344863588 0.60065029799 0.71328015124 1.49994351672 -140.0399710038 0.02540589141   -2 
  17 0.00000449742 0.00085488964 -63.437830685 0.11602933883 0.00390445219 0.03800208313 0.56111137242 0.57551388333 0.51049969842 0.47900034179 0.61999649009 0.62786942941 0.48604424052 0.54916964990 0.47764295771 0.58602599355 0.48836784643 0.52929997235 0.55919690334 0.51880656855 0.59266278555 0.60205875335 0.71425044820 1.50370096938 -140.0334369612 0.01867709428   -2 
  18 0.00000449742 0.00085534870 -62.515161615 0.11656112581 0.00390421431 0.03800123366 0.56169047872 0.57400725238 0.51002544810 0.48021024280 0.61956841996 0.62835641753 0.48715263668 0.54923363200 0.47762267933 0.58652965377 0.48942546122 0.52949786751 0.55911533501 0.51771477162 0.59245198176 0.60352033041 0.71535233432 1.50784841296 -140.0270215243 0.04889677350   -2 
  19 0.00000449742 0.00085458692 -62.090917343 0.11682863712 0.00390409783 0.03800083425 0.56191804561 0.57326731099 0.50980744565 0.48068819743 0.61940461866 0.62851038544 0.48763529788 0.54931518418 0.47761437764 0.58679143202 0.48987117708 0.52960725345 0.55911245311 0.51726903293 0.59239222053 0.60417902442 0.71585230980 1.50967510825 -140.0240735531 0.01802881960   -2 
  20 0.00000449743 0.00085271506 -57.349940039 0.11933180563 0.00390291430 0.03799627326 0.56410382417 0.57176193959 0.51111046946 0.47959170713 0.62321420522 0.62650677782 0.49046724098 0.55510974626 0.47852714460 0.59235145552 0.49140891362 0.53275384504 0.56253030555 0.51818832186 0.59548492357 0.60973284647 0.72074592813 1.52156462146 -139.9967375297 0.06448046883   -2 
  21 0.00000449743 0.00085188842 -57.522315320 0.11927174038 0.00390294843 0.03799643728 0.56376297831 0.57207592780 0.51107384114 0.47964266314 0.62302609935 0.62666699238 0.49029056843 0.55483849634 0.47851287348 0.59209023965 0.49131160498 0.53263405784 0.56241654197 0.51823206039 0.59539689898 0.60945706149 0.72051986693 1.52085708624 -139.9922737189 0.03890088106   -2 
  22 0.00000449743 0.00085264164 -57.906662252 0.11915915107 0.00390301642 0.03799679127 0.56194931923 0.57492293209 0.51130131151 0.48002768708 0.62247568860 0.62785807957 0.48948925606 0.55391681492 0.47869845609 0.59119614481 0.49087932206 0.53240377236 0.56231253806 0.51893682832 0.59544728726 0.60839760154 0.71977330133 1.51768763604 -139.9804916758 0.01705948561   -2 
  23 0.00000449743 0.00085222674 -57.913206226 0.11919219519 0.00390300683 0.03799678837 0.56205308272 0.57506976548 0.51134639180 0.48006235997 0.62243410876 0.62805216823 0.48934308897 0.55381435445 0.47876406641 0.59108626305 0.49078733304 0.53241147311 0.56236330275 0.51916183097 0.59553457970 0.60822330782 0.71967333489 1.51713120814 -139.9796007912 0.02715289180   -2 
  24 0.00000449743 0.00085249151 -57.905480223 0.11937037076 0.00390294967 0.03799673152 0.56322688090 0.57599916550 0.51176021382 0.48035484049 0.62228027067 0.62947380890 0.48836476351 0.55318526689 0.47928125387 0.59039090669 0.49015976844 0.53252767356 0.56279715657 0.52084447367 0.59623200793 0.60703037707 0.71902735075 1.51338564418 -139.9745907032 0.01101524864   -2 
  25 0.00000449743 0.00085243175 -57.830148895 0.11951542423 0.00390289525 0.03799661970 0.56319194833 0.57582887871 0.51206445236 0.48059796517 0.62243633274 0.63042402553 0.48773570441 0.55287728030 0.47979756701 0.58998106890 0.48966962765 0.53273545946 0.56330143376 0.52249795574 0.59698526708 0.60604237670 0.71857450572 1.51094408782 -139.9729707247 0.01502067669   -2 
  26 0.00000449743 0.00085270749 -57.809138282 0.11952685862 0.00390288895 0.03799659609 0.56312137143 0.57575156544 0.51209639362 0.48063098217 0.62249037654 0.63051551920 0.48768017588 0.55286557893 0.47987937248 0.58994960338 0.48960895168 0.53277929843 0.56338996559 0.52276133733 0.59711280622 0.60590659404 0.71852471292 1.51072154733 -139.9726245090 0.01326955334   -2 
  27 0.00000449743 0.00085265232 -57.671787863 0.11959429015 0.00390285059 0.03799644531 0.56231645841 0.57503129207 0.51208350762 0.48070437448 0.62281637235 0.63059375066 0.48759536098 0.55295462804 0.48025395261 0.58992722504 0.48937217938 0.53302551826 0.56384465560 0.52405070626 0.59775983539 0.60531485858 0.71835857735 1.51035210711 -139.9710987254 0.00971163323   -2 
  28 0.00000449743 0.00085290284 -57.597651389 0.11960831169 0.00390283650 0.03799636861 0.56226881503 0.57487656428 0.51199953609 0.48067621497 0.62291003008 0.63042738663 0.48767110716 0.55305572362 0.48035086840 0.58999143219 0.48933363455 0.53311891105 0.56399713949 0.52445914176 0.59797604623 0.60516813736 0.71835042421 1.51063401873 -139.9706357261 0.01999914867   -2 
  29 0.00000449743 0.00085240511 -57.238745615 0.11971441752 0.00390275693 0.03799598788 0.56217508438 0.57423129065 0.51150153973 0.48046088233 0.62325472477 0.62945133635 0.48809558928 0.55355680890 0.48073982368 0.59033147270 0.48918739226 0.53353624703 0.56467025697 0.52627385179 0.59893875537 0.60454258797 0.71834362678 1.51224998847 -139.9685332310 0.01196864009   -2 
  30 0.00000449743 0.00085255137 -57.017513986 0.11980069396 0.00390270179 0.03799574823 0.56258998575 0.57456765626 0.51137459516 0.48034591857 0.62325573259 0.62898306787 0.48838237230 0.55381129483 0.48081823357 0.59055726414 0.48920716545 0.53370428186 0.56491356967 0.52691909474 0.59929722298 0.60439754480 0.71842649212 1.51337860149 -139.9674426498 0.02748854016   -2 
  31 0.00000449744 0.00085179527 -56.593535073 0.12000512636 0.00390258432 0.03799527732 0.56332719393 0.57528796521 0.51116417461 0.48012374460 0.62319410519 0.62812494604 0.48892422440 0.55427368749 0.48092666808 0.59098380638 0.48926496994 0.53400174237 0.56533723101 0.52805128736 0.59992915163 0.60416787689 0.71859930122 1.51552956007 -139.9654999531 0.01355922575   -2 
  32 0.00000449744 0.00085139070 -56.533208149 0.12011003090 0.00390254562 0.03799519318 0.56280737067 0.57543644903 0.51155119947 0.48030583364 0.62315279488 0.62861543824 0.48891699111 0.55422295895 0.48082925196 0.59101659512 0.48939895404 0.53396062598 0.56522518412 0.52767445413 0.59976616069 0.60442195057 0.71873174422 1.51552545945 -139.9638984686 0.03584726407   -2 
  33 0.00000449744 0.00085200749 -56.395137402 0.12030712898 0.00390246980 0.03799501082 0.56186772293 0.57580197702 0.51243028265 0.48073788552 0.62310448600 0.62974541542 0.48891058101 0.55412368748 0.48062439537 0.59110244958 0.48971201861 0.53387709765 0.56498046013 0.52681823947 0.59940240756 0.60501256265 0.71904447106 1.51554046830 -139.9606757955 0.01333555744   -2 
  34 0.00000449744 0.00085212755 -56.096857222 0.12072750912 0.00390230819 0.03799462271 0.56300530039 0.57570431014 0.51324612353 0.48135677037 0.62310577194 0.63154620173 0.48885590181 0.55392327740 0.48024250406 0.59124855071 0.49036984179 0.53369913679 0.56445640637 0.52489159903 0.59859321428 0.60633144097 0.71972023098 1.51545009971 -139.9568106528 0.01817614641   -2 
  35 0.00000449744 0.00085184936 -56.068788715 0.12076534604 0.00390229343 0.03799458624 0.56307461162 0.57568589015 0.51324854060 0.48138529455 0.62312013164 0.63163625002 0.48885659382 0.55391680240 0.48022105929 0.59126448899 0.49042460241 0.53369031197 0.56442080817 0.52473888909 0.59853331610 0.60644397607 0.71978033242 1.51546368279 -139.9564559749 0.01035380445   -2 
  36 0.00000449744 0.00085162993 -55.505451997 0.12104613745 0.00390213601 0.03799396186 0.56378275779 0.57580026239 0.51144674292 0.48123078880 0.62415854611 0.63104204224 0.48922261545 0.55438160126 0.48043020070 0.59178511323 0.49126461252 0.53390627230 0.56435589627 0.52307230011 0.59812109161 0.60815503634 0.72086821389 1.51692066209 -139.9522909385 0.01269339021   -2 
  37 0.00000449744 0.00085118095 -55.326237521 0.12112979070 0.00390208691 0.03799376150 0.56336592715 0.57582832682 0.51130440113 0.48116225926 0.62432055035 0.63077393826 0.48933336212 0.55453672810 0.48054671480 0.59192547514 0.49144566939 0.53400647076 0.56441583652 0.52280297682 0.59810967243 0.60854229113 0.72113748134 1.51736023443 -139.9512663190 0.02891603609   -2 
  38 0.00000449744 0.00085144383 -54.831542668 0.12132200236 0.00390196219 0.03799321386 0.56221836290 0.57596129750 0.51116441518 0.48100484809 0.62470985830 0.63007371813 0.48964416280 0.55497360324 0.48089449850 0.59230928276 0.49190775770 0.53430292750 0.56462573549 0.52220134922 0.59814426694 0.60953195567 0.72184654832 1.51858090640 -139.9487236535 0.01421660677   -2 
  39 0.00000449744 0.00085117820 -54.933033427 0.12130613174 0.00390198051 0.03799331965 0.56283430232 0.57583821126 0.51148479763 0.48105575473 0.62443187571 0.63031025349 0.48953359853 0.55482910724 0.48081615319 0.59217333530 0.49172400812 0.53423658316 0.56461396118 0.52251951688 0.59820640536 0.60916968963 0.72160496142 1.51816775200 -139.9478569535 0.01776310544   -2 
  40 0.00000449744 0.00085141195 -54.969726531 0.12129696536 0.00390198796 0.03799335799 0.56315286230 0.57579460734 0.51170690122 0.48109023787 0.62428124370 0.63043741075 0.48948376290 0.55476495929 0.48079020834 0.59211016605 0.49162864108 0.53421489998 0.56462580200 0.52271193372 0.59825915058 0.60898246584 0.72148684112 1.51798116034 -139.9474117933 0.00896774539   -2 
  41 0.00000449744 0.00085119496 -54.989442658 0.12132467464 0.00390198133 0.03799336698 0.56342820839 0.57572863381 0.51232194664 0.48115779503 0.62390977541 0.63066687627 0.48939200913 0.55465580168 0.48078544828 0.59198749670 0.49140918595 0.53421078243 0.56471707209 0.52323975947 0.59845091888 0.60856560855 0.72124549824 1.51764940167 -139.9467847367 0.01305182243   -2 
  42 0.00000449744 0.00085138742 -54.989495740 0.12133357893 0.00390197805 0.03799336250 0.56349504810 0.57573229007 0.51261269077 0.48119712072 0.62375466644 0.63077619995 0.48935792907 0.55461612398 0.48079497509 0.59193818119 0.49130652669 0.53421912030 0.56477442634 0.52351404823 0.59855847290 0.60836683589 0.72113688907 1.51752454987 -139.9465166045 0.00871923186   -2 
  43 0.00000449744 0.00085124693 -54.958754961 0.12137911662 0.00390195845 0.03799331442 0.56322035092 0.57581387045 0.51316539170 0.48128343258 0.62346971805 0.63098439706 0.48930178008 0.55455619992 0.48085286745 0.59184322957 0.49106027569 0.53426927459 0.56495517892 0.52425186452 0.59886918554 0.60788074011 0.72089037117 1.51732215054 -139.9459642529 0.01002042284   -2 
  44 0.00000449744 0.00085141974 -54.940287682 0.12139063203 0.00390195173 0.03799329054 0.56312149686 0.57586152546 0.51328203162 0.48131239377 0.62342116785 0.63104002795 0.48929509914 0.55455094543 0.48088144051 0.59182417583 0.49098678128 0.53429456073 0.56502411186 0.52450444752 0.59898135231 0.60772859125 0.72082022972 1.51729725692 -139.9457917927 0.00863385082   -2 
  45 0.00000449744 0.00085126096 -54.828281251 0.12147111088 0.00390190902 0.03799314677 0.56262865706 0.57604539350 0.51335510812 0.48139379562 0.62340361180 0.63115775811 0.48930341452 0.55457572147 0.48103046036 0.59178260311 0.49070127121 0.53442837619 0.56534427961 0.52560549836 0.59948736576 0.60711046373 0.72055993227 1.51733516917 -139.9451139343 0.01143350058   -2 
  46 0.00000449744 0.00085147806 -54.767393220 0.12150371152 0.00390188924 0.03799307149 0.56257214511 0.57610587503 0.51328219926 0.48142092352 0.62345991764 0.63118130910 0.48932279055 0.55460506238 0.48110216460 0.59178364342 0.49059716385 0.53449461579 0.56548693359 0.52607084695 0.59970785069 0.60686828410 0.72046991484 1.51741016323 -139.9447899937 0.01421022060   -2 
  47 0.00000449744 0.00085112137 -54.459487120 0.12170328409 0.00390177921 0.03799268350 0.56265890122 0.57620303059 0.51262180927 0.48147906450 0.62383594840 0.63116511470 0.48943139431 0.55476396672 0.48143002392 0.59181917356 0.49016383302 0.53480400893 0.56613248590 0.52815566274 0.60070368274 0.60581879361 0.72010430478 1.51784616977 -139.9433442044 0.01018688599   -2 
  48 0.00000449744 0.00085129293 -54.378148664 0.12174981034 0.00390175204 0.03799258245 0.56286977155 0.57616964956 0.51248585345 0.48147944715 0.62395424953 0.63113979497 0.48947267785 0.55481668468 0.48149241520 0.59185808662 0.49012855275 0.53486954305 0.56624602013 0.52848936323 0.60087404191 0.60568610496 0.72008505465 1.51801030512 -139.9430014415 0.01529585439   -2 
  49 0.00000449744 0.00085088777 -54.137282184 0.12191400129 0.00390166382 0.03799227616 0.56352613561 0.57597556780 0.51211664421 0.48144834832 0.62429053499 0.63102622948 0.48959662142 0.55497138858 0.48164506497 0.59199298679 0.49009748054 0.53504125660 0.56651918612 0.52925908285 0.60128131461 0.60543009212 0.72009788312 1.51851474490 -139.9420641573 0.01033904090   -2 
  50 0.00000449745 0.00085108445 -53.704525283 0.12219343902 0.00390150960 0.03799172630 0.56403434216 0.57583085443 0.51202560732 0.48143640330 0.62481508259 0.63091864335 0.48986114653 0.55528172257 0.48183621781 0.59234269460 0.49034178742 0.53529602580 0.56680325912 0.52981415494 0.60166776551 0.60552940041 0.72042211565 1.51957631478 -139.9406244886 0.03545566694   -2 
  51 0.00000449745 0.00084963718 -52.208955555 0.12324579311 0.00390094822 0.03798977559 0.56529111842 0.57535452719 0.51183905886 0.48138729798 0.62654385050 0.63055913379 0.49077504134 0.55635138513 0.48247190961 0.59357507411 0.49126687485 0.53616526301 0.56773540993 0.53153572907 0.60292372247 0.60601897983 0.72162838768 1.52326855826 -139.9355570765 0.02874463197   -2 
  52 0.00000449746 0.00084885828 -49.026369641 0.12560933267 0.00389970121 0.03798543182 0.56540396872 0.57578490772 0.51255917522 0.48171808656 0.62966997732 0.63055359401 0.49275817267 0.55866348551 0.48385178115 0.59631342434 0.49355010199 0.53806505378 0.56964945978 0.53450721785 0.60539209252 0.60770975248 0.72459822465 1.53127344048 -139.9246264856 0.07152996625   -2 
  53 0.00000449747 0.00084650220 -46.681829829 0.12755377085 0.00389870973 0.03798202986 0.56507845017 0.57626977692 0.51323148568 0.48204001174 0.63185852367 0.63070099889 0.49425487285 0.56041043406 0.48491142509 0.59840436743 0.49533575222 0.53952890739 0.57111107553 0.53668781667 0.60726004250 0.60910693189 0.72693493166 1.53735212870 -139.9161242236 0.03481233907   -2 
  54 0.00000449748 0.00084591530 -44.249203103 0.12980561472 0.00389759856 0.03797828535 0.56409171366 0.57806899400 0.51478496644 0.48304153000 0.63286504477 0.63213922345 0.49563524863 0.56203243083 0.48606795569 0.60042502293 0.49726865022 0.54108146362 0.57261492314 0.53832288581 0.60903635447 0.61110351353 0.72960401746 1.54306520794 -139.9053327376 0.05567494640   -2 
  55 0.00000449749 0.00084435319 -42.611043371 0.13148154302 0.00389679717 0.03797562883 0.56343585748 0.57935106356 0.51592052727 0.48382204446 0.63333144895 0.63333230279 0.49654708902 0.56310801779 0.48687721697 0.60178492964 0.49861287211 0.54216241023 0.57365740002 0.53934958969 0.61024248415 0.61258325000 0.73149400067 1.54688668608 -139.9000131373 0.03105104993   -2 
  56 0.00000449750 0.00084236488 -40.607758158 0.13381412524 0.00389572642 0.03797218824 0.56391361086 0.58087339096 0.51750770864 0.48524707794 0.63298353781 0.63581415292 0.49744601325 0.56418844961 0.48793151411 0.60321544346 0.50021647388 0.54350736955 0.57494902197 0.54006403979 0.61159127528 0.61484352489 0.73395067178 1.55084362961 -139.8932673071 0.05566936409   -2 
  57 0.00000449750 0.00084252104 -39.707341505 0.13491027646 0.00389522809 0.03797058400 0.56445949710 0.58152854575 0.51825272559 0.48599196238 0.63275228660 0.63714119391 0.49783351255 0.56465786535 0.48844230526 0.60383850455 0.50094407053 0.54414003671 0.57555990320 0.54029921907 0.61219913923 0.61597417152 0.73511209954 1.55257471012 -139.8891902793 0.02615054084   -2 
  58 0.00000449751 0.00084161819 -39.162878407 0.13572389133 0.00389487879 0.03796954709 0.56555524908 0.58133835301 0.51850116880 0.48663227918 0.63238693365 0.63844777107 0.49791477479 0.56477663229 0.48881310210 0.60401153357 0.50127914047 0.54453499123 0.57596010203 0.54005101094 0.61248177894 0.61695533317 0.73586180252 1.55311936654 -139.8855112451 0.03380121295   -2 
  59 0.00000449751 0.00084191079 -38.896599270 0.13612261821 0.00389470589 0.03796903098 0.56618875181 0.58119231969 0.51859951431 0.48699256797 0.63222866524 0.63919316785 0.49793854088 0.56481820742 0.48902016745 0.60406669820 0.50142520900 0.54474138546 0.57617495768 0.53985275481 0.61261265420 0.61750969850 0.73624867139 1.55333222060 -139.8838993474 0.01141132618   -2 
  60 0.00000449751 0.00084174098 -38.698856958 0.13653787116 0.00389453007 0.03796857409 0.56625545070 0.58063882000 0.51835781044 0.48742833713 0.63229585916 0.64025522017 0.49781030946 0.56469601208 0.48932573486 0.60385761641 0.50136533228 0.54496074793 0.57644772548 0.53913217561 0.61263359405 0.61842566096 0.73663641563 1.55303350646 -139.8824875449 0.02076701856   -2 
  61 0.00000449751 0.00084208034 -38.623334163 0.13668854986 0.00389446328 0.03796839579 0.56624656022 0.58045822534 0.51826140369 0.48760226721 0.63235901203 0.64068351493 0.49775777712 0.56464607836 0.48945876391 0.60376458596 0.50133007693 0.54505383448 0.57656603925 0.53881152579 0.61263942479 0.61882210403 0.73679625401 1.55291021370 -139.8819460752 0.00791242897   -2 
  62 0.00000449751 0.00084208408 -38.557772524 0.13684229335 0.00389438488 0.03796819278 0.56577969560 0.58048485676 0.51810706575 0.48771242667 0.63259496991 0.64107085502 0.49766468099 0.56455447575 0.48966012010 0.60357191711 0.50119743896 0.54517932136 0.57674674421 0.53820308446 0.61261283083 0.61947178531 0.73699405735 1.55268370201 -139.8813697905 0.00815020522   -2 
  63 0.00000449751 0.00084221553 -38.536544755 0.13688639998 0.00389435919 0.03796812293 0.56564113480 0.58052259583 0.51806246323 0.48773827906 0.63268774823 0.64118102129 0.49763393017 0.56452441546 0.48973272542 0.60350317230 0.50114558657 0.54522453282 0.57681318550 0.53797715280 0.61260251993 0.61971047992 0.73706353485 1.55261215033 -139.8812776737 0.00469500899   -2 
  64 0.00000449751 0.00084203583 -38.514665877 0.13690589386 0.00389429862 0.03796793613 0.56573519347 0.58095017198 0.51805825176 0.48750712169 0.63300955976  0.6409107997 0.49755491583 0.56444655971 0.48993892583 0.60326488962 0.50088372592 0.54534790143 0.57702912330 0.53709579825 0.61253348056 0.62055257440 0.73722991889 1.55247783362 -139.8808024291 0.00836534563   -2 
  65 0.00000449751 0.00084213815 -38.512323585 0.13690169113 0.00389429147 0.03796791071 0.56576485522 0.58099375497 0.51806717549 0.48747897492 0.63304802570 0.64086982050 0.49754867226 0.56444071306 0.48996557470 0.60323806986 0.50084978182 0.54536475025 0.57705849613 0.53697960768 0.61252550355 0.62066509053 0.73725197668 1.55247251278 -139.8807336799 0.00305549938   -2 
  66 0.00000449752 0.00084205204 -38.523033241 0.13683752493 0.00389426006 0.03796779184 0.56594408260 0.58074311687 0.51819288212 0.48738103824 0.63303035877 0.64058012524 0.49757032573 0.56446432106 0.49002808859 0.60319204577 0.50071410379 0.54541486069 0.57716017628 0.53652480976 0.61249355146 0.62109004312 0.73730826171 1.55257956669 -139.8805546636 0.00254635717   -2 
  67 0.00000449752 0.00084211552 -38.527101296 0.13682277310 0.00389425440 0.03796777034 0.56591718714 0.58072442732 0.51820307088 0.48738071218 0.63301034045 0.64055292496 0.49757741288 0.56447147546 0.49002871715 0.60319457525 0.50069926587 0.54541779230 0.57716890152 0.53647306189 0.61248936024 0.62113565129 0.73730993087 1.55260027145 -139.8805337805 0.00417702208   -2 
  68 0.00000449752 0.00084208659 -38.555761811 0.13674605757 0.00389421728 0.03796764275 0.56567142842 0.58062719960 0.51822962591 0.48738757486 0.63286130055 0.64041262963 0.49761475120 0.56450794756 0.49001423827 0.60321412636 0.50061866328 0.54542242235 0.57720320268 0.53620015637 0.61246112992 0.62136190947 0.73730307871 1.55269820156 -139.8804222205 0.00234361287   -2 
  69 0.00000449752 0.00084225698 -38.638935934 0.13661020746 0.00389411590 0.03796734001 0.56571585228 0.58069817524 0.51805728030 0.48740841223 0.63254145786 0.64031134511 0.49762512351 0.56450691437 0.48988549943 0.60323824202 0.50049048290 0.54535035020 0.57716161107 0.53582946227 0.61237042934 0.62155681350 0.73718288441 1.55262301095 -139.8802415084 0.01109085928   -2 
  70 0.00000449753 0.00084216861 -38.766552614 0.13641847164 0.00389396008 0.03796688365 0.56576945290 0.58078432490 0.51779301983 0.48742806776 0.63207312245 0.64016216155 0.49762993945 0.56449368077 0.48968702451 0.60326484503 0.50029893603 0.54523518829 0.57708953551 0.53528762302 0.61222964172 0.62182609595 0.73699389038 1.55247524457 -139.8799909921 0.00393075585   -2 
  71 0.00000449753 0.00084213157 -38.810074005 0.13643644269 0.00389390385 0.03796676598 0.56569192396 0.58049206686 0.51804400347 0.48728947671 0.63258795252 0.64029614899 0.49749419307 0.56434945894 0.48966333495 0.60312979530 0.50033333740 0.54515777870 0.57696988124 0.53550946392 0.61217607406 0.62149522520 0.73689396561 1.55203224708 -139.8796234735 0.01220104119   -2 
  72 0.00000449753 0.00084234512 -38.831150040 0.13643848869 0.00389387718 0.03796670673 0.56567563664 0.58037562531 0.51816694278 0.48722707214 0.63284124040 0.64036637628 0.49742930605 0.56428070819 0.48965444355 0.60306457637 0.50035347244 0.54512098090 0.57691142562 0.53562703222 0.61215137368 0.62132687349 0.73684640123 1.55182072339 -139.8794477795 0.00281284765   -2 
  73 0.00000449753 0.00084238721 -38.896021327 0.13640347392 0.00389380141 0.03796651912 0.56581850643 0.58084539575 0.51802884235 0.48718101546 0.63291885191 0.64041419248 0.49728809173 0.56413049467 0.48964897242 0.60289306506 0.50042561289 0.54502327557 0.57674412921 0.53605147426 0.61208618673 0.62076590043 0.73672051279 1.55137253045 -139.8791759979 0.00295881982   -2 
  74 0.00000449753 0.00084231900 -38.905732635 0.13639217319 0.00389379091 0.03796648994 0.56580029848 0.58083548946 0.51800980544 0.48718900682 0.63288704468 0.64040888875 0.49728152284 0.56412322596 0.48964991712 0.60288039842 0.50043358070 0.54501435136 0.57672773702 0.53610110920 0.61207982328 0.62070235472 0.73670821118 1.55135005407 -139.8791467985 0.00523205268   -2 
  75 0.00000449754 0.00084248830 -39.034013792 0.13618626230 0.00389365796 0.03796608997 0.56555050526 0.58053365565 0.51779938592 0.48735873440 0.63237315251 0.64032750135 0.49724905663 0.56408467120 0.48967760635 0.60276132623 0.50054112063 0.54491959469 0.57654103024 0.53673903134 0.61201255869 0.61991206223 0.73657185866 1.55121699563 -139.8787592677 0.00261184797   -2 
  76 0.00000449754 0.00084252573 -39.073477967 0.13612400967 0.00389361684 0.03796596692 0.56551387000 0.58044730218 0.51775091064 0.48739044006 0.63223439217 0.64029055895 0.49723964046 0.56407271426 0.48967910945 0.60272772585 0.50056273486 0.54489028700 0.57648790252 0.53690175758 0.61198894374 0.61969836977 0.73652905656 1.55117265551 -139.8787373611 0.00325629129   -2 
  77 0.00000449754 0.00084240292 -39.142768514 0.13602765683 0.00389354237 0.03796575162 0.56566311132 0.58037277356 0.51775606190 0.48731760791 0.63212539441 0.64016142251 0.49721853619 0.56404271284 0.48963784629 0.60267994116 0.50053161310 0.54483467052 0.57641634653 0.53698706739 0.61192755220 0.61949272731 0.73644523701 1.55105139472 -139.8786204701 0.00983537103   -2 
  78 0.00000449755 0.00084255104 -39.267306911 0.13584573724 0.00389340918 0.03796536145 0.56595526157 0.58028256924 0.51778951321 0.48717550422 0.63196944829 0.63993263188 0.49718357995 0.56399150716 0.48955912201 0.60260016445 0.50046569019 0.54473679463 0.57629465786 0.53710478401 0.61181616634 0.61915781924 0.73629626136 1.55083592120 -139.8783970757 0.00493752379   -2 
  79 0.00000449757 0.00084256337 -39.769558482 0.13518649003 0.00389286495 0.03796380653 0.56600640503 0.58040218374 0.51797444124 0.48652483560 0.63182802606 0.63914456640 0.49700808916 0.56374530086 0.48916291384 0.60229907468 0.50005059676 0.54434656541 0.57587447972 0.53702641977 0.61133364898 0.61831438355 0.73569357229 1.54980114347 -139.8776930907 0.01496537079   -2 
  80 0.00000449757 0.00084286489 -39.958986743 0.13493646348 0.00389266122 0.03796322180 0.56598584338 0.58045637453 0.51803053955 0.48630621161 0.63179524286 0.63888158904 0.49694120983 0.56365248568 0.48901564029 0.60218802156 0.49989219443 0.54420271806 0.57572209321 0.53697053682 0.61115362578 0.61802690406 0.73547034482 1.54940954293 -139.8774085133 0.00754053554   -2 
  81 0.00000449760 0.00084334955 -40.610627348 0.13416283100 0.00389195389 0.03796123273 0.56527268842 0.58045091558 0.51789746814 0.48583530859 0.63175220436 0.63831042916 0.49664888756 0.56327507779 0.48850766112 0.60177746818 0.49930887834 0.54371229006 0.57522831401 0.53647143683 0.61052656035 0.61733830213 0.73470852920 1.54789319581 -139.8766512923 0.00774817391   -2 
  82 0.00000449760 0.00084322786 -40.727396379 0.13406491369 0.00389181914 0.03796087454 0.56527990498 0.58023073795 0.51766560184 0.48591840710 0.63166735563 0.63837627322 0.49654609562 0.56315945845 0.48841996918 0.60166646549 0.49919208181 0.54361747231 0.57514106258 0.53622878281 0.61040366096 0.61735249611 0.73456441250 1.54749531434 -139.8762713009 0.01834258878   -2 
  83 0.00000449762 0.00084387742 -41.092044489 0.13374518049 0.00389139825 0.03795974549 0.56543472395 0.57952289622 0.51689045757 0.48627180700 0.63138905546 0.63867997118 0.49621211486 0.56278797196 0.48815699871 0.60131218237 0.49882882238 0.54332515243 0.57487635985 0.53539860026 0.61002148935 0.61747406174 0.73411910823 1.54622673277 -139.8750796727 0.00379241655   -2 
  84 0.00000449762 0.00084406043 -41.289220898 0.13357614348 0.00389115242 0.03795908259 0.56520416458 0.57967679246 0.51669794759 0.48645010449 0.63104906813 0.63885675949 0.49595176512 0.56251183972 0.48803771747 0.60103672323 0.49863476161 0.54314642680 0.57471757047 0.53465684519 0.60979263893 0.61779932126 0.73385793321 1.54538710946 -139.8748000461 0.00370732940   -2 
  85 0.00000449762 0.00084413664 -41.304089981 0.13355815645 0.00389113252 0.03795902539 0.56520248177 0.57970483248 0.51671379863 0.48644622603 0.63102350391 0.63885445091 0.49593165540 0.56249067740 0.48803089653 0.60101321863 0.49862196570 0.54313211760 0.57470442134 0.53458768042 0.60977465430 0.61783603605 0.73383754661 1.54532642328 -139.8747764566 0.00383214700   -2 
  86 0.00000449763 0.00084410177 -41.395893539 0.13344126526 0.00389100030 0.03795864158 0.56522835706 0.57990696030 0.51695810034 0.48630109898 0.63085635208 0.63872445453 0.49580146795 0.56235367760 0.48799526616 0.60084847121 0.49855060630 0.54303503417 0.57461163869 0.53409634725 0.60965647542 0.61811563685 0.73370298971 1.54495473920 -139.8746253128 0.00198677246   -2 
  87 0.00000449763 0.00084414422 -41.392669523 0.13343782935 0.00389100161 0.03795864065 0.56524514043 0.57986040348 0.51695863326 0.48628341704 0.63088144146 0.63870254139 0.49581317495 0.56236545038 0.48799978614 0.60085631204 0.49855799630 0.54303855169 0.57461349146 0.53410867109 0.60966122045 0.61811182819 0.73370809691 1.54498808165 -139.8746115428 0.00324696350   -2 
  88 0.00000449763 0.00084408572 -41.383958848 0.13342769364 0.00389100138 0.03795862614 0.56528662112 0.57969134953 0.51696042409 0.48621049395 0.63096271421 0.63861334115 0.49585028341 0.56240227991 0.48801349596 0.60087809704 0.49858181067 0.54304700399 0.57461575251 0.53413956614 0.60967369890 0.61810333488 0.73372100715 1.54509327673 -139.8745738502 0.00084645274   -2 
  89 0.00000449763 0.00084409634 -41.383159674 0.13341657075 0.00389098958 0.03795858420 0.56523670306 0.57974816029 0.51697299348 0.48617036066 0.63097273142 0.63856083542 0.49586042494 0.56241153825 0.48801819519 0.60087744014 0.49859217461 0.54304395286 0.57460837538 0.53412512150 0.60967231478 0.61811556215 0.73371782718 1.54512301279 -139.8745646042 0.00147295858   -2 
  90 0.00000449763 0.00084407408 -41.383048570 0.13341398567 0.00389098543 0.03795857037 0.56522461287 0.57976074732 0.51697543828 0.48615827953 0.63097447298 0.63854482531 0.49586296593 0.56241375162 0.48801925378 0.60087670424 0.49859504586 0.54304263451 0.57460569936 0.53412023140 0.60967149754 0.61811906881 0.73371638404 1.54513018170 -139.8745623422 0.00045677270   -2 
  91 0.00000449763 0.00084406036 -41.382846452 0.13340397116 0.00389096244 0.03795849627 0.56526157246 0.57975649240 0.51697641046 0.48612208395 0.63097347821 0.63849183175 0.49587030380 0.56241953114 0.48802199704 0.60087116499 0.49860591009 0.54303521295 0.57459224203 0.53409615397 0.60966602973 0.61813358006 0.73370756620 1.54514655359 -139.8745589732 0.00020763534   -2 
  92 0.00000449763 0.00084406827 -41.383043430 0.13340242124 0.00389095372 0.03795847053 0.56525789975 0.57974904778 0.51697478491 0.48612140328 0.63097162917 0.63848807614 0.49587070098 0.56241955067 0.48802197861 0.60086924195 0.49860787584 0.54303287196 0.57458840906 0.53408943775 0.60966401134 0.61813667053 0.73370461793 1.54514586722 -139.8745586909 0.00049651268   -2 
  93 0.00000449763 0.00084406695 -41.383895493 0.13339808107 0.00389092271 0.03795837916 0.56524190864 0.57972243854 0.51696800261 0.48611972841 0.63096412125 0.63847615382 0.49587127686 0.56241879110 0.48802139593 0.60086208988 0.49861409618 0.54302443648 0.57457487086 0.53406606551 0.60965661454 0.61814679333 0.73369389020 1.54514064630 -139.8745578343 0.00016074545   -2 
  94 0.00000449763 0.00084406243 -41.385831182 0.13339599604 0.00389087274 0.03795823489 0.56524579128 0.57973331534 0.51695703037 0.48612148314 0.63095057627 0.63847495231 0.49586422412 0.56241023892 0.48801563746 0.60085033117 0.49861478602 0.54301211600 0.57455766932 0.53403884805 0.60964445512 0.61815188536 0.73367769581 1.54511107403 -139.8745571290 0.00057252947   -2 
  95 0.00000449763 0.00084407157 -41.386987771 0.13339442470 0.00389084206 0.03795814614 0.56524865785 0.57974017859 0.51695121696 0.48612268226 0.63094308747 0.63847472001 0.49586003576 0.56240518716 0.48801220088 0.60084346246 0.49861508003 0.54300484205 0.57454753702 0.53402276218 0.60963721925 0.61815477687 0.73366806845 1.54509369968 -139.8745567136 0.00013347623   -2 
  96 0.00000449764 0.00084407861 -41.390260971 0.13339038013 0.00389076423 0.03795792024 0.56522948889 0.57972379478 0.51696157824 0.48611934852 0.63094703090 0.63847858646 0.49585201911 0.56239665639 0.48800474653 0.60083566889 0.49860872039 0.54299509742 0.57453572101 0.53400441873 0.60962535946 0.61815109168 0.73365367804 1.54506690480 -139.8745560897 0.00014920015   -2 
  97 0.00000449764 0.00084408656 -41.392823079 0.13338690400 0.00389070424 0.03795774563 0.56523758957 0.57971839506 0.51696255074 0.48611461991 0.63094850569 0.63847680149 0.49584751509 0.56239199160 0.48799992488 0.60083212815 0.49860248895 0.54299034060 0.57453085819 0.53399766434 0.60961869391 0.61814503506 0.73364577415 1.54505503809 -139.8745557505 0.00051494657   -2 
  98 0.00000449764 0.00084408134 -41.397312025 0.13338136264 0.00389060093 0.03795744532 0.56525028678 0.57970983283 0.51696269977 0.48610620579 0.63095008790 0.63847278746 0.49583987298 0.56238405868 0.48799168063 0.60082612348 0.49859163034 0.54298238022 0.57452286025 0.53398682539 0.60960745263 0.61813422791 0.73363248773 1.54503505196 -139.8745551614 0.00022474038   -2 
  99 0.00000449764 0.00084408134 -41.397312025 0.13338136264 0.00389060093 0.03795744532 0.56525028678 0.57970983283 0.51696269977 0.48610620579 0.63095008790 0.63847278746 0.49583987298 0.56238405868 0.48799168063 0.60082612348 0.49859163034 0.54298238022 0.57452286025 0.53398682539 0.60960745263 0.61813422791 0.73363248773 1.54503505196 -139.8745551614           NAN   -8 
 100 0.00000449764 0.00084408799 -41.397598835 0.13338062432 0.00389059429 0.03795742573 0.56524135639 0.57971727092 0.51695960591 0.48610758328 0.63094795594 0.63847148372 0.49584107637 0.56238523703 0.48799242133 0.60082692786 0.49859176158 0.54298334293 0.57452416613 0.53398913456 0.60960840213 0.61813348221 0.73363377080 1.54503752582 -139.8745548550 0.00042187544   -2 
 101 0.00000449764 0.00084408310 -41.398013740 0.13338006332 0.00389058583 0.03795740077 0.56523098592 0.57972490523 0.51695556910 0.48610893151 0.63094501712 0.63846956496 0.49584235718 0.56238646227 0.48799318637 0.60082771626 0.49859179963 0.54298439370 0.57452564271 0.53399188644 0.60960943751 0.61813241691 0.73363520831 1.54503989738 -139.8745545686 0.00012090947   -2 
 102 0.00000449764 0.00084408492 -41.398085223 0.13337997934 0.00389058428 0.03795739609 0.56523511176 0.57972298778 0.51695570800 0.48610881531 0.63094488865 0.63846939651 0.49584237757 0.56238647172 0.48799320421 0.60082770458 0.49859175550 0.54298446078 0.57452576132 0.53399218937 0.60960950786 0.61813221628 0.73363530831 1.54503982051 -139.8745545254 0.00015555903   -2 
 103 0.00000449764 0.00084408215 -41.398303329 0.13337986634 0.00389057995 0.03795738339 0.56523994046 0.57972066163 0.51695523552 0.48610872518 0.63094410863 0.63846870713 0.49584255340 0.56238661365 0.48799331304 0.60082775040 0.49859164382 0.54298470678 0.57452615793 0.53399313462 0.60960974755 0.61813167246 0.73363563096 1.54503988627 -139.8745544713 0.00010617582   -2 
 104 0.00000449764 0.00084408452 -41.399041121 0.13337899247 0.00389056425 0.03795733635 0.56524595644 0.57971893366 0.51695330825 0.48610928339 0.63094165829 0.63846667266 0.49584366036 0.56238763488 0.48799402808 0.60082835393 0.49859148246 0.54298588608 0.57452793530 0.53399685179 0.60961091950 0.61812989535 0.73363722896 1.54504176306 -139.8745543837 0.00021924230   -2 
 105 0.00000449764 0.00084408018 -41.400268074 0.13337776983 0.00389053867 0.03795725983 0.56525129934 0.57971724641 0.51695021780 0.48611010401 0.63093780669 0.63846345230 0.49584535166 0.56238918220 0.48799511813 0.60082925967 0.49859119543 0.54298771239 0.57453071419 0.53400271760 0.60961274051 0.61812703942 0.73363970393 1.54504474902 -139.8745542542 0.00021441338   -2 
 106 0.00000449765 0.00084408478 -41.403992165 0.13337352805 0.00389045947 0.03795702379 0.56525539007 0.57971773242 0.51694313456 0.48611297746 0.63092842790 0.63845541826 0.49585048764 0.56239394898 0.48799851415 0.60083220831 0.49859057104 0.54299325094 0.57453905444 0.53402015942 0.60961830611 0.61811886862 0.73364722995 1.54505433065 -139.8745538744 0.00031879323   -2 
 107 0.00000449765 0.00084408212 -41.407643241 0.13336963833 0.00389038229 0.03795679374 0.56525541644 0.57971885632 0.51693716663 0.48611541068 0.63092021293 0.63844823295 0.49585506951 0.56239818198 0.48800157245 0.60083481285 0.49858991621 0.54299832504 0.57454674309 0.53403644939 0.60962343100 0.61811110273 0.73365416380 1.54506269732 -139.8745536556 0.00023866514   -2 
 108 0.00000449765 0.00084408698 -41.410737358 0.13336679471 0.00389031526 0.03795659505 0.56523322626 0.57972599516 0.51694323570 0.48611486781 0.63092422609 0.63845003907 0.49585538447 0.56239839110 0.48800217542 0.60083503146 0.49858936115 0.54299989775 0.57454940306 0.53404356736 0.60962521222 0.61810707151 0.73365633049 1.54506149551 -139.8745529377 0.00016357068   -2 
 109 0.00000449765 0.00084408597 -41.411951343 0.13336590483 0.00389028887 0.03795651716 0.56522722739 0.57972785024 0.51694626393 0.48611405088 0.63092679490 0.63845154121 0.49585474623 0.56239771955 0.48800192681 0.60083459464 0.49858904457 0.54299987888 0.57454957584 0.53404492428 0.60962530108 0.61810589668 0.73365633435 1.54505937764 -139.8745528590 0.00021892054   -2 
 110 0.00000449765 0.00084409318 -41.414680453 0.13336388577 0.00389022787 0.03795633767 0.56522281048 0.57973019946 0.51695409064 0.48611135045 0.63093447651 0.63845657617 0.49585196932 0.56239490310 0.48800050914 0.60083272408 0.49858821806 0.54299866098 0.57454832314 0.53404518065 0.60962435303 0.61810417632 0.73365475029 1.54505161812 -139.8745525905 0.00035982483   -2 
 111 0.00000449766 0.00084409325 -41.420253768 0.13336024059 0.00389010374 0.03795597248 0.56521881048 0.57973259025 0.51696860960 0.48610538450 0.63094945215 0.63846653885 0.49584562420 0.56238846042 0.48799708437 0.60082833302 0.49858634788 0.54299546557 0.57454482464 0.53404411842 0.60962170964 0.61810099963 0.73365053034 1.54503398964 -139.8745521778 0.00029603901   -2 
 112 0.00000449766 0.00084409615 -41.427233076 0.13335514297 0.00388994150 0.03795549385 0.56525080060 0.57972517139 0.51697221952 0.48609975146 0.63095899570 0.63847476428 0.49583666211 0.56237928814 0.48799127483 0.60082148248 0.49858370341 0.54298881859 0.57453662033 0.53403541975 0.60961553107 0.61809939129 0.73364156679 1.54500840880 -139.8745510537 0.00021864446   -2 
 113 0.00000449766 0.00084409353 -41.426153112 0.13335578410 0.00388996570 0.03795556494 0.56524420435 0.57972624703 0.51696974826 0.48610121582 0.63095586034 0.63847254548 0.49583826494 0.56238091231 0.48799215414 0.60082258302 0.49858412496 0.54298967769 0.57453761916 0.53403607793 0.60961626254 0.61809991159 0.73364268558 1.54501276711 -139.8745509664 0.00019534256   -2 
 114 0.00000449766 0.00084409716 -41.425390664 0.13335577167 0.00388998056 0.03795560865 0.56523891969 0.57972698998 0.51696528630 0.48610322395 0.63095133314 0.63846971948 0.49583972990 0.56238238386 0.48799275098 0.60082344162 0.49858447313 0.54299000756 0.57453786673 0.53403537376 0.60961640603 0.61810076164 0.73364302801 1.54501675667 -139.8745508577 0.00020545844   -2 
 115 0.00000449766 0.00084409398 -41.424796401 0.13335565726 0.00388999085 0.03795563846 0.56523444328 0.57972673031 0.51695904431 0.48610537104 0.63094533078 0.63846600861 0.49584101594 0.56238364217 0.48799306237 0.60082401057 0.49858468042 0.54298987244 0.57453748992 0.53403355437 0.60961603506 0.61810182231 0.73364267915 1.54501979539 -139.8745507526 0.00017340913   -2 
 116 0.00000449766 0.00084409745 -41.424415243 0.13335516018 0.00388999504 0.03795565025 0.56523371730 0.57972583176 0.51695292398 0.48610727692 0.63093946510 0.63846238749 0.49584193676 0.56238451650 0.48799307330 0.60082424631 0.49858475727 0.54298932103 0.57453656179 0.53403088039 0.60961522468 0.61810299712 0.73364173167 1.54502166016 -139.8745506598 0.00018338124   -2 
 117 0.00000449766 0.00084409449 -41.424103667 0.13335460512 0.00388999648 0.03795565401 0.56523442765 0.57972368027 0.51694541888 0.48610910185 0.63093207848 0.63845766340 0.49584264966 0.56238513840 0.48799273734 0.60082412802 0.49858464062 0.54298820551 0.57453486887 0.53402676816 0.60961375724 0.61810441768 0.73363998782 1.54502260848 -139.8745505739 0.00012557827   -2 
 118 0.00000449766 0.00084409703 -41.424129269 0.13335432640 0.00388999387 0.03795564610 0.56523602661 0.57972298505 0.51694477812 0.48610902378 0.63093105025 0.63845682516 0.49584248727 0.56238494213 0.48799242901 0.60082382277 0.49858447771 0.54298765805 0.57453412307 0.53402529460 0.60961311080 0.61810472246 0.73363916876 1.54502190669 -139.8745505367 0.00014691822   -2 
 119 0.00000449766 0.00084409703 -41.424129269 0.13335432640 0.00388999387 0.03795564610 0.56523602661 0.57972298505 0.51694477812 0.48610902378 0.63093105025 0.63845682516 0.49584248727 0.56238494213 0.48799242901 0.60082382277 0.49858447771 0.54298765805 0.57453412307 0.53402529460 0.60961311080 0.61810472246 0.73363916876 1.54502190669 -139.8745505367           NAN   -8 
 120 0.00000449766 0.00084409481 -41.424173740 0.13335432954 0.00388999260 0.03795564231 0.56523620092 0.57972270869 0.51694490680 0.48610880503 0.63093101137 0.63845670102 0.49584232942 0.56238476686 0.48799228462 0.60082365280 0.49858438506 0.54298746275 0.57453387693 0.53402489359 0.60961289345 0.61810473053 0.73363891135 1.54502133389 -139.8745505134 0.00009754938    0 
-- Found new optimum with likelihood -139.874550513407428 and gradient 0.00010

---- Best joint likelihood found -139.874550513407428 with gradient 0.00010

---- Results for /scratch/40841271/tmp20r0iy4_ 
--  Model: C
--        eps_an     theta_bar             a 
-- 0.00000449766 0.00084409481            -1 
--           S_d             b           p_b           S_b 
-- -41.424173740 0.13335432954 0.00388999260 0.03795564231 
--           r 2           r 3           r 4           r 5           r 6           r 7           r 8           r 9          r 10          r 11          r 12          r 13          r 14          r 15          r 16          r 17          r 18          r 19 
-- 0.56523620092 0.57972270869 0.51694490680 0.48610880503 0.63093101137 0.63845670102 0.49584232942 0.56238476686 0.48799228462 0.60082365280 0.49858438506 0.54298746275 0.57453387693 0.53402489359 0.60961289345 0.61810473053 0.73363891135 1.54502133389 

---- Expected P_neut(i), 0 < i < n (neutral SFS per site) 
E[P_neut(1)] = 0.0008440913
E[P_neut(2)] = 0.0002385556
E[P_neut(3)] = 0.0001631130
E[P_neut(4)] = 0.0001090873
E[P_neut(5)] = 0.0000820642
E[P_neut(6)] = 0.0000887607
E[P_neut(7)] = 0.0000769881
E[P_neut(8)] = 0.0000523172
E[P_neut(9)] = 0.0000527451
E[P_neut(10)] = 0.0000411912
E[P_neut(11)] = 0.0000461048
E[P_neut(12)] = 0.0000350711
E[P_neut(13)] = 0.0000352566
E[P_neut(14)] = 0.0000346403
E[P_neut(15)] = 0.0000300514
E[P_neut(16)] = 0.0000321610
E[P_neut(17)] = 0.0000306911
E[P_neut(18)] = 0.0000344043
E[P_neut(19)] = 0.0000686427

---- Expected P_sel(i), 0 < i < n (selected SFS per site) 
E[P_sel(1)] = 0.0006297694
E[P_sel(2)] = 0.0001599171
E[P_sel(3)] = 0.0001032463
E[P_sel(4)] = 0.0000664790
E[P_sel(5)] = 0.0000486276
E[P_sel(6)] = 0.0000514434
E[P_sel(7)] = 0.0000438124
E[P_sel(8)] = 0.0000293137
E[P_sel(9)] = 0.0000291570
E[P_sel(10)] = 0.0000224994
E[P_sel(11)] = 0.0000249150
E[P_sel(12)] = 0.0000187692
E[P_sel(13)] = 0.0000187016
E[P_sel(14)] = 0.0000182249
E[P_sel(15)] = 0.0000156910
E[P_sel(16)] = 0.0000166740
E[P_sel(17)] = 0.0000158067
E[P_sel(18)] = 0.0000176088
E[P_sel(19)] = 0.0000349264

---- alpha_dfe = 0.007878

