---- Running command
---- ./polyDFE -d /scratch/40841675/tmpr4feojic -m C -i /scratch/40841675/tmp0jhy8c3u 1 -v 1 
---- Performing inference using model C

---- Performing inference on /scratch/40841675/tmpr4feojic
----      with -i /scratch/40841675/tmp0jhy8c3u 1
---- Data /scratch/40841675/tmpr4feojic does not contain divergence counts. Using option -w.
---- No mutation variability. Using Poisson likelihood.


---- Using provided initial values

-- Starting local optimization
-- Optimizing all parameters
  it        eps_an     theta_bar           S_d             b           p_b           S_b           r 2           r 3           r 4           r 5           r 6           r 7           r 8           r 9          r 10          r 11          r 12          r 13          r 14          r 15          r 16          r 17          r 18          r 19          r 20          r 21          r 22          r 23          r 24          r 25          r 26          r 27          r 28          r 29           ln lk          grad status 
   0 0.00000450268  0.0009259123 -45.463749999     0.1287808   0.009184894     0.1083917     0.5642878      0.496756     0.4953868     0.4840476     0.4906511     0.4906073     0.5437098     0.5553355     0.5124802     0.5092361     0.6175192     0.5977393     0.4504409      0.522028     0.3860458     0.4756257     0.5506624     0.3834732      0.531485     0.4975372     0.5880576     0.5381713     0.7063446     0.5665509     0.6574706     0.6611074     0.9643355       1.73894 -209.1541796596 0.55751006816   -2 
   1 0.00000450268 0.00093862673 -44.962225541 0.12574038751 0.00918930751 0.10839437266 0.57182225890 0.49843036160 0.50378979387 0.48513754092 0.49618984417 0.47970560167 0.54977896710 0.55165576171 0.50678218884 0.50923623681 0.62362287784 0.58926587693 0.44942200615 0.51912422325 0.38427757683 0.46923776952 0.55803575037 0.37865874941 0.53504669064 0.49642298908 0.58098239770 0.54358187487 0.69880637385 0.56717775437 0.66607418919 0.66469680382 0.98506270709 1.74484336377 -207.2201015358 1.47776455754   -2 
   2 0.00000450273 0.00089067765 -42.814364955 0.11317719388 0.00920890739 0.10840684002 0.60255159200 0.50367372120 0.54626356960 0.48896145288 0.52430500316 0.42517254512 0.58107983161 0.53145249318 0.47679060874 0.50832432025 0.65545320887 0.54539475818 0.44349482102 0.50330873658 0.37464347055 0.43616618248 0.59805548096 0.35369174754 0.55379728541 0.49008430561 0.54412948843 0.57273702472 0.65925991863 0.57003512960 0.71295553265 0.68348286990 1.10051493833 1.77321260397 -198.2386507052 0.38531770132   -2 
   3 0.00000450275 0.00090118347 -42.224523918 0.11110039140 0.00921262406 0.10840870072 0.57452811229 0.50709877140 0.53990290963 0.49126201523 0.52844919045 0.41565908953 0.58830484954 0.52731551446 0.46812158799 0.50846308733 0.66608780166 0.53058781479 0.44113434222 0.49696177405 0.37017497964 0.42163215892 0.61641433898 0.34163496406 0.56273878733 0.48701999846 0.52729969744 0.58732635473 0.64145822915 0.57138120197 0.73619093664 0.69264082087 1.15339075680 1.78263684542 -196.4577230321 0.70625359912   -2 
   4 0.00000450275 0.00089324453 -42.108104735 0.11091096028 0.00921303993 0.10840875905 0.56684027700 0.50729393890 0.53658855248 0.49153315436 0.52879126022 0.41348359579 0.58963601882 0.52615833425 0.46571475632 0.50835509237 0.66866488334 0.52641351435 0.44035569290 0.49503106271 0.36878750634 0.41733298218 0.62169967783 0.33800738697 0.56529706691 0.48602072856 0.52227384983 0.59164623715 0.63613353801 0.57168924041 0.74308802038 0.69527342887 1.16877612035 1.78458441356 -195.9779778069 0.28194494036   -2 
   5 0.00000450276 0.00090552800 -41.796984897 0.11426654612 0.00920823313 0.10840139797 0.57152030027 0.49844651276 0.50006029305 0.48825143613 0.51566177139 0.41772403740 0.58220761789 0.52431477611 0.45823466225 0.50658127240 0.67173594428 0.50998385068 0.43572697114 0.48503681504 0.36068234118 0.39442164252 0.64603616606 0.31704452878 0.57768454100 0.47964382149 0.49457869406 0.61468723629 0.60712051606 0.57239759851 0.77942924788 0.70851873120 1.23931909460 1.78283186744 -194.3969218758 0.23965708280   -2 
   6 0.00000450276 0.00090193600 -41.841053588 0.11399592737 0.00920858660 0.10840198648 0.57110411304 0.49939617302 0.50478801058 0.48846334463 0.51695159915 0.41751327722 0.58271788097 0.52458404631 0.45922818228 0.50671713570 0.67100641889 0.51202713319 0.43622912364 0.48617981126 0.36157067789 0.39696771165 0.64295139260 0.31929002420 0.57616154685 0.48032558849 0.49762750478 0.61193736625 0.61034908881 0.57227034785 0.77504688865 0.70692404277 1.23029948529 1.78260530171 -194.3363804454 0.14517181400   -2 
   7 0.00000450275 0.00090539212 -41.877727714 0.11481822592 0.00920714707 0.10839943574 0.57483890296 0.50034396324 0.51726340096 0.48709809903 0.51571733097 0.42144110695 0.57913086120 0.52594349253 0.46207910292 0.50621362406 0.66598078857 0.51616215059 0.43639788816 0.48725711434 0.36185899419 0.39860961206 0.63781149284 0.31968088134 0.57412227988 0.48032555564 0.49915372713 0.60936981144 0.61231759641 0.57172477156 0.77053244735 0.70518557596 1.21482225875 1.77775119148 -194.1196520169 0.28885120080   -2 
   8 0.00000450275 0.00090194111 -41.905853277 0.11533262501 0.00920627882 0.10839808806 0.57598040391 0.50052312689 0.52217961846 0.48640201927 0.51495518203 0.42330666369 0.57736075364 0.52652862574 0.46331762568 0.50593487268 0.66364747650 0.51791682650 0.43641040918 0.48763701724 0.36189140953 0.39911530982 0.63565841941 0.31961076499 0.57328834494 0.48023854504 0.49954453035 0.60841597300 0.61290095217 0.57146149706 0.76881403330 0.70450312633 1.20835474431 1.77538383562 -194.0333839915 0.09054531449   -2 
   9 0.00000450274 0.00090766405 -41.858917593 0.11757725986 0.00920267158 0.10839161444 0.57533101298 0.50047054822 0.52500570101 0.48506447004 0.51116904955 0.43194476451 0.57091132511 0.52929372129 0.46761672073 0.50512278569 0.65610105655 0.52294652047 0.43600103488 0.48791364266 0.36077666643 0.39749618848 0.63149305999 0.31560819409 0.57234545289 0.47897271495 0.49658547408 0.60890984153 0.61066744602 0.57076180462 0.76859669566 0.70440693464 1.19508191359 1.76770026608 -193.8790743505 0.18260357458   -2 
  10 0.00000450274 0.00090590511 -41.847699757 0.11810646863 0.00920183374 0.10839012814 0.57484670247 0.50031700457 0.52499707460 0.48479240902 0.51037285108 0.43374058293 0.56959609549 0.52985388125 0.46850396940 0.50493974889 0.65453982543 0.52397929421 0.43589152569 0.48793561818 0.36049319086 0.39704344588 0.63067628624 0.31461705092 0.57218552149 0.47866252612 0.49581174313 0.60911610229 0.61005503887 0.57060832523 0.76869864232 0.70444192804 1.19247618673 1.76606980810 -193.8484935246 0.08418159591   -2 
  11 0.00000450274 0.00090847462 -41.777076056 0.11809274153 0.00920184994 0.10838950280 0.57436331587 0.50016316804 0.52256780757 0.48511279125 0.51058002514 0.43388820205 0.56988126572 0.52999718813 0.46865793049 0.50499820678 0.65463117553 0.52412048271 0.43584743359 0.48786718023 0.36025934922 0.39648686496 0.63093745191 0.31372296467 0.57243643919 0.47846333885 0.49501351578 0.60973300430 0.60936075192 0.57062854178 0.76954466566 0.70481725948 1.19312258075 1.76625219791 -193.8174139592 0.15989037748   -2 
  12 0.00000450274 0.00090805727 -41.481887016 0.11821593547 0.00920163386 0.10838645686 0.57147403798 0.49903730047 0.51132257063 0.48636704664 0.51138907832 0.43427576109 0.57112791204 0.53046174253 0.46919370553 0.50517406505 0.65502705710 0.52459365021 0.43558078402 0.48746404641 0.35913431162 0.39384718281 0.63214024585 0.30955702509 0.57356341467 0.47749222122 0.49125008580 0.61257499148 0.60605548778 0.57067688411 0.77345703830 0.70651532512 1.19620111527 1.76687493091 -193.7129023689 0.05298659489   -2 
  13 0.00000450274 0.00090645183 -41.460393636 0.11823382272 0.00920159572 0.10838616418 0.57237558752 0.49899358286 0.51314517287 0.48605011249 0.51120912332 0.43401828272 0.57101121702 0.53029008509 0.46904542064 0.50510220660 0.65501126200 0.52444983663 0.43553021126 0.48739292943 0.35906720249 0.39371389777 0.63215840827 0.30934190716 0.57356564192 0.47742534960 0.49106541730 0.61263873051 0.60588518350 0.57064674134 0.77354480040 0.70653653958 1.19632102577 1.76672673610 -193.7017848755 0.09778601887   -2 
  14 0.00000450274 0.00090689099 -41.379485826 0.11820176740 0.00920161851 0.10838535757 0.57460156266 0.49901188236 0.51723360362 0.48541929820 0.51088318676 0.43344721129 0.57084898204 0.52994018267 0.46873790490 0.50497245241 0.65505170875 0.52414715911 0.43541696618 0.48722623245 0.35886642048 0.39328584488 0.63229249531 0.30863660987 0.57364670701 0.47723584607 0.49046398904 0.61294540145 0.60534594802 0.57059522917 0.77396618194 0.70669136785 1.19682665863 1.76652292289 -193.6795869132 0.03718829171   -2 
  15 0.00000450274 0.00090491954 -41.135535492 0.11821213368 0.00920154323 0.10838280727 0.57380852792 0.49928019533 0.51999774546 0.48499973056 0.51075593653 0.43260394158 0.57103816411 0.52952612968 0.46833990707 0.50485971131 0.65539075902 0.52371534828 0.43517726640 0.48685131289 0.35820677450 0.39179203234 0.63294941348 0.30613524259 0.57414944217 0.47664526550 0.48833488086 0.61433105154 0.60348311208 0.57054772967 0.77586413330 0.70749319476 1.19879524460 1.76661262171 -193.6577984397 0.12908403019   -2 
  16 0.00000450273 0.00090608117 -40.791856238 0.11816739074 0.00920153242 0.10837934455 0.57291574458 0.49973981038 0.52331328998 0.48456947610 0.51067698078 0.43155377775 0.57136431382 0.52903846414 0.46785431972 0.50474861351 0.65589656641 0.52317862520 0.43487509883 0.48637056973 0.35732258082 0.38977961564 0.63387297140 0.30275502840 0.57485989537 0.47585813975 0.48546163399 0.61624903143 0.60097658923 0.57050318075 0.77848858101 0.70861534778 1.20152358617 1.76685873305 -193.6303253459 0.05229894999   -2 
  17 0.00000450273 0.00090397853 -40.413709273 0.11839332742 0.00920109808 0.10837489508 0.57303830209 0.49931989661 0.51896145408 0.48493841254 0.51085532762 0.43126584158 0.57163278705 0.52891449786 0.46764211275 0.50471616257 0.65622254099 0.52287013895 0.43461987934 0.48596935442 0.35643862744 0.38777473303 0.63469493842 0.29915147015 0.57555954023 0.47506849792 0.48254425262 0.61816700345 0.59849286371 0.57047095463 0.78105839081 0.70975819334 1.20385095303 1.76713368018 -193.5896316659 0.17002787194   -2 
  18 0.00000450273 0.00090605561 -39.976054042 0.11858395157 0.00920070724 0.10836987248 0.57345269716 0.49895045958 0.51405090106 0.48545100914 0.51112382037 0.43104506901 0.57197364816 0.52884800690 0.46745946139 0.50471795444 0.65661332280 0.52257585276 0.43435996306 0.48555363863 0.35546991114 0.38557114196 0.63562611160 0.29516919147 0.57635717411 0.47420671117 0.47932972961 0.62032328321 0.59576652654 0.57045352804 0.78394131296 0.71105484884 1.20645430709 1.76754802168 -193.5469617421 0.02064857138   -2 
  19 0.00000450273 0.00090731968 -39.634078683 0.11900829992 0.00919993447 0.10836502319 0.57116856967 0.49829480055 0.51468346651 0.48533670697 0.51081852296 0.43185964228 0.57138591942 0.52909590422 0.46767042160 0.50466420811 0.65607376322 0.52273096231 0.43430407736 0.48551465949 0.35514150841 0.38489499430 0.63546404740 0.29318553947 0.57641685165 0.47389008539 0.47819535433 0.62075412073 0.59497307399 0.57040505441 0.78435375365 0.71134146405 1.20591022045 1.76721953449 -193.5367730142 0.06067098489   -2 
  20 0.00000450273 0.00090671925 -39.505397636 0.11919418359 0.00919960147 0.10836311917 0.57044077214 0.49802961407 0.51493856414 0.48525755617 0.51067606483 0.43215658625 0.57113761232 0.52917480256 0.46774340688 0.50463148347 0.65584276067 0.52278600367 0.43427972836 0.48549866163 0.35502304017 0.38465837788 0.63537506628 0.29245624787 0.57642002586 0.47377354258 0.47779211678 0.62088240269 0.59469659476 0.57038063916 0.78446009361 0.71142652071 1.20563575878 1.76705232538 -193.5330031000 0.02817235537   -2 
  21 0.00000450272 0.00090661456 -38.760227311 0.12018626719 0.00919778921 0.10835211042 0.57266786857 0.49735184154 0.51674442388 0.48455373801 0.50983679988 0.43350636117 0.56979314582 0.52948382314 0.46812699684 0.50440633379 0.65447990646 0.52314526093 0.43420273635 0.48551931323 0.35460639577 0.38392000518 0.63455565246 0.28915852995 0.57617723632 0.47333733024 0.47635223459 0.62095735478 0.59389589985 0.57023901128 0.78417176209 0.71152795937 1.20327230588 1.76603750407 -193.5166073038 0.02061450039   -2 
  22 0.00000450272 0.00090682652 -38.856644780 0.11997675072 0.00919814358 0.10835372216 0.57198680366 0.49787241499 0.51608402693 0.48479638408 0.51014696238 0.43311283917 0.57024368271 0.52942442831 0.46806589010 0.50448998967 0.65486589051 0.52311260978 0.43425466589 0.48556534800 0.35474434732 0.38418127140 0.63471322085 0.28986799325 0.57621275817 0.47348039081 0.47678540442 0.62086321736 0.59421391533 0.57029375502 0.78412008971 0.71148331925 1.20372878717 1.76645090404 -193.5145427163 0.02406713825   -2 
  23 0.00000450272 0.00090643796 -38.870585484 0.11993658394 0.00919820810 0.10835397186 0.57183963018 0.49802410280 0.51588276347 0.48485719179 0.51023302329 0.43299305126 0.57037166416 0.52940434693 0.46805016467 0.50451192809 0.65496918197 0.52310864615 0.43427158310 0.48558338196 0.35478744270 0.38426684009 0.63474280727 0.29004988837 0.57621386458 0.47352425569 0.47691895621 0.62081868691 0.59432135150 0.57030933804 0.78407719009 0.71146237954 1.20381907101 1.76657068556 -193.5138509279 0.01712727887   -2 
  24 0.00000450272 0.00090636225 -38.851540845 0.11977268621 0.00919843712 0.10835409034 0.57182498602 0.49885145784 0.51499378517 0.48517053629 0.51069713472 0.43240776857 0.57104803796 0.52933360891 0.46801428468 0.50464252815 0.65548720395 0.52314909215 0.43438731839 0.48572344587 0.35503703105 0.38477308631 0.63483213819 0.29085910104 0.57618973693 0.47377706030 0.47766326935 0.62051554417 0.59497683964 0.57040451605 0.78373005491 0.71133344363 1.20409839732 1.76727925627 -193.5113200300 0.01959776145   -2 
  25 0.00000450272 0.00090592821 -38.837170061 0.11975239978 0.00919845734 0.10835395366 0.57190150645 0.49898059570 0.51482919900 0.48523124052 0.51079858053 0.43226255030 0.57120582993 0.52931399279 0.46800636977 0.50467396897 0.65561028421 0.52316320302 0.43441937184 0.48576390219 0.35510783895 0.38491952872  0.6348431458 0.29106937732 0.57617561086 0.47384808761 0.47787482260 0.62041908454 0.59516758921 0.57042984085 0.78361374967 0.71129101191 1.20413866959 1.76745737011 -193.5107143003 0.01926524450   -2 
  26 0.00000450272 0.00090559994 -38.706186684 0.11968736170 0.00919847507 0.10835247163 0.57287806217 0.49932460445 0.51444504080 0.48551186147 0.51128737085 0.43159272729 0.57198663680 0.52925383417 0.46800465482 0.50485951832 0.65624275063 0.52328388723 0.43461628966 0.48601732868 0.35552047289 0.38577375808 0.63487486372 0.29219040004 0.57608786637 0.47426255686 0.47909069896 0.61985230726 0.59628799260 0.57058389537 0.78291219464 0.71105074003 1.20425972103 1.76846526037 -193.5077341247 0.02012062449   -2 
  27 0.00000450272 0.00090502637 -38.649705742 0.11970972325 0.00919840587 0.10835171355 0.57305346300 0.49928549426 0.51450323066 0.48556835210 0.51139914871 0.43143106075 0.57218516289 0.52924829339 0.46801499948 0.50492052444 0.65642332129 0.52333354618 0.43468624210 0.48610831245 0.35566598161 0.38607524183 0.63487690183 0.29256814024 0.57605552462 0.47440897001 0.47951742684 0.61965228471 0.59668445535 0.57063967115 0.78266130051 0.71096750597 1.20427052024 1.76878817926 -193.5067618556 0.02828012239   -2 
  28 0.00000450272 0.00090468588 -38.284045701 0.11989537422 0.00919790344 0.10834672020 0.57376030278 0.49880641518 0.51545822624 0.48585166164 0.51193528241 0.43077105020 0.57316244800 0.52931406298 0.46814203739 0.50529578310 0.65739195657 0.52367212374 0.43511181178 0.48666060405 0.35651713482 0.38782697013 0.63490168591 0.29471405884 0.57589458833 0.47527042580 0.48198915100 0.61853286016 0.59899379669 0.57098626095 0.78125254081 0.71052422344 1.20432270549 1.77067440572 -193.5015717909 0.02543862597   -2 
  29 0.00000450272 0.00090425254 -38.268842125 0.11996121092 0.00919779364 0.10834637883 0.57342411009 0.49879353663 0.51555222778 0.48581276563 0.51186112759 0.43089403156 0.57305465153 0.52934627666 0.46816274726 0.50529534138 0.65733712957 0.52368477099 0.43511559254 0.48666452164 0.35651916428 0.38782517635 0.63490835179 0.29470884789 0.57590664386 0.47527527834 0.48198787326 0.61855274112 0.59899307927 0.57099590613 0.78127895489 0.71054136145 1.20432522732 1.77064970420 -193.5001261979 0.03527121515   -2 
  30 0.00000450272 0.00090531925 -38.147714217 0.12038650891 0.00919708061 0.10834392241 0.57129376931 0.49885604911 0.51631002700 0.48558183281 0.51134591340 0.43190238389 0.57225888399 0.52963892740 0.46835190063 0.50531472531 0.65693544099 0.52380312071 0.43515167939 0.48670055630 0.35651941349 0.38776708758 0.63499305479 0.29460628330 0.57603091696 0.47530122452 0.48191269520 0.61876963359 0.59893327156 0.57107926971 0.78156554708 0.71071690619 1.20441223037 1.77051874270 -193.4927239535 0.02033853556   -2 
  31 0.00000450272 0.00090596481 -37.798707302 0.12149013028 0.00919522764 0.10833713558 0.57274130602 0.49850470096 0.51672800746 0.48497872425 0.51018878101 0.43408617084 0.57040726346 0.53021667354 0.46874748604 0.50528165219 0.65584744764 0.52403551370 0.43518611636 0.48672116609 0.35642522330 0.38742009737 0.63520147752 0.29409744734 0.57637672660 0.47528155795 0.48144906389 0.61947505480 0.59853165395 0.57127604184 0.78249074546 0.71124862467 1.20466023688 1.77004526506 -193.4813225942 0.01693592228   -2 
  32 0.00000450272 0.00090537193 -37.714794640 0.12160208547 0.00919501675 0.10833586016 0.57269913893 0.49855509140 0.51656205612 0.48505040051 0.51026669267 0.43419874568 0.57042733700 0.53029160430 0.46881688526 0.50531618426 0.65582609477 0.52409941572 0.43521517186 0.48675266869 0.35641996404 0.38736800978 0.63528101204 0.29399746777 0.57647022136 0.47529733163 0.48137568960 0.61963768095 0.59848423999 0.57133986613 0.78270412054 0.71138684301 1.20482021982 1.77021539263 -193.4798531027 0.04304176521   -2 
  33 0.00000450271 0.00090419039 -35.516171582 0.12397460287 0.00919037131 0.10830307389 0.57191133302 0.50059974106 0.51226666819 0.48762286482 0.51326835730 0.43645264675 0.57214180695 0.53230497690 0.47071541053 0.50644991046 0.65597702941 0.52592028422 0.43610593050 0.48773255467 0.35636909838 0.38612336652 0.63756390483 0.29145278541 0.57905162197 0.47582225673 0.47959597039 0.62400805833 0.59743312563 0.57313441809 0.78844070161 0.71515894491 1.20949833865 1.77575107962 -193.4434440307 0.03651672398   -2 
  34 0.00000450270 0.00089888222 -32.536893711 0.12719046957 0.00918406096 0.10825605354 0.57428656604 0.49862823906 0.51656019459 0.48874667742 0.51561482013 0.43652101505 0.57563605886 0.53407563236 0.47269805013 0.50830157048 0.65839209371 0.52828628216 0.43762449074 0.48945315128 0.35675460509 0.38531374906 0.64078431815 0.28870759186 0.58250816394 0.47702184870 0.47829461977 0.62941853676 0.59724859578 0.57587487505 0.79544436203 0.72021147300 1.21640494530 1.78532618177 -193.3932143204 0.13073626650   -2 
  35 0.00000450270 0.00089929372 -31.660845891 0.12817616218 0.00918214735 0.10824149978 0.57500540339 0.49817845535 0.51800723125 0.48907778889 0.51630043782 0.43652469147 0.57672989031 0.53462549873 0.47330890823 0.50890043754 0.65922090190 0.52902800915 0.43811555544 0.49001111771 0.35690093791 0.38511394975 0.64179610833 0.28790890037 0.58358191961 0.47742161495 0.47795713289 0.63107299537 0.59726050177 0.57674128303 0.79758242436 0.72177602148 1.21858035302 1.78839234100 -193.3778306151 0.03764911211   -2 
  36 0.00000450270 0.00089876816 -30.808077767 0.12954953981 0.00917965443 0.10822607405 0.57132367376 0.50060046689 0.51942762298 0.48836922066 0.51530193049 0.43597688391 0.57710336848 0.53474372252 0.47348183910 0.50965484792 0.66113700373 0.52959661837 0.43883458969 0.49085743602 0.35753143463 0.38592388843 0.64272234244 0.28809701443 0.58439121132 0.47828696664 0.47893503775 0.63180372744 0.59861760224 0.57776196274 0.79842996550 0.72291791569 1.22072620003 1.79221122847 -193.3521950653 0.03871520230   -2 
  37 0.00000450270 0.00089951071 -30.609259093 0.12990503954 0.00917901999 0.10822235734 0.57115921812 0.50107789596 0.51956758306 0.48817565667 0.51497679496 0.43583879256 0.57710483863 0.53473935662 0.47348039299 0.50984152732 0.66166204678 0.52970935268 0.43902706215 0.49108607286 0.35773929386 0.38624016549 0.64292670769 0.28827486020 0.58454703047 0.47854761437 0.47933237098 0.63185947860 0.59910295611 0.57801915201 0.79847095080 0.72313059160 1.22122023357 1.79316623722 -193.3484106715 0.06045972155   -2 
  38 0.00000450269 0.00089798134 -29.105334000 0.13303424919 0.00917359582 0.10819264878 0.57170085885 0.50392441673 0.51972776196 0.48648228563 0.51209011065 0.43467373672 0.57671491138 0.53451471035 0.47327038971 0.51125647107 0.66587780692 0.53046128577 0.44057141889 0.49292809552 0.35954706977 0.38912071709 0.64442187222 0.29011181376 0.58561021167 0.48075588104 0.48298873216 0.63187090980 0.60343229991 0.58006199090 0.79821513706 0.72456757418 1.22493679127 1.80059708803 -193.3181018328 0.04514359615   -2 
  39 0.00000450269 0.00089878319 -28.613639474 0.13404603012 0.00917183338 0.10818269977 0.57305939053 0.50334127148 0.51945885325 0.48651120042 0.51182058304 0.43461194852 0.57670146793 0.53459846191 0.47328151299 0.51173543696 0.66710314706 0.53074441143 0.44111650678 0.49357728580 0.36024109428 0.39026368452 0.64494508801 0.29098637268 0.58595748771 0.48158804305 0.48447368013 0.63177330235 0.60511574684 0.58078786779 0.79801877665 0.72500882154 1.22624567486 1.80314980905 -193.3070338367 0.09446131663   -2 
  40 0.00000450269 0.00089690477 -27.829520324 0.13576780142 0.00916887047 0.10816631008 0.57512957370 0.50181788631 0.51887015793 0.48674209158 0.51162975658 0.43462048998 0.57670266596 0.53477649901 0.47332044476 0.51249660267 0.66897933916 0.53120527362 0.44200507950 0.49463536817 0.36140178337 0.39219023778 0.64579499106 0.29251390411 0.58651488259 0.48297572309 0.48699150235 0.63157605169 0.60794254043 0.58198385731 0.79765898645 0.72571011368 1.22838264042 1.80727691191 -193.2891526720 0.04097722692   -2 
  41 0.00000450269 0.00089782925 -27.382258220 0.13649232419 0.00916748658 0.10815722177 0.57365786729 0.50015256863 0.51886221230 0.48823383485 0.51340463327 0.43552254907 0.57734127431 0.53544595379 0.47374006791 0.51294997486 0.66934849141 0.53165908742 0.44253560969 0.49525716046 0.36214837286 0.39342538603 0.64642181584 0.29377550206 0.58694341602 0.48387656871 0.48868631848 0.63155928949 0.60973003328 0.58275453779 0.79767087213 0.72619643728 1.22988683838 1.80973572010 -193.2718777255 0.09921346464   -2 
  42 0.00000450269 0.00089634757 -27.042586625 0.13708825264 0.00916636133 0.10815010574 0.57229687448 0.49886100582 0.51883924008 0.48943625416 0.51489415145 0.43628121514 0.57786239804 0.53599357981 0.47408981834 0.51328122181 0.66952433281 0.53201449187 0.44293661716 0.49572610840 0.36272885445 0.39438816208 0.64690637689 0.29479696428 0.58727738853 0.48457820781 0.49001923981 0.63155087273 0.61112021897 0.58335309043 0.79769665559 0.72657325984 1.23104972920 1.81158011127 -193.2593347678 0.02381298654   -2 
  43 0.00000450269 0.00089410414 -26.599283325 0.13768286622 0.00916499108 0.10814069673 0.57419687840 0.50192252481 0.51977523650 0.49117147705 0.51834668204 0.43844554483 0.57944123770 0.53753593446 0.47533007950 0.51351475570 0.66784816152 0.53280056062 0.44330785041 0.49612757272 0.36343817788 0.39549273708 0.64773157501 0.29681159411 0.58797152564 0.48550017555 0.49180432398 0.63204374794 0.61268774111 0.58420220356 0.79864251356 0.72732212131 1.23285835255 1.81320056204 -193.2426535920 0.01824722577   -2 
  44 0.00000450269 0.00089432249 -26.587435682 0.13770058500 0.00916494855 0.10814043664 0.57423694481 0.50198289606 0.51983531755 0.49118880056 0.51839410764 0.43850637991 0.57950211706 0.53759468523 0.47538512093 0.51353341524 0.66781600009 0.53284003034 0.44332213441 0.49614250140 0.36345752990 0.39551642872 0.64777096164 0.29688002572 0.58800765110 0.48552817217 0.49184928685 0.63208522595 0.61272217198 0.58423338006 0.79871015438 0.72736221971 1.23293689707 1.81327548716 -193.2423154623 0.01281506765   -2 
  45 0.00000450269 0.00089405410 -26.403503055 0.13833884029 0.00916364595 0.10813536824 0.57371299421 0.50187439901 0.52160621153 0.49037138661 0.51759938212 0.43951852522 0.58095123270 0.53902009179 0.47692939746 0.51415324761 0.66752639535 0.53401980735 0.44365534004 0.49647400984 0.36377804243 0.39571468951 0.64891675524 0.29852279193 0.58912798095 0.48608402419 0.49251169920 0.63363743559 0.61303791697 0.58499893265 0.80113764521 0.72862822453 1.23508552616 1.81526785691 -193.2370165100 0.01193744723   -2 
  46 0.00000450269 0.00089386531 -26.421840970 0.13829950675 0.00916373257 0.10813581265 0.57395750837 0.50186616539 0.52122586385 0.49050620188 0.51767178643 0.43935696107 0.58074806946 0.53883786130 0.47675700544 0.51410691623 0.66763733386 0.53391028763 0.44363309421 0.49645341298 0.36374627692 0.39568284821 0.64882220154 0.29837342576 0.58904185960 0.48603413575 0.49243294837 0.63352751438 0.61299347814 0.58493944658 0.80095234119 0.72853844614 1.23490684688 1.81513377315 -193.2365839688 0.01581611787   -2 
  47 0.00000450269 0.00089407409 -26.433679413 0.13827401316 0.00916378556 0.10813610210 0.57420467226 0.50186617016 0.52089944673 0.49062700075 0.51772303231 0.43922370792 0.58059054327 0.53870061387 0.47663451596 0.51408630641 0.66775693957 0.53384258321 0.44362511795 0.49644757539 0.36372560399 0.39565625155 0.64877005380 0.29827783982 0.58899737320 0.48600388872 0.49237382079 0.63347594669 0.61295847595 0.58490834305 0.80085561007 0.72849676046 1.23480779549 1.81508450398 -193.2362275064 0.00636807345   -2 
  48 0.00000450269 0.00089397345 -26.438831406 0.13829379282 0.00916374927 0.10813614431 0.57432680746 0.50184152488 0.52059645365 0.49072414063 0.51771596416 0.43909425393 0.58046548788 0.53860287962 0.47657103589 0.51410766242 0.66792821617 0.53383659420 0.44364118437 0.49646683932 0.36371795632 0.39562508646 0.64878677603 0.29826471354 0.58902566154 0.48600166655 0.49232893051 0.63353465751 0.61292230306 0.58492518558 0.80091935673 0.72854388487 1.23483608295 1.81517873759 -193.2360298716 0.01004388531   -2 
  49 0.00000450269 0.00089414559 -26.441759938 0.13831333142 0.00916370823 0.10813614474 0.57441364040 0.50182619071 0.52034405028 0.49081285269 0.51770394276 0.43897823189 0.58036108572 0.53852296540 0.47652501700 0.51413834509 0.66810233791 0.53384492700 0.44366258979 0.49649172536 0.36371403411 0.39559548055 0.64881806876 0.29826796024 0.58906813785 0.48600603745 0.49228980000 0.63361322436 0.61288920998 0.58495177501 0.80101268663 0.72860761009 1.23489189382 1.81530386291 -193.2358664084 0.00597499303   -2 
  50 0.00000450269 0.00089411064 -26.443161829 0.13837776180 0.00916357036 0.10813598412 0.57430421898 0.50178798468 0.52003165941 0.49092842541 0.51764144478 0.43877701640 0.58020492566 0.53840749731 0.47648018317 0.51422414934 0.66845534328 0.53390302757 0.44372063107 0.49655719305 0.36371498314 0.39553317887 0.64892592062 0.29833033681 0.58920160073 0.48603387155 0.49222095846 0.63384445507 0.61282251475 0.58503780914 0.80130671700 0.72879522918 1.23508796566 1.81564035715 -193.2356208174 0.00999788896   -2 
  51 0.00000450269 0.00089430611 -26.442530396 0.13841539597 0.00916348338 0.10813585898 0.57422432836 0.50177363091 0.51989526279 0.49098940195 0.51760306462 0.43866404548 0.58012437155 0.53834802406 0.47646247496 0.51428273666 0.66867374746 0.53394740830 0.44376044829 0.49660188803 0.36371782370 0.39549470187 0.64900207830 0.29837889622 0.58929405563 0.48605546393 0.49218046327 0.63400214296 0.61278236466 0.58509826368 0.80150912992 0.72892387376 1.23522730183 1.81586896287 -193.2354786628 0.00618032309   -2 
  52 0.00000450269 0.00089424116 -26.436612206 0.13850902608 0.00916325664 0.10813545107 0.57396616859 0.50174399555 0.51991559546 0.49101489584 0.51750999883 0.43849369737 0.58003290276 0.53827813767 0.47646659503 0.51441196507 0.66907510893 0.53406611434 0.44385246131 0.49670393167 0.36373079744 0.39541277429 0.64919002367 0.29852599065 0.58952127356 0.48611593909 0.49210385113 0.63438538275 0.61269999015 0.58525102093 0.80200827152 0.72923824570 1.23557317066 1.81638168602 -193.2352094890 0.01132581181   -2 
  53 0.00000450269 0.00089443739 -26.431701198 0.13855396213 0.00916313782 0.10813521061 0.57388101568 0.50174086495 0.51998551692 0.49101513931 0.51746869193 0.43842425558 0.58000674142 0.53825694169 0.47647888346 0.51448202513 0.66927259030 0.53413438083 0.44390357528 0.49676047414 0.36374000818 0.39537105114 0.64929521580 0.29861215599 0.58964771251 0.48615187748 0.49206673677 0.63459691097 0.61265949772 0.58533753808 0.80228445749 0.72941299647 1.23576763980 1.81666173080 -193.2350322629 0.00734596836   -2 
  54 0.00000450269 0.00089427839 -26.408129925 0.13872451991 0.00916267152 0.10813418603 0.57387303306 0.50174108859 0.52049430942 0.49090228748 0.51735688809 0.43830522180 0.58002979940 0.53826251589 0.47656617096 0.51471017896 0.66981131851 0.53438281842 0.44408294959 0.49695760626 0.36378086670 0.39523298889 0.64967223888 0.29895680347 0.59010571761 0.48629260286 0.49195431922 0.63536168142 0.61253188720 0.58566120614 0.80328448736 0.73005073384 1.23646818000 1.81760507888 -193.2345340493 0.00971131023   -2 
  55 0.00000450269 0.00089439072 -26.398662331 0.13877404910 0.00916252367 0.10813383155 0.57394263037 0.50175948661 0.52066736299 0.49086749456 0.51734149656 0.43829535200 0.58006223217 0.53828305955 0.47660372808 0.51478120140 0.66995592347 0.53446411679 0.44414136262 0.49702174543 0.36379695203 0.39519369419 0.64979392208 0.29907270704 0.59025322014 0.48634142789 0.49192469034 0.63560592916 0.61249837575 0.58576846603 0.80360331030 0.73025698880 1.23669566855 1.81790366480 -193.2343941875 0.00759539632   -2 
  56 0.00000450269 0.00089410308 -26.370841216 0.13889167208 0.00916215116 0.10813287031 0.57430036321 0.50184695755 0.52103754459 0.49078845058 0.51738516802 0.43838785848 0.58023021541 0.53840149956 0.47672368589 0.51492614492 0.67014985612 0.53465000450 0.44427533209 0.49716840099 0.36384511908 0.39512320676 0.65006929142 0.29936255574 0.59058961512 0.48646751072 0.49188229482 0.63615732296 0.61245091870 0.58602754398 0.80431928778 0.73073397957 1.23721597715 1.81854451713 -193.2340516010 0.00897473681   -2 
  57 0.00000450269 0.00089416524 -26.357407602 0.13893215507 0.00916200488 0.10813245610 0.57445817821 0.50190578158 0.52116005824 0.49077710948 0.51743374565 0.43845907567 0.58032535670 0.53847192973 0.47678297172 0.51498125292 0.67019365083 0.53472478718 0.44432971492 0.49722800635 0.36386901382 0.39510460318 0.65017771593 0.29948184794 0.59072088317 0.48652266120 0.49187640067 0.63636847020 0.61244553156 0.58613371455 0.80459190711 0.73092141942 1.23742317072 1.81879351845 -193.2339252106 0.00768983259   -2 
  58 0.00000450269 0.00089372994 -26.303619026 0.13907225153 0.00916147055 0.10813086652 0.57486285643 0.50216428001 0.52139649809 0.49082582547 0.51772341525 0.43884375192 0.58075476248 0.53880366205 0.47702787766 0.51514725376 0.67017736123 0.53497316068 0.44451436461 0.49743052455 0.36397035876 0.39508482904 0.65053082460 0.29990350200 0.59114651284 0.48673026138 0.49190643524 0.63703671319 0.61248870831 0.58650424614 0.80544572186 0.73153834898 1.23810825245 1.81957974743 -193.2334955848 0.01037554327   -2 
  59 0.00000450269 0.00089377628 -26.277404112 0.13912818234 0.00916123696 0.10813013350 0.57497090124 0.50228822129 0.52145849608 0.49088427461 0.51787846374 0.43903835036 0.58096120484 0.53896899617 0.47714593672 0.51521897202 0.67014682663 0.53508191322 0.44459661957 0.49752102101 0.36402138121 0.39509116122 0.65068199651 0.30008843842 0.59132571065 0.48682714269 0.49193600223 0.63731079809 0.61252837132 0.58666802919 0.80579310870 0.73179954664 1.23840486586 1.81991984393 -193.2333105031 0.00996048149   -2 
  60 0.00000450269 0.00089335044 -26.202439243 0.13929194562 0.00916057185 0.10812803791 0.57495874727 0.50258695248 0.52148008046 0.49112532689 0.51833849451 0.43960389158 0.58153078944 0.53944499915 0.47747922365 0.51539986861 0.67000026003 0.53536320668 0.44481508481 0.49776198857 0.36417408973 0.39514920021 0.65106649328 0.30057987265 0.59177579390 0.48709912573 0.49205950668 0.63797994356 0.61269034911 0.58710442031 0.80663158460 0.73246236472 1.23916851574 1.82078808409 -193.2328438125 0.00807537841   -2 
  61 0.00000450269 0.00089351022 -26.198292827 0.13929756209 0.00916054738 0.10812794339 0.57490487197 0.50256843918 0.52144878356 0.49116136491 0.51835048405 0.43961489570 0.58153350727 0.53945834652 0.47748959837 0.51540276029 0.66999343294 0.53536565471 0.44481962478 0.49776741060 0.36418428673 0.39516887662 0.65106649670 0.30058479680 0.59177163789 0.48710977999 0.49208155427 0.63796361881 0.61271846728 0.58711128302 0.80660684105 0.73245822912 1.23917248126 1.82079772115 -193.2327286463 0.00932755308   -2 
  62 0.00000450269 0.00089357079 -26.162475101 0.13938384154 0.00916028278 0.10812704551 0.57423552961 0.50226986670 0.52105766363 0.49150114717 0.51840139832 0.43965660172 0.58147263305 0.53953542564 0.47755624316 0.51540119555 0.66991159172 0.53534982692 0.44483940448 0.49779352383 0.36427954381 0.39538199785 0.65101195655 0.30058649276 0.59166633311 0.48719615695 0.49231416988 0.63769639226 0.61301375173 0.58713580753 0.80622207282 0.73232992528 1.23910927285 1.82076578726 -193.2319777400 0.00633865664   -2 
  63 0.00000450269 0.00089370471 -26.075283974 0.13959974618 0.00915965494 0.10812488787 0.57434577334 0.50179164481 0.52043246309 0.49192306268 0.51832760082 0.43959195406 0.58118137578 0.53956443258 0.47761430704 0.51533356616 0.66971423254 0.53523591031 0.44483216996 0.49779535476 0.36448422361 0.39589986027 0.65078874096 0.30050151472 0.59131030620 0.48735663363 0.49287371602 0.63689747775 0.61371518984 0.58711027745 0.80510305030 0.73187646260 1.23878320944 1.82046558991 -193.2310257090 0.00783460041   -2 
  64 0.00000450269 0.00089350616 -26.061488356 0.13963135313 0.00915955902 0.10812454921 0.57441061279 0.50182289274 0.52045253753 0.49189438552 0.51830075257 0.43956934890 0.58114417964 0.53955080095 0.47760977641 0.51531964404 0.66969359324 0.53521590676 0.44482615871 0.49778998627 0.36450915317 0.39596875867 0.65075426188 0.30048196247 0.59125668358 0.48737416553 0.49294915683 0.63678137128 0.61380719687 0.58710010692 0.80494532137 0.73180555919 1.23873210119 1.82041847486 -193.2308524179 0.01311177248   -2 
  65 0.00000450269 0.00089346888 -25.968336587 0.13979733759 0.00915898870 0.10812238254 0.57496022622 0.50224467918 0.52081940597 0.49158496751 0.51813498807 0.43942294152 0.58095065489 0.53945358835 0.47757200170 0.51524043802 0.66960275834 0.53509830575 0.44478825003 0.49775625025 0.36466241120 0.39639636714 0.65054881687 0.30034844492 0.59092735353 0.48748082793 0.49342014135 0.63606280339 0.61437707785 0.58703255833 0.80397897223 0.73136243832 1.23843420024 1.82017048253 -193.2298502378 0.00667398767   -2 
  66 0.00000450269 0.00089343123 -25.980307167 0.13976049065 0.00915908170 0.10812268938 0.57462078146 0.50217971820 0.52082609461 0.49160027854 0.51818701483 0.43945897618 0.58103216200 0.53947190611 0.47757575248 0.51526582169 0.66965339793 0.53513159240 0.44479727532 0.49776489896 0.36463169410 0.39631162083 0.65060232402 0.30036587062 0.59100056470 0.48745974929 0.49333053243 0.63621334836 0.61426376165 0.58704508935 0.80419145086 0.73145296844 1.23852114506 1.82027381025 -193.2296636541 0.00675775832   -2 
  67 0.00000450269 0.00089352463 -25.981196070 0.13975068242 0.00915909866 0.10812272737 0.57454897042 0.50217559098 0.52084446488 0.49159405850 0.51820087492 0.43946752454 0.58105673018 0.53947547434 0.47757588252 0.51527300450 0.66967030302 0.53514041190 0.44479949214 0.49776714194 0.36462544524 0.39629451684 0.65061580837 0.30036751928 0.59101705473 0.48745553394 0.49331318487 0.63624553631 0.61424081709 0.58704749138 0.80423877096 0.73147192159 1.23854447509 1.82030576588 -193.2296198642 0.00346901118   -2 
  68 0.00000450269 0.00089345129 -25.975130181 0.13973157571 0.00915909851 0.10812264101 0.57434488554 0.50219491637 0.52097631234 0.49149339863 0.51823846724 0.43948566360 0.58115605250 0.53947006234 0.47756235344 0.51529565911 0.66974470161 0.53516856698 0.44480213332 0.49776968069 0.36460558447 0.39624675058 0.65065985913 0.30035655901 0.59106445178 0.48744043490 0.49326932004 0.63633392396 0.61417525721 0.58704741707 0.80438178925 0.73151788863 1.23862619163 1.82043090781 -193.2295236676 0.00424196928   -2 
  69 0.00000450269 0.00089350688 -25.971121148 0.13972492370 0.00915909142 0.10812257459 0.57432326376 0.50220790348 0.52102923479 0.49144967902 0.51825162582 0.43949162350 0.58119550947 0.53946640662 0.47755577726 0.51530470098 0.66977612333 0.53517977917 0.44480281246 0.49777033019 0.36459792867 0.39622909042 0.65067748311 0.30034987940 0.59108254496 0.48743443615 0.49325383969 0.63636684654 0.61415081739 0.58704648732 0.80443700557 0.73153416089 1.23865948430 1.82048318891 -193.2294915438 0.00465341388   -2 
  70 0.00000450269 0.00089329540 -25.943228565 0.13970920883 0.00915899468 0.10812204191 0.57438365023 0.50227091898 0.52130387564 0.49117301329 0.51830671987 0.43951314354 0.58141115372 0.53942990608 0.47750589761 0.51535077455 0.66995608822 0.53523949720 0.44480124928 0.49776798689 0.36455067099 0.39612597580 0.65077557011 0.30029994709 0.59118233028 0.48739539030 0.49316549824 0.63654969436 0.61400674643 0.58703373444 0.80475252283 0.73161836716 1.23884597686 1.82077582304 -193.2293281738 0.00433303614   -2 
  71 0.00000450269 0.00089336713 -25.939899105 0.13971343785 0.00915897438 0.10812196580 0.57443764382 0.50227303063 0.52129122116 0.49117745665 0.51830643680 0.43951346489 0.58141487173 0.53942884208 0.47750386725 0.51535332366 0.66996431920 0.53524282259 0.44480130947 0.49776808219 0.36454825533 0.39612112398 0.65078127160 0.30029472450 0.59118781105 0.48739332072 0.49316196904 0.63655899253 0.61399987455 0.58703256423 0.80476963677 0.73162222710 1.23885708466 1.82079210535 -193.2292915324 0.00539478583   -2 
  72 0.00000450269 0.00089325096 -25.918234930 0.13976713422 0.00915879895 0.10812140179 0.57478776651 0.50225697506 0.52112447079 0.49125009430 0.51828415872 0.43950599750 0.58139907533 0.53941903924 0.47749035541 0.51536135785 0.66999401759 0.53525565651 0.44479898809 0.49776572166 0.36453410101 0.39609571482 0.65080752312 0.30025825341 0.59121331272 0.48738015359 0.49314481626 0.63660264404 0.61396327140 0.58702215311 0.80485508402 0.73163669090 1.23890904250 1.82086081370 -193.2291077436 0.00356549503   -2 
  73 0.00000450269 0.00089334703 -25.857203211 0.13993109839 0.00915828071 0.10811975975 0.57426875319 0.50229638344 0.52082146928 0.49161452938 0.51826426838 0.43951375880 0.58129279974 0.53946275429 0.47751692050 0.51539353677 0.67002335128 0.53529240193 0.44481578568 0.49778672838 0.36453043923 0.39609016344 0.65086695926 0.30017601466 0.59126337401 0.48738010035 0.49315962841 0.63666314516 0.61395725507 0.58702002830 0.80497881638 0.73166709934 1.23903678395 1.82103467158 -193.2286829079 0.00397795436   -2 
  74 0.00000450269 0.00089303091 -25.723640926 0.14027846771 0.00915715208 0.10811616689 0.57440441967 0.50215114207 0.52077254301 0.49187021067 0.51822484728 0.43951573064 0.58111596954 0.53954121037 0.47758173306 0.51544038437 0.67002934473 0.53534944727 0.44485708220 0.49783849712 0.36454402887 0.39611676538 0.65096563519 0.30002763713 0.59134703970 0.48740430274 0.49322584586 0.63674816253 0.61400596000 0.58703818958 0.80515203582 0.73172926176 1.23927133382 1.82135089991 -193.2281357985 0.02165715617   -2 
  75 0.00000450269 0.00089317507 -25.512426980 0.14080987174 0.00915539423 0.10811050709 0.57467230840 0.50195485477 0.52074564988 0.49224697922 0.51818068141 0.43952812710 0.58086435479 0.53967314876 0.47769105074 0.51552147106 0.67005101693 0.53544601827 0.44492760477 0.49792637653 0.36456988445 0.39616409141 0.65112788479 0.29979867258 0.59148420515 0.48744833711 0.49333591028 0.63688687573 0.61409177080 0.58707391119 0.80542920925 0.73183516815 1.23965618498 1.82187841667 -193.2273102834 0.00737984361   -2 
  76 0.00000450269 0.00089283421 -25.011265183 0.14183424832 0.00915149959 0.10809736647 0.57403597367 0.50228617588 0.52149021038 0.49192800657 0.51841839766 0.43970182959 0.58105659016 0.54002933953 0.47801981617 0.51581698321 0.67036472185 0.53577551103 0.44518945086 0.49824363806 0.36472589512 0.39638520530 0.65161438804 0.29942171661 0.59190034516 0.48768490619 0.49370351456 0.63730651487 0.61448953147 0.58733097885 0.80613062247 0.73226939426 1.24082973502 1.82366909898 -193.2254048872 0.01564664002   -2 
  77 0.00000450269 0.00089253739 -24.930026267 0.14200276694 0.00915085636 0.10809520324 0.57395730256 0.50232971051 0.52159059424 0.49185979398 0.51846086177 0.43973244462 0.58110791474 0.54008555260 0.47807347465 0.51586744527 0.67042381808 0.53583195743 0.44523511374 0.49829871616 0.36475481135 0.39642494501 0.65169700095 0.29936737298 0.59197175792 0.48772860070 0.49376719807 0.63737920006 0.61456127650 0.58737994164 0.80624770776 0.73234788554 1.24102954054 1.82397665983 -193.2251725093 0.00777772188   -2 
  78 0.00000450270 0.00089199543 -24.632987738 0.14250764075 0.00914860411 0.10808739707 0.57454174262 0.50240816160 0.52162384246 0.49147981296 0.51874315868 0.43992644575 0.58170223379 0.54029927732 0.47829684931 0.51612315842 0.67083170847 0.53611265905 0.44547031810  0.4985766885 0.36493226426 0.39664430804 0.65207940440 0.29931901183 0.59231161939 0.48799160026 0.49407261224 0.63773696794 0.61495841679 0.58770020635 0.80674056548 0.73279023383 1.24194512230 1.82545163803 -193.2241738256 0.00571318990   -2 
  79 0.00000450270 0.00089178526 -24.562606766 0.14262794700 0.00914805877 0.10808552014 0.57464584918 0.50241934505 0.52161065885 0.49140966712 0.51881475678 0.43997819458 0.58186221103 0.54035165151 0.47835243407 0.51619005881 0.67094289832 0.53618607221 0.44553251453 0.49864973915 0.36498124527 0.39670333226 0.65217803742 0.29932177859 0.59240028943 0.48806396093 0.49415225013 0.63783148776 0.61506521257 0.58778983983 0.80686538887 0.73291034405 1.24217948163 1.82582988836 -193.2241086239 0.00578291718   -2 
  80 0.00000450270 0.00089170626 -24.450982530 0.14280742171 0.00914717054 0.10808249403 0.57463448961 0.50242628130 0.52151824974 0.49142888371 0.51895328406 0.44009092241 0.58219632030 0.54044870836 0.47845604539 0.51632864019 0.67118975708 0.53633719714 0.44566275270 0.49880055655 0.36509242402 0.39683054326 0.65237378769 0.29939747939 0.59258033445 0.48822692885 0.49431268552 0.63802860826 0.61529450309 0.58799801125 0.80710236933 0.73317402862 1.24263347472 1.82656456833 -193.2238902895 0.01116416705   -2 
  81 0.00000450270 0.00089132129 -24.319729391 0.14302996701 0.00914609178 0.10807887026 0.57456040979 0.50242358459 0.52139485273 0.49148155947 0.51911393324 0.44022693412 0.58259650123 0.54056334024 0.47857972042 0.51649743658 0.67149266693 0.53652199819 0.44582328983 0.49898600905 0.36523186420 0.39698887288 0.65261301098 0.29950534957 0.59280196640 0.48843131048 0.49451057489 0.63827270124 0.61557987947 0.58826039035 0.80739120663 0.73350335848 1.24318649566 1.82745609886 -193.2236822995 0.00446552782   -2 
  82 0.00000450270 0.00089163774 -24.360355048 0.14307388563 0.00914607621 0.10807941976 0.57429427638 0.50247192724 0.52157275718 0.49197686035 0.51900889338 0.44022149914 0.58238870401 0.54056294420 0.47857551170 0.51651977898 0.67152185119 0.53655498905 0.44586701718 0.49902958859 0.36530125530 0.39705008845 0.65265402512 0.29973603560 0.59286100405 0.48853160447 0.49456501591 0.63835759635 0.61568560918 0.58840550513 0.80743763257 0.73364549138 1.24323809189 1.82746407632 -193.2232362161 0.01362017392   -2 
  83 0.00000450270 0.00089152511 -24.376673831 0.14309706185 0.00914605638 0.10807961831 0.57420417284 0.50248174648 0.52163131463 0.49216165762 0.51896684781 0.44021874227 0.58230803572 0.54056183558 0.47857354665 0.51652891050 0.67153417819 0.53656883974 0.44588564553 0.49904825035 0.36533085612 0.39707641807 0.65267178721 0.29983324420 0.59288648491 0.48857452453 0.49458887657 0.63839406744 0.61573127263 0.58846750558 0.80745825898 0.73370645969 1.24326190334 1.82747121505 -193.2230515237 0.00475606166   -2 
  84 0.00000450270 0.00089156988 -24.420014172 0.14315628860 0.00914590904 0.10807999088 0.57471283912 0.50249066746 0.52166709581 0.49247555032 0.51893737969 0.44025076845 0.58220341175 0.54059908698 0.47860319203 0.51660085036 0.67164325984 0.53665896928 0.44598620689 0.49915411701 0.36546878213 0.39720557013 0.65278739581 0.30023266243 0.59302547287 0.48877487696 0.49471734207 0.63857816290 0.61595586673 0.58875054990 0.80759592281 0.73399690024 1.24346538312 1.82769937553 -193.2226441103 0.00405057152   -2 
  85 0.00000450270 0.00089140795 -24.437849798 0.14315892031 0.00914582704 0.10808010850 0.57472882015 0.50254290776 0.52165782371 0.49243557165 0.51901077836 0.44029851727 0.58227461034 0.54065271523 0.47864664973 0.51666278620 0.67173576018 0.53672900366 0.44605547708 0.49922913495 0.36555433368 0.39728852948 0.65287607567 0.30046070595 0.59312161795 0.48889886759 0.49480521839 0.63869906704 0.61609889458 0.58892244118 0.80770270013 0.73417772691 1.24363543999 1.82793538915 -193.2224887295 0.01289842335   -2 
  86 0.00000450270 0.00089153452 -24.493717987 0.14314582259 0.00914557568 0.10808048252 0.57477226634 0.50274454109 0.52164599788 0.49227515283 0.51928149311 0.44046894752 0.58254788160 0.54084437586 0.47880163358 0.51687700672 0.67205462363 0.53696882382 0.44628958012 0.49948328513 0.36583971498 0.39756617992 0.65317854729 0.30121438797 0.59344609153 0.48931211773 0.49510087807 0.63910480434 0.61657681951 0.58949404067 0.80806650826 0.73478080341 1.24421803412 1.82875450979 -193.2219856064 0.00171851858   -2 
  87 0.00000450270 0.00089146047 -24.495558898 0.14312049423 0.00914552738 0.10808042523 0.57470586351 0.50271876011 0.52173530779 0.49223508358 0.51932117593 0.44049569296 0.58264488521 0.54088013598 0.47883807408 0.51690501376 0.67208150774 0.53699824813 0.44631646559 0.49951365404 0.36587006596 0.39759883337 0.65322014519 0.30129001674 0.59348708786 0.48935559864 0.49514380395 0.63915167094 0.61662841457 0.58955022060 0.80812589662 0.73483965492 1.24430193726 1.82887753924 -193.2219526070 0.00340142888   -2 
  88 0.00000450270 0.00089148791 -24.495779997 0.14311031823 0.00914551022 0.10808039903 0.57469314986 0.50271126775 0.52176789772 0.49222316182 0.51933459577 0.44050501677 0.58267972459 0.54089279781 0.47885125413 0.51691453752 0.67208992510 0.53700812741 0.44632536236 0.49952377293 0.36587991044 0.39760965118 0.65323431871 0.30131414046 0.59350085413 0.48936964561 0.49515856044 0.63916712748 0.61664517016 0.58956806096 0.80814664037 0.73485831142 1.24433059899 1.82891967482 -193.2219415491 0.00100900179   -2 
  89 0.00000450270 0.00089142834 -24.493137578 0.14308992079 0.00914543533 0.10808024951 0.57477087611 0.50269726383 0.52182405172 0.49221269037 0.51934479805 0.44051761272 0.58275398542 0.54091411633 0.47888036541 0.51692659606 0.67208737227 0.53702022003 0.44633646902 0.49953717303 0.36589206676 0.39762592538 0.65325701545 0.30134377735 0.59352217130 0.48938652694 0.49518816821 0.63918830180 0.61666582282 0.58958567577 0.80818951012 0.73487488498 1.24437719213 1.82898365291 -193.2219291254 0.00055270762   -2 
  90 0.00000450270 0.00089143141 -24.488981994 0.14308837549 0.00914532729 0.10808003386 0.57478474745 0.50273606733 0.52181117452 0.49223965441 0.51933927799 0.44052030568 0.58277610732 0.54092148946 0.47889668452 0.51692829138 0.67207440728 0.53702117382 0.44633737642 0.49953916416 0.36589240911 0.39763057969 0.65326476109 0.30134341245 0.59352881836 0.48938605930 0.49520546530 0.63919166031 0.61666593844 0.58957922761 0.80821437054 0.73486538602 1.24439175203 1.82899663498 -193.2219235787 0.00212313734   -2 
  91 0.00000450270 0.00089137781 -24.483427288 0.14308833317 0.00914517637 0.10807973493 0.57479678710 0.50278392601 0.52179236709 0.49227463093 0.51933107817 0.44052324872 0.58280356805 0.54093051005 0.47891787738 0.51692999278 0.67205640440 0.53702190856 0.44633818299 0.49954137260 0.36589250618 0.39763650252 0.65327455212 0.30134222562 0.59353724554 0.48938490629 0.49522848175 0.63919559233 0.61666545426 0.58956980920 0.80824723862 0.73485173354 1.24441005159 1.82901176323 -193.2219163489 0.00066658934   -2 
  92 0.00000450270 0.00089133808 -24.445424173 0.14314622599 0.00914400611 0.10807748394 0.57470529074 0.50273103255 0.52178883365 0.49238965915 0.51933004570 0.44054386059 0.58286776568 0.54097394642 0.47901708929 0.51694455430 0.67199545495 0.53703006779 0.44634287231 0.49955389734 0.36588802105 0.39766722036 0.65332807056 0.30131057623 0.59358283455 0.48936968366 0.49536284779 0.63921339991 0.61665405653 0.58950027041 0.80843279245 0.73476127901 1.24450898330 1.82908871090 -193.2218826011 0.00149313463   -2 
  93 0.00000450270 0.00089129930 -24.441543193 0.14315722206 0.00914386943 0.10807722900 0.57471995858 0.50272390570 0.52179086732 0.49238300860 0.51933116829 0.44054436029 0.58286558144 0.54097513170 0.47902096285 0.51694570619 0.67199514370 0.53703105354 0.44634348532 0.49955508465 0.36588773084 0.39766970248 0.65333199750 0.30130721418 0.59358649316 0.48936861128 0.49537380115 0.63921516436 0.61665349454 0.58949489340 0.80844671982 0.73475491486 1.24451669750 1.82909625206 -193.2218763014 0.00250129976   -2 
  94 0.00000450270 0.00089129842 -24.418184144 0.14322497016 0.00914304451 0.10807569170 0.57485989588 0.50269227997 0.52181464194 0.49231564874 0.51934522786 0.44054743888 0.58284122382 0.54097945322 0.47903376080 0.51695461808 0.67200934522 0.53703973391 0.44634906381 0.49956382173 0.36588744263 0.39768399549 0.65335449721 0.30128804066 0.59360786171 0.48936476673 0.49543334885 0.63922743976 0.61665334879 0.58946879942 0.80852047421 0.73472596843 1.24456271486 1.82914953516 -193.2218409720 0.00134532192   -2 
  95 0.00000450270 0.00089134314 -24.415338759 0.14323694968 0.00914291803 0.10807546612 0.57475708535 0.50272770794 0.52182332123 0.49229239344 0.51935680691 0.44054957018 0.58283103112 0.54097818668 0.47901876485 0.51696090022 0.67204022843 0.53704763049 0.44635471274 0.49956950435 0.36589143322 0.39768547105 0.65335726632 0.30128927184 0.59361105689 0.48937130606 0.49542866786 0.63923452833 0.61666218983 0.58948080400 0.80851185519 0.73474472190 1.24457304440 1.82918129007 -193.2218237164 0.00221937703   -2 
  96 0.00000450271 0.00089132068 -24.414656908 0.14324104969 0.00914288218 0.10807540409 0.57473137293 0.50273533077 0.52182418316 0.49228541098 0.51935929820 0.44054971562 0.58282750226 0.54097725442 0.47901367224 0.51696240610 0.67204905093 0.53704970289 0.44635624329 0.49957098912 0.36589258744 0.39768569771 0.65335764801 0.30128975161 0.59361166935 0.48937327313 0.49542655802 0.63923645990 0.61666480914 0.58948467064 0.80850823315 0.73475068344 1.24457533087 1.82918971241 -193.2218194341 0.00063726217   -2 
  97 0.00000450271 0.00089132667 -24.409301054 0.14327293437 0.00914258742 0.10807490146 0.57480717258 0.50274330639 0.52180869757 0.49224053975 0.51937329640 0.44054849389 0.58279640608 0.54096507134 0.47895285915 0.51697710997 0.67214224812 0.53707205548 0.44637381822 0.49958733851 0.36590748256 0.39768568447 0.65335799295 0.30130054339 0.59361517846 0.48939960320 0.49538705649 0.63925874240 0.61669884369 0.58954046914 0.80844810733 0.73483333199 1.24459554797 1.82928008978 -193.2218051824 0.00076503277   -2 
  98 0.00000450271 0.00089130931 -24.408297992 0.14327705404 0.00914253616 0.10807481241 0.57479558749 0.50274188504 0.52180970090 0.49224096329 0.51937509008 0.44054923395 0.58279552026 0.54096501236 0.47894647250 0.51697983532 0.67215401675 0.53707591271 0.44637699238 0.49959041829 0.36591025742 0.39768607764 0.65335906948 0.30130271488 0.59361649210 0.48940441812 0.49538100672 0.63926304705 0.61670503293 0.58955026944 0.80843993547 0.73484742997 1.24460075089 1.82929610763 -193.2218032822 0.00139056248   -2 
  99 0.00000450271 0.00089133009 -24.402222845 0.14329601940 0.00914224925 0.10807430905 0.57472047169 0.50273571869 0.52182232427 0.49225422581 0.51938651090 0.44055572539 0.58279742688 0.54096844678 0.47891641926 0.51699641805 0.67221664578 0.53709854297 0.44639563331 0.49960876039 0.36592649038 0.39768918243 0.65336731638 0.30131551788 0.59362547290 0.48943232401 0.49534839352 0.63928853847 0.61674089148 0.58960621362 0.80839764828 0.73492740438 1.24463379309 1.82939010590 -193.2217935530 0.00062862485   -2 
 100 0.00000450271 0.00089133991 -24.397019062 0.14330627192 0.00914202414 0.10807389874 0.57475832050 0.50272873427 0.52182918969 0.49227791338 0.51938698978 0.44056112954 0.58281201805 0.54097676732 0.47891608357 0.51700563193 0.67223144159 0.53711107049 0.44640733751 0.49962072643 0.36593773285 0.39769294525 0.65337648630 0.30132535041 0.59363418882 0.48945147044 0.49533109334 0.63930668161 0.61676517564 0.58964306464 0.80838139351 0.73497754533 1.24466089624 1.82944423641 -193.2217878878 0.00230507869   -2 
 101 0.00000450271 0.00089127371 -24.386524586 0.14332868464 0.00914156084 0.10807305730 0.57483076041 0.50271383884 0.52184086877 0.49232469649 0.51938640111 0.44057151052 0.58284170783 0.54099352075 0.47891753484 0.51702343595 0.67225707518 0.53713548081 0.44643051038 0.49964445237 0.36596027674 0.39770061982 0.65339505385 0.30134527097 0.59365183651 0.48948989646 0.49529679364 0.63934307114 0.61681384216 0.58971693355 0.80835009182 0.73507764508 1.24471532957 1.82955029156 -193.2217777075 0.00089950913   -2 
 102 0.00000450271 0.00089129201 -24.388840379 0.14332353913 0.00914166315 0.10807324305 0.57480030975 0.50272323812 0.52183856620 0.49231167836 0.51938768649 0.44056966494 0.58283567352 0.54099063508 0.47892041358 0.51701931965 0.67224830713 0.53712950766 0.44642496184 0.49963890475 0.36595497837 0.39769932953 0.65339165263 0.30134072839 0.59364842118 0.48948072576 0.49530663901 0.63933467162 0.61680218293 0.58969875425 0.80836092126 0.73505248515 1.24470366892 1.82952419423 -193.2217760860 0.00070165136   -2 
 103 0.00000450271 0.00089128277 -24.389071376 0.14332319924 0.00914167162 0.10807325848 0.57478848542 0.50272771701 0.52183807102 0.49230826638 0.51938832026 0.44056966730 0.58283536892 0.54099085059 0.47892323002 0.51701862587 0.67224459193 0.53712833631 0.44642401138 0.49963804395 0.36595418434 0.39769949439 0.65339179030 0.30134017686 0.59364841200 0.48947926717 0.49530935059 0.63933351484 0.61680028657 0.58969548821 0.80836504184 0.73504755139 1.24470273544 1.82951899982 -193.2217752938 0.00067724379   -2 
 104 0.00000450271 0.00089129502 -24.389078148 0.14332248541 0.00914167226 0.10807325852 0.57475925342 0.50274317461 0.52183814004 0.49230015816 0.51939116420 0.44057080475 0.58283698161 0.54099327999 0.47893402866 0.51701765821 0.67223322086 0.53712603313 0.44642232568 0.49963675880 0.36595294774 0.39770077713 0.65339391913 0.30133960168 0.59364986006 0.48947672278 0.49531714367 0.63933202782 0.61679689876 0.58968876879 0.80837842577 0.73503658136 1.24470363245 1.82950858062 -193.2217738216 0.00041279814   -2 
 105 0.00000450271 0.00089128448 -24.388784480 0.14332334530 0.00914165780 0.10807323323 0.57476633854 0.50274159030 0.52183777158 0.49230030288 0.51939098721 0.44057099719 0.58283770176 0.54099385247 0.47893577681 0.51701776872 0.67223163227 0.53712611013 0.44642254351 0.49963705244 0.36595328497 0.39770118495 0.65339467079 0.30134003218 0.59365051987 0.48947723671 0.49531764675 0.63933265363 0.61679751044 0.58968945571 0.80838002661 0.73503710480 1.24470490523 1.82950908198 -193.2217733766 0.00063347275   -2 
 106 0.00000450271 0.00089128202 -24.386739939 0.14332744733 0.00914156539 0.10807306975 0.57480620584 0.50273750829 0.52183726927 0.49230066152 0.51939167301 0.44057320351 0.58284372435 0.54099888821 0.47895007355 0.51701886155 0.67221975974 0.53712661655 0.44642391055 0.49963905742 0.36595538465 0.39770435756 0.65340059212 0.30134280775 0.59365554459 0.48948023977 0.49532302873 0.63933675672 0.61680103764 0.58969263492 0.80839399858 0.73503844395 1.24471438057 1.82951193918 -193.2217713436 0.00052339263   -2 
 107 0.00000450271 0.00089123652 -24.379409170 0.14334234787 0.00914122457 0.10807246289 0.57478911343 0.50275237186 0.52184326997 0.49230001098 0.51940060150 0.44058360717 0.58286666662 0.54101946401 0.47900603638 0.51702429107 0.67217858921 0.53712895193 0.44642874774 0.49964660129 0.36596254783 0.39771739069 0.65342462372 0.30135263221 0.59367574798 0.48948979106 0.49534938986 0.63935151209 0.61681210812 0.58969959323 0.80845467783 0.73503650045 1.24475281574 1.82952468558 -193.2217649024 0.00258076703   -2 
 108 0.00000450271 0.00089124207 -24.364485100 0.14337056701 0.00914054117 0.10807124198 0.57475764993 0.50278496713 0.52185796872 0.49230083387 0.51942019963 0.44060531370 0.58291323276 0.54106131999 0.47911738684 0.51703620483 0.67209969622 0.53713464531 0.44643902090 0.49966236599 0.36597719568 0.39774387263 0.65347346131 0.30137247834 0.59371681629 0.48950929247 0.49540281821 0.63938168533 0.61683481141 0.58971387397 0.80857690903 0.73503321591 1.24483143180 1.82955409732 -193.2217512118 0.00068143707   -2 
 109 0.00000450271 0.00089120073 -24.354676895 0.14339455868 0.00914006640 0.10807039933 0.57476750945 0.50278303586 0.52186349494 0.49230576755 0.51942975072 0.44061565358 0.58293025881 0.54107980310 0.47916492292 0.51704531236 0.67207868743 0.53714117233 0.44644664623 0.49967318131 0.36598669192 0.39776043496 0.65350185810 0.30138506581 0.59374188234 0.48952203130 0.49543630079 0.63940124216 0.61684998700 0.58972363929 0.80864764265 0.73503415821 1.24487968776 1.82958550052 -193.2217464332 0.00189590205   -2 
 110 0.00000450271 0.00089117536 -24.328412602 0.14345784406 0.00913879954 0.10806814890 0.57480523715 0.50277639030 0.52187970431 0.49232202870 0.51945577988 0.44064295997 0.58297303780 0.54112726202 0.47928349500 0.51707085516 0.67203430610 0.53716032258 0.44646778586 0.49970272335 0.36601222160 0.39780444763 0.65357682572 0.30141852959 0.59380839746 0.48955632668 0.49552486780 0.63945377689 0.61689104464 0.58975039294 0.80883268931 0.73503872483 1.24500848938 1.82967653273 -193.2217383269 0.00085754592   -2 
 111 0.00000450271 0.00089121644 -24.311850250 0.14350747976 0.00913794043 0.10806662818 0.57479367408 0.50277368188 0.52188872881 0.49235223917 0.51946550399 0.44064888980 0.58296095216   0.541125729 0.47924183270 0.51709686051 0.67214630167 0.53719062831 0.44648896297 0.49972697342 0.36602940302 0.39782688478 0.65360655891 0.30143706707 0.59384050240 0.48958067195 0.49556434839 0.63948847737 0.61692275935 0.58977671077 0.80888678663 0.73507043147 1.24507808760 1.82981542182 -193.2217180535 0.00425409409   -2 
 112 0.00000450272 0.00089114183 -24.262886330 0.14366024619 0.00913536567 0.10806207755 0.57474672938 0.50276067284 0.52191019206 0.49243844959 0.51949086962 0.44066386791 0.58292034799 0.54111693668 0.47910681281 0.51717353129 0.67248781183 0.53728117345 0.44655197689 0.49979877291 0.36608022463 0.39789256449 0.65369200087 0.30149173417 0.59393409173 0.48965291238 0.49567939057 0.63959110224 0.61701710688 0.58985555479 0.80903979352 0.73516723476 1.24528168332 1.83023157434 -193.2216753695 0.00085526239   -2 
 113 0.00000450272 0.00089111719 -24.268277559 0.14363867448 0.00913565328 0.10806258326 0.57479213709 0.50277732682 0.52190566066 0.49240911475 0.51948933261 0.44066407359 0.58294067726 0.54112375689 0.47912551258 0.51716387276 0.67243166791 0.53727182396 0.44654612473 0.49979131896 0.36607461186 0.39788269343 0.65367855154 0.30148413335 0.59392024895 0.48964563280 0.49565859935 0.63957970407 0.61700842507 0.58985066384 0.80900336448 0.73516669605 1.24525660696 1.83018925267 -193.2216704380 0.00115489316   -2 
 114 0.00000450272 0.00089112850 -24.269273094 0.14363356934 0.00913570897 0.10806268036 0.57480317512 0.50278252163 0.52190534840 0.49240208962 0.51948961398 0.44066457899 0.58294665893 0.54112597381 0.47912943962 0.51716213280 0.67241943495 0.53727037104 0.44654530131 0.49979011944 0.36607361743 0.39788052470 0.65367560999 0.30148250183 0.59391725802 0.48964443956 0.49565358663 0.63957766640 0.61700714166 0.58985037944 0.80899382936 0.73516817486 1.24525182206 1.83018258097 -193.2216692095 0.00042238337   -2 
 115 0.00000450272 0.00089110682 -24.270260995 0.14362014246 0.00913576123 0.10806276859 0.57481316121 0.50280519812 0.52190750256 0.49237285504 0.51949434712 0.44066936916 0.58297833436 0.54113831039 0.47913490279 0.51716023063 0.67238480046 0.53727243193 0.44654791612 0.49979110589 0.36607320278 0.39787337375 0.65366518031 0.30147782419 0.59390773624 0.48964546081 0.49563196915 0.63957653887 0.61701056167 0.58985906709 0.80894326916 0.73519265207 1.24524338637 1.83019174431 -193.2216668746 0.00061083609   -2 
 116 0.00000450272 0.00089111455 -24.270226762 0.14361929640 0.00913575921 0.10806276503 0.57481264522 0.50280597692 0.52190804927 0.49237180646 0.51949488554 0.44066984804 0.58298050214 0.54113927490  0.4791349302 0.51716034810 0.67238322009 0.53727290861 0.44654835072 0.49979141913 0.36607331636 0.39787289828 0.65366450865 0.30147752827 0.59390713580 0.48964576565 0.49563025854 0.63957672730 0.61701114760 0.58986010659 0.80893905954 0.73519517679 1.24524322221 1.83019366304 -193.2216665213 0.00034033159   -2 
 117 0.00000450272 0.00089111075 -24.269034597 0.14361606759 0.00913565852 0.10806259366 0.57477944811 0.50279537156 0.52191316055 0.49237108985 0.51949941464 0.44067439882 0.58299830905 0.54114790854 0.47912893037 0.51716293601 0.67237517387 0.53728045199 0.44655502658 0.49979655837 0.36607568272 0.39786745237 0.65365655534 0.30147438867 0.59390035610 0.48965110119 0.49560872887 0.63958079470 0.61702054531 0.58987560743 0.80888444761 0.73523087901 1.24524305520 1.83022304518 -193.2216645876 0.00033258585   -2 
 118 0.00000450272 0.00089111599 -24.268684604 0.14361801269 0.00913562511 0.10806254210 0.57480036835 0.50279446415 0.52191054901 0.49237312805 0.51949782135 0.44067353121 0.58299474313 0.54114656093 0.47912708257 0.51716284508 0.67237694717 0.53728077761 0.44655554907 0.49979690328 0.36607597370 0.39786683290 0.65365567655 0.30147402524 0.59389959671 0.48965177529 0.49560617900 0.63958122977 0.61702166430 0.58987752686 0.80887871086 0.73523504010 1.24524266581 1.83022410536 -193.2216638002 0.00060341122   -2 
 119 0.00000450272 0.00089110765 -24.268468716 0.14361946252 0.00913560205 0.10806250631 0.57481040732 0.50279367195 0.52190884117 0.49237425658 0.51949675327 0.44067294447 0.58299250181 0.54114568539 0.47912582159 0.51716275425 0.67237796908 0.53728098802 0.44655589930 0.49979712569 0.36607616257 0.39786638159 0.65365502438 0.30147376045 0.59389903718 0.48965222721 0.49560436975 0.63958151001 0.61702242343 0.58987885150 0.80887461481 0.73523792695 1.24524235812 1.83022490623 -193.2216633988 0.00021759847   -2 
 120 0.00000450272 0.00089110806 -24.261757741 0.14364493059 0.00913496965 0.10806146038 0.57480996102 0.50280077854 0.52190037470 0.49240634741 0.51948888867 0.44066926593 0.58296267927 0.54113796519 0.47910181772 0.51716812801 0.67240811447 0.53729436550 0.44657042161 0.49980875814 0.36608403012 0.39785631554 0.65364356663 0.30146753426 0.59388843285 0.48966829076 0.49555607273 0.63959469840 0.61704844796 0.58992034661 0.80876476384 0.73532492766 1.24524862940 1.83027641557 -193.2216595954 0.00042414178   -2 
 121 0.00000450272 0.00089111499 -24.261351105 0.14364564649 0.00913493566 0.10806140356 0.57480809569 0.50280071321 0.52190117324 0.49240636367 0.51948935872 0.44066953016 0.58296296687 0.54113825842 0.47910152330 0.51716860086 0.67240924146 0.53729509821 0.44657116021 0.49980942589 0.36608448900 0.39785605129 0.65364354185 0.30146733131 0.59388831703 0.48966915546 0.49555422463 0.63959552658 0.61704978375 0.58992233557 0.80876093986 0.73532879387 1.24524971707 1.83027947224 -193.2216593418 0.00042317387   -2 
 122 0.00000450272 0.00089110903 -24.257285059 0.14365086894 0.00913459574 0.10806083693 0.57477227322 0.50279309597 0.52191388587 0.49239278157 0.51949787167 0.44067398122 0.58297675902 0.54114454494 0.47910449282 0.51717342441 0.67241525439 0.53730140045 0.44657748193 0.49981555457 0.36608888113 0.39785497743 0.65364641721 0.30146604408 0.59388960031 0.48967719505 0.49554081938 0.63960375182 0.61706184388 0.58993962435 0.80873691514 0.73536038747 1.24526348523 1.83030868856 -193.2216572703 0.00035073829   -2 
 123 0.00000450272 0.00089107815 -24.250864165 0.14365759587 0.00913405830 0.10805993919 0.57479558700 0.50278189613 0.52192343856 0.49236294892 0.51950987984 0.44068106228 0.58300622757 0.54115636554 0.47911733930 0.51717935319 0.67241400229 0.53730766108 0.44658416065 0.49982279228 0.36609473134 0.39785619402 0.65365554364 0.30146549677 0.59389558251 0.48968752101 0.49553065977 0.63961515084 0.61707656237 0.58995967272 0.80872810432 0.73539229498 1.24528698528 1.83034298671 -193.2216546050 0.00096674256   -2 
 124 0.00000450272 0.00089108318 -24.248651953 0.14365970978 0.00913387457 0.10805963200 0.57480467216 0.50277971457 0.52192639041 0.49235419338 0.51951390316 0.44068355771 0.58301608257 0.54116048922 0.47912198614 0.51718144317 0.67241358219 0.53730978749 0.44658638476 0.49982525177 0.36609672568 0.39785679721 0.65365893047 0.30146541592 0.59389787525 0.48969099278 0.49552777689 0.63961904956 0.61708145875 0.58996623585 0.80872646363 0.73540245452 1.24529522971 1.83035455176 -193.2216537150 0.00031041336   -2 
 125 0.00000450273 0.00089104900 -24.233111139 0.14369003970 0.00913242657 0.10805721278 0.57481049834 0.50284689378 0.52189837114 0.49238421215 0.51951778946 0.44069535085 0.58304858788 0.54118229077 0.47916157149 0.51719272674 0.67240236072 0.53731761585 0.44659456474 0.49983722592 0.36610852166 0.39787032776 0.65369305782 0.30147018985 0.59392507892 0.48970948241 0.49554071013 0.63964283808 0.61710461509 0.58999237138 0.80879383034 0.73542507276 1.24535399854 1.83040419660 -193.2216479348 0.00046646212   -2 
 126 0.00000450273 0.00089102419 -24.221726686 0.14372319731 0.00913124581 0.10805525702 0.57479548160 0.50280283095 0.52192076696 0.49242117669 0.51952125373 0.44070268962 0.58304624862 0.54119307438 0.47918149356 0.51720379269 0.67241283736 0.53732663194 0.44660123352 0.49984726958 0.36611750773 0.39788520972 0.65372090184 0.30147750144 0.59395000634 0.48972217357 0.49556623538 0.63966130829 0.61711937794 0.59000479755 0.80886802833 0.73542641064 1.24539999815 1.83044838431 -193.2216375698 0.00165643548   -2 
 127 0.00000450273 0.00089103822 -24.213613315 0.14374623066 0.00913040809 0.10805386896 0.57478810637 0.50277317245 0.52193768070 0.49244675918 0.51952435290 0.44070810902 0.58304449564 0.54120082971 0.47919523468 0.51721198396 0.67242146464 0.53733343921 0.44660619466 0.49985463889 0.36612397132 0.39789597025 0.65374077286 0.30148287573 0.59396789238 0.48973125513 0.49558488815 0.63967460296 0.61712994713 0.59001354418 0.80892100250 0.73542725895 1.24543301840 1.83048123814 -193.2216342555 0.00043555101   -2 
 128 0.00000450273 0.00089104760 -24.213665587 0.14374664568 0.00913039551 0.10805385134 0.57480110379 0.50279141003 0.52193413525 0.49243366474 0.51952572327 0.44070749269 0.58304285319 0.54119937559 0.47919059133 0.51721261533 0.67242700311 0.53733493034 0.44660702686 0.49985535744 0.36612408841 0.39789657580 0.65373970271 0.30148382940 0.59396789515 0.48973123047 0.49558736760 0.63967495669 0.61712996443 0.59001267441 0.80891978631 0.73542663756 1.24543293692 1.83048731475 -193.2216330235 0.00092551161   -2 
 129 0.00000450273 0.00089103456 -24.213737743 0.14374773750 0.00913037490 0.10805382174 0.57481320921 0.50281095089 0.52192973372 0.49241824757 0.51952706169 0.44070661363 0.58304063610 0.54119748551 0.47918495515 0.51721327189 0.67243346104 0.53733663252 0.44660797622 0.49985616881 0.36612421561 0.39789731527 0.65373838702 0.30148499359 0.59396789815 0.48973118371 0.49559042229 0.63967536235 0.61712995284 0.59001158444 0.80891846914 0.73542577026 1.24543278961 1.83049418209 -193.2216317799 0.00017620196   -2 
 130 0.00000450273 0.00089103354 -24.213505604 0.14374947625 0.00913029752 0.10805369568 0.57480703559 0.50282198743 0.52192972021 0.49240253479 0.51953116878 0.44070678521 0.58303912671 0.54119621858 0.47917662790 0.51721594338 0.67244669421 0.53734112506 0.44661070643 0.49985883348 0.36612514514 0.39789969140 0.65373777214 0.30148786175 0.59396945898 0.48973199610 0.49559787801 0.63967752577 0.61713106109 0.59001036766 0.80891914688 0.73542489063 1.24543599636 1.83051167446 -193.2216313498 0.00023545553   -2 
 131 0.00000450273 0.00089103670 -24.213412731 0.14374994899 0.00913027183 0.10805365444 0.57480538695 0.50282388119 0.52193003309 0.49239875539 0.51953240575 0.44070692498 0.58303883163 0.54119596366 0.47917426300 0.51721681381 0.67245066563 0.53734254299 0.44661158661 0.49985970113 0.36612546522 0.39790046681 0.65373767976 0.30148878298 0.59397000982 0.48973229219 0.49560024760 0.63967825902 0.61713146341 0.59001003890 0.80891948179 0.73542467430 1.24543717832 1.83051722728 -193.2216312750 0.00018127312   -2 
 132 0.00000450273 0.00089103670 -24.213412731 0.14374994899 0.00913027183 0.10805365444 0.57480538695 0.50282388119 0.52193003309 0.49239875539 0.51953240575 0.44070692498 0.58303883163 0.54119596366 0.47917426300 0.51721681381 0.67245066563 0.53734254299 0.44661158661 0.49985970113 0.36612546522 0.39790046681 0.65373767976 0.30148878298 0.59397000982 0.48973229219 0.49560024760 0.63967825902 0.61713146341 0.59001003890 0.80891948179 0.73542467430 1.24543717832 1.83051722728 -193.2216312750           NAN   -8 
 133 0.00000450273 0.00089103234 -24.213333077 0.14375033285 0.00913025298 0.10805362546 0.57480486488 0.50281919742 0.52193069078 0.49240036053 0.51953253501 0.44070709509 0.58303901254 0.54119609787 0.47917371874 0.51721721922 0.67245186458 0.53734317261 0.44661203948 0.49986016247 0.36612567844 0.39790092247 0.65373781645 0.30148932204 0.59397039513 0.48973251688 0.49560155395 0.63967873201 0.61713177150 0.59000996494 0.80891993135 0.73542467430 1.24543799673 1.83051989768 -193.2216311533 0.00034989743   -2 
 134 0.00000450273 0.00089103234 -24.213333077 0.14375033285 0.00913025298 0.10805362546 0.57480486488 0.50281919742 0.52193069078 0.49240036053 0.51953253501 0.44070709509 0.58303901254 0.54119609787 0.47917371874 0.51721721922 0.67245186458 0.53734317261 0.44661203948 0.49986016247 0.36612567844 0.39790092247 0.65373781645 0.30148932204 0.59397039513 0.48973251688 0.49560155395 0.63967873201 0.61713177150 0.59000996494 0.80891993135 0.73542467430 1.24543799673 1.83051989768 -193.2216311533           NAN   -8 
 135 0.00000450273 0.00089103676 -24.213304917 0.14375030310 0.00913024921 0.10805361950 0.57480513620 0.50281868666 0.52193092277 0.49240072703 0.51953264167 0.44070717872 0.58303912222 0.54119618173 0.47917365645 0.51721734083 0.67245215819 0.53734333462 0.44661215477 0.49986028311 0.36612573644 0.39790103061 0.65373788368 0.30148944017 0.59397050264 0.48973258200 0.49560183538 0.63967885637 0.61713185784 0.59000997425 0.80892005844 0.73542471132 1.24543823593 1.83052056121 -193.2216310555 0.00014254014   -2 
 136 0.00000450273 0.00089103676 -24.213304917 0.14375030310 0.00913024921 0.10805361950 0.57480513620 0.50281868666 0.52193092277 0.49240072703 0.51953264167 0.44070717872 0.58303912222 0.54119618173 0.47917365645 0.51721734083 0.67245215819 0.53734333462 0.44661215477 0.49986028311 0.36612573644 0.39790103061 0.65373788368 0.30148944017 0.59397050264 0.48973258200 0.49560183538 0.63967885637 0.61713185784 0.59000997425 0.80892005844 0.73542471132 1.24543823593 1.83052056121 -193.2216310555 0.00014254014   -5 
 137 0.00000450273 0.00089103299 -24.213218096 0.14375069327 0.00913022926 0.10805358760 0.57480468061 0.50281541929 0.52193139392 0.49240206153 0.51953274967 0.44070733299 0.58303928486 0.54119631065 0.47917313826 0.51721773256 0.67245329948 0.53734394926 0.44661260708 0.49986074453 0.36612595326 0.39790149267 0.65373802410 0.30148999338 0.59397089326 0.48973281574 0.49560316372 0.63967933557 0.61713216324 0.59000990052 0.80892049469 0.73542473595 1.24543893312 1.83052306865 -193.2216309798 0.00029855650   -2 
 138 0.00000450273 0.00089103299 -24.213218096 0.14375069327 0.00913022926 0.10805358760 0.57480468061 0.50281541929 0.52193139392 0.49240206153 0.51953274967 0.44070733299 0.58303928486 0.54119631065 0.47917313826 0.51721773256 0.67245329948 0.53734394926 0.44661260708 0.49986074453 0.36612595326 0.39790149267 0.65373802410 0.30148999338 0.59397089326 0.48973281574 0.49560316372 0.63967933557 0.61713216324 0.59000990052 0.80892049469 0.73542473595 1.24543893312 1.83052306865 -193.2216309798           NAN   -8 
 139 0.00000450273 0.00089103673 -24.213191458 0.14375067673 0.00913022546 0.10805358127 0.57480491370 0.50281512560 0.52193157476 0.49240235298 0.51953283970 0.44070740411 0.58303937911 0.54119638327 0.47917308111 0.51721784065 0.67245355874 0.53734409550 0.44661271277 0.49986085509 0.36612600735 0.39790159392 0.65373808527 0.30149010615 0.59397099311 0.48973287618 0.49560342947 0.63967945119 0.61713224721 0.59000990744 0.80892061502 0.73542475641 1.24543915456 1.83052364868 -193.2216309090 0.00011888156   -2 
 140 0.00000450274 0.00089103560 -24.212290803 0.14375367716 0.00913003767 0.10805327423 0.57480353594 0.50279591278 0.52193546597 0.49241282131 0.51953419188 0.44070900693 0.58304117527 0.54119782729 0.47916894177 0.51722150403 0.67246363594 0.53734975071 0.44661691431 0.49986513977 0.36612809401 0.39790589630 0.65373966736 0.30149524350 0.59397473119 0.48973512348 0.49561556925 0.63968403570 0.61713528124 0.59000947056 0.80892512962 0.73542484022 1.24544712942 1.83054649742 -193.2216307125 0.00014800501   -2 
 141 0.00000450274 0.00089103983 -24.211875539 0.14375495035 0.00912995442 0.10805313781 0.57480415078 0.50279693266 0.52193595293 0.49241478109 0.51953467524 0.44070958876 0.58304187467 0.54119843838 0.47916778255 0.51722284553 0.67246694964 0.53735182012 0.44661853706 0.49986679949 0.36612896194 0.39790762039 0.65374040594 0.30149735093 0.59397626800 0.48973608571 0.49562036832 0.63968589617 0.61713657720 0.59000941203 0.80892693784 0.73542509396 1.24545035388 1.83055481079 -193.2216305817 0.00040336876   -2 
 142 0.00000450274 0.00089102064 -24.205681178 0.14377623161 0.00912867658 0.10805105067 0.57480918424 0.50282178287 0.52193964215 0.49243898887 0.51954062999 0.44071747061 0.58305124021 0.54120685787 0.47915070936 0.51724217910 0.67251450427 0.53738205834 0.44664252752 0.49989131091 0.36614191079 0.39793340322 0.65375120336 0.30152915133 0.59399911089 0.48975047515 0.49569240660 0.63971363153 0.61715592622 0.59000848845 0.80895383646 0.73542882144 1.24549812140 1.83067615296 -193.2216286467 0.00022537033   -2 
 143 0.00000450274 0.00089102376 -24.205089976 0.14377797231 0.00912855951 0.10805085942 0.57481059490 0.50282327570 0.52194057429 0.49243931128 0.51954169814 0.44071837464 0.58305251170 0.54120800899 0.47915069892 0.51724372510 0.67251727162 0.53738423587 0.44664439323 0.49989326553 0.36614307291 0.39793546443 0.65375258463 0.30153171596 0.59400113850 0.48975185940 0.49569780614 0.63971604787 0.61715777298 0.59000891142 0.80895638411 0.73542974873 1.24550245508 1.83068475657 -193.2216285426 0.00029420216   -2 
 144 0.00000450274 0.00089100154 -24.196388413 0.14380433603 0.00912682593 0.10804802525 0.57482981985 0.50283519254 0.52195603392 0.49242882999 0.51955962562 0.44073204815 0.58307284718 0.54122668342 0.47916145362 0.51726400195 0.67254496240 0.53741113636 0.44666892335 0.49991935487 0.36615976984 0.39796328467 0.65377519618 0.30156676241 0.59403000607 0.48977242755 0.49576798213 0.63975020609 0.61718511920 0.59001860465 0.80899403477 0.73544744064 1.24556482715 1.83079046520 -193.2216271841 0.00025994070   -2 
 145 0.00000450274 0.00089100981 -24.196788176 0.14380248738 0.00912691588 0.10804817202 0.57482366941 0.50283207323 0.52195520313 0.49243015468 0.51955895955 0.44073152834 0.58307216652 0.54122621838 0.47916400912 0.51726236057 0.67254041848 0.53740820781 0.44666665052 0.49991710693 0.36615876687 0.39796084348 0.65377491066 0.30156372698 0.59402819248 0.48977147501 0.49576046313 0.63974792149 0.61718381144 0.59001959312 0.80899213670 0.73544821023 1.24556098924 1.83077906294 -193.2216269248 0.00047982556   -2 
 146 0.00000450274 0.00089100901 -24.197649465 0.14379870403 0.00912710637 0.10804848236 0.57480659339 0.50282301492 0.52195269347 0.49243293129 0.51955726599 0.44073026854 0.58307056257 0.54122526909 0.47917155186 0.51725817770 0.67252805948 0.53740059149 0.44666090301 0.49991147194 0.36615644135 0.39795478298 0.65377476232 0.30155626837 0.59402392109 0.48976942618 0.49574134250 0.63974249611 0.61718096717 0.59002271974 0.80898791408 0.73545097218 1.24555204114 1.83074963688 -193.2216263117 0.00018915614   -2 
 147 0.00000450274 0.00089101351 -24.198264255 0.14379517395 0.00912725822 0.10804873123 0.57479933682 0.50281411876 0.52194952453 0.49243395075 0.51955537643 0.44072893100 0.58306891411 0.54122458299 0.47918221841 0.51725329557 0.67251232103 0.53739134508 0.44665415636 0.49990496324 0.36615411736 0.39794781505 0.65377570956 0.30154777748 0.59401951577 0.48976773807 0.49571834169 0.63973678682 0.61717853239 0.59002774836 0.80898414234 0.73545589744 1.24554301006 1.83071443443 -193.2216260391 0.00023106584   -2 
 148 0.00000450274 0.00089100674 -24.198358012 0.14379440643 0.00912728774 0.10804878170 0.57480608309 0.50281305531 0.52194763648 0.49243198159 0.51955407164 0.44072803330 0.58306773626 0.54122398303 0.47918697415 0.51725094548 0.67250499977 0.53738701614 0.44665103836 0.49990197379 0.36615317415 0.39794466027 0.65377631748 0.30154398449 0.59401765504 0.48976719923 0.49570761343 0.63973437862 0.61717771408 0.59003050994 0.80898276200 0.73545869865 1.24553933766 1.83069811345 -193.2216257919 0.00047326158   -2 
 149 0.00000450274 0.00089101216 -24.198372094 0.14379356738 0.00912730671 0.10804881499 0.57481470493 0.50281338196 0.52194620625 0.49242980668 0.51955297795 0.44072725353 0.58306672811 0.54122349309 0.47919153283 0.51724880266 0.67249824767 0.53738297720 0.44664811410 0.49989918818 0.36615233468 0.39794167741 0.65377703964 0.30154036507 0.59401598249 0.48976678777 0.49569728509 0.63973218820 0.61717706529 0.59003334270 0.80898160439 0.73546160398 1.24553608257 1.83068301226 -193.2216254669 0.00013789544   -2 
 150 0.00000450274 0.00089100885 -24.198290593 0.14379346284 0.00912729748 0.10804880422 0.57481784642 0.50281541782 0.52194571867 0.49242767717 0.51955230263 0.44072671262 0.58306601540 0.54122305774 0.47919370540 0.51724761748 0.67249485545 0.53738075171 0.44664644078 0.49989760820 0.36615189138 0.39793993293 0.65377748279 0.30153820215 0.59401507682 0.48976664984 0.49569104602 0.63973099143 0.61717681446 0.59003523479 0.80898108902 0.73546352170 1.24553434689 1.83067525255 -193.2216253975 0.00017177423   -2 
 151 0.00000450274 0.00089101048 -24.198120514 0.14379330792 0.00912727515 0.10804877204 0.57482053758 0.50281894101 0.52194556774 0.49242486480 0.51955161979 0.44072609908 0.58306521819 0.54122254828 0.47919624326 0.51724624499 0.67249103748 0.53737809084 0.44664438496 0.49989568323 0.36615137674 0.39793773508 0.65377812680 0.30153541707 0.59401401510 0.48976656093 0.49568300483 0.63972956716 0.61717660596 0.59003781536 0.80898054031 0.73546613714 1.24553239213 1.83066614331 -193.2216253267 0.00013162130   -2 
 152 0.00000450274 0.00089100769 -24.197811753 0.14379341632 0.00912722450 0.10804869538 0.57481805051 0.50282325383 0.52194600758 0.49242153501 0.51955100898 0.44072541551 0.58306434084 0.54122188336 0.47919846997 0.51724483571 0.67248763380 0.53737528413 0.44664206894 0.49989353626 0.36615082352 0.39793513306 0.65377891291 0.30153198988 0.59401285942 0.48976657442 0.49567321162 0.63972800079 0.61717650376 0.59004117167 0.80898007942 0.73546945792 1.24553038382 1.83065706957 -193.2216252390 0.00019964453   -2 
 153 0.00000450274 0.00089101041 -24.197559358 0.14379345340 0.00912718323 0.10804863219 0.57481556285 0.50282585528 0.52194654212 0.49241955862 0.51955074994 0.44072503170 0.58306386460 0.54122148618 0.47919973799 0.51724401269 0.67248579234 0.53737356763 0.44664058710 0.49989217555 0.36615048158 0.39793340747 0.65377947182 0.30152965217 0.59401214492 0.48976663305 0.49566658935 0.63972701241 0.61717649547 0.59004352126 0.80897983188 0.73547177309 1.24552917452 1.83065169041 -193.2216251789 0.00011583072   -2 
 154 0.00000450274 0.00089100814 -24.197168241 0.14379386996 0.00912711058 0.10804852092 0.57480986524 0.50282509038 0.52194713008 0.49241860591 0.51955068077 0.44072471589 0.58306347764 0.54122100231 0.47919970878 0.51724352226 0.67248561464 0.53737245496 0.44663933542 0.49989105237 0.36615018611 0.39793172336 0.65377990673 0.30152713351 0.59401154116 0.48976677958 0.49565981512 0.63972615805 0.61717660609 0.59004608788 0.80897968453 0.73547418333 1.24552832569 1.83064920206 -193.2216250990 0.00021256597   -2 
 155 0.00000450274 0.00089101151 -24.196698175 0.14379428499 0.00912702406 0.10804838832 0.57480452955 0.50282350335 0.52194780064 0.49241804085 0.51955072850 0.44072445428 0.58306317304 0.54122052976 0.47919932825 0.51724315074 0.67248597364 0.53737151562 0.44663812456 0.49988998082 0.36614990322 0.39792999032 0.65378035134 0.30152444258 0.59401096890 0.48976697480 0.49565270327 0.63972533071 0.61717677283 0.59004884941 0.80897961254 0.73547676501 1.24552762400 1.83064757920 -193.2216250161 0.00012893829   -2 
 156 0.00000450274 0.00089100894 -24.195251790 0.14379636558 0.00912673966 0.10804795408 0.57480023511 0.50281325387 0.52194740214 0.49241864045 0.51955046042 0.44072364794 0.58306218229 0.54121893483 0.47919547165 0.51724272937 0.67248966116 0.53737046742 0.44663572458 0.49988788582 0.36614922825 0.39792596396 0.65378074444 0.30151761830 0.59400967661 0.48976746543 0.49563579285 0.63972351513 0.61717716736 0.59005547208 0.80897943620 0.73548264061 1.24552658667  1.8306489426 -193.2216248044 0.00024037815   -2 
 157 0.00000450275 0.00089101192 -24.194544734 0.14379734341 0.00912660090 0.10804774187 0.57479995216 0.50280890778 0.52194704448 0.49241911218 0.51955033151 0.44072330270 0.58306176497 0.54121822956 0.47919350151 0.51724261763 0.67249158218 0.53737016174 0.44663473440 0.49988703035 0.36614893595 0.39792419219 0.65378086619 0.30151451193 0.59400913246 0.48976770056 0.49562826493 0.63972274316 0.61717736467 0.59005844635 0.80897937233  0.7354852544 1.24552624394 1.83065021777 -193.2216247264 0.00015778825   -2 
 158 0.00000450275 0.00089100625 -24.193073175 0.14380008963 0.00912629399 0.10804727177 0.57480789975 0.50280461876 0.52194416122 0.49242029749 0.51954934857 0.44072247064 0.58306071708 0.54121678430 0.47918854326 0.51724263287 0.67249573842 0.53737053957 0.44663362179 0.49988608070 0.36614843279 0.39792154306 0.65378036077 0.30150921690 0.59400830549 0.48976801416 0.49561676840 0.63972163335 0.61717760802 0.59006294071 0.80897915148 0.73548888925 1.24552589989 1.83065571755 -193.2216245440 0.00026387172   -2 
 159 0.00000450275 0.00089100956 -24.192823777 0.14380049207 0.00912624185 0.10804719155 0.57480941677 0.50280511602 0.52194375635 0.49242057565 0.51954924592 0.44072241938 0.58306066900 0.54121668107 0.47918780191 0.51724273528 0.67249643010 0.53737079081 0.44663362526 0.49988609997 0.36614839608 0.39792130802 0.65378025462 0.30150856679 0.59400827495 0.48976807285 0.49561560338 0.63972158609 0.61717766782 0.59006344101 0.80897917657 0.73548926074 1.24552606422 1.83065708730 -193.2216244706 0.00015450435   -2 
 160 0.00000450275 0.00089100219 -24.190489243 0.14380589742 0.00912569720 0.10804634811 0.57481377447 0.50282685028 0.52193927543 0.49242255051 0.51954780767 0.44072247577 0.58306096724 0.54121697835 0.47918154838 0.51724461323 0.67250169564 0.53737569342 0.44663640318 0.49988877325 0.36614856818 0.39792220303 0.65377816850 0.30150593195 0.59400929632 0.48976842655 0.49561655493 0.63972296728 0.61717809523 0.59006375755 0.80897968693 0.73548838861 1.24552889709 1.83067639359 -193.2216239561 0.00018053390   -2 
 161 0.00000450275 0.00089100515 -24.189998165 0.14380693074 0.00912558059 0.10804616704 0.57481331069 0.50282938244 0.52193940079 0.49242306344 0.51954795622 0.44072276576 0.58306143491 0.54121742518 0.47918083766 0.51724521853 0.67250272766 0.53737694301 0.44663727514 0.49988962626 0.36614873274 0.39792274464 0.65377794782 0.30150579830 0.59400977761 0.48976859357 0.49561792598 0.63972356021 0.61717833277 0.59006356486 0.80898012241 0.73548802824 1.24553012410 1.83068103559 -193.2216238807 0.00026329261   -2 
 162 0.00000450275 0.00089099372 -24.183870664 0.14382113765 0.00912407339 0.10804382677 0.57479612689 0.50284576247 0.52194506757 0.49242871341 0.51955125606 0.44072729213 0.58306856100 0.54122443302 0.47917480593 0.51725348240 0.67251449091 0.53739344404 0.44664960089 0.49990168107 0.36615136589 0.39793138112 0.65377594747 0.30150632220 0.59401702432 0.48977100383 0.49564156593 0.63973243605 0.61718187253 0.59005945982 0.80898671268 0.73548226871 1.24554778536 1.83074115937 -193.2216229546 0.00033711078   -2 
 163 0.00000450276 0.00089099760 -24.179509587 0.14383110194 0.00912299325 0.10804214912 0.57479385639 0.50284657781 0.52195017213 0.49243227931 0.51955462629 0.44073095089 0.58307417416 0.54122999142 0.47917295820 0.51725955294 0.67252228663 0.53740474389 0.44665849140 0.49991046214 0.36615363036 0.39793808201 0.65377585825 0.30150766273 0.59402284465 0.48977318270 0.49565994993 0.63973946464 0.61718506751 0.59005673877 0.80899242233 0.73547890035 1.24556215783 1.83078233266 -193.2216196548 0.00075420136   -2 
 164 0.00000450277 0.00089096941 -24.168286125 0.14385787179 0.00912018002 0.10803777821 0.57479304752 0.50283978557 0.52196237075 0.49244022662 0.51956328716 0.44074022283 0.58308830359 0.54124418710 0.47916987209 0.51727496617 0.67254144034 0.53743310407 0.44668125438 0.49993299394 0.36615970187 0.39795565445 0.65377654553 0.30151178601 0.59403820777 0.48977910409 0.49570826919 0.63975798842 0.61719374766 0.59004990839 0.80900777653 0.73547074826 1.24559995605 1.83088589616 -193.2216179072 0.00053770468   -2 
 165 0.00000450277 0.00089096941 -24.168286125 0.14385787179 0.00912018002 0.10803777821 0.57479304752 0.50283978557 0.52196237075 0.49244022662 0.51956328716 0.44074022283 0.58308830359 0.54124418710 0.47916987209 0.51727496617 0.67254144034 0.53743310407 0.44668125438 0.49993299394 0.36615970187 0.39795565445 0.65377654553 0.30151178601 0.59403820777 0.48977910409 0.49570826919 0.63975798842 0.61719374766 0.59004990839 0.80900777653 0.73547074826 1.24559995605 1.83088589616 -193.2216179072           NAN   -8 
 166 0.00000450277 0.00089097671 -24.168270628 0.14385776836 0.00912017525 0.10803777054 0.57479597200 0.50283860273 0.52196208530 0.49244009668 0.51956352772 0.44074029692 0.58308835261 0.54124425118 0.47917080154 0.51727495829 0.67254130106 0.53743271545 0.44668111351 0.49993290727 0.36615985722 0.39795571409 0.65377722973 0.30151203949 0.59403843236 0.48977934595 0.49570823406 0.63975821051 0.61719407930 0.59005030773 0.80900823135 0.73547139144 1.24560049366 1.83088472834 -193.2216176163 0.00035928288   -2 
 167 0.00000450277 0.00089097171 -24.168282400 0.14385839927 0.00912011958 0.10803768456 0.57481995001 0.50282355875 0.52195699398 0.49243724146 0.51956481320 0.44074027375 0.58308768911 0.54124402537 0.47918033389 0.51727418779 0.67253877116 0.53742782663 0.44667915957 0.49993148921 0.36616133415 0.39795610769 0.65378413489 0.30151471031 0.59404043664 0.48978170902 0.49570754489 0.63976019941 0.61719732395 0.59005435665 0.80901260629 0.73547801051 1.24560506180 1.83086964463 -193.2216166369 0.00017595933   -2 
 168 0.00000450277 0.00089097986 -24.168256003 0.14385843986 0.00912004939 0.10803757230 0.57481198690 0.50282107847 0.52195574005 0.49243623581 0.51956677399 0.44074084566 0.58308795674 0.54124450389 0.47919038411 0.51727391502 0.67253708095 0.53742318824 0.44667733532 0.49993029957 0.36616319698 0.39795676096 0.65379207697 0.30151795168 0.59404302536 0.48978464633 0.49570697376 0.63976279346 0.61720132926 0.59005927338 0.80901800113 0.73548579564 1.24561041937 1.83085527513 -193.2216162769 0.00054090575   -2 
 169 0.00000450277 0.00089097565 -24.168250229 0.14385886489 0.00911994337 0.10803740345 0.57479976608 0.50281744827 0.52195361309 0.49243451344 0.51956928354 0.44074149681 0.58308808611 0.54124500000 0.47920495043 0.51727336942 0.67253439173 0.53741623459 0.44667455187 0.49992844200 0.36616591353 0.39795767409 0.65380366390 0.30152275733 0.59404676063 0.48978894354 0.49570606149 0.63976653830 0.61720718191 0.59006650722 0.80902587118 0.73549726154 1.24561819772 1.83083377345 -193.2216157885 0.00015731201   -2 
 170 0.00000450277 0.00089097057 -24.168203332 0.14386026708 0.00911973987 0.10803707580 0.57481641839 0.50282160143 0.52195283244 0.49243282515 0.51956956226 0.44074147330 0.58308729348 0.54124481046 0.47922198630 0.51727219492 0.67253063526 0.53740658610 0.44667020603 0.49992544382 0.36617006964 0.39795894578 0.65381971289 0.30153081225 0.59405210540 0.48979562137 0.49570440710 0.63977206553 0.61721613903 0.59007786654 0.80903741490 0.73551501213 1.24562882213 1.83080612247 -193.2216153216 0.00018333378   -2 
 171 0.00000450277 0.00089097299 -24.168195697 0.14386021963 0.00911973802 0.10803707299 0.57481595167 0.50282185231 0.52195313537 0.49243305213 0.51956958432 0.44074152656 0.58308740650 0.54124488124 0.47922166484 0.51727227219 0.67253081156 0.53740678520 0.44667028007 0.49992551230 0.36617007573 0.39795896370 0.65381959464 0.30153083029 0.59405211117 0.48979562798 0.49570443866 0.63977207821 0.61721614214 0.59007786773 0.80903739320 0.73551498781 1.24562883554 1.83080685981 -193.2216152924 0.00009151092    0 
-- Found new optimum with likelihood -193.221615292444028 and gradient 0.00009

---- Best joint likelihood found -193.221615292444028 with gradient 0.00009

---- Results for /scratch/40841675/tmpr4feojic 
--  Model: C
--        eps_an     theta_bar             a 
-- 0.00000450277 0.00089097299            -1 
--           S_d             b           p_b           S_b 
-- -24.168195697 0.14386021963 0.00911973802 0.10803707299 
--           r 2           r 3           r 4           r 5           r 6           r 7           r 8           r 9          r 10          r 11          r 12          r 13          r 14          r 15          r 16          r 17          r 18          r 19          r 20          r 21          r 22          r 23          r 24          r 25          r 26          r 27          r 28          r 29 
-- 0.57481595167 0.50282185231 0.52195313537 0.49243305213 0.51956958432 0.44074152656 0.58308740650 0.54124488124 0.47922166484 0.51727227219 0.67253081156 0.53740678520 0.44667028007 0.49992551230 0.36617007573 0.39795896370 0.65381959464 0.30153083029 0.59405211117 0.48979562798 0.49570443866 0.63977207821 0.61721614214 0.59007786773 0.80903739320 0.73551498781 1.24562883554 1.83080685981 

---- Expected P_neut(i), 0 < i < n (neutral SFS per site) 
E[P_neut(1)] = 0.0008909692
E[P_neut(2)] = 0.0002560718
E[P_neut(3)] = 0.0001493330
E[P_neut(4)] = 0.0001162611
E[P_neut(5)] = 0.0000877486
E[P_neut(6)] = 0.0000771535
E[P_neut(7)] = 0.0000560983
E[P_neut(8)] = 0.0000649392
E[P_neut(9)] = 0.0000535815
E[P_neut(10)] = 0.0000426973
E[P_neut(11)] = 0.0000418977
E[P_neut(12)] = 0.0000499338
E[P_neut(13)] = 0.0000368318
E[P_neut(14)] = 0.0000284265
E[P_neut(15)] = 0.0000296947
E[P_neut(16)] = 0.0000203905
E[P_neut(17)] = 0.0000208572
E[P_neut(18)] = 0.0000323632
E[P_neut(19)] = 0.0000141399
E[P_neut(20)] = 0.0000264643
E[P_neut(21)] = 0.0000207808
E[P_neut(22)] = 0.0000200756
E[P_neut(23)] = 0.0000247836
E[P_neut(24)] = 0.0000229137
E[P_neut(25)] = 0.0000210300
E[P_neut(26)] = 0.0000277246
E[P_neut(27)] = 0.0000242718
E[P_neut(28)] = 0.0000396375
E[P_neut(29)] = 0.0000562520

---- Expected P_sel(i), 0 < i < n (selected SFS per site) 
E[P_sel(1)] = 0.0007244644
E[P_sel(2)] = 0.0001890424
E[P_sel(3)] = 0.0001041176
E[P_sel(4)] = 0.0000779363
E[P_sel(5)] = 0.0000571099
E[P_sel(6)] = 0.0000490459
E[P_sel(7)] = 0.0000349726
E[P_sel(8)] = 0.0000398172
E[P_sel(9)] = 0.0000323818
E[P_sel(10)] = 0.0000254762
E[P_sel(11)] = 0.0000247144
E[P_sel(12)] = 0.0000291508
E[P_sel(13)] = 0.0000212992
E[P_sel(14)] = 0.0000162958
E[P_sel(15)] = 0.0000168857
E[P_sel(16)] = 0.0000115080
E[P_sel(17)] = 0.0000116887
E[P_sel(18)] = 0.0000180172
E[P_sel(19)] = 0.0000078230
E[P_sel(20)] = 0.0000145552
E[P_sel(21)] = 0.0000113654
E[P_sel(22)] = 0.0000109213
E[P_sel(23)] = 0.0000134140
E[P_sel(24)] = 0.0000123417
E[P_sel(25)] = 0.0000112744
E[P_sel(26)] = 0.0000147970
E[P_sel(27)] = 0.0000128986
E[P_sel(28)] = 0.0000209771
E[P_sel(29)] = 0.0000296520

---- alpha_dfe = 0.018409

