---- Running command
---- ./polyDFE -d /scratch/40841161/tmpucnfjwi5 -m C -i /scratch/40841161/tmpzzhoeif8 1 -v 1 
---- Performing inference using model C

---- Performing inference on /scratch/40841161/tmpucnfjwi5
----      with -i /scratch/40841161/tmpzzhoeif8 1
---- Data /scratch/40841161/tmpucnfjwi5 does not contain divergence counts. Using option -w.
---- No mutation variability. Using Poisson likelihood.


---- Using provided initial values

-- Starting local optimization
-- Optimizing all parameters
  it        eps_an     theta_bar           S_d             b           p_b           S_b           r 2           r 3           r 4           r 5           r 6           r 7           r 8           r 9          r 10          r 11          r 12          r 13          r 14          r 15          r 16          r 17          r 18          r 19           ln lk          grad status 
   0 0.00000449744  0.0008503307 -68.014330000     0.1127644   0.003905648    0.03800569     0.5669393     0.5649833     0.5475162     0.4995644     0.5648594     0.6039999     0.4662727     0.5802472     0.5323765     0.5838853     0.5587549     0.5490204     0.5681745     0.5012596     0.6027202     0.6738647     0.7739941      1.427315 -161.0670236780 0.88097348570   -2 
   1 0.00000449744 0.00087308092 -67.924203459 0.11275023277 0.00390566690 0.03800572719 0.59612075558 0.58215118137 0.54166569738 0.47936608984 0.57338217986 0.59130692146 0.45718765676 0.59148850060 0.51933617590 0.57339568056 0.54280829462 0.54549442512 0.56696081895 0.50398328212 0.61044371688 0.68379589503 0.79078975248 1.42731545088 -156.3620368449 1.89997500199   -2 
   2 0.00000449745 0.00084252221 -68.162924860 0.11448521511 0.00390521393 0.03800575884 0.65265951816 0.61644620942 0.52722407029 0.43642263257 0.59109481915 0.56276669233 0.43672772457 0.61633206065 0.49040178909 0.54967186044 0.50775760472 0.53701282775 0.56363536324 0.50977314504 0.62768613127 0.70608963901 0.82914654166 1.42507959790 -147.6194027962 0.58743495256   -2 
   3 0.00000449747 0.00084815035 -68.141550103 0.11430772379 0.00390534259 0.03800608212 0.58921558044 0.62214258233 0.52936737284 0.40699941637 0.61379686681 0.54093061803 0.41535926450 0.65178537023 0.45760087744 0.52312229987 0.46528277267 0.52800451055 0.56172328100 0.52064879122 0.65644807875 0.74274549034 0.89043280799 1.43303587908 -141.6952597325 0.60574702002   -2 
   4 0.00000449747 0.00085759737 -68.087022328 0.11407131310 0.00390541552 0.03800611836 0.58779549222 0.62077452849 0.52976721745 0.40563870715 0.61493125400 0.53970200811 0.41377107535 0.65431131585 0.45504120776 0.52103365300 0.46181414490 0.52723784319 0.56155722141  0.5216324249 0.65901145486 0.74598934461 0.89578879835 1.43366426939 -141.3101142644 0.33837249281   -2 
   5 0.00000449748 0.00085696862 -68.050025940 0.11380666398 0.00390553246 0.03800632174 0.60577187787 0.58680774694 0.52968766339 0.40515524868 0.60980370644 0.53496141251 0.40379930029 0.66216110631 0.43831360289 0.50690094005 0.43796322768 0.52073080336 0.55901006930 0.52763285877 0.67536041198 0.76650508895 0.92917893695 1.43183463945 -139.7651163426 0.13826580862   -2 
   6 0.00000449748 0.00085205029 -68.063004498 0.11358104348 0.00390560648 0.03800641440 0.60111092933 0.59115904200 0.52833583466 0.40953182703 0.60327553402 0.53604104131 0.40146258075 0.65885189785 0.43341907896 0.50261252583 0.42952616701 0.51789717084 0.55743350202 0.52945024831 0.68028039917 0.77240552473 0.93780241452 1.42830824176 -139.5392033047 0.39036619351   -2 
   7 0.00000449748 0.00085715140 -68.020854215 0.11305186948 0.00390576852 0.03800653784 0.59651432766 0.59740103938 0.52699431311 0.41512336270 0.59572779414 0.53763664009 0.39884176421 0.65475652843 0.42775231245 0.49764933528 0.41962350797 0.51455227913 0.55557955677 0.53169005519 0.68626381519 0.77955340092 0.94814097485 1.42424916588 -139.2776114987 0.05435058819   -2 
   8 0.00000449748 0.00085765911 -68.056173412 0.11285765981 0.00390582862 0.03800661572 0.60056163425 0.59705422660 0.52645514901 0.41658073445 0.59426072518 0.53843844988 0.39835476544 0.65138077169 0.42597962516 0.49602699018 0.41539572867 0.51284967978 0.55436339135 0.53229266466 0.68781238799 0.78116631664 0.94962999018 1.42126675486 -139.2444300326 0.08746538970   -2 
   9 0.00000449748 0.00085639560 -68.076078173 0.11284011080 0.00390583493 0.03800663608 0.60129769073 0.59678281929 0.52632621892 0.41682198716 0.59403186829 0.53860187826 0.39827186256 0.65053253074 0.42560099583 0.49567393239 0.41440545119 0.51243154277 0.55404848173 0.53240543231 0.68810105183 0.78144163804 0.94978434772 1.42049308841 -139.2367686217 0.02756950478   -2 
  10 0.00000449748 0.00085725453 -68.244264318 0.11251552312 0.00390593757 0.03800683064 0.60022192824 0.59338010136 0.52697809675 0.41591080449 0.59691103209 0.53935551363 0.39899691048 0.64617186294 0.42504058396 0.49506691954 0.40989010537 0.51032050948 0.55218083838 0.53252259351 0.68803477270 0.78068933818 0.94638319045 1.41655007771 -139.2162076383 0.02357566901   -2 
  11 0.00000449748 0.00085682552 -68.266083754 0.11250394894 0.00390594169 0.03800684827 0.60002122255 0.59347690511 0.52691486947 0.41577989882 0.59697197474 0.53930675161 0.39903785102 0.64603225389 0.42504631089 0.49505948421 0.40968123463 0.51020312124 0.55206055324 0.53248520022 0.68793465519 0.78053062725 0.94603563733 1.41632648316 -139.2151120905 0.02790703109   -2 
  12 0.00000449748 0.00085740990 -68.446937297 0.11231446772 0.00390600287 0.03800701074 0.59861457241 0.59532074192 0.52626468087 0.41461450809 0.59720333497 0.53872275104 0.39938643781 0.64540175081 0.42524287112 0.49512846166 0.40824884861 0.50934466988 0.55112917528 0.53208976850 0.68690904501 0.77900347364 0.94296560635 1.41477473257 -139.2080742599 0.01529025346   -2 
  13 0.00000449748 0.00085721982 -68.750147122 0.11208729078 0.00390607785 0.03800725981 0.59986345303 0.59534354740 0.52536987449 0.41350786569 0.59629108377 0.53764765098 0.39953535922 0.64553993388 0.42555088088 0.49524269022 0.40719028956 0.50852122659 0.55012435674 0.53135194138 0.68527664893 0.77682161917 0.93933668276 1.41329278219 -139.2032455504 0.02547704540   -2 
  14 0.00000449748 0.00085761422 -68.757463997 0.11207167007 0.00390608256 0.03800726749 0.59982666875 0.59527146256 0.52540170660 0.41353673819 0.59627070199 0.53764809714 0.39952559076 0.64556824698 0.42555350227 0.49524325618 0.40720597764 0.50852415269 0.55012307517 0.53133786273 0.68525610224 0.77680223089 0.93933279944 1.41330804214 -139.2025668102 0.01465580940   -2 
  15 0.00000449748 0.00085784963 -68.898428671 0.11196427521 0.00390611718 0.03800737641 0.59859574345 0.59383573330 0.52579167958 0.41398626103 0.59585743088 0.53762053399 0.39930178330 0.64589275158 0.42552702165 0.49518486298 0.40748701467 0.50856839507 0.55010570317 0.53110199113 0.68494601701 0.77653225914 0.93937884135 1.41342552102 -139.1996863878 0.00918188562   -2 
  16 0.00000449748 0.00085738344 -69.117399773 0.11185035631 0.00390615470 0.03800753653 0.59902930712 0.59347598273 0.52574077300 0.41426948179 0.59533311018 0.53745843041 0.39896017837 0.64603219256 0.42541302321 0.49502113195 0.40781114982 0.50856006639 0.55001817639 0.53074027578 0.68448429761 0.77611388831 0.93933251433 1.41323008140 -139.1981321015 0.03559719743   -2 
  17 0.00000449748 0.00085787672 -69.563042744 0.11158616467 0.00390624057 0.03800786740 0.60000139199 0.59296337095 0.52565059079 0.41482839579 0.59434087597 0.53715181355 0.39828441253 0.64631460218 0.42518820233 0.49469789247 0.40847036574 0.50854853122 0.54984771328 0.53001588153 0.68356462398 0.77528361418 0.93925271379 1.41285742309 -139.1952326383 0.01701930763   -2 
  18 0.00000449748 0.00085763072 -69.514784748 0.11162643513 0.00390622800 0.03800782971 0.59929798556 0.59345352451 0.52562203198 0.41459527581 0.59469198739 0.53721862362 0.39843822460 0.64617991944 0.42522165813 0.49475158996 0.40832202492 0.50853223884 0.54986440610 0.53014728722 0.68374250032 0.77544062198 0.93923020905 1.41286325504 -139.1940346895 0.02092344869   -2 
  19 0.00000449748 0.00085794441 -69.501050746 0.11163162695 0.00390622632 0.03800782026 0.59896247376 0.59376354642 0.52560884870 0.41446524120 0.59489574438 0.53725638170 0.39851658800 0.64610531426 0.42523666634 0.49477660327 0.40825130721 0.50852267426 0.54987056366 0.53020701451 0.68382684377 0.77551526109 0.93921603234 1.41286016478 -139.1934491260 0.00759120616   -2 
  20 0.00000449748 0.00085777996 -69.569590824 0.11161917764 0.00390623166 0.03800786582 0.59865860720 0.59427754965 0.52549089506 0.41414353067 0.59526051356 0.53727492851 0.39861156912 0.64588181802 0.42521977980 0.49476823351 0.40814397458 0.50846865939 0.54983328871 0.53023106368 0.68388286406 0.77555344022 0.93910999573 1.41268872700 -139.1928869082 0.01534927302   -2 
  21 0.00000449748 0.00085804367 -69.613652218 0.11160058191 0.00390623813 0.03800789704 0.59861109792 0.59450841152 0.52543822235 0.41398071092 0.59544809573 0.53728591621 0.39865993315 0.64576633319 0.42520954153 0.49476216509 0.40809062911 0.50843948368 0.54981212184 0.53023887841 0.68390769062 0.77556943902 0.93905314590 1.41259688778 -139.1925277877 0.01039258035   -2 
  22 0.00000449748 0.00085791392 -70.006562499 0.11147589266 0.00390628394 0.03800816923 0.59908558990 0.59507351344 0.52508626499 0.41299542940 0.59639288451 0.53727971178 0.39890518392 0.64498939315 0.42509523522 0.49466340309 0.40775158830 0.50820775925 0.54962063771 0.53020645849 0.68396513969 0.77556584028 0.93859790036 1.41184151366 -139.1907523295 0.01507201781   -2 
  23 0.00000449748 0.00085827013 -70.146163391 0.11141594899 0.00390630488 0.03800826887 0.59925530430 0.59505337306 0.52503700087 0.41277583115 0.59658778684 0.53727739707 0.39896877507 0.64479357673 0.42505988919 0.49463178661 0.40765517371 0.50813835277 0.54956148912 0.53018908492 0.68397279020 0.77555607717 0.93846428964 1.41162942386 -139.1901953259 0.02010160189   -2 
  24 0.00000449748 0.00085837424 -71.460559936 0.11090414569 0.00390648689 0.03800919007 0.60018432473 0.59370192894 0.52480123223 0.41134763701 0.59754975121 0.53717050603 0.39939090937 0.64331884372 0.42472778301 0.49431721882 0.40686293599 0.50752998839 0.54902431823 0.52996839926 0.68392680294 0.77536157568 0.93729955891 1.40980928408 -139.1854793714 0.02505569648   -2 
  25 0.00000449748 0.00085947846 -72.120739113 0.11059770163 0.00390659325 0.03800965813 0.59985346315 0.59317353357 0.52484941719 0.41113826218 0.59747259477 0.53708865241 0.39948266959 0.64291388794 0.42458016362 0.49416811707 0.40655381936 0.50727475029 0.54878747136 0.52983624556 0.68384042884 0.77521424171 0.93682140284 1.40911108082 -139.1824015600 0.05556809644   -2 
  26 0.00000449749 0.00086024770 -76.278330339 0.10885401954 0.00390721057 0.03801249140 0.59644997849 0.59005956086 0.52506698591 0.41045000844 0.59605563939 0.53640646012 0.39978202631 0.64080147912 0.42365436875 0.49320387187 0.40477392685 0.50574250113 0.54733441979 0.52894301159 0.68312491651 0.77413299228 0.93394412787 1.40492431017 -139.1618526027 0.04804766132   -2 
  27 0.00000449749 0.00086172004 -78.061132412 0.10810833182 0.00390747580 0.03801366706 0.59557878704 0.58929954243 0.52504529642 0.41034991245 0.59524359452 0.53605986781 0.39978696193 0.64008735454 0.42326701676 0.49278703370 0.40409289377 0.50512822929 0.54673670131 0.52853773755 0.68274332420 0.77360431885 0.93278635855 1.40324670248 -139.1563588470 0.04964240075   -2 
  28 0.00000449750 0.00086470951 -87.488076276 0.10458999659 0.00390875988 0.03801945609 0.59278986343 0.58691581904 0.52426062259 0.41021362066 0.59051896697 0.53401154679 0.39935143066 0.63690268931 0.42128746681 0.49060428910 0.40088556093 0.50211032560 0.54374094837 0.52636660270 0.68048911877 0.77062457168 0.92705682543 1.39488509442 -139.1374147044 0.08611825022   -2 
  29 0.00000449750 0.00086368551 -90.174242638 0.10372224985 0.00390908681 0.03802098438 0.59269771718 0.58667823912 0.52377778964 0.41017680342 0.58921316601 0.53335636495 0.39906907496 0.63613126700 0.42073618685 0.48997722911 0.40009152929 0.50131395671 0.54292775571 0.52572513556 0.67974834573 0.76969156431 0.92552519772 1.39261692663 -139.1259528969 0.07725120388   -2 
  30 0.00000449751 0.00086573883 -102.65842155 0.09997328956 0.00391052770 0.03802756998 0.59666637183 0.58833820346 0.52076989992 0.41014080316 0.58389840362 0.53023293893 0.39709693530 0.63344614487 0.41833547658 0.48715704486 0.39705603758 0.49802390149 0.53945196692 0.52271842503 0.67595697669 0.76510557961 0.91912752743 1.38309327170 -139.0774463497 0.03186971143   -2 
  31 0.00000449751 0.00086519247 -104.08044985 0.09962107808 0.00391066956 0.03802826620 0.59679584495 0.58868199797 0.52034795499 0.41003793794 0.58374483387 0.52987000260 0.39664933947 0.63333925454 0.41808456205 0.48683121848 0.39688871994 0.49774047980 0.53910739632 0.52231864561 0.67535049939 0.76443344310 0.91854972164 1.38222067665 -139.0747690234 0.04418119135   -2 
  32 0.00000449751 0.00086651460 -109.94340005 0.09819894027 0.00391124729 0.03803105669 0.59695521552 0.59044318096 0.51867475522 0.40948656854 0.58408700877 0.52845996790 0.39443685878 0.63334526382 0.41712862977 0.48552325202 0.39656447777 0.49678172867 0.53782317729 0.52059418442 0.67257289269  0.7614427984 0.91653422277 1.37918518265 -139.0628219242 0.02844169428   -2 
  33 0.00000449752 0.00086684950 -113.24370428 0.09746120977 0.00391155302 0.03803256254 0.59673627273 0.59109253894 0.51786099615 0.40913293065 0.58444316241 0.52772924078 0.39317303928 0.63340019199 0.41662636211 0.48482099262 0.39647554624 0.49630799095 0.53715559579 0.51963663204 0.67100144153 0.75977062746 0.91551767392 1.37764708762 -139.0607822018 0.02895730837   -2 
  34 0.00000449752 0.00086721523 -114.79408715 0.09721724633 0.00391166846 0.03803326832 0.59463225932 0.58836085134 0.51854498321 0.40859419827 0.58567247903 0.52776042792 0.39222395407 0.63369000918 0.41653213032 0.48457817613 0.39708265050 0.49643964160 0.53707346730 0.51903685323 0.66983432684 0.75867742622 0.91562980890 1.37776928769 -139.0495358290 0.04256164708   -2 
  35 0.00000449752 0.00086792057 -115.03648752 0.09717069970 0.00391168962 0.03803338156 0.59441742433 0.58793311092 0.51868352199 0.40849780376 0.58588688443 0.52778463417 0.39206457567 0.63374053336 0.41652555132 0.48454614744 0.39721331275 0.49647951132 0.53707375100 0.51893587330 0.66963251393 0.75849418875 0.91567815258 1.37782878534 -139.0478355621 0.01103591947   -2 
  36 0.00000449752 0.00086796311 -115.30984023 0.09719512169 0.00391169300 0.03803352327 0.59544886317 0.58746079707 0.51884730498 0.40810837281 0.58601960001 0.52789486479 0.39170272510 0.63363652284 0.41655875352 0.48451133955 0.39777882122 0.49670618067 0.53717345934 0.51866921222 0.66907302045 0.75803163203 0.91596976726 1.37808126857 -139.0460566038 0.00715570737   -2 
  37 0.00000449752 0.00086788211 -115.40287266 0.09720821584 0.00391169344 0.03803357549 0.59567473683 0.58742706147 0.51889316818 0.40797116609 0.58604412120 0.52794454879 0.39157115862 0.63359024338 0.41657853565 0.48450499934 0.39802516127 0.49680852767 0.53722382715 0.51856478913 0.66885378838 0.75785595712 0.91610283253 1.37819795580 -139.0458943229 0.00986497740   -2 
  38 0.00000449752 0.00086814720 -115.53015799 0.09722049286 0.00391169721 0.03803365584 0.59578647506 0.58758619456 0.51895517362 0.40779396711 0.58606310895 0.52803722276 0.39138621037 0.63352520259 0.41662173203 0.48450938089 0.39844193169 0.49698838621 0.53732070578 0.51840672001 0.66852068707 0.75759863842 0.91634096534 1.37841790870 -139.0455363898 0.01321667284   -2 
  39 0.00000449752 0.00086804047 -115.69639182 0.09724265945 0.00391170075 0.03803376323 0.59570902146 0.58786934803 0.51900869851 0.40758488592 0.58606232376 0.52815568574 0.39115363249 0.63343664015 0.41668200881 0.48451917692 0.39900933971 0.49723326146 0.53745497441 0.51819733592 0.66808303122 0.75726467485 0.91666215492 1.37870794605 -139.0450863273 0.00773804045   -2 
  40 0.00000449752 0.00086821876 -115.75726644 0.09724045428 0.00391170666 0.03803381155 0.59552295152 0.58803642968 0.51901463573 0.40755576222 0.58605287572 0.52820396858 0.39108789688 0.63341768399 0.41671379046 0.48453412392 0.39924961349 0.49734016911 0.53751938376 0.51812194291 0.66792881984 0.75715587135 0.91680203527 1.37883740434 -139.0449134860 0.00771685841   -2 
  41 0.00000449752 0.00086813875 -115.79675978 0.09723827850 0.00391171130 0.03803384643 0.59532522471 0.58813732199 0.51899897775 0.40756634452 0.58603384664 0.52822826443 0.39106040574 0.63340997625 0.41673609828 0.48454727326 0.39940946376 0.49741102684 0.53756406967 0.51807631778 0.66783971068 0.75709745700 0.91689138530 1.37891460103 -139.0448041303 0.00392530522   -2 
  42 0.00000449752 0.00086822003 -115.81660166 0.09722480324 0.00391171943 0.03803387660 0.59517907099 0.58817121933 0.51896403942 0.40763999990 0.58600803838 0.52823250336 0.39108117717 0.63342343982 0.41675505076 0.48456551510 0.39951042274 0.49745702351 0.53759869078 0.51806053026 0.66781788040 0.75709631487 0.91694463258 1.37895493741 -139.0447426334 0.00492052184   -2 
  43 0.00000449752 0.00086813595 -115.83379315 0.09721200051 0.00391172752 0.03803390686 0.59506108981 0.58816859248 0.51891771850 0.40772850797 0.58597449182 0.52822633066 0.39111492146 0.63343867165 0.41677164678 0.48458350213 0.39959601803 0.49749503944 0.53762925766 0.51805120656 0.66781273617 0.75710899440 0.91698366008 1.37897573249 -139.0446910132 0.00367463851   -2 
  44 0.00000449752 0.00086816585 -115.85583799 0.09718209491 0.00391174480 0.03803396368 0.59502313585 0.58810853081 0.51883481546 0.40790991042 0.58591347135 0.52820049267 0.39120305415 0.63347448798 0.41679806788 0.48461721572 0.39971543316 0.49754719408 0.53767691249 0.51805105259 0.66784275091 0.75716453966 0.91702741379 1.37898130108 -139.0446191064 0.00467172461   -2 
  45 0.00000449752 0.00086806155 -115.86974832 0.09716570083 0.00391175514 0.03803400056 0.59503994288 0.58805587138 0.51878403100 0.40801972643 0.58587346526 0.52817812216 0.39126270369 0.63349463376 0.41681213202 0.48463667876 0.39978033756 0.49757398539 0.53770306730 0.51805371795 0.66786924665 0.75720477825 0.91704388020 1.37896958584 -139.0445798413 0.00298908329   -2 
  46 0.00000449752 0.00086806285 -115.88090231 0.09715010501 0.00391176550 0.03803403853 0.59515749481 0.58800969499 0.51875857704 0.40810622831 0.58584570268 0.52815235408 0.39132615474 0.63351257308 0.41682177831 0.48465316438 0.39982021670 0.49758830567 0.53772139793 0.51806382395 0.66791153229 0.75725516522 0.91704137864 1.37893814488 -139.0445456980 0.00273340445   -2 
  47 0.00000449752 0.00086799885 -115.88597600 0.09714607596 0.00391176929 0.03803405546 0.59521513628 0.58799507807 0.51875659735 0.40813084051 0.58583786010 0.52813991090 0.39135308404 0.63351774368 0.41682377583 0.48465838580 0.39982809230 0.49758947047 0.53772581095 0.51807013713 0.66793393211 0.75727879923 0.91703250349 1.37891606138 -139.0445282303 0.00180795376   -2 
  48 0.00000449752 0.00086802779 -115.88919351 0.09714437520 0.00391177228 0.03803407129 0.59526830051 0.58800962570 0.51877957355 0.40812727835 0.58584602547 0.52813231159 0.39137459537 0.63352080291 0.41682286384 0.48466081953 0.39981765085 0.49758254562 0.53772446280 0.51808050326 0.66796178725 0.75730371734 0.91701422912 1.37889058473 -139.0445169280 0.00246409960   -2 
  49 0.00000449752 0.00086795985 -115.89918106 0.09714431699 0.00391177937 0.03803411617 0.59538147470 0.58805375714 0.51884805169 0.40810327643 0.58587234532 0.52811158455 0.39143109301 0.63352607615 0.41681812645 0.48466529785 0.39977954284 0.49755859313 0.53771709515 0.51811053309 0.66804092202 0.75737248896 0.91695728721 1.37881459201 -139.0444958163 0.00148163135   -2 
  50 0.00000449752 0.00086800336 -115.89894228 0.09714487031 0.00391177958 0.03803411860 0.59532754700 0.58805948659 0.51884893420 0.40809816325 0.58587919959 0.52811831000 0.39142832293 0.63352820954 0.41681855978 0.48466579417 0.39977442548 0.49755755572 0.53771669136 0.51811302145 0.66804329046 0.75737369326 0.91695897516 1.37882368043 -139.0444882178 0.00202363822   -2 
  51 0.00000449752 0.00086799253 -115.89979804 0.09714704118 0.00391177993 0.03803412521 0.59525925720 0.58806556580 0.51885188600 0.40808814747 0.58588864936 0.52812535202 0.39142721480 0.63353016833 0.41681829736 0.48466609405 0.39976396007 0.49755385110 0.53771495030 0.51811804963 0.66805098528 0.75737883949 0.91695640154 1.37882948104 -139.0444805532 0.00071293944   -2 
  52 0.00000449752 0.00086803074 -115.90534942 0.09715279332 0.00391178533 0.03803416800 0.59520881082 0.58808254535 0.51887783307 0.40804522405 0.58592306977 0.52813894628 0.39144146105 0.63353589106 0.41681464831 0.48466746652 0.39971128912 0.49753092650 0.53770487116 0.51814606319 0.66810481471 0.75741934627  0.9169262855 1.37881934601 -139.0444793214 0.00147017358   -2 
  53 0.00000449752 0.00086800667 -115.90672892 0.09715426064 0.00391178637 0.03803417715 0.59521197268 0.58808177603 0.51888045772 0.40803793790 0.58592716914 0.52814004857 0.39144429607 0.63353612915 0.41681364947 0.48466741518 0.39970095783 0.49752619029 0.53770263343 0.51815128454 0.66811504666 0.75742692967 0.91691964162 1.37881525092 -139.0444764499 0.00112918441   -2 
  54 0.00000449752 0.00086802276 -115.91155431 0.09715684255 0.00391179239 0.03803421979 0.59528716909 0.58807512725 0.51888762894 0.40801708131 0.58593868564 0.52814256114 0.39145759407 0.63353801282 0.41681028609 0.48466807340 0.39966023724 0.49750795434 0.53769455914 0.51817319210 0.66815771925 0.75745929988 0.91689448523 1.37879997634 -139.0444675898 0.00090569654   -2 
  55 0.00000449752 0.00086800954 -115.91292008 0.09715757980 0.00391179400 0.03803423122 0.59530073420 0.58807319468 0.51888840773 0.40801325219 0.58594041507 0.52814278232 0.39146084561 0.63353838349 0.41680948711 0.48466824668 0.39965036620 0.49750357225 0.53769263903 0.51817855896 0.66816806183 0.75746714426 0.91688855752 1.37879603948 -139.0444666436 0.00035121875   -2 
  56 0.00000449752 0.00086800792 -115.92488022 0.09715478596 0.00391181637 0.03803436322 0.59527511949 0.58808598415 0.51888592023 0.40802872649 0.58593898526 0.52814463244 0.39149209210 0.63355057847 0.41680844893 0.48467574902 0.39957531245 0.49747507818 0.53768389181 0.51822770002 0.66825674905 0.75753778874 0.91685641557 1.37878592171 -139.0444624346 0.00026149825   -2 
  57 0.00000449752 0.00086801093 -115.92419295 0.09715484642 0.00391181521 0.03803435618 0.59527793840 0.58808473960 0.51888609262 0.40802796567 0.58593892612 0.52814447781 0.39148980065 0.63354969340 0.41680859122 0.48467527573 0.39958057265 0.49747717675 0.53768459008 0.51822435917 0.66825047348 0.75753278353 0.91685892235 1.37878709117 -139.0444623603 0.00014077376   -2 
  58 0.00000449752 0.00086800496 -115.92582301 0.09715413646 0.00391181874 0.03803437513 0.59528594777 0.58807885029 0.51888509232 0.40803063705 0.58593626109 0.52814352154 0.39148719830 0.63354826138 0.41680916844 0.48467527977 0.39958319807 0.49747914449 0.53768559520 0.51822345150 0.66824617170 0.75752910765 0.91686286269 1.37879044675 -139.0444621613 0.00031571215   -2 
  59 0.00000449752 0.00086800809 -115.92736670 0.09715329775 0.00391182224 0.03803439400 0.59529246050 0.58807459929 0.51888448434 0.40803323123 0.58593411483 0.52814281938 0.39148505081 0.63354718967 0.41680975728 0.48467539981 0.39958528694 0.49748088183 0.53768655256 0.51822292786 0.66824274005 0.75752618825 0.91686636796 1.37879364758 -139.0444620025 0.00015212828   -2 
  60 0.00000449752 0.00086800809 -115.92736670 0.09715329775 0.00391182224 0.03803439400 0.59529246050 0.58807459929 0.51888448434 0.40803323123 0.58593411483 0.52814281938 0.39148505081 0.63354718967 0.41680975728 0.48467539981 0.39958528694 0.49748088183 0.53768655256 0.51822292786 0.66824274005 0.75752618825 0.91686636796 1.37879364758 -139.0444620025           NAN   -8 
  61 0.00000449752 0.00086800450 -115.92835771 0.09715306528 0.00391182413 0.03803440480 0.59528673784 0.58807660767 0.51888452969 0.40803383412 0.58593389649 0.52814269354 0.39148484872 0.63354709379 0.41680990899 0.48467551119 0.39958497217 0.49748104585 0.53768673509 0.51822339155 0.66824274799 0.75752612388 0.91686683720 1.37879436583 -139.0444618910 0.00028936722   -2 
  62 0.00000449752 0.00086800951 -115.93074588 0.09715222295 0.00391182899 0.03803443250 0.59527524645 0.58808176184 0.51888496427 0.40803545426 0.58593362303 0.52814256613 0.39148443866 0.63354705462 0.41681036257 0.48467588279 0.39958424874 0.49748153422 0.53768726873 0.51822461750 0.66824290348 0.75752606662 0.91686826753 1.37879657527 -139.0444616787 0.00013637680   -2 
  63 0.00000449752 0.00086800580 -115.93151411 0.09715217965 0.00391183037 0.03803444079 0.59528342823 0.58807886741 0.51888436253 0.40803518340 0.58593315822 0.52814221953 0.39148420877 0.63354665294 0.41681027186 0.48467574034 0.39958398482 0.49748144201 0.53768716427 0.51822467019 0.66824267241 0.75752571130 0.91686850252 1.37879640946 -139.0444615674 0.00019819641   -2 
  64 0.00000449752 0.00086800817 -115.93215383 0.09715200919 0.00391183162 0.03803444815 0.59528790750 0.58807762159 0.51888416790 0.40803516061 0.58593297396 0.52814207498 0.39148407763 0.63354648329 0.41681027305 0.48467571004 0.39958379648 0.49748144728 0.53768716414 0.51822480931 0.66824258122 0.75752553414 0.91686877332 1.37879637501 -139.0444615102 0.00011358276   -2 
  65 0.00000449752 0.00086799875 -115.94546613 0.09714930173 0.00391185669 0.03803459644 0.59529973347 0.58807265859 0.51888283194 0.40803659202 0.58593048257 0.52814004092 0.39148178038 0.63354417620 0.41681074911 0.48467564118 0.39958019364 0.49748201684 0.53768773988 0.51822819984 0.66824122239 0.75752273616 0.91687520543 1.37879672390 -139.0444609970 0.00063110222   -2 
  66 0.00000449751 0.00086800662 -115.97668783 0.09714232868 0.00391191618 0.03803494729 0.59532370387 0.58806435577 0.51888088142 0.40804032209 0.58592563560 0.52813592899 0.39147673379 0.63353945326 0.41681206521 0.48467573997 0.39957198070 0.49748355537 0.53768930515 0.51823627879 0.66823838015 0.75751660031 0.91689021474 1.37879828293 -139.0444539267 0.00048773288   -2 
  67 0.00000449751 0.00086799553 -116.16613416 0.09710194170 0.00391227609 0.03803707021 0.59531509048 0.58805615503 0.51887537008 0.40805741086 0.58590401910 0.52811566247 0.39145002581 0.63351486971 0.41681819274 0.48467513275 0.39952635492 0.49749064355 0.53769634656 0.51827910201 0.66822104335 0.75748178622 0.91696276340 1.37879548613 -139.0444507242 0.00164019471   -2 
  68 0.00000449751 0.00086802239 -116.25735792 0.09708202936 0.00391244994 0.03803809471 0.59530892464 0.58805553873 0.51887360284 0.40806477672 0.58589490166 0.52810673124 0.39143787821 0.63350378708 0.41682085067 0.48467466637 0.39950514963 0.49749369218 0.53769934371 0.51829865982 0.66821274960 0.75746543503 0.91699510311 1.37879301130 -139.0444447748 0.00051201618   -2 
  69 0.00000449751 0.00086804408 -116.34699652 0.09706373606 0.00391262069 0.03803910363 0.59528718655 0.58806143084 0.51887074368 0.40806369468 0.58588862044 0.52809949337 0.39142868953 0.63349374829 0.41682009696 0.48467127830 0.39948807103 0.49749277634 0.53769807875 0.51830957986 0.66820270758 0.75744932784 0.91700654324 1.37877650715 -139.0444422442 0.00093946962   -2 
  70 0.00000449750 0.00086803933 -116.40821538 0.09705201765 0.00391273686 0.03803979150 0.59527034782 0.58806498562 0.51886766723 0.40806005981 0.58588447288 0.52809459647 0.39142311999 0.63348671162 0.41681827633 0.48466777433 0.39947757495 0.49749063884 0.53769558486 0.51831401725 0.66819495654 0.75743802616 0.91700730278 1.37875991994 -139.0444418856 0.00060854287   -2 
  71 0.00000449750 0.00086810641 -116.65678700 0.09700644801 0.00391321141 0.03804260390 0.59523243653 0.58807754962 0.51884942252 0.40801773396 0.58587361649 0.52807855659 0.39141009661 0.63345982131 0.41679755996 0.48464184979 0.39944939229 0.49746627513 0.53766856538 0.51829887922 0.66815546808 0.75739127022 0.91693330960 1.37864099619 -139.0444265368 0.00151012420   -2 
  72 0.00000449750 0.00086810641 -116.65678700 0.09700644801 0.00391321141 0.03804260390 0.59523243653 0.58807754962 0.51884942252 0.40801773396 0.58587361649 0.52807855659 0.39141009661 0.63345982131 0.41679755996 0.48464184979 0.39944939229 0.49746627513 0.53766856538 0.51829887922 0.66815546808 0.75739127022 0.91693330960 1.37864099619 -139.0444265368           NAN   -8 
  73 0.00000449750 0.00086808460 -116.65695342 0.09700691217 0.00391321164 0.03804260611 0.59523574483 0.58807357798 0.51884821870 0.40801655357 0.58587262509 0.52807797053 0.39141026117 0.63345914680 0.41679648783 0.48464082957 0.39945011961 0.49746499269 0.53766718432 0.51829642507 0.66815455612 0.75739071789 0.91692847317 1.37863734884 -139.0444243086 0.00076703225   -2 
  74 0.00000449750 0.00086808727 -116.65677578 0.09700737223 0.00391321681 0.03804263689 0.59530038191 0.58803564256 0.51884040158 0.40800459278 0.58586602007 0.52807477676 0.39141493830 0.63345508943 0.41678369921 0.48462921232 0.39946190846 0.49744940099 0.53765035837 0.51826427331 0.66814506350 0.75738672233 0.91686588135 1.37859649866 -139.0444177264 0.00050943642   -2 
  75 0.00000449750 0.00086811215 -116.65631095 0.09700679428 0.00391322490 0.03804268415 0.59530945197 0.58801422776 0.51883421663 0.40799120264 0.58585963130 0.52807157126 0.39142148311 0.63345076342 0.41676650595 0.48461377207 0.39947872902 0.49742805934 0.53762730794 0.51821932539 0.66813238225 0.75738185686 0.91678156558 1.37854404682 -139.0444148229 0.00137159811   -2 
  76 0.00000449750 0.00086810130 -116.65610993 0.09700671491 0.00391323387 0.03804273787 0.59530523542 0.58799377319 0.51882672310 0.40797654659 0.58585185642 0.52806733414 0.39142811686 0.63344524206 0.41674740309 0.48459652665 0.39949690620 0.49740430855 0.53760164742 0.51816959084 0.66811795963 0.75737587491 0.91668924715 1.37848616327 -139.0444113500 0.00074567711   -2 
  77 0.00000449750 0.00086812714 -116.65562521 0.09700508877 0.00391324466 0.03804279991 0.59526922135 0.58799350540 0.51882103646 0.40796495144 0.58584478357 0.52806265677 0.39143338285 0.63343924179 0.41672880859 0.48457968983 0.39951435858 0.49738074786 0.53757615270 0.51811999349 0.66810323775 0.75736912936 0.91660225146 1.37843410580 -139.0444083167 0.00078400834   -2 
  78 0.00000449750 0.00086811944 -116.65563623 0.09700474119 0.00391324784 0.03804281824 0.59525556791 0.58799556993 0.51881905319 0.40796236171 0.58584237019 0.52806077926 0.39143403274 0.63343697085 0.41672399743 0.48457524310 0.39951836942 0.49737456281 0.53756944983 0.51810720762 0.66809904015 0.75736674256 0.91658120255 1.37842131971 -139.0444075682 0.00031041681   -2 
  79 0.00000449750 0.00086812513 -116.65565464 0.09700338720 0.00391325245 0.03804284306 0.59523916563 0.58800714477 0.51881708270 0.40796291892 0.58583944825 0.52805746295 0.39143193950 0.63343319301 0.41672067203 0.48457189299 0.39951962426 0.49736980155 0.53756424328 0.51809783776 0.66809474154 0.75736289002 0.91657183150 1.37841639908 -139.0444070716 0.00028020678   -2 
  80 0.00000449750 0.00086811991 -116.65576639 0.09700299461 0.00391325411 0.03804285209 0.59523611900 0.58801036795 0.51881620308 0.40796357019 0.58583826044 0.52805603063 0.39143058749 0.63343158456 0.41672003706 0.48457113250 0.39951918447 0.49736875143 0.53756307851 0.51809603690 0.66809337208 0.75736127340 0.91657212772 1.37841649160 -139.0444069428 0.00024584389   -2 
  81 0.00000449750 0.00086811874 -116.65632796 0.09700017986 0.00391326369 0.03804290253 0.59523235297 0.58802605149 0.51881224353 0.40796879406 0.58583239515 0.52804823866 0.39142188335 0.63342281467 0.41671821176 0.48456836769 0.39951464746 0.49736487665 0.53755870803 0.51809027446 0.66808660351 0.75735215130 0.91658317496 1.37842298562 -139.0444064496 0.00019953476   -2 
  82 0.00000449750 0.00086811874 -116.65632796 0.09700017986 0.00391326369 0.03804290253 0.59523235297 0.58802605149 0.51881224353 0.40796879406 0.58583239515 0.52804823866 0.39142188335 0.63342281467 0.41671821176 0.48456836769 0.39951464746 0.49736487665 0.53755870803 0.51809027446 0.66808660351 0.75735215130 0.91658317496 1.37842298562 -139.0444064496           NAN   -8 
  83 0.00000449750 0.00086811312 -116.65664290 0.09700007001 0.00391326513 0.03804291164 0.59523709727 0.58802150035 0.51881215538 0.40796917108 0.58583204453 0.52804753887 0.39142049164 0.63342190472 0.41671845327 0.48456839210 0.39951321350 0.49736495346 0.53755876369 0.51809095925 0.66808589424 0.75735079097 0.91658714013 1.37842463369 -139.0444062879 0.00033598174   -2 
  84 0.00000449750 0.00086811312 -116.65664290 0.09700007001 0.00391326513 0.03804291164 0.59523709727 0.58802150035 0.51881215538 0.40796917108 0.58583204453 0.52804753887 0.39142049164 0.63342190472 0.41671845327 0.48456839210 0.39951321350 0.49736495346 0.53755876369 0.51809095925 0.66808589424 0.75735079097 0.91658714013 1.37842463369 -139.0444062879           NAN   -8 
  85 0.00000449750 0.00086811744 -116.65666654 0.09699994181 0.00391326548 0.03804291351 0.59523800534 0.58802113476 0.51881230021 0.40796931904 0.58583211139 0.52804749970 0.39142026434 0.63342183241 0.41671854052 0.48456844401 0.39951295544 0.49736501126 0.53755882092 0.51809113422 0.66808581441 0.75735058233 0.91658802312 1.37842509694 -139.0444061850 0.00012982881   -2 
  86 0.00000449750 0.00086811744 -116.65666654 0.09699994181 0.00391326548 0.03804291351 0.59523800534 0.58802113476 0.51881230021 0.40796931904 0.58583211139 0.52804749970 0.39142026434 0.63342183241 0.41671854052 0.48456844401 0.39951295544 0.49736501126 0.53755882092 0.51809113422 0.66808581441 0.75735058233 0.91658802312 1.37842509694 -139.0444061850           NAN   -8 
  87 0.00000449750 0.00086811744 -116.65666654 0.09699994181 0.00391326548 0.03804291351 0.59523800534 0.58802113476 0.51881230021 0.40796931904 0.58583211139 0.52804749970 0.39142026434 0.63342183241 0.41671854052 0.48456844401 0.39951295544 0.49736501126 0.53755882092 0.51809113422 0.66808581441 0.75735058233 0.91658802312 1.37842509694 -139.0444061850           NAN   -8 
  88 0.00000449750 0.00086811744 -116.65666654 0.09699994181 0.00391326548 0.03804291351 0.59523800534 0.58802113476 0.51881230021 0.40796931904 0.58583211139 0.52804749970 0.39142026434 0.63342183241 0.41671854052 0.48456844401 0.39951295544 0.49736501126 0.53755882092 0.51809113422 0.66808581441 0.75735058233 0.91658802312 1.37842509694 -139.0444061850 0.00012982881   -8 
-- Local optimization: reached maximum number of likelihood evaluations allowed.
-- Found new optimum with likelihood -139.044406185000213 and gradient 0.00013

---- Best joint likelihood found -139.044406185000213 with gradient 0.00013

---- Results for /scratch/40841161/tmpucnfjwi5 
--  Model: C
--        eps_an     theta_bar             a 
-- 0.00000449750 0.00086811744            -1 
--           S_d             b           p_b           S_b 
-- -116.65666654 0.09699994181 0.00391326548 0.03804291351 
--           r 2           r 3           r 4           r 5           r 6           r 7           r 8           r 9          r 10          r 11          r 12          r 13          r 14          r 15          r 16          r 17          r 18          r 19 
-- 0.59523800534 0.58802113476 0.51881230021 0.40796931904 0.58583211139 0.52804749970 0.39142026434 0.63342183241 0.41671854052 0.48456844401 0.39951295544 0.49736501126 0.53755882092 0.51809113422 0.66808581441 0.75735058233 0.91658802312 1.37842509694 

---- Expected P_neut(i), 0 < i < n (neutral SFS per site) 
E[P_neut(1)] = 0.0008681138
E[P_neut(2)] = 0.0002583673
E[P_neut(3)] = 0.0001701565
E[P_neut(4)] = 0.0001125972
E[P_neut(5)] = 0.0000708329
E[P_neut(6)] = 0.0000847616
E[P_neut(7)] = 0.0000654866
E[P_neut(8)] = 0.0000424748
E[P_neut(9)] = 0.0000610982
E[P_neut(10)] = 0.0000361761
E[P_neut(11)] = 0.0000382421
E[P_neut(12)] = 0.0000289021
E[P_neut(13)] = 0.0000332133
E[P_neut(14)] = 0.0000333334
E[P_neut(15)] = 0.0000299844
E[P_neut(16)] = 0.0000362489
E[P_neut(17)] = 0.0000386753
E[P_neut(18)] = 0.0000442069
E[P_neut(19)] = 0.0000629844

---- Expected P_sel(i), 0 < i < n (selected SFS per site) 
E[P_sel(1)] = 0.0006241393
E[P_sel(2)] = 0.0001702237
E[P_sel(3)] = 0.0001073426
E[P_sel(4)] = 0.0000690580
E[P_sel(5)] = 0.0000425535
E[P_sel(6)] = 0.0000500982
E[P_sel(7)] = 0.0000381897
E[P_sel(8)] = 0.0000244892
E[P_sel(9)] = 0.0000348794
E[P_sel(10)] = 0.0000204716
E[P_sel(11)] = 0.0000214714
E[P_sel(12)] = 0.0000161123
E[P_sel(13)] = 0.0000183955
E[P_sel(14)] = 0.0000183516
E[P_sel(15)] = 0.0000164162
E[P_sel(16)] = 0.0000197431
E[P_sel(17)] = 0.0000209624
E[P_sel(18)] = 0.0000238512
E[P_sel(19)] = 0.0000338362

---- alpha_dfe = 0.007484

