---- Running command
---- ./polyDFE -d /scratch/40841805/tmpfb1xczs8 -m C -i /scratch/40841805/tmp9sfuclqm 1 -v 1 
---- Performing inference using model C

---- Performing inference on /scratch/40841805/tmpfb1xczs8
----      with -i /scratch/40841805/tmp9sfuclqm 1
---- Data /scratch/40841805/tmpfb1xczs8 does not contain divergence counts. Using option -w.
---- No mutation variability. Using Poisson likelihood.


---- Using provided initial values

-- Starting local optimization
-- Optimizing all parameters
  it        eps_an     theta_bar           S_d             b           p_b           S_b           r 2           r 3           r 4           r 5           r 6           r 7           r 8           r 9          r 10          r 11          r 12          r 13          r 14          r 15          r 16          r 17          r 18          r 19          r 20          r 21          r 22          r 23          r 24          r 25          r 26          r 27          r 28          r 29          r 30          r 31          r 32          r 33          r 34          r 35          r 36          r 37          r 38          r 39           ln lk          grad status 
   0 0.00000450288   0.001050261 -26.884510000     0.1464485   0.004419742    0.05627203     0.4932568     0.4490162      0.411058     0.4293708     0.4059378     0.3950674     0.4836194     0.4412304     0.4459431     0.5171633     0.4880109      0.499798     0.5114526     0.4705895     0.3840001     0.3914661     0.4942643     0.4410675     0.4295933     0.3836019     0.3386893     0.4566943     0.4425798     0.4623484      0.424307     0.4116725     0.4906384     0.4335386     0.4045893     0.5819833     0.4816641     0.5724359     0.5396078     0.5300813       0.62822     0.8578236      0.810246      2.052769 -277.0040451258 0.66030165489   -2 
   1 0.00000450288 0.00102832029 -27.267372630 0.14935870954 0.00441881111 0.05627173411 0.52731656373 0.41662241819 0.42942642480 0.44523580391 0.40593982557 0.37901135903 0.48710319335 0.43910300095 0.46571465163 0.54230624334 0.48336413305 0.48917579082 0.50781378103 0.46721262302 0.38682573321 0.38956007339 0.47685443705 0.44106750967 0.43587719468 0.37342007071 0.33371150879 0.46669180197 0.44044783478 0.46793906167 0.42947909693 0.40080793858 0.48946738386 0.42832511632 0.40954139414 0.58471862825 0.47479029944 0.57648401283 0.55907880522 0.53386325983 0.61236754421 0.86734646791 0.80304153718 2.04250851358 -271.2941963402 1.56999395950   -2 
   2 0.00000450288 0.00104733182 -27.371199540 0.15000540261 0.00441859358 0.05627166158 0.53995414548 0.40607507208 0.43733656752 0.45218975517 0.40628771660 0.37281707913 0.48890947674 0.43848386296 0.47450735198 0.55347914858 0.48165409126 0.48497087761 0.50650090380 0.46595738774 0.38815904355 0.38885345937 0.46973094881 0.44119127971 0.43872305473 0.36918383532 0.33163988380 0.47117912416 0.43962697248 0.47047751198 0.43182099206 0.39625638121 0.48906283904 0.42615910328 0.41177563308 0.58603147696 0.47192180712 0.57835997260 0.56782087083 0.53560538035 0.60573899464 0.87169827134 0.80013498344 2.03903638246 -269.1259447365 0.56519700905   -2 
   3 0.00000450289 0.00105379042 -28.014752580 0.15234448169 0.00441770870 0.05627160847 0.49819862542 0.40493966531 0.45769439857 0.47481554101 0.40938175870 0.35108493652 0.49774245122 0.43737602732 0.51455070572 0.60393147410 0.47549811064 0.46780520330 0.50181367411 0.46110661578 0.39527453381 0.38601013981 0.43780701749 0.44246106766 0.45358376532 0.34905633335 0.32163245250 0.49467014856 0.43606198680 0.48395150141 0.44432192003 0.37417692491 0.48758388770 0.41566924294 0.42380133713 0.59337544361 0.45796732726 0.58858276144 0.61481198105 0.54511780404 0.57377303024 0.89477438070 0.78680958875 2.02847185779 -263.5082606540 0.39011138315   -2 
   4 0.00000450290 0.00106142267 -28.520037944 0.15337435718 0.00441723385 0.05627176667 0.51461491892 0.43009705160 0.44530790448 0.47098907099 0.41100065221 0.34317488212 0.50169793385 0.43757287238 0.53693576156 0.63096153529 0.47232710907 0.45721776710 0.49924875607 0.45799729608 0.40154361331 0.38392007987 0.41361606158 0.44388585691 0.46703982988 0.33181287650 0.31266549925 0.51652212640 0.43313521342 0.49669459289 0.45642516417 0.35448346089 0.48653108585 0.40615236585 0.43582636689 0.60051867602 0.44528667713 0.59853759099 0.66191172887 0.55456453430 0.54556506657 0.91613373644 0.77557975320 2.02423515183 -260.7587792834 0.93980105335   -2 
   5 0.00000450291 0.00104871500 -28.682712158 0.15383791003 0.00441705201 0.05627180401 0.51819637459 0.43593736290 0.44179777546 0.46941864118 0.41130230675 0.34152089504 0.50249077743 0.43761712165 0.54206790114 0.63708164661 0.47157105705 0.45468679697 0.49862239677 0.45722479570 0.40313627526 0.38338573440 0.40769595678 0.44424342100 0.47052147827 0.32748200302 0.31036915247 0.52225211231 0.43237906639 0.50002141309 0.45960578254 0.34950657700 0.48625519531 0.40370175791 0.43901459364 0.60237086954 0.44202959958 0.60113714772 0.67463181816 0.55704602525 0.53843597446 0.92166620024 0.77270428860 2.02321176856 -260.0807708891 0.21545323552   -2 
   6 0.00000450295 0.00105113508 -29.175841613 0.15015103747 0.00441782896 0.05627291044 0.51819331690 0.42122202765 0.43038764367 0.45006088424 0.41445403619 0.35721962426 0.50253289753 0.44308477463 0.53121853815 0.61993118384 0.47614912779 0.45639537726 0.50218279283 0.45885507119 0.41053214962 0.38348665377 0.39082992369 0.44784656359 0.48576738807 0.30978434026 0.30059436497 0.54747371527 0.43085896445 0.51638435305 0.47596712701 0.32683511325 0.48688529624 0.39313799349 0.45643509594 0.61298736805 0.42761700361 0.61536264774 0.73698274681 0.57102688436 0.50713559161 0.94800366665 0.76381778837 2.03983932973 -258.3369090008 0.17235537426   -2 
   7 0.00000450295 0.00104811833 -29.206295616 0.15015319382 0.00441781638 0.05627293116 0.51742812905 0.42121474529 0.43082096548 0.45021539333 0.41432940605 0.35768103228 0.50231330771 0.44311861537 0.53033451504 0.61880315094 0.47628601609 0.45663260742 0.50228626574 0.45892711640 0.41063606508 0.38350012281 0.39060353966 0.44791736510 0.48603434381 0.30930646613 0.30030422924 0.54797028753 0.43081971863 0.51676769133 0.47639970843 0.32613509293 0.48689881300 0.39281142723 0.45696529640 0.61324999381 0.42716829310 0.61573889595 0.73860441279 0.57143382108 0.50620725570 0.94853520556 0.76359562732 2.04015157777 -258.2960557114 0.19025774001   -2 
   8 0.00000450297 0.00105101916 -29.455785091 0.14988935783 0.00441777451 0.05627310849 0.50985932974 0.42418164999 0.43908428616 0.45575745988 0.41256244029 0.36188981971 0.49973550805 0.44305427022 0.52027732340 0.60643572549 0.47773434323 0.45987317773 0.50341316742 0.45986138319 0.41109489341 0.38378446285 0.39004945907 0.44849177021 0.48756629800 0.30533087836 0.29777641249 0.55116069379 0.43059931290 0.51973805038 0.48003621113 0.31979841189 0.48709614899 0.38991017234 0.46178721763 0.61544045081 0.42314252779 0.61895367779 0.75167694975 0.57509243533 0.49800782837 0.95218304351 0.76201037924 2.04286261611 -257.9825296651 0.09608811628   -2 
   9 0.00000450298 0.00104840705 -29.627064382 0.15018733218 0.00441761807 0.05627312677 0.51551249707 0.42543165505 0.44176331381 0.45938836987 0.41132737734 0.36254897113 0.49829817211 0.44237190119 0.51552778514 0.60108140034 0.47812709718 0.46181767500 0.50373284084 0.46028973730 0.41063288156 0.38394660590 0.39124951559 0.44850691803 0.48708951564 0.30390369390 0.29671739108 0.55088023681 0.43054548666 0.52027825714 0.48113292290 0.31690094666 0.48714751823 0.38862089241 0.46378077060 0.61599530785 0.42132539267 0.61994904151 0.75502131446 0.57650744285 0.49449668726 0.95213477841 0.76160462564 2.04268341673 -257.8863067163 0.13951374128   -2 
  10 0.00000450298 0.00105004783 -29.651820632 0.15019086997 0.00441760486 0.05627313299 0.51644757825 0.42563980759 0.44209210569 0.45996105580 0.41117648339 0.36260604908 0.49812542827 0.44226992218 0.51487029706 0.60036880332 0.47819687477 0.46215432576 0.50379443437 0.46037315764 0.41054246134 0.38398459194 0.39151890102 0.44851059673 0.48697294367 0.30370272278 0.29655951568 0.55076756281 0.43054909898 0.52033574432 0.48128822306 0.31644483713 0.48716420961 0.38842472406 0.46409444022 0.61607502321 0.42104491693 0.62009604346 0.75543223712 0.57672964485 0.49395932000 0.95207009461 0.76157412622 2.04267815630 -257.8722296965 0.03899215266   -2 
  11 0.00000450301 0.00105138166 -30.108724606 0.15005506093 0.00441741707 0.05627326282 0.51682611824 0.42533257131 0.43721327997 0.46329480467 0.41125590726 0.35964736731 0.49849637426 0.44076438644 0.51254285124 0.59971102134 0.47870368757 0.46687920779 0.50446864605 0.46170839338 0.40814480938 0.38483002255 0.39899185218 0.44825658679 0.48283643887 0.30274183111 0.29520352036 0.54502573467 0.43104714855 0.51893313846 0.48161364974 0.31120988625 0.48757584872 0.38648729076 0.46723119763 0.61607689380 0.41808664848 0.62072278652 0.75232978270 0.57879424461 0.48866966768 0.94722590386 0.76277072674 2.04152435546 -257.7993030125 0.04519898537   -2 
  12 0.00000450302 0.00105255368 -30.144747489 0.14994083657 0.00441742750 0.05627328383 0.51647376842 0.42529964172 0.43728938908 0.46311790425 0.41129413803 0.35949453115 0.49855050836 0.44070993468 0.51259125309 0.59985840887 0.47871531327 0.46711985606 0.50449672883 0.46178595346 0.40796970375 0.38489089178 0.39957233382 0.44823178050 0.48251517929 0.30270109449 0.29511250965 0.54456169602 0.43109019496 0.51879080190 0.48160111698 0.31081077064 0.48760771160 0.38634832366 0.46744717835 0.61605333457 0.41786883611 0.62073956761 0.75194291893 0.57892985533 0.48829193557 0.94681586748 0.76288448923 2.04142096429 -257.7944719026 0.07335791440   -2 
  13 0.00000450304 0.00105252087 -30.395354555 0.14921928539 0.00441748379 0.05627342302 0.51338860055 0.42488183722 0.43840989386 0.46111434122 0.41149139098 0.35863078898 0.49882731302 0.44041662185 0.51322252006 0.60102632292 0.47867500934 0.46832794457 0.50456864750 0.46217516245 0.40686452488 0.38523395377 0.40317769307 0.44803378620 0.48047463987 0.30249310049 0.29455506030 0.54159455363 0.43134295521 0.51780684484 0.48142566495 0.30831286214 0.48778043290 0.38548166049 0.46872780958 0.61582549555 0.41650797358 0.62075101738 0.74921268836 0.57970526273 0.48596448037 0.94412635902 0.76358992410 2.04052182662 -257.7660278551 0.03638413187   -2 
  14 0.00000450307 0.00105227774 -30.650324747 0.14837819490 0.00441756549 0.05627356506 0.51584061704 0.42446546249 0.44013379116 0.45831373618 0.41137591698 0.35845846087 0.49867026667 0.44034375398 0.51438651336 0.60216292928 0.47825556788 0.46813622961 0.50424026894 0.46209242704 0.40601761692 0.38533159490 0.40563551384 0.44771831361 0.47886477890 0.30244161231 0.29412422505 0.53918855242 0.43144716585 0.51674798005 0.48096518599 0.30624193827 0.48779006005 0.38476504109 0.46948383227 0.61535400437 0.41538377210 0.62042483076 0.74618929825 0.58004421975 0.48415004990 0.94167014581 0.76402151125 2.03877579767 -257.7453890453 0.02744421718   -2 
  15 0.00000450306 0.00105186571 -30.647815244 0.14840347231 0.00441756056 0.05627356215 0.51569150982 0.42451438233 0.44001638217 0.45847402119 0.41136358025 0.35849940388 0.49865106421 0.44035405523 0.51435374621 0.60209935823 0.47824799223 0.46806712590 0.50422689704 0.46206685920 0.40605428471 0.38531322027 0.40549834553 0.44771828819 0.47893146255 0.30244933591 0.29413994573 0.53928381611 0.43143376997 0.51677010492 0.48095972971 0.30631052128 0.48777806470 0.38478819665 0.46943429976 0.61534964553 0.41542082920 0.62041158830 0.74625275956 0.58000897147 0.48421739885 0.94174452904 0.76398927230 2.03876269130 -257.7445375988 0.02513762557   -2 
  16 0.00000450307 0.00105242565 -30.668532480 0.14839771169 0.00441755157 0.05627356976 0.51477021488 0.42512633448 0.43908466514 0.45985126524 0.41123171038 0.35900502114 0.49842478874 0.44050319649 0.51428177998 0.60164216263 0.47807742369 0.46717196050 0.50400374272 0.46174507404 0.40632009206 0.38511935075 0.40440512596 0.44765407693 0.47938450096  0.3025418975 0.29423568932 0.53989755414 0.43130259181 0.51679576601 0.48078548694 0.30665704842 0.48764112987 0.38490652907 0.46901013880 0.61519107851 0.41561158688 0.62017630992 0.74630612986 0.57966195301 0.48461811321 0.94209265151 0.76371255774 2.03826435177 -257.7394416897 0.02036083555   -2 
  17 0.00000450307 0.00105194459 -30.690057909 0.14837126438 0.00441754763 0.05627357833 0.51480932063 0.42520759996 0.43888134322 0.46013620871 0.41116840487 0.35917794684 0.49832315439 0.44054702708 0.51429129627 0.60150387356 0.47798395274 0.46679679607 0.50389220200 0.46160323383 0.40639148933 0.38503757129 0.40404161990 0.44760917446 0.47950361301 0.30257812206 0.29425775932 0.54005184248 0.43124705413 0.51675794853 0.48068739294 0.30672168419 0.48757870875 0.38492616933 0.46885421266 0.61509817471 0.41564594589 0.62005637291 0.74619619003 0.57952143368 0.48471526218 0.94212888125 0.76360531626 2.03795881516 -257.7382304738 0.03609948798   -2 
  18 0.00000450308 0.00105244562 -30.798467999 0.14815366736 0.00441754831 0.05627362810 0.51549913518 0.42549893951 0.43815151244 0.46127011936 0.41089172812 0.35999259032 0.49786522571 0.44076337189 0.51439737323 0.60091987251 0.47753411777 0.46500713133 0.50335652006 0.46092576553 0.40671338462 0.38464907944 0.40237103270 0.44738605620 0.48003178129 0.30275656390 0.29435360798 0.54072427665 0.43098384635 0.51654244102 0.48019741259 0.30697108955 0.48727858280 0.38500092172 0.46812112997 0.61463481223 0.41577923625 0.61946529112 0.74556286014 0.57885049922 0.48513389317 0.94222994254 0.76310431765 2.03646630293 -257.7329072801 0.02038852867   -2 
  19 0.00000450309 0.00105183834 -30.878855892 0.14798010454 0.00441755255 0.05627366742 0.51577732126 0.42532693592 0.43822975913 0.46124485965 0.41078242623 0.36029120449 0.49767403497 0.44083288831 0.51448019665 0.60072035432 0.47729088653 0.46412843985 0.50306808156 0.46056916495 0.40683490028 0.38443706330 0.40157465468 0.44724280289 0.48023123226 0.30285212868 0.29438644133 0.54096714858 0.43083365269 0.51636688953 0.47989514218 0.30702549764 0.48710155199 0.38500821639 0.46772865528 0.61434442740 0.41580290349 0.61910821240 0.74506508120 0.57847394828 0.48529215000 0.94215211777 0.76282806946 2.03557343021 -257.7305182299 0.05037867553   -2 
  20 0.00000450311 0.00105265175 -31.096680896 0.14744426384 0.00441758078 0.05627377997 0.51651093554 0.42483589656 0.43863970116 0.46098192218 0.41053604260 0.36103357649 0.49721979239 0.44101244681 0.51472362461 0.60026271321 0.47666416245 0.46186308552 0.50232044313 0.45964075092 0.40714391467 0.38388010600 0.39951354358 0.44686126350 0.48073530337 0.30310876802 0.29446924677 0.54157444105 0.43043617949 0.51588544871 0.47908401799 0.30714319336 0.48663030874 0.38501833294 0.46669102537 0.61356528016 0.41585115416 0.61815220260 0.74369642563 0.57747299753 0.48569230636 0.94190832802 0.76209957893 2.03322562689 -257.7241694438 0.02512181920   -2 
  21 0.00000450314 0.00105248656 -31.349720468 0.14683884661 0.00441761184 0.05627391084 0.51604865706 0.42435082130 0.43929846876 0.46010037174 0.41037889094 0.36141528643 0.49690527306 0.44106233323 0.51488860770 0.59997090920 0.47609865848 0.45997793274 0.50163715164 0.45879495103 0.40734462838 0.38333992742 0.39769211564 0.44645704318 0.48107929024 0.30334425484 0.29451866708 0.54197604615 0.43002686555 0.51533956401 0.47824724487 0.30716406270 0.48613836348 0.38497784093 0.46567085126 0.61274789281 0.41583078523 0.61716559946 0.74219549894 0.57646397986 0.48599179220 0.94147230595 0.76135391688 2.03085652934 -257.7194492211 0.04598265649   -2 
  22 0.00000450315 0.00105333052 -31.464648050 0.14654658316 0.00441763075 0.05627397145 0.51578012243 0.42418858794 0.43958664203 0.45967306766 0.41032901754 0.36152104814 0.49679625855 0.44106357649 0.51494412780 0.59987164038 0.47586806668 0.45923420851 0.50135558200 0.45844533341 0.40741378704 0.38310910353 0.39694267209 0.44627868243 0.48120234836 0.30344275262 0.29453469972 0.54211717071 0.42984680734 0.51509307465 0.47788031646 0.30715864115 0.48592081373 0.38495196892 0.46522947800 0.61238694640 0.41581097735 0.61673216552 0.74152618758 0.57602337479 0.48610629229 0.94125242783 0.76102582963 2.02983279557 -257.7171808997 0.02537890259   -2 
  23 0.00000450318 0.00105346121 -31.789666714 0.14582065298 0.00441766159 0.05627413119 0.51447881087 0.42407578463 0.43992719443 0.45834446336 0.41025960841 0.36118717466 0.49666485493 0.44081411706 0.51482232438 0.59974729904 0.47541134928 0.45813460816 0.50078879306 0.45775868863 0.40737830686 0.38258783855 0.39555367919 0.44581498547 0.48121566065 0.30361450568 0.29451000664 0.54211110507 0.42939069884 0.51442184553 0.47699002984 0.30701588992 0.48536399892 0.38480497792 0.46421359327 0.61147885542 0.41565525232 0.61566954688 0.73982236246 0.57496927777 0.48621236322 0.94042582082 0.76019265674 2.02731840064 -257.7118560519 0.04325253643   -2 
  24 0.00000450320 0.00105443387 -31.929414998 0.14550187696 0.00441767706 0.05627419998 0.51410992156 0.42408358487 0.43998336974 0.45783112256 0.41023714195 0.36096756619 0.49662877395 0.44067502823 0.51472962961 0.59970806750 0.47524337592 0.45780526162 0.50057825542 0.45750696592 0.40732943058 0.38238185899 0.39505928814 0.44562072205 0.48117295984 0.30367203126 0.29448858295 0.54205036019 0.42920036307 0.51413628650 0.47662713644 0.30693642696 0.48513075922 0.38473001536 0.46380709178 0.61110250246 0.41557294086 0.61523364966 0.73911795666 0.57454026226 0.48622615778 0.94003918472 0.75984371335 2.02628853162 -257.7094642968 0.03607181405   -2 
  25 0.00000450331 0.00105557299 -33.077714396 0.14324973892 0.00441772709 0.05627470811 0.51297349416 0.42427745634 0.43916405417 0.45442086729 0.40994151564 0.35845744039 0.49633649116 0.43916419848 0.51345001111 0.59931602404 0.47410497095 0.45656440526 0.49916329590 0.45589809146 0.40654813234 0.38090542373 0.39217784029 0.44409511158 0.48028585523 0.30392474484 0.29418579828 0.54092136402 0.42772443717 0.51188119109 0.47394735976 0.30611518630 0.48332019543 0.38399316822 0.46089472718 0.60823979369 0.41474171891 0.61197905380 0.73383820660 0.57137900187 0.48597291405 0.93658835151 0.75712304686 2.01835406367 -257.6923634144 0.05998238138   -2 
  26 0.00000450334 0.00105703410 -33.398696711 0.14263243438 0.00441774226 0.05627484557 0.51303899401 0.42430132019 0.43886104546 0.45373420778 0.40983901375 0.35776996864 0.49623498788 0.43873646193 0.51305978159 0.59917394803 0.47381393917 0.45635438982 0.49880450021 0.45550200437 0.40629423320 0.38052160858 0.39150721634 0.44368265360 0.47998622623 0.30396597592 0.29408603453 0.54054650143 0.42732453346 0.51127193488 0.47324337604 0.30587112582 0.48282969195 0.38377393109 0.46013664072 0.60747530476 0.41449301887 0.61111725449 0.73245206286 0.57054464549 0.48585960197 0.93561023030 0.75638180681 2.01622412745 -257.6876840855 0.05444676658   -2 
  27 0.00000450347 0.00105802534 -34.786629057 0.14026405421 0.00441775177 0.05627539152 0.51451522947 0.42396805656 0.43711429159 0.45209528266 0.40919121996 0.35494663779 0.49557120365 0.43685243589 0.51117609396 0.59826930502 0.47264374612 0.45604949945 0.49739960446 0.45403700574 0.40501064545 0.37900870816 0.38929409852 0.44197013458 0.47842653388 0.30397232559 0.29357153542 0.53862941968 0.42566541464 0.50876456291 0.47045822239 0.30475458054 0.48079946353 0.38275926579 0.45717758770 0.60437640834 0.41333782179 0.60766875572 0.72698945673 0.56722297247 0.48514185793 0.93133544075 0.75328495632 2.00739922688 -257.6682744743 0.04620643507   -2 
  28 0.00000450351 0.00105948372 -35.257673764 0.13948585308 0.00441775516 0.05627556707 0.51495510327 0.42377467382 0.43658267969 0.45204616990 0.40892987087 0.35415661012 0.49528047118 0.43626139477 0.51053166468 0.59787070611 0.47228138239 0.45609894879 0.49697568856 0.45362247775 0.40452851032 0.37854770307 0.38876095938 0.44141959709 0.47782647935 0.30391423324 0.29336842839 0.53790031914 0.42512667048 0.50796472344 0.46960452996 0.30435752926 0.48014138393 0.38239171036 0.45627892106 0.60339860604 0.41291850983 0.60659501211 0.72533327431 0.56619088972 0.48482116655 0.92988958349 0.75226876572 2.00457955643 -257.6638195806 0.06098677783   -2 
  29 0.00000450363 0.00106019106 -36.626376967 0.13741285963 0.00441773553 0.05627604373 0.51559670935 0.42299675775 0.43516307865 0.45268643706 0.40806968962 0.35221798437 0.49428358584 0.43465016214 0.50866765119 0.59651816616 0.47127754752 0.45645508471 0.49583086475 0.45256320219 0.40306262979 0.37731558761 0.38761176104 0.43989269144 0.47598154583 0.30363024017 0.29273146770 0.53567454505 0.42362485544 0.50576749752 0.46732840791 0.30319074249 0.47831118757 0.38129493086 0.45390079341 0.60073274125 0.41166704304 0.60369799544 0.72096220408 0.56341172276 0.48375774463 0.92575973134 0.74941631753 1.99676340243 -257.6505419044 0.05568902494   -2 
  30 0.00000450370 0.00106229700 -37.382143530 0.13629303974 0.00441772938 0.05627629511 0.51540687217 0.42258499850 0.43464197158 0.45344587065 0.40757727986 0.35146388933 0.49366980379 0.43388322238 0.50770674305 0.59567557378 0.47076319173 0.45674746665 0.49526067658 0.45207349816 0.40222353923 0.37670794499 0.38723203387 0.43910195856 0.47490906222 0.30339267537 0.29234541210 0.53438882368 0.42283545561 0.50464117992 0.46620661104 0.30253441745 0.47735126593 0.38066505486 0.45273643718 0.59937528955 0.41094824045 0.60224284674 0.71884776956 0.56201608527 0.48307613754 0.92353561282 0.74790028080 1.99273593914 -257.6433480784 0.07343774253   -2 
  31 0.00000450380 0.00106276510 -38.632121823 0.13458741728 0.00441769769 0.05627668487 0.51434522909 0.42187991890 0.43402304274 0.45489498895 0.40672994011 0.35055860457 0.49257224578 0.43274857236 0.50620196979 0.59417319475 0.46993763360 0.45725771987 0.49436819794 0.45134986802 0.40082547956 0.37578428490 0.38685565627 0.43786027465 0.47310831892 0.30291461343 0.29167699086 0.53223980006 0.42158577207 0.50289340029 0.46451721870 0.30145404609 0.47583574513 0.37961056440 0.45099330855 0.59727844561 0.40974585025 0.60001952513 0.71571609431 0.55988528563 0.48186231942 0.91996785715 0.74548278230 1.98640554939 -257.6306491736 0.04939958326   -2 
  32 0.00000450385 0.00106448164 -39.265843666 0.13373568898 0.00441768484  0.0562768722 0.51361395329 0.42162374909 0.43396457451 0.45564100381 0.40631080103 0.35039175999 0.49198195580 0.43229927549 0.50553505506 0.59335089070 0.46953768804 0.45750805160 0.49395066709 0.45104289513 0.40010582338 0.37537256297 0.38685250689 0.43727427254 0.47216726182 0.30259676703 0.29130519057 0.53112252326 0.42098290367 0.50208323835 0.46377529581 0.30089639486 0.47510725189 0.37905134105 0.45023361994 0.59631116605 0.40910883572 0.59901353537 0.71439040078 0.55892020593 0.48116014305 0.91821858611 0.74429975285 1.98342603227 -257.6260766767 0.05149021165   -2 
  33 0.00000450389 0.00106394671 -39.651791568 0.13327663486 0.00441766219 0.05627697199 0.51300295083 0.42152134200 0.43412393995 0.45596009815 0.40604508344 0.35057017825 0.49156494692 0.43213674707 0.50520992816 0.59276452563 0.46929011574 0.45761042003 0.49370948077 0.45089768117 0.39964843476 0.37516964511 0.38702890084 0.43695076484 0.47155635295 0.30231734123 0.29103832123 0.53040383814 0.42063781531 0.50165714202 0.46343229185 0.30054101028 0.47469420444 0.37867725741 0.44989064759 0.59580757633 0.40868393846 0.59851325969 0.71383944626 0.55844020044 0.48063165242 0.91719326726 0.74360496677 1.98177059520 -257.6210185193 0.05295822930   -2 
  34 0.00000450398 0.00106604407 -40.789853094 0.13191716329 0.00441760446 0.05627725082 0.51155848220 0.42144513582 0.43496687944 0.45662919965 0.40531279098 0.35159871642 0.49031341968 0.43188923983 0.50444854603 0.59096729625 0.46858231561 0.45782261625 0.49304595412 0.45055791879 0.39829076934 0.37466739755 0.38786659907 0.43607211010 0.46971611321 0.30134687966 0.29018471035 0.52824736028 0.41966989321 0.50053572799 0.46262532064 0.29946992417 0.47354157578 0.37752080213 0.44910009515 0.59448984318 0.40737176262 0.59725157604 0.71268977564 0.55722693249 0.47890177876 0.91427838469 0.74162015527 1.97727925390 -257.6095968968 0.04278115721   -2 
  35 0.00000450401 0.00106527227 -41.172870379 0.13152758733 0.00441756775 0.05627732551 0.51171437157 0.42145734892 0.43523537518 0.45644154006 0.40510000001 0.35215941322 0.48989968235 0.43191856519 0.50430412846 0.59035039166 0.46833673203 0.45775981316 0.49282787891 0.45047079978 0.39784078520 0.37455108884 0.38831278035 0.43582053954 0.46908956493 0.30092046757 0.28985173146 0.52751833338 0.41937430641 0.50024579035 0.46248554411 0.29909670310 0.47319497518 0.37709527534 0.44897914474 0.59415341465 0.40689046074 0.59696526145 0.71261128261 0.55695148299 0.47820405740 0.91337873582 0.74099048951 1.97596507915 -257.6043129482 0.07157640374   -2 
  36 0.00000450412 0.00106698961 -42.526312857 0.13012605112 0.00441745497 0.05627757717 0.51317102076 0.42165162727 0.43618852738 0.45543096739 0.40445686318 0.35434746034 0.48853915169 0.43216882006 0.50396130858 0.58826231176 0.46750214554 0.45741503984 0.49209764393 0.45021227166 0.39629444062 0.37421114846 0.39005998938 0.43500151945 0.46691244327 0.29932759908 0.28864150237 0.52498798005 0.41838066976 0.49933674029 0.46214630792 0.29777895189 0.47203463444 0.37557121845 0.44871779665 0.59310241240 0.40516737875 0.59612167132 0.71268138493 0.55613742731 0.47564429426 0.91034608813 0.73884235115 1.97167702970 -257.5867360840 0.02347718916   -2 
  37 0.00000450414 0.00106641919 -42.774880860 0.12990330209 0.00441742338 0.05627760008 0.51343101460 0.42168619993 0.43593306719 0.45483496198 0.40450997825 0.35469076741 0.48851804909 0.43231037230 0.50407185370 0.58812458551 0.46738184678 0.45711468234 0.49199060344 0.45018345618 0.39609539889 0.37422327980 0.39050957410 0.43493420216 0.46659542270 0.29891147027 0.28836610623 0.52461955177 0.41825775114 0.49931320836 0.46227489135 0.29753079360 0.47189804414 0.37525277968 0.44888117141 0.59307726207 0.40480810131 0.59617420534 0.71312025299 0.55618788356 0.47502801326 0.90999039875 0.73853447784 1.97127335954 -257.5838711240 0.05474682457   -2 
  38 0.00000450420 0.00106754667 -43.387807356 0.12931453217 0.00441735702 0.05627765026 0.51411959177 0.42182320556 0.43519259211 0.45328520154 0.40473415040 0.35551133165 0.48858867335 0.43271071625 0.50443313355 0.58791856422 0.46711511282 0.45628955839 0.49175189978 0.45012956776 0.39564960884 0.37429060661 0.39167868088 0.43481061890 0.46585852671 0.29783507390 0.28766579174 0.52376199882 0.41798458590 0.49932282740 0.46267944618 0.29691673348 0.47159848443 0.37445253061 0.44938013880 0.59309372152 0.40390507424 0.59639909135 0.71439487751 0.55640351399 0.47344730937 0.90921238154 0.73781978092 1.97048661674 -257.5769829675 0.02128291624   -2 
  39 0.00000450421 0.00106706082 -43.463068926 0.12925563112 0.00441734117 0.05627763401 0.51346871041 0.42176723634 0.43497547689 0.45322993142 0.40486213162 0.35535979242 0.48879198500 0.43275971505 0.50455750902 0.58815032534 0.46712645305 0.45601647628 0.49175079765 0.45012329021 0.39570247765 0.37435565619 0.39185539421 0.43487111798 0.46588713989 0.29760870039 0.28754117659 0.52379197450 0.41801069157 0.49945068073 0.46288846826 0.29684330764 0.47163690730 0.37432896639 0.44962542756 0.59324291727 0.40376527714 0.59660570967 0.71488587154 0.55660733363 0.47313665047 0.90932710807 0.73782423980 1.97070051261 -257.5744791960 0.04827972404   -2 
  40 0.00000450423 0.00106796825 -43.591676034 0.12912365192 0.00441732063 0.05627759834 0.51233398831 0.42168468455 0.43459963822 0.45320065865 0.40512574089 0.35502751727 0.48921638758 0.43285390728 0.50480906329 0.58864528007 0.46716772498 0.45549265693 0.49176479716 0.45011797468 0.39583287895 0.37449134079 0.39218100148 0.43500516172 0.46597861025 0.29718059202 0.28730989760 0.52389111804 0.41807806618 0.49971951858 0.46331072739 0.29671477291 0.47173105211 0.37410384391 0.45011961257 0.59355630516 0.40351025004 0.59703052133 0.71586275260 0.55702637587 0.47255221457 0.90960172983 0.73786535930 1.97119676625 -257.5702209561 0.01686315425   -2 
  41 0.00000450427 0.00106802417 -43.835557798 0.12900954971 0.00441721760 0.05627739457 0.51326525510 0.42124607028 0.43405577716 0.45364148593 0.40555148534 0.35357278924 0.49018605898 0.43282882973 0.50524278027 0.59001483827 0.46730155336 0.45403175785 0.49180327232 0.45003341372 0.39641563147 0.37488414605 0.39276259092 0.43546288164 0.46654796898 0.29604634502 0.28673221255 0.52453405468 0.41838935132 0.50061015503 0.46460734075 0.29647593812 0.47214742570 0.37358118613 0.45167192297 0.59460219082 0.40291714490 0.59840050876 0.71871637933 0.55840703057 0.47102580342 0.91076884267 0.73822623131 1.97267854006 -257.5631583771 0.01304389618   -2 
  42 0.00000450427 0.00106777906 -43.838697885 0.12901729480 0.00441721211 0.05627738281 0.51327991472 0.42128262251 0.43410799101 0.45365105743 0.40553705185 0.35356419597 0.49017132093 0.43282125072 0.50523483208 0.59001176016 0.46730477500 0.45402227584 0.49180523380 0.45003130036 0.39643269991 0.37489178740 0.39276139026 0.43547400036 0.46656899304 0.29602426500 0.28672198374 0.52455851341 0.41840039388 0.50063213466 0.46463753747 0.29647470346 0.47216185749 0.37357333749 0.45171183466 0.59462907232 0.40290797543 0.59843498630 0.71877432137 0.55844432974 0.47099485247 0.91080403791 0.73824274856 1.97269856324 -257.5629382945 0.01386785535   -2 
  43 0.00000450429 0.00106769798 -43.853996632 0.12909836237 0.00441714760 0.05627719594 0.51363164095 0.42208958688 0.43519923863 0.45383660049 0.40526244558 0.35361162568 0.48982596065 0.43271579576 0.50507269758 0.58983299619 0.46737563839 0.45404802737 0.49186263650 0.45002229848 0.39669519558 0.37499910478 0.39268057562 0.43564070474 0.46690855324 0.29575488290 0.28660622913 0.52495472153 0.41857994464 0.50094919567 0.46505681948 0.29648551596 0.47239292592 0.37349687206 0.45228047235 0.59502069592 0.40281559558 0.59892870440 0.71953079606 0.55898748032 0.47060902932 0.91134823396 0.73852705780 1.97299090506 -257.5606996404 0.00591680906   -2 
  44 0.00000450430 0.00106772461 -43.853090823 0.12913993300 0.00441711379 0.05627708405 0.51363502829 0.42227920517 0.43556091713 0.45393626061 0.40516855345 0.35371315637 0.48967413809 0.43269251642 0.50501090018 0.58973684150 0.46743339542 0.45413768176 0.49191629184 0.45003880078 0.39684118517 0.37506009217 0.39262294577 0.43573665783 0.46710404291 0.29563443442 0.28656009545 0.52518378988 0.41868880349 0.50112234433 0.46527769646 0.29650572603 0.47253109169 0.37347461470 0.45258714934 0.59523688675 0.40278608890 0.59919646936 0.71990493449 0.55928648461 0.47043031942 0.91165997860 0.73870679838 1.97319607652 -257.5604504748 0.00901750240   -2 
  45 0.00000450431 0.00106753076 -43.851073572 0.12915893448 0.00441709952 0.05627703556 0.51359769401 0.42227475582 0.43561700192 0.45396859421 0.40515030006 0.35376661420 0.48963102094 0.43269270779 0.50499592406 0.58970447403 0.46745980125 0.45418863452 0.49194211617 0.45005049250 0.39689805862 0.37508452716 0.39259824360 0.43577516275 0.46718193904 0.29559338960 0.28654598687 0.52527544451 0.41873402099 0.50118999043 0.46536233966 0.29651709778 0.47258814349 0.37347049150 0.45270684955 0.59532209858 0.40277944084 0.59930102952 0.72004211418 0.55940459567 0.47036744322 0.91178463859 0.73878301382 1.97328726697 -257.5602878511 0.01240547152   -2 
  46 0.00000450434 0.00106780451 -43.826695160 0.12924985527 0.00441701896 0.05627671765 0.51338605743 0.42205672028 0.43572214678 0.45417133352 0.40511743802 0.35414695871 0.48944204101 0.43273766473 0.50495144628 0.58954641260 0.46764658434 0.45456150513 0.49212801415 0.45014830728 0.39725597918 0.37524358044 0.39244526411 0.43602355910 0.46767597408 0.29536004997 0.28647305519 0.52585742700 0.41902786758 0.50161611690 0.46588814839 0.29660081249 0.47295711065 0.37346228012 0.45345491477 0.59586048315 0.40275661662 0.59995691894 0.72087487003 0.56014816839 0.47000228590 0.91257924805 0.73928345387 1.97393069809 -257.5593132258 0.01269654265   -2 
  47 0.00000450434 0.00106762132 -43.818772365 0.12928142403 0.00441699332 0.05627661928 0.51334567097 0.42197588396 0.43570363863 0.45421656131 0.40511901438 0.35425439634 0.48940246748 0.43275497032 0.50494519159 0.58950866827 0.46770039659 0.45467291607 0.49218262919 0.45017889819 0.39735787064 0.37528969898 0.39240110453 0.43609539679 0.46781805388 0.29529536839 0.28645388909 0.52602533392 0.41911443086 0.50173916935 0.46603968218 0.29662716779 0.47306582920 0.37346235299 0.45367271575 0.59601677147 0.40275258908 0.60014715115 0.72111102464 0.56036525055 0.46989946254 0.91280929259 0.73943164904 1.97411968018 -257.5591288113 0.00803786605   -2 
  48 0.00000450436 0.00106771500 -43.791150390 0.12934534402 0.00441693625 0.05627637621 0.51349324103 0.42179077422 0.43545026946 0.45425929206 0.40519862301 0.35446669585 0.48942371461 0.43282633146 0.50498444291 0.58949616938 0.46782110183 0.45492985270 0.49231048281 0.45026315479 0.39756750718 0.37539214789 0.39231544338 0.43625176762 0.46811675343 0.29517640636 0.28642606796 0.52638087211 0.41930924875 0.50200227243 0.46636019731 0.29669639502 0.47331001956 0.37347856157 0.45414301644 0.59635477719 0.40276094069 0.60055620778 0.72159025265 0.56083829607 0.46970057597 0.91330405305 0.73976955102 1.97457000203 -257.5587479051 0.00884918114   -2 
  49 0.00000450437 0.00106756540 -43.783659077 0.12936353842 0.00441692156 0.05627631520 0.51353770582 0.42176165411 0.43537086895 0.45425585847 0.40522643492 0.35450442704 0.48944639739 0.43284630848 0.50500137420 0.58950579924 0.46784644896 0.45498576596 0.49233862511 0.45028402781 0.39761016541 0.37541457688 0.39229883263 0.43628542337 0.46817912927 0.29515411568 0.28642240558 0.52645580199 0.41935294852 0.50205860369 0.46642853354 0.29671387031 0.47336484485 0.37348501788 0.45424576499 0.59642812927 0.40276586061 0.60064478843 0.72168831823 0.56094234774 0.46966109220 0.91341010683 0.73984615780 1.97467176707 -257.5586615383 0.00624486621   -2 
  50 0.00000450439 0.00106758083 -43.751986858 0.12941155110 0.00441687841 0.05627611339 0.51374789386 0.42179078628 0.43508630642 0.45420025222 0.40536345043 0.35456001745 0.48961369632 0.43292990903 0.50510087619 0.58961145102 0.46791362904 0.45513340305 0.49241928750 0.45035698688 0.39770704335 0.37547643358 0.39227191594 0.43637378591 0.46832851685 0.29511851228 0.28642783604 0.52663868301 0.41947523004 0.50220200992 0.46659943088 0.29677350618 0.47351802016 0.37351982467 0.45451436141 0.59661963333 0.40279777770 0.60087384644 0.72191157937 0.56121894123 0.46958312152 0.91368109020 0.74006500632 1.97498218132 -257.5584366310 0.00653071247   -2 
  51 0.00000450439 0.00106743803 -43.742205545 0.12942723252 0.00441686574 0.05627605532 0.51377001203 0.42182157867 0.43502719805 0.45417941185 0.40540449952 0.35455900550 0.48967310464 0.43295452818 0.50513493347 0.58965344312 0.46792755625 0.45516388316 0.49243784832 0.45037724849 0.39772365859 0.37549061276 0.39227086537 0.43639284135 0.46835670431 0.29511695465 0.28643316677 0.52667431816 0.41950400658 0.50223199016 0.46663447059 0.29679052063 0.47355409427 0.37353243809 0.45457310326 0.59666115992 0.40281008241 0.60092302863 0.72195103239 0.56128066135 0.46957299330 0.91373770248 0.74011766034 1.97505947412 -257.5583725128 0.00696428884   -2 
  52 0.00000450442 0.00106740121 -43.674807708 0.12950823870 0.00441679361 0.05627569360 0.51381176624 0.42211084881 0.43479778018 0.45406237544 0.40566929348 0.35449986911 0.49008585546 0.43311619535 0.50537361941 0.58996537654 0.46800175069 0.45531318345 0.49254267251 0.45050532543 0.39778891428 0.37556857635 0.39229385985 0.43649131597 0.46848031619 0.29514181228 0.28648201029 0.52683603775 0.41966102765 0.50237948677 0.46680184764 0.29689671436 0.47375047787 0.37362236565 0.45486959454 0.59687183446 0.40290019154 0.60116895569 0.72210905617 0.56159889990 0.46955937499 0.91401634607 0.74041014510 1.97552219898 -257.5580338193 0.00617684861   -2 
  53 0.00000450443 0.00106723615 -43.657166868 0.12953245879 0.00441677460 0.05627560283 0.51378299217 0.42216039112 0.43480948964 0.45405093859 0.40571903468 0.35447538322 0.49017500761 0.43315202088 0.50542969231 0.59004219041 0.46801550217 0.45533567606 0.49256385497 0.45053532690 0.39779431188 0.37558447034 0.39230797934 0.43650939775 0.46849565458 0.29515750512 0.28649832607 0.52685816853 0.41969271206 0.50240428841 0.46682831812 0.29692281610 0.47379005585 0.37364756511 0.45492212702 0.59690948493 0.40292608582 0.60121173688 0.72212389274 0.56165760072 0.46957019571 0.91406305359 0.74047092004 1.97562626138 -257.5579519138 0.00898565180   -2 
  54 0.00000450447 0.00106717296 -43.535226734 0.12967840706 0.00441665471 0.05627500426 0.51359913417 0.42243874626 0.43507297843 0.45404460715 0.40601043803 0.35430575844 0.49072608779 0.43338245673 0.50579454111 0.59054839274 0.46810282894 0.45545453972 0.49269830057 0.45073241626 0.39780894101 0.37568396293 0.39242453237 0.43661700347 0.46856442246 0.29528490351 0.28661684289 0.52696518925 0.41988544844 0.50254267410 0.46696899768 0.29709439756 0.47403009280 0.37382146404 0.45521769386 0.59712539450 0.40310623073 0.60145218898 0.72216986924 0.56199618272 0.46967808726 0.91432385037 0.74084524942 1.97631011032 -257.5574534443 0.00687888901   -2 
  55 0.00000450450 0.00106685438 -43.454483649 0.12978597224 0.00441657300 0.05627460841 0.51362134400 0.42247670032 0.43530994855 0.45410092790 0.40612631310 0.35421663124 0.49097899997 0.43350599233 0.50599019460 0.59082143521 0.46815502756 0.45550554618 0.49277682198 0.45085105877 0.39780589795 0.37574291727 0.39251534119 0.43667680980 0.46858601969 0.29538337391 0.28670033471 0.52700565544 0.41999464001 0.50261238735 0.46703366026 0.29720323507 0.47416567306 0.37393791053 0.45536601007 0.59723836314 0.40322817203 0.60157370202 0.72216630327 0.56217359181 0.46977553359 0.91445577656 0.74106132387 1.97673276282 -257.5572121181 0.01482166011   -2 
  56 0.00000450455 0.00106684565 -43.313117582 0.12996517347 0.00441643439 0.05627392536 0.51374554237 0.42250344081 0.43573085033 0.45422899139 0.40630052310 0.35408205823 0.49137139458 0.43371087580 0.50631169452 0.59126877189 0.46824805981 0.45558799174 0.49291266601 0.45105372873 0.39779988533 0.37584435706 0.39267879846 0.43677868494 0.46861844231 0.29555920889 0.28684707766 0.52706840662 0.42017799614 0.50272766347 0.46713741364 0.29739005504 0.47439285516 0.37414041993 0.45560617780 0.59742542210 0.40344076650 0.60177253885 0.72215359141 0.56246462870 0.46995482847 0.91467470635 0.74142548840 1.97746746023 -257.5567885331 0.00787674217   -2 
  57 0.00000450459 0.00106650869 -43.206542383 0.13011062576 0.00441632729 0.05627340994 0.51393417566 0.42241846227 0.43595302301 0.45437138962 0.40634270685 0.35404743809 0.49150589269 0.43382445596 0.50648025975 0.59149743906 0.46832097579 0.45563416802 0.49300904654 0.45119028710 0.39779722495 0.37591711552 0.39281177928 0.43684993169 0.46863347407 0.29570059789 0.28696021532 0.52709996404 0.42029875190 0.50280083592 0.46719569592 0.29752415451 0.47454149021 0.37429185625 0.45574325205 0.59754373185 0.40360129100 0.60189248743 0.72213557936 0.56264041612 0.47011317517 0.91481634768 0.74166882116 1.97800416294 -257.5565121964 0.01399508321   -2 
  58 0.00000450464 0.00106650568 -43.063783099 0.13029645640 0.00441618806 0.05627272832 0.51420307710 0.42230179374 0.43620940917 0.45457621299 0.40637686073 0.35403053504 0.49163593025 0.43396456232 0.50668191525 0.59176681374 0.46842265516 0.45569471102 0.49313836391 0.45136776128 0.39779802895 0.37601420118 0.39299207251 0.43694506494 0.46865423156 0.29589093730 0.28711133314 0.52714073500 0.42045446657 0.50289615524 0.46726901798 0.29770000627 0.47473252387 0.37449267941 0.45591210923 0.59769599127 0.40381471136 0.60204451361 0.72211493962 0.56286099322 0.47033137470 0.91500228594 0.74198353122 1.97872303406 -257.5561518225 0.00833864637   -2 
  59 0.00000450479 0.00106585516 -42.643754865 0.13083848556 0.00441578425 0.05627074230 0.51435887626 0.42206705234 0.43623146764 0.45517843332 0.40621409454 0.35433066817 0.49140454859 0.43420383542 0.50694502375 0.59206040434 0.46875737409 0.45586018713 0.49351034935 0.45181133172 0.39786135738 0.37629543210 0.39353940335 0.43722394644 0.46873436812 0.29646138693 0.28755307821 0.52725613565 0.42084556978 0.50315314199 0.46743888876 0.29817929746 0.47520566792 0.37506482520 0.45624638629 0.59808122652 0.40443005719 0.60240253412 0.72211901972 0.56334721453 0.47104995319 0.91552264512 0.74278562481 1.98080521547 -257.5548635977 0.02779621447   -2 
  60 0.00000450488 0.00106603758 -42.384974995 0.13115972108 0.00441554015 0.05626952069 0.51443099483 0.42196762109 0.43622232104 0.45553405246 0.40611799634 0.35453334665 0.49125125936 0.43434555390 0.50709465087 0.59222176281 0.46896757109 0.45596646927 0.49374106368 0.45208056651 0.39790804295 0.37646970797 0.39387609182 0.43739788193 0.46878979422 0.29681189034 0.28782441892 0.52733234435 0.42108374685 0.50331333820 0.46754437839 0.29847204015 0.47549319483 0.37541570362 0.45644530140 0.59831823804 0.40480792987 0.60262156286 0.72213353419 0.56363974677 0.47149610124 0.91584836550 0.74327437961 1.98209227752 -257.5540518882 0.01082467184   -2 
  61 0.00000450504 0.00106565274 -41.918200422 0.13170441090 0.00441511083 0.05626732496 0.51396547868 0.42222101028 0.43593710490 0.45580191929 0.40600144691 0.35500266921 0.49090815722 0.43450225025 0.50719790076 0.59227457104 0.46934078154 0.45618077918 0.49413110626 0.45248639958 0.39806220139 0.37677588923 0.39444195402 0.43771510917 0.46894562656 0.29740943245 0.28828875033 0.52751607606 0.42146928648 0.50360996193 0.46773815086 0.29896036592 0.47595430706 0.37601276710 0.45672609135 0.59872863541 0.40545696884 0.60299075529 0.72228436717 0.56408404011 0.47231001198 0.91646672471 0.74407098351 1.98428479306 -257.5528313703 0.01000401467   -2 
  62 0.00000450505 0.00106580728 -41.880920959 0.13173556356 0.00441508088 0.05626715524 0.51395935001 0.42228064052 0.43591319299 0.45575919698 0.40601572851 0.35504048838 0.49089974313 0.43450217498 0.50718805517 0.59225519000 0.46936553672 0.45620211419 0.49415507752 0.45250339631 0.39808624847 0.37679743180 0.39447470645 0.43773990304 0.46896883149 0.29744645732 0.28831850576 0.52754045047 0.42149183285 0.50363529830 0.46775585202 0.29899029076 0.47598059368 0.37605094460 0.45673748148 0.59875894722 0.40549957703 0.60301724096 0.72232064851 0.56410669464 0.47237049583 0.91652167099 0.74411822240 1.98442294687 -257.5526792088 0.01181057982   -2 
  63 0.00000450515 0.00106532825 -41.593003128 0.13196873043 0.00441484882 0.05626583202 0.51395711428 0.42285767785 0.43569276831 0.45509072838 0.40622067098 0.35532024452 0.49090814127 0.43442520351 0.50700598130 0.59196925974 0.46952105502 0.45637882776 0.49429545023 0.45255164503 0.39832625234 0.37694688660 0.39466501421 0.43792561572 0.46919731717 0.29768281581 0.28851465533 0.52777258829 0.42162428871 0.50383675795 0.46790130882 0.29917981785 0.47613104106 0.37630238231 0.45676904167 0.59897900896 0.40578732630 0.60320503504 0.72271731019 0.56421713516 0.47282193350 0.91696929264 0.74440187634 1.98527982344 -257.5515418861 0.00589233457   -2 
  64 0.00000450518 0.00106544283 -41.529748164 0.13199737065 0.00441480249 0.05626553559 0.51410382674 0.42275660975 0.43577425564 0.45494028289 0.40632989802 0.35532645402 0.49102261167 0.43437934549 0.50693916050 0.59188470509 0.46952075104 0.45642712994 0.49428752668 0.45249521249 0.39842265887 0.37696189025 0.39464003465 0.43795884959 0.46929203309 0.29767668462 0.28851858955 0.52786555391 0.42161463068 0.50388717423 0.46794570643 0.29917594306 0.47611508299 0.37630815372 0.45673053275 0.59901628515 0.40580208548 0.60323522106 0.72291387183 0.56418632734 0.47289032885 0.91708722802 0.74438687150 1.98526857968 -257.5512536139 0.01696643776   -2 
  65 0.00000450522 0.00106505062 -41.419723164 0.13205683042 0.00441471692 0.05626500764 0.51432494902 0.42253913074 0.43592460280 0.45467841369 0.40652345136 0.35532419482 0.49123462505 0.43429137478 0.50681472895 0.59172983762 0.46951123942 0.45651065467 0.49426418105 0.45238252438 0.39859811390 0.37698382849 0.39458299169 0.43801441629 0.46946476290 0.29765492256 0.28851801509 0.52803473426 0.42158969111 0.50397559915 0.46802497453 0.29916053614 0.47607715706 0.37630887350 0.45665361495 0.59907845632 0.40581883707 0.60328502411 0.72327743578 0.56412104763 0.47300482723 0.91729540108 0.74434489186 1.98520427612 -257.5507561055 0.00531858924   -2 
  66 0.00000450525 0.00106515393 -41.329221232 0.13211303324 0.00441463394 0.05626451945 0.51383557962 0.42241907226 0.43606500330 0.45483054355 0.40663136361 0.35523452998 0.49146368200 0.43423915683 0.50676681179 0.59169627586 0.46946193631 0.45657648002 0.49420123083 0.45222131859 0.39878356010 0.37697337614 0.39443779799 0.43804400753 0.46965731068 0.29753983430 0.28845144555 0.52822457655 0.42151207107 0.50405433572 0.46810973391 0.29907120049 0.47597313903 0.37622630816 0.45652693722 0.59911296817 0.40575024374 0.60331184956 0.72372395913 0.56398819693 0.47304050968 0.91748306703 0.74419584192 1.98490797841 -257.5503060706 0.00845400966   -2 
  67 0.00000450525 0.00106503601 -41.332321305 0.13211514285 0.00441463468 0.05626453088 0.51386607578 0.42242723150 0.43605108797 0.45483231123 0.40662098154 0.35523405991 0.49145159208 0.43424108355 0.50676972187 0.59169982354 0.46946124823 0.45657258442 0.49420104620 0.45222418615 0.39877755681 0.37697210533 0.39443864156 0.43804167322 0.46965156381 0.29753952257 0.28845075781 0.52821898516 0.42151206286 0.50405122343 0.46810711874 0.29907080252 0.47597336181 0.37622540013 0.45652831396 0.59911051091 0.40574888531 0.60330981345 0.72371327446 0.56398907946 0.47303662291 0.91747588987 0.74419576260 1.98490704142 -257.5502509649 0.00457844226   -2 
  68 0.00000450525 0.00106505299 -41.336968348 0.13213312374 0.00441462591 0.05626451927 0.51414536296 0.42251386076 0.43595309262 0.45491197650 0.40654486951 0.35521068430 0.49139120820 0.43425704164 0.50680005001 0.59174390149 0.46944651102 0.45655361610 0.49418755781 0.45221531190 0.39876732135 0.37695772867 0.39440863848 0.43802756550 0.46964685632 0.29750297912 0.28842425104 0.52821568383 0.42149167446 0.50404274528 0.46810558112 0.29904052384 0.47594792786 0.37619188878 0.45650897307 0.59909683447 0.40571442016 0.60329849271 0.72372889066 0.56396288806 0.47300459657 0.91745710777 0.74415540786 1.98483800191 -257.5500929589 0.00286114231   -2 
  69 0.00000450526 0.00106497992 -41.336586615 0.13214272407 0.00441461860 0.05626449422 0.51415003591 0.42254201254 0.43592433790 0.45495555038 0.40651449562 0.35519725316 0.49137179792 0.43426589206 0.50681708241 0.59176914681 0.46943859729 0.45654701665 0.49417964509 0.45220602968 0.39876904371 0.37694983987 0.39438678248 0.43802145945 0.46965216062 0.29747727295 0.28840623354 0.52822182809 0.42147754240 0.50404165145 0.46810863216 0.29901921095 0.47592985988 0.37616913542 0.45649355546 0.59909118222 0.40569158533 0.60329389065 0.72375576730 0.56394338359 0.47298711475 0.91745514699 0.74412754151 1.98479614030 -257.5500609712 0.00610306380   -2 
  70 0.00000450527 0.00106510575 -41.332057894 0.13217779126 0.00441458630 0.05626437101 0.51413322818 0.42266883000 0.43581304859 0.45515991970 0.40638453580 0.35513809534 0.49129293796 0.43431029640 0.50690009522 0.59189117881 0.46940492853 0.45652045735 0.49414546941 0.45216325567 0.39878162426 0.37691435133 0.39428391866 0.43799521677 0.46968184361 0.29735524781 0.28832099574 0.52825562499 0.42141140044 0.50403955597 0.46812581413 0.29891786737 0.47584488992 0.37606147535 0.45642049654 0.59906724640 0.40558373105 0.60327468478 0.72389110307 0.56385133813 0.47290611703 0.91745253811 0.74399695725 1.98461140733 -257.5499240545 0.00281884904   -2 
  71 0.00000450528 0.00106508005 -41.325389761 0.13219446597 0.00441456134 0.05626425868 0.51401777874 0.42266822561 0.43579697135 0.45524232440 0.40632620057 0.35510288433 0.49126000217 0.43433885045 0.50695262950 0.59196760513 0.46938394296 0.45650618765 0.49412310065 0.45213105994 0.39879680295 0.37688880676 0.39420453248 0.43797793220 0.46971037349 0.29725698867 0.28825237622 0.52828757345 0.42135960658 0.50404156981 0.46814259725 0.29883480723 0.47577768999 0.37597460503 0.45636131161 0.59905168197 0.40549685829 0.60326243242 0.72400803051 0.56377762844 0.47284338314 0.91745887900 0.74389494887 1.98449194682 -257.5498650460 0.00561884431   -2 
  72 0.00000450528 0.00106517940 -41.320496086 0.13220059759 0.00441454695 0.05626418810 0.51395681266 0.42265713919 0.43579788922 0.45527986808 0.40629874628 0.35508415921 0.49124522103 0.43435534858 0.50698248781 0.59201069434 0.46937266032 0.45649892809 0.49411080322 0.45211236094 0.39880682730 0.37687394683 0.39415715097 0.43796821441 0.46972846821 0.29719724335 0.28821063480 0.52830779489 0.42132851062 0.50404350839 0.46815337951 0.29878396777 0.47573718819 0.37592171081 0.45632540879 0.59904298720 0.40544396791 0.60325566748 0.72408032821 0.56373304136 0.47280555856 0.91746430605 0.74383375470 1.98442583426 -257.5498305917 0.00311537017   -2 
  73 0.00000450530 0.00106518509 -41.301271916 0.13220914578 0.00441449875 0.05626393241 0.51384076586 0.42251599256 0.43585899863 0.45527051034 0.40626567286 0.35503906466 0.49122730906 0.43438997467 0.50704679116 0.59210295707 0.46934074244 0.45648003912 0.49407468839 0.45205401146 0.39884067103 0.37682788322 0.39400829805 0.43793893229 0.46978758566 0.29700164326 0.28807328298 0.52837384994 0.42122807255 0.50405114747 0.46818922666 0.29861432087 0.47560569528 0.37574717712 0.45620686222 0.59901633843 0.40526929495 0.60323482665 0.72431659442 0.56358679958 0.47268254312 0.91748553251 0.74363715734 1.98423926603 -257.5497383098 0.00346566959   -2 
  74 0.00000450531 0.00106525741 -41.294395679 0.13220528402 0.00441448537 0.05626385186 0.51387603487 0.42247527965 0.43588043861 0.45522859999 0.40627512636 0.35503363655 0.49123154915 0.43439094145 0.50704975785 0.59210695994 0.46933417362 0.45647641969 0.49406671255 0.45204006003 0.39884921138 0.37681651049 0.39397144470 0.43793184017 0.46980236931 0.29694879763 0.28803572435 0.52839048860 0.42120161731 0.50405323757 0.46819864148 0.29856672460 0.47557074332 0.37569916516 0.45617447113 0.59900952983 0.40522108251 0.60322938643 0.72437806398 0.56354721209 0.47264911470 0.91749163797 0.74358578590 1.98420153601 -257.5497028724 0.00585598965   -2 
  75 0.00000450533 0.00106515033 -41.278353060 0.13219762909 0.00441445249 0.05626365769 0.51397984021 0.42238045113 0.43592488648 0.45510216129 0.40630705649 0.35502466873 0.49124463384 0.43438429578 0.50704246960 0.59209635626 0.46931898485 0.45646766505 0.49404823185 0.45200844794 0.39886702758 0.37679061087 0.39388942522 0.43791529731 0.46983383878 0.29682787155 0.28794929455 0.52842608235 0.42114113730 0.50405695526 0.46821898566 0.29845631893 0.47549074357 0.37558844109 0.45609963596 0.59899317690 0.40510972603 0.60321604433 0.72451453022 0.56345601507 0.47257204902 0.91750365136 0.74346878501 1.98411917223 -257.5496221754 0.00198452972   -2 
  76 0.00000450534 0.00106518661 -41.269737329 0.13218524458 0.00441443730 0.05626355612 0.51400727216 0.42241581106 0.43591724679 0.45501861576 0.40634853992 0.35503851661 0.49126356420 0.43435988012 0.50700238299 0.59203896140 0.46931933536 0.45646766893 0.49404708406 0.45200469571 0.39886830048 0.37678574914 0.39387615133 0.43791193023 0.46983706153 0.29679212731 0.28792203342 0.52843032160 0.42112519056 0.50405664988 0.46822276967 0.29841743573 0.47546868807 0.37555246941 0.45607617911 0.59898821677 0.40507287402 0.60321140744 0.72454273674 0.56342845199 0.47254754230 0.91750476798 0.74343921675 1.98412583879 -257.5495909394 0.00501911681   -2 
  77 0.00000450535 0.00106509687 -41.260884335 0.13217400375 0.00441442006 0.05626344615 0.51402262918 0.42245646081 0.43590400180 0.45492957092 0.40639277097 0.35505407145 0.49128309474 0.43433098843 0.50695523617 0.59197180369 0.46931967453 0.45646736498 0.49404590694 0.45200136571 0.39886832779 0.37678103883 0.39386461127 0.43790838544 0.46983858932 0.29675636308 0.28789439236 0.52843277375 0.42110935197 0.50405559676 0.46822570489 0.29837735965 0.47544668043 0.37551581223 0.45605226765 0.59898272550 0.40503518936 0.60320615395 0.72456776319 0.56340050188 0.47252251577 0.91750440548 0.74341015051 1.98413468480 -257.5495550795 0.00123589301   -2 
  78 0.00000450535 0.00106507289 -41.256345048 0.13216849174 0.00441441065 0.05626338682 0.51401719644 0.42247824466 0.43589487219 0.45489365145 0.40641397008 0.35506312829 0.49129258953 0.43431482058 0.50692881729 0.59193442056 0.46932054918 0.45646749728 0.49404608439 0.45200108884 0.39886712708 0.37677960034 0.39386236544 0.43790706589 0.46983745565 0.29674130417 0.28788227586 0.52843193630 0.42110307964 0.50405455947 0.46822615497 0.29835879157 0.47543772210 0.37549947227 0.45604177637 0.59898012513 0.40501821366 0.60320351716 0.72457468515 0.56338845403 0.47251139014 0.91750306759 0.74339899311 1.98414354509 -257.5495512604 0.00149708048   -2 
  79 0.00000450536 0.00106509811 -41.253941746 0.13216589976 0.00441440505 0.05626335311 0.51400402642 0.42248829089 0.43588869284 0.45488603432 0.40642276214 0.35506858389 0.49129670390 0.43430553233 0.50691363843 0.59191320361 0.46932161845 0.45646781050 0.49404687344 0.45200225842 0.39886536103 0.37677975500 0.39386461547 0.43790683260 0.46983506312 0.29673650997 0.28787786558 0.52842952625 0.42110153392 0.50405353612 0.46822538421 0.29835091521 0.47543522055 0.37549322031 0.45603794657 0.59897895060 0.40501152162 0.60320217497 0.72457271488 0.56338428966 0.47250714953 0.91750124106 0.74339665630 1.98415187994 -257.5495475416 0.00171350670   -2 
  80 0.00000450536 0.00106507001 -41.248278204 0.13216283718 0.00441438868 0.05626326251 0.51395268326 0.42250558174 0.43586915313 0.45488323206 0.40643885772 0.35508208750 0.49130370283 0.43428012263 0.50687266107 0.59185663621 0.46932422355 0.45646808574 0.49404899023 0.45200651952 0.39885856915 0.37678112030 0.39387523962 0.43790641897 0.46982559351 0.29672908649 0.28786958729 0.52841968527 0.42110000059 0.50404965168 0.46822138767 0.29833373905 0.47543196110 0.37548081777 0.45603055162 0.59897568229 0.40499782085 0.60319828196 0.72455807816 0.56337671719 0.47249861851 0.91749378796 0.74339555164 1.98417506758 -257.5495385321 0.00125733013   -2 
  81 0.00000450537 0.00106509475 -41.245910051 0.13216241056 0.00441438093 0.05626322164 0.51393841326 0.42250681727 0.43586169461 0.45489103469 0.40644172578 0.35508713079 0.49130479841 0.43426978987 0.50685622471 0.59183434187 0.46932533686 0.45646806582 0.49405002102 0.45200897244 0.39885475871 0.37678222834 0.39388208328 0.43790641999 0.46982014300 0.29672843355 0.28786765154 0.52841391662 0.42110062602 0.50404749563 0.46821878764 0.29832802580 0.47543223073 0.37547745110 0.45602871566 0.59897428174 0.40499381842 0.60319651546 0.72454736844 0.56337516890 0.47249625072 0.91748949079 0.74339762861 1.98418558920 -257.5495356136 0.00141506727   -2 
  82 0.00000450538 0.00106507703 -41.237799598 0.13216594457 0.00441434934 0.05626306351 0.51390076987 0.42249455900 0.43583447203 0.45493255248 0.40644215568 0.35510248476 0.49130296734 0.43423229209 0.50679766162 0.59175607412 0.46932813090 0.45646666041 0.49405285026 0.45201820611 0.39883844569 0.37678673176 0.39391096732 0.43790610572 0.46979681279 0.29673060390 0.28786336624 0.52838904902 0.42110490789 0.50403800332 0.46820700191 0.29830990370 0.47543590770 0.37546847340 0.45602408430 0.59896843212 0.40498233215 0.60318916920 0.72449865571 0.56337216929 0.47248960589 0.91747024896 0.74340928909 1.98422025859 -257.5495266894 0.00132343300   -2 
  83 0.00000450539 0.00106510450 -41.234514812 0.13216835406 0.00441433546 0.05626299494 0.51390468046 0.42248490362 0.43582724517 0.45495097076 0.40643820991 0.35510669798 0.49130009045 0.43421925089 0.50677778538 0.59173015874 0.46932877295 0.45646571073 0.49405365996 0.45202193271 0.39883126737 0.37678874427 0.39392387582 0.43790594588 0.46978646661 0.29673345251 0.28786289907 0.52837793353 0.42110751329 0.50403371651 0.46820149161 0.29830389215 0.47543858585 0.37546638243 0.45602321465 0.59896595088 0.40497916317 0.60318601490 0.72447571986 0.56337221528 0.47248789115 0.91746144586 0.74341582990 1.98423245681 -257.5495229815 0.00168218480   -2 
  84 0.00000450540 0.00106508304 -41.227046945 0.13217734656 0.00441430040 0.05626282569 0.51392838582 0.42245573159 0.43581355906 0.45499225569 0.40642313462 0.35511325933 0.49128970186 0.43419071200 0.50673530117 0.59167585859 0.46932894649 0.45646239659 0.49405446487 0.45203011224 0.39881331742 0.37679337619 0.39395538110 0.43790513784 0.46976062369 0.29674234721 0.28786313403 0.52835005959 0.42111441588 0.50402269964 0.46818728667 0.29829105876 0.47544602027 0.37546305869 0.45602208285 0.59895954193 0.40497319972 0.60317795694 0.72441727235 0.56337347981 0.47248474639 0.91743886885 0.74343293676 1.98425619837 -257.5495167751 0.00084847012   -2 
  85 0.00000450541 0.00106510262 -41.224927289 0.13218061310 0.00441428911 0.05626277256 0.51394198090 0.42245008586 0.43581690136 0.45499686447 0.40641587200 0.35511187753 0.49128530447 0.43418777927 0.50673188762 0.59167276779 0.46932832916 0.45646117839 0.49405419738 0.45203192075 0.39880837147 0.37679470860 0.39396446765 0.43790489689 0.46975332946 0.29674690630 0.28786463837 0.52834206011 0.42111717810 0.50401945161 0.46818284864 0.29828913399 0.47544930092 0.37546394542 0.45602294970 0.59895781863 0.40497331724 0.60317572958 0.72439901056 0.56337527136 0.47248504422 0.91743235571 0.74343936360 1.98425951596 -257.5495146969 0.00138467345   -2 
  86 0.00000450542 0.00106508165 -41.218640229 0.13219285455 0.00441425245 0.05626260207 0.51397889686 0.42243434059 0.43583135480 0.45500304802 0.40639082293 0.35510439782 0.49127003527 0.43418278902 0.50672833771 0.59167323448 0.46932540463 0.45645681989 0.49405251887 0.45203666376 0.39879310271 0.37679860415 0.39399225866 0.43790390665 0.46973073654 0.29676259623 0.28787041870 0.52831716385 0.42112619127 0.50400913762 0.46816865734 0.29828459173 0.47546021856 0.37546814159 0.45602648761 0.59895235458 0.40497512234 0.60316869794 0.72434115036 0.56338182496 0.47248684468 0.91741185343 0.74346017872 1.98426486246 -257.5495090795 0.00096109001   -2 
  87 0.00000450542 0.00106508165 -41.218640229 0.13219285455 0.00441425245 0.05626260207 0.51397889686 0.42243434059 0.43583135480 0.45500304802 0.40639082293 0.35510439782 0.49127003527 0.43418278902 0.50672833771 0.59167323448 0.46932540463 0.45645681989 0.49405251887 0.45203666376 0.39879310271 0.37679860415 0.39399225866 0.43790390665 0.46973073654 0.29676259623 0.28787041870 0.52831716385 0.42112619127 0.50400913762 0.46816865734 0.29828459173 0.47546021856 0.37546814159 0.45602648761 0.59895235458 0.40497512234 0.60316869794 0.72434115036 0.56338182496 0.47248684468 0.91741185343 0.74346017872 1.98426486246 -257.5495090795           NAN   -8 
  88 0.00000450543 0.00106510654 -41.218216948 0.13219279204 0.00441424988 0.05626258930 0.51396627670 0.42244027712 0.43583473784 0.45499781398 0.40639099705 0.35510277263 0.49127043237 0.43418691739 0.50673493199 0.59168236872 0.46932538935 0.45645702195 0.49405259124 0.45203665271 0.39879326720 0.37679889324 0.39399306433 0.43790414291 0.46973069501 0.29676456793 0.28787168176 0.52831699237 0.42112716956 0.50400910419 0.46816825161 0.29828567662 0.47546153387 0.37546965791 0.45602759507 0.59895260975 0.40497655478 0.60316886808 0.72433915783 0.56338325173 0.47248788678 0.91741200954 0.74346218182 1.98426473637 -257.5495068112 0.00163044821   -2 
  89 0.00000450543 0.00106508648 -41.216912647 0.13219464773 0.00441423927  0.0562625396 0.51391730205 0.42245944995 0.43584536134 0.45497661305 0.40639056995 0.35509588070 0.49127079603 0.43420185515 0.50675909764 0.59171598499 0.46932465198 0.45645720552 0.49405223557 0.45203611325 0.39879353416 0.37679969966 0.39399585353 0.43790468922 0.46973014171 0.29677203429 0.28787642716 0.52831590799 0.42113068270 0.50400862026 0.46816639053 0.29828975512 0.47546633300 0.37547534888 0.45603163370 0.59895320633 0.40498191635 0.60316915383 0.72433096311 0.56338845545 0.47249171060 0.91741195345 0.74346940448 1.98426167317 -257.5494995542 0.00080320597   -2 
  90 0.00000450543 0.00106508648 -41.216912647 0.13219464773 0.00441423927  0.0562625396 0.51391730205 0.42245944995 0.43584536134 0.45497661305 0.40639056995 0.35509588070 0.49127079603 0.43420185515 0.50675909764 0.59171598499 0.46932465198 0.45645720552 0.49405223557 0.45203611325 0.39879353416 0.37679969966 0.39399585353 0.43790468922 0.46973014171 0.29677203429 0.28787642716 0.52831590799 0.42113068270 0.50400862026 0.46816639053 0.29828975512 0.47546633300 0.37547534888 0.45603163370 0.59895320633 0.40498191635 0.60316915383 0.72433096311 0.56338845545 0.47249171060 0.91741195345 0.74346940448 1.98426167317 -257.5494995542           NAN   -8 
  91 0.00000450543 0.00106509883 -41.216728858 0.13219471039 0.00441423813 0.05626253384 0.51392182800 0.42245947098 0.43584568005 0.45497573694 0.40639057063 0.35509540146 0.49127085306 0.43420300684 0.50676093004 0.59171848903 0.46932461679 0.45645724426 0.49405223089 0.45203608598 0.39879357415 0.37679978898 0.39399613087 0.43790475687 0.46973010784 0.29677278544 0.28787690979 0.52831582603 0.42113103855 0.50400859079 0.46816622385 0.29829017670 0.47546681976 0.37547593140 0.45603204857 0.59895328478 0.40498246787 0.60316920082 0.72433019931 0.56338898677 0.47249210966 0.91741197554 0.74347012431 1.98426152433 -257.5494988387 0.00072380437   -2 
  92 0.00000450543 0.00106509883 -41.216728858 0.13219471039 0.00441423813 0.05626253384 0.51392182800 0.42245947098 0.43584568005 0.45497573694 0.40639057063 0.35509540146 0.49127085306 0.43420300684 0.50676093004 0.59171848903 0.46932461679 0.45645724426 0.49405223089 0.45203608598 0.39879357415 0.37679978898 0.39399613087 0.43790475687 0.46973010784 0.29677278544 0.28787690979 0.52831582603 0.42113103855 0.50400859079 0.46816622385 0.29829017670 0.47546681976 0.37547593140 0.45603204857 0.59895328478 0.40498246787 0.60316920082 0.72433019931 0.56338898677 0.47249210966 0.91741197554 0.74347012431 1.98426152433 -257.5494988387           NAN   -8 
  93 0.00000450543 0.00106509883 -41.216728858 0.13219471039 0.00441423813 0.05626253384 0.51392182800 0.42245947098 0.43584568005 0.45497573694 0.40639057063 0.35509540146 0.49127085306 0.43420300684 0.50676093004 0.59171848903 0.46932461679 0.45645724426 0.49405223089 0.45203608598 0.39879357415 0.37679978898 0.39399613087 0.43790475687 0.46973010784 0.29677278544 0.28787690979 0.52831582603 0.42113103855 0.50400859079 0.46816622385 0.29829017670 0.47546681976 0.37547593140 0.45603204857 0.59895328478 0.40498246787 0.60316920082 0.72433019931 0.56338898677 0.47249210966 0.91741197554 0.74347012431 1.98426152433 -257.5494988387           NAN   -8 
  94 0.00000450543 0.00106509883 -41.216728858 0.13219471039 0.00441423813 0.05626253384 0.51392182800 0.42245947098 0.43584568005 0.45497573694 0.40639057063 0.35509540146 0.49127085306 0.43420300684 0.50676093004 0.59171848903 0.46932461679 0.45645724426 0.49405223089 0.45203608598 0.39879357415 0.37679978898 0.39399613087 0.43790475687 0.46973010784 0.29677278544 0.28787690979 0.52831582603 0.42113103855 0.50400859079 0.46816622385 0.29829017670 0.47546681976 0.37547593140 0.45603204857 0.59895328478 0.40498246787 0.60316920082 0.72433019931 0.56338898677 0.47249210966 0.91741197554 0.74347012431 1.98426152433 -257.5494988387 0.00072380437   -8 
-- Local optimization: reached maximum number of likelihood evaluations allowed.
-- Found new optimum with likelihood -257.549498838724617 and gradient 0.00072

---- Best joint likelihood found -257.549498838724617 with gradient 0.00072

---- Results for /scratch/40841805/tmpfb1xczs8 
--  Model: C
--        eps_an     theta_bar             a 
-- 0.00000450543 0.00106509883            -1 
--           S_d             b           p_b           S_b 
-- -41.216728858 0.13219471039 0.00441423813 0.05626253384 
--           r 2           r 3           r 4           r 5           r 6           r 7           r 8           r 9          r 10          r 11          r 12          r 13          r 14          r 15          r 16          r 17          r 18          r 19          r 20          r 21          r 22          r 23          r 24          r 25          r 26          r 27          r 28          r 29          r 30          r 31          r 32          r 33          r 34          r 35          r 36          r 37          r 38          r 39 
-- 0.51392182800 0.42245947098 0.43584568005 0.45497573694 0.40639057063 0.35509540146 0.49127085306 0.43420300684 0.50676093004 0.59171848903 0.46932461679 0.45645724426 0.49405223089 0.45203608598 0.39879357415 0.37679978898 0.39399613087 0.43790475687 0.46973010784 0.29677278544 0.28787690979 0.52831582603 0.42113103855 0.50400859079 0.46816622385 0.29829017670 0.47546681976 0.37547593140 0.45603204857 0.59895328478 0.40498246787 0.60316920082 0.72433019931 0.56338898677 0.47249210966 0.91741197554 0.74347012431 1.98426152433 

---- Expected P_neut(i), 0 < i < n (neutral SFS per site) 
E[P_neut(1)] = 0.0010650943
E[P_neut(2)] = 0.0002736876
E[P_neut(3)] = 0.0001499865
E[P_neut(4)] = 0.0001160542
E[P_neut(5)] = 0.0000969185
E[P_neut(6)] = 0.0000721408
E[P_neut(7)] = 0.0000540301
E[P_neut(8)] = 0.0000654063
E[P_neut(9)] = 0.0000513853
E[P_neut(10)] = 0.0000539749
E[P_neut(11)] = 0.0000572942
E[P_neut(12)] = 0.0000416563
E[P_neut(13)] = 0.0000373977
E[P_neut(14)] = 0.0000375867
E[P_neut(15)] = 0.0000320975
E[P_neut(16)] = 0.0000265471
E[P_neut(17)] = 0.0000236076
E[P_neut(18)] = 0.0000233136
E[P_neut(19)] = 0.0000245479
E[P_neut(20)] = 0.0000250154
E[P_neut(21)] = 0.0000150521
E[P_neut(22)] = 0.0000139372
E[P_neut(23)] = 0.0000244656
E[P_neut(24)] = 0.0000186895
E[P_neut(25)] = 0.0000214728
E[P_neut(26)] = 0.0000191787
E[P_neut(27)] = 0.0000117671
E[P_neut(28)] = 0.0000180865
E[P_neut(29)] = 0.0000137905
E[P_neut(30)] = 0.0000161908
E[P_neut(31)] = 0.0000205790
E[P_neut(32)] = 0.0000134798
E[P_neut(33)] = 0.0000194679
E[P_neut(34)] = 0.0000226909
E[P_neut(35)] = 0.0000171451
E[P_neut(36)] = 0.0000139796
E[P_neut(37)] = 0.0000264096
E[P_neut(38)] = 0.0000208398
E[P_neut(39)] = 0.0000541952

---- Expected P_sel(i), 0 < i < n (selected SFS per site) 
E[P_sel(1)] = 0.0008507609
E[P_sel(2)] = 0.0001983764
E[P_sel(3)] = 0.0001028180
E[P_sel(4)] = 0.0000766001
E[P_sel(5)] = 0.0000621825
E[P_sel(6)] = 0.0000452551
E[P_sel(7)] = 0.0000332691
E[P_sel(8)] = 0.0000396416
E[P_sel(9)] = 0.0000307183
E[P_sel(10)] = 0.0000318767
E[P_sel(11)] = 0.0000334712
E[P_sel(12)] = 0.0000240973
E[P_sel(13)] = 0.0000214405
E[P_sel(14)] = 0.0000213716
E[P_sel(15)] = 0.0000181116
E[P_sel(16)] = 0.0000148736
E[P_sel(17)] = 0.0000131390
E[P_sel(18)] = 0.0000128946
E[P_sel(19)] = 0.0000134977
E[P_sel(20)] = 0.0000136783
E[P_sel(21)] = 0.0000081870
E[P_sel(22)] = 0.0000075427
E[P_sel(23)] = 0.0000131773
E[P_sel(24)] = 0.0000100203
E[P_sel(25)] = 0.0000114622
E[P_sel(26)] = 0.0000101946
E[P_sel(27)] = 0.0000062297
E[P_sel(28)] = 0.0000095381
E[P_sel(29)] = 0.0000072454
E[P_sel(30)] = 0.0000084757
E[P_sel(31)] = 0.0000107353
E[P_sel(32)] = 0.0000070082
E[P_sel(33)] = 0.0000100882
E[P_sel(34)] = 0.0000117211
E[P_sel(35)] = 0.0000088291
E[P_sel(36)] = 0.0000071775
E[P_sel(37)] = 0.0000135198
E[P_sel(38)] = 0.0000106384
E[P_sel(39)] = 0.0000275902

---- alpha_dfe = 0.008967

