---- Running command
---- ./polyDFE -d /scratch/40841778/tmpgzmqbh64 -m C -i /scratch/40841778/tmpvfn7edgs 1 -v 1 
---- Performing inference using model C

---- Performing inference on /scratch/40841778/tmpgzmqbh64
----      with -i /scratch/40841778/tmpvfn7edgs 1
---- Data /scratch/40841778/tmpgzmqbh64 does not contain divergence counts. Using option -w.
---- No mutation variability. Using Poisson likelihood.


---- Using provided initial values

-- Starting local optimization
-- Optimizing all parameters
  it        eps_an     theta_bar           S_d             b           p_b           S_b           r 2           r 3           r 4           r 5           r 6           r 7           r 8           r 9          r 10          r 11          r 12          r 13          r 14          r 15          r 16          r 17          r 18          r 19          r 20          r 21          r 22          r 23          r 24          r 25          r 26          r 27          r 28          r 29          r 30          r 31          r 32          r 33          r 34          r 35          r 36          r 37          r 38          r 39           ln lk          grad status 
   0 0.00000450288   0.001050261 -26.884510000     0.1464485   0.004419742    0.05627203     0.4932568     0.4490162      0.411058     0.4293708     0.4059378     0.3950674     0.4836194     0.4412304     0.4459431     0.5171633     0.4880109      0.499798     0.5114526     0.4705895     0.3840001     0.3914661     0.4942643     0.4410675     0.4295933     0.3836019     0.3386893     0.4566943     0.4425798     0.4623484      0.424307     0.4116725     0.4906384     0.4335386     0.4045893     0.5819833     0.4816641     0.5724359     0.5396078     0.5300813       0.62822     0.8578236      0.810246      2.052769 -269.3927590727 0.91857804470   -2 
   1 0.00000450287 0.00106440747 -26.881894291 0.14629124094 0.00441978553 0.05627206345 0.49528254087 0.45031011266 0.41046256380 0.42859583805 0.40615903432 0.39694018087 0.48327399567 0.44067419945 0.44570226956 0.51780547467 0.48783683996 0.50104476723 0.51009234762 0.47177063310 0.38393009335 0.39189393214 0.49373617586 0.43995628038 0.43075862952 0.38360191300 0.33850236031 0.45833742939 0.44202214469 0.46243136366 0.42361710811 0.41167250718 0.49098848809 0.43432161392 0.40532447740 0.58341000252 0.48140601407 0.57233561524 0.54065625183 0.53036255189 0.62941785094 0.85754091282 0.80984137700 2.05021410344 -268.5588386438 0.74656105352   -2 
   2 0.00000450286 0.00105171810 -27.846766586 0.14961161668 0.00441861849 0.05627261445 0.54248799715 0.48420799888 0.38356827909 0.39663909778 0.40950022287 0.46471979452 0.46676642692 0.41813423772 0.43420364298 0.53727383678 0.47871143243 0.54428270985 0.46123507027 0.51342312535 0.38004290249 0.40609327086 0.47327625031 0.40049865154 0.47303850544 0.38255757788 0.33109249857 0.51956966319 0.42132394621 0.46416793057 0.39860831694 0.41075746786 0.50244235921 0.46233874806 0.43174312397 0.63512977809 0.47121675844 0.56737550182 0.57829746230 0.53940881668 0.67222567048 0.84491308273 0.79323203711 1.95038610146 -256.6292809646 0.65473215921   -2 
   3 0.00000450286 0.00103843652 -28.273869156 0.14968830821 0.00441848482 0.05627314884 0.51066414216 0.47917997391 0.38580595893 0.39565696591 0.41194038013 0.48243966802 0.46488613536 0.41329378979 0.43206362003 0.54471574211 0.47707783115 0.56051533724 0.44626573991 0.53026690927 0.37913270657 0.41252031760 0.46644251963 0.38606874702 0.49189437789 0.38259223896 0.32826774008 0.54759328201 0.41332461250 0.46547861723 0.38862135131 0.41078136527 0.50800072400 0.47555168538 0.44433386307 0.65895014394 0.46727027078 0.56588866944 0.59599126508 0.54396453445 0.69216487639 0.84092371003 0.78737233549 1.92051775821 -253.0264998420 1.53288905238   -2 
   4 0.00000450286 0.00105960075 -28.491226829 0.14915522836 0.00441857160 0.05627354780 0.49267083994 0.47555004010 0.38839308795 0.39612436037 0.41375319547 0.49310775669 0.46424159688 0.41067610508 0.43101732927 0.54962049186 0.47631593678 0.57109249932 0.43725227418 0.54138889192 0.37865532353 0.41683120308 0.46225256881 0.37708403119 0.50458300915 0.38269508401 0.32648599877 0.56663740222 0.40826338814 0.46643203812 0.38227371509 0.41086679136 0.51176249922 0.48448596415 0.45286381518 0.67504583300 0.46477112099 0.56502243435 0.60795586172 0.54706359257 0.70562086602 0.83853787187 0.78374477245 1.90265577340 -250.6312590966 0.36313910452   -2 
   5 0.00000450286 0.00106932995 -28.700991101 0.14894340619 0.00441857773 0.05627388514 0.48757318011 0.46917325361 0.39238614880 0.39892634503 0.41467189685 0.49560166726 0.46464972241 0.40960931543 0.43062941769 0.55246112891 0.47600363874 0.57786106860 0.43115552341 0.54936416516 0.37830652923 0.42029159162 0.45908994497 0.36993284250 0.51493675159 0.38279259918 0.32495954850 0.58251078074 0.40403262480 0.46724885536 0.37687026532 0.41094680215 0.51498400170 0.49231635586 0.46043777592 0.68874147189 0.46260700985 0.56429372422 0.61840505106 0.54977875968 0.71724327729 0.83661288144 0.78074474463 1.89061761382 -250.0892018802 0.76247957135   -2 
   6 0.00000450287 0.00105925477 -29.092371975 0.14914528175 0.00441843015 0.05627438143 0.48370567515 0.45832305310 0.39886739577 0.40395749251 0.41561151766 0.49642022609 0.46548240505 0.40830959960 0.43010908477 0.55611934381 0.47553144179 0.58732072216 0.42231593823 0.56114436131 0.37772547160 0.42558357747 0.45426746853 0.35907814898 0.53113868047 0.38290369341 0.32253696796 0.60771597126 0.39744613972 0.46847803449 0.36846114608 0.41103516026 0.52001552049 0.50483899638 0.47261477876 0.71049502343 0.45916385423 0.56309513943 0.63510911439 0.55404300504 0.73573212973 0.83353703500 0.77599897102 1.87284224291 -249.0926133189 0.47617681007   -2 
   7 0.00000450287 0.00106607559 -29.432081983 0.14926847395 0.00441832109 0.05627484875 0.49280307757 0.45133599907 0.40491420427 0.40984902412 0.41601240869 0.49178700717 0.46712389693 0.40830266718 0.43021456395 0.55821665528 0.47553604552 0.59358586543 0.41591745374 0.57025192471 0.37731487194 0.43025099632 0.45037319386 0.34976498292 0.54554388194 0.38306279964 0.32033452136 0.63057746577 0.39155212268 0.46966824693 0.36081244832 0.41116593727 0.52473010286 0.51676440007 0.48434683060 0.73065184171 0.45600115238 0.56206280427 0.65096560695 0.55812244029 0.75310679233 0.83094179701 0.77183878678 1.86031079098 -248.2229190999 0.57618914576   -2 
   8 0.00000450288 0.00105752616 -29.726536026 0.14968299013 0.00441814525 0.05627518423 0.50154370843 0.44741333791 0.40898210227 0.41430352351 0.41605160022 0.48675353920 0.46848674869 0.40859214348 0.43040448821 0.55926818586 0.47560801913 0.59736322150 0.41164345766 0.57642363932 0.37701433601 0.43366172314 0.44759117367 0.34300562075 0.55622633860 0.38317653472 0.31866764947 0.64777717768 0.38716148181 0.47055524957 0.35509264534 0.41125928686 0.52829175201 0.52594754687 0.49344430992 0.74596214171 0.45359733647 0.56127556005 0.66315958254 0.56123475101 0.76638568676 0.82900786016 0.76872666958 1.85195209049 -247.7596179149 0.29261687755   -2 
   9 0.00000450288 0.00106161131 -29.921853094 0.15008800330 0.00441800329 0.05627543444 0.51462834873 0.45754372609 0.40860454050 0.41709087651 0.41565489476 0.47671332365 0.47092236365 0.41123582659 0.43188249298 0.55766898790 0.47677168340 0.59445593619 0.41259781693 0.57592903864 0.37722616214 0.43524975444 0.44716429843 0.33980507623 0.56057789117 0.38346971658 0.31770927942 0.65528165820 0.38467890896 0.47134735126 0.35140059654 0.41151494201 0.53072677167 0.53212367276 0.49989374117 0.75450756958 0.45212638171 0.56106117108 0.67117839972 0.56360694553 0.77472823739 0.82855010095 0.76740333797 1.85578639826 -247.1335940806 0.57951816371   -2 
  10 0.00000450289 0.00105253583 -30.055547191 0.15051839112 0.00441786466 0.05627556276 0.52041789247 0.46353066132 0.40802431579 0.41841286448 0.41536636865 0.47093421537 0.47230369729 0.41285634631 0.43277589015 0.55655848907 0.47747780887 0.59233200955 0.41349416674 0.57514831887 0.37737161487 0.43600837181 0.44707463235 0.33822533323 0.56257773253 0.38364140151 0.31720508947 0.65883430957 0.38338875179 0.47178308004 0.34943027288 0.41166555486 0.53202986352 0.53544998600 0.50341294302 0.75889345999 0.45134230202 0.56096826057 0.67547524397 0.56490667830 0.77914497663 0.82837396683 0.76675756241 1.85874690963 -246.8032513121 0.20101178246   -2 
  11 0.00000450291 0.00105539350 -30.262300752 0.15068043955 0.00441779940 0.05627593612 0.51529399654 0.47731095508 0.40592023103 0.42020672644 0.41578663426 0.46012248199 0.47646531677 0.41828721775 0.43611545996 0.55380918734 0.48036269739 0.58481226821 0.41944243242 0.56989392942 0.37838910446 0.43684883746 0.44889139147 0.33718390171 0.56309510508 0.38442711943 0.31668515087 0.66040210932 0.38190602893 0.47305038054 0.34632706310 0.41236599227 0.53461299565 0.54134685707 0.51002096994 0.76460596841 0.45037011875 0.56149092211 0.68285922885 0.56775813486 0.78632245138 0.82961165161 0.76702393870 1.87563946949 -246.3822461669 0.23311701374   -2 
  12 0.00000450291 0.00105216524 -30.299233280 0.15075855132 0.00441777448 0.05627598912 0.51412330649 0.47820534234 0.40562675394 0.42030605941 0.41586635297 0.45891463985 0.47701486604 0.41907869346 0.43661295140 0.55341598902 0.48080439707 0.58365274966 0.42047763953 0.56897828150 0.37856327851 0.43691149694 0.44924877297 0.33716221352 0.56294061938 0.38455656133 0.31663807371 0.66026127277 0.38176065531 0.47324220381 0.34593840983 0.41248288871 0.53496077566 0.54211050188 0.51090936759 0.76518480329 0.45026464777 0.56159914307 0.68379688606 0.56816480958 0.78719810338 0.82986459193 0.76714360525 1.87847835006 -246.3318781357 0.15320029734   -2 
  13 0.00000450293 0.00105636004 -30.502760134 0.15066318121 0.00441779733 0.05627648014 0.50559434248 0.47433836825 0.40451488616 0.42013408666 0.41726637230 0.45401136370 0.48117937036 0.42555289688 0.44094345911 0.55101848187 0.48482210403 0.57456739400 0.43057119840 0.56078294251 0.38037229746 0.43700755075 0.45322314092 0.33844158224 0.55968842176 0.38586575301 0.31664966547 0.65573983964 0.38145201118 0.47499396937 0.34359672371 0.41367729821 0.53758926447 0.54730188552 0.51727858261 0.76743042726 0.44991985664 0.56295554865 0.68996551689 0.57144603684 0.79260277977 0.83291729734 0.76918298612 1.90568955441 -246.0545219603 0.15023957683   -2 
  14 0.00000450294 0.00105341392 -30.553393210 0.15075521764 0.00441777141 0.05627657421 0.50583296533 0.47254339595 0.40437179268 0.41985256239 0.41745717181 0.45368844151 0.48173039643 0.42665857868 0.44170804872 0.55057934329 0.48556610184 0.57282196474 0.43276354817 0.55903202457 0.38076154193 0.43693669063 0.45413375574 0.33886703494 0.55873218233 0.38615034749 0.31668209648 0.65435143558 0.38146680782 0.47535927781 0.34316458235 0.41394318117 0.53809210302 0.54825879547 0.51852357916 0.76754497488 0.44988289649 0.56327261719 0.69106505280 0.57212416124 0.79349122072 0.83362432530 0.76969617229 1.91136744324 -246.0078025149 0.20918660153   -2 
  15 0.00000450296 0.00105582359 -30.689427543 0.15087634137 0.00441774313 0.05627689233 0.50994667412 0.46630589532 0.40427747007 0.41883627063 0.41808663303 0.45374836256 0.48321666236 0.42999498747 0.44409006121 0.54939069610 0.48794655974 0.56752846582 0.44010201835 0.55342932667 0.38209380596 0.43664174459 0.45727350781 0.34050465738 0.55533565519 0.38713244484 0.31685194472 0.64934461547 0.38165186080 0.47659814436 0.34184815022 0.41486799600 0.53972518892 0.55126957247 0.52253307037 0.76753074530 0.44983955160 0.56440207567 0.69447330187 0.57438141706 0.79615104570 0.83611310885 0.77156291218 1.93014718577 -245.8644043613 0.07216721011   -2 
  16 0.00000450296 0.00105334107 -30.727740921 0.15102081452 0.00441770621 0.05627696363 0.51200011298 0.46624300338 0.40458115387 0.41848313617  0.4180348531 0.45510467194 0.48287868233 0.43007944489 0.44426560177 0.54940722838 0.48823874414 0.56696790836 0.44173393834 0.55235457356 0.38243696496 0.43644865771 0.45813868422 0.34119908440 0.55415821618 0.38740870318 0.31696093053 0.64752915872 0.38185497767 0.47692003734 0.34162029451 0.41514677035 0.54006436384 0.55179423209 0.52338364677 0.76694982398 0.44990771151 0.56476803976 0.69498760089 0.57495698794 0.79639706002 0.83687345454 0.77220985793 1.93397184497 -245.8422845444 0.15425637145   -2 
  17 0.00000450297 0.00105500403 -30.764186635 0.15111895426 0.00441768568 0.05627706234 0.51477943041 0.46677836845 0.40514006406 0.41810921116 0.41797967770 0.45724486034 0.48232156206 0.43001449550 0.44440881493 0.54957977004 0.48856284023 0.56653750081 0.44377449871 0.55113729410 0.38289716935 0.43619379261 0.45928868409 0.34218396224 0.55260378883 0.38778631910 0.31713000171 0.64510396318 0.38217376027 0.47735428264 0.34136770556 0.41553128731 0.54049948960 0.55242018080 0.52444662445 0.76608157360 0.45003146584 0.56528059840 0.69557479709 0.57571652167 0.79662406531 0.83792102112 0.77311988272 1.93870261463 -245.8060001637 0.07635187234   -2 
  18 0.00000450298 0.00105291262 -30.817354799 0.15131238822 0.00441764173 0.05627719195 0.51641646930 0.46845091137 0.40599257976 0.41778435804 0.41786680960 0.46052439635 0.48132679694 0.42949801573 0.44434833454 0.55006037140 0.48879364625 0.56660896475 0.44612443678 0.54996468121 0.38349426717 0.43583510555 0.46078243026 0.34362209147 0.55054030894 0.38829796727 0.31739969471 0.64183418606 0.38269439984 0.47792927139 0.34112505681 0.41606500727 0.54102566750 0.55308118841 0.52570660157 0.76468150659 0.45025668859 0.56600575728 0.69612282933 0.57670663644 0.79667637825 0.83936281233 0.77441632484 1.94396086522 -245.7813981185 0.09731952153   -2 
  19 0.00000450298 0.00105408763 -30.842813686 0.15137098063 0.00441763345 0.05627728040 0.51670738361 0.46974142459 0.40658058137 0.41772453951 0.41784745101 0.46264255604 0.48071833000 0.42909481854 0.44427205496 0.55047919555 0.48890916650 0.56689940825 0.44748077543 0.54942576887 0.38387736034 0.43562848334 0.46171859737 0.34457327235 0.54929654658 0.38863397134 0.31759165707 0.63983553370 0.38306227367 0.47830429884 0.34101027133 0.41641854337 0.54135673665 0.55345949510 0.52646376363 0.76376868794 0.45042870681 0.56649081857 0.69641689137 0.57733790689 0.79666110996 0.84030880067 0.77528005872 1.94698600310 -245.7665461612 0.07726495688   -2 
  20 0.00000450299 0.00105298660 -30.882201285 0.15148209326 0.00441761521 0.05627741017 0.51554293153 0.47156176115 0.40735679177 0.41783523449 0.41786520495 0.46553526793 0.47988183962 0.42838184843 0.44407571828 0.55121250787 0.48899277734 0.56768000025 0.44914969932 0.54898011712 0.38441734337 0.43535473548 0.46301441517 0.34599096525 0.54761735734 0.38912457219 0.31789617330 0.63709570693 0.38364491595 0.47884667709 0.34090415745 0.41694305196 0.54181335204 0.55392016795 0.52746776338 0.76240360397 0.45071674693 0.56721677285 0.69673215528 0.57823814638 0.79653889067 0.84169181784 0.77656762965 1.95065043528 -245.7493273395 0.05371189317   -2 
  21 0.00000450299 0.00105404172 -30.886504895 0.15147112777 0.00441762392 0.05627745176 0.51475490342 0.47182816498 0.40749704502 0.41802753198 0.41793716569 0.46606324938 0.47976691194 0.42816582038 0.44400272092 0.55149393303 0.48898602679 0.56811956838 0.44938725201 0.54910752865 0.38455559688 0.43531655453 0.46331508702 0.34638659894 0.54729153546 0.38926217369 0.31799800480 0.63652481778 0.38383486003 0.47899681368 0.34091977131 0.41709520195 0.54192918669 0.55399689850 0.52767997733 0.76205178888 0.45082432103 0.56743115615 0.69676068821 0.57847431425 0.79646535028 0.84207457900 0.77693962684 1.95117578362 -245.7439241807 0.06204113057   -2 
  22 0.00000450299 0.00105350175 -30.897522316 0.15149098439 0.00441763010 0.05627753040 0.51291385295 0.47195463262 0.40761988017 0.41848244092 0.41809515319 0.46672357541 0.47963318552 0.42772563985 0.44382666341 0.55205507610 0.48892179337 0.56911820782 0.44959817399 0.54956059995 0.38479280548 0.43526813324 0.46380830784 0.34712554306 0.54679797077 0.38951406659 0.31820113016 0.63561644582 0.38421261642 0.47926859295 0.34098696599 0.41738099593 0.54212527154 0.55408115183 0.52800616025 0.76139802768 0.45104655988 0.56783680264 0.69674346038 0.57889613491 0.79627167461 0.84277370276 0.77763729456 1.95161158666 -245.7351354609 0.03386757568   -2 
  23 0.00000450300 0.00105453148 -30.897451056 0.15148522058 0.00441764532 0.05627759772 0.51221278726 0.47148730462 0.40751292338 0.41897111679 0.41827749287 0.46664917331 0.47971739407 0.42738003298 0.44365992846 0.55254565890 0.48881390746 0.57016887720 0.44938069701 0.55028305226 0.38495001661 0.43528422610 0.46408227350 0.34770573660 0.54663585332 0.38970984286 0.31838807323 0.63521318836 0.38455416279 0.47947598064 0.34110975512 0.41761541401 0.54225584866 0.55405965412 0.52815297483 0.76092298515 0.45126506247 0.56817387582 0.69662765283 0.57920476588 0.79604682966 0.84330811238 0.77820147966 1.95109844789 -245.7300763682 0.06612182972   -2 
  24 0.00000450300 0.00105386030 -30.901689582 0.15153308852 0.00441765799 0.05627771949 0.51121457563 0.47043022343 0.40721193716 0.41984273606 0.41859143521 0.46628592647 0.47990198374 0.42673268934 0.44332728063 0.55342477034 0.48857822490 0.57214968957 0.44884105692 0.55170796792 0.38522029174 0.43532072561 0.46453667760 0.34877201583 0.54639861393 0.39006349548 0.31873854136 0.63455906811 0.38519491746 0.47984803701 0.34135601412 0.41804616805 0.54247925628 0.55398096578 0.52837916851 0.76004479771 0.45167821266 0.56879428523 0.69636724678 0.57975930358 0.79559273290 0.84427282000 0.77923520892 1.94981037755 -245.7212791704 0.03946737738   -2 
  25 0.00000450300 0.00105467642 -30.897411199 0.15159179513 0.00441767355 0.05627784631 0.51191483243 0.46949501427 0.40682267633 0.42054493147 0.41886301532 0.46549335432 0.48019084365 0.42615316328 0.44299631082 0.55421927941 0.48830656184 0.57414416824 0.44801824606 0.55332241496 0.38545634989 0.43539370044 0.46488214546 0.34983654653 0.54634107330 0.39041204593 0.31911391854 0.63416264293 0.38587547760 0.48021097663 0.34166089767 0.41848765251 0.54267943831 0.55382791878 0.52851598784 0.75920192277 0.45213147385 0.56943123865 0.69601991437 0.58029862495 0.79507578890 0.84521343172 0.78027756954 1.94788254829 -245.7133336864 0.06300765837   -2 
  26 0.00000450301 0.00105378575 -30.897040232 0.15165968911 0.00441767392 0.05627791924 0.51247398553 0.46903692021 0.40658599862 0.42086655099 0.41898799266 0.46496825460 0.48035696276 0.42583866640 0.44280548937 0.55462994309 0.48814056653 0.57524620637 0.44749535066 0.55425658481 0.38557964550 0.43543793715 0.46505148361 0.35044051832 0.54633860372 0.39060683334 0.31933173449 0.63398328319 0.38626982553 0.48041253895 0.34184541182 0.41873973120 0.54278516019 0.55372238492 0.52857312003 0.75872466833 0.45239658343 0.56979481520 0.69580031534 0.58060047019 0.79476372664 0.84573755378 0.78086813389 1.94665137806 -245.7088934794 0.02670046897   -2 
  27 0.00000450301 0.00105403603 -30.888196334 0.15172930535 0.00441767878 0.05627799618 0.51362425759 0.46935603506 0.40648240057 0.42082375902 0.41902059204 0.46433178885 0.48056161509 0.42571156860 0.44269267821 0.55483043850 0.48800529377 0.57602581092 0.44685235102 0.55512900489 0.38565739509 0.43551481937 0.46510097493 0.35096262498 0.54650782363 0.39077588917 0.31955100240 0.63407968897 0.38665675315 0.48058538135 0.34206677654 0.41897760997 0.54286414563 0.55357356715 0.52855158791 0.75836884680 0.45267478461 0.57013667657 0.69554491912 0.58086143407 0.79445396074 0.84617729340 0.78139860395 1.94519838466 -245.7052626534 0.03534115156   -2 
  28 0.00000450301 0.00105344537 -30.885077625 0.15177238392 0.00441767750 0.05627802833 0.51399761742 0.46958481404 0.40646454708 0.42074054740 0.41901366222 0.46406964955 0.48064373770 0.42569326367 0.44266063616 0.55486901509 0.48795593228 0.57627243394 0.44657456842 0.55546183134 0.38567996316 0.43555058458 0.46509896006 0.35115941602 0.54660477483 0.39083939323 0.31964028773 0.63416559156 0.38681245453 0.48064979815 0.34216334766 0.41907157252 0.54289082169 0.55350496436 0.52852847308 0.75824547807 0.45279023161 0.57027132813 0.69543430846 0.58095994552 0.79432798928 0.84633937896 0.78160234760 1.94457846593 -245.7038991317 0.02130324984   -2 
  29 0.00000450302 0.00105361009 -30.866033517 0.15184818060 0.00441769069 0.05627812757 0.51437267954 0.47075755980 0.40665055094 0.42026349883 0.41894918184 0.46349459589 0.48089504939 0.42587562309 0.44269960840 0.55478264013 0.48790624422 0.57653959270 0.44582025394 0.55620647320 0.38570612452 0.43568831144 0.46499597507 0.35158599898 0.54703370903 0.39098652998 0.31987834069 0.63467369990 0.38721250794 0.48079931332 0.34245567479 0.41930890803 0.54294908482 0.55330649906 0.52840852292 0.75808559881 0.45311068668 0.57060908675 0.69514269732 0.58118751127 0.79404040828 0.84669262024 0.78208307898 1.94300783897 -245.7009471194 0.02563817967   -2 
  30 0.00000450302 0.00105319720 -30.860688500 0.15187591178 0.00441769347 0.05627815813 0.51431374812 0.47104805237 0.40672173893 0.42011292079 0.41892493213 0.46336813447 0.48096116801 0.42595463011 0.44272643225 0.55473201497 0.48790381152  0.5765529912 0.44561477603 0.55638390675 0.38570804303  0.4357314621 0.46495351622 0.35168989809 0.54717429795 0.39102385345 0.31994463541 0.63485144213 0.38732155890 0.48083724898 0.34254237336 0.41937302137 0.54296307279 0.55324894661 0.52836660847 0.75806514762 0.45320197971 0.57069982004 0.69506202406 0.58124570467 0.79396734323 0.84677848950 0.78220707997 1.94259609744 -245.7001971249 0.01886841488   -2 
  31 0.00000450302 0.00105346940 -30.839024335 0.15191173882 0.00441771532 0.05627825001 0.51372894290 0.47162751458 0.40700822127 0.41972235112 0.41887321681 0.46321828133 0.48113989461 0.42628104209 0.44287503340 0.55453259996 0.48796137545 0.57637982982 0.44512364704 0.55673948525 0.38570207889 0.43587150133 0.46480445666 0.35190723121 0.54762909838 0.39111346015 0.32012076860 0.63546116107 0.38760036537 0.48092998758 0.34279153773 0.41953761689 0.54300079613 0.55310207528 0.52823504020 0.75812134248 0.45345232042 0.57093079953 0.69486936683 0.58138549423 0.79382187646 0.84696917760 0.78250355987 1.94171427075 -245.6985025176 0.01590434889   -2 
  32 0.00000450302 0.00105320087 -30.832297357 0.15192809755 0.00441772114 0.05627827916 0.51353982469 0.47163896564 0.40708375509 0.41963015823 0.41885772338 0.46322906964 0.48117794237 0.42639358492 0.44293146011 0.55445706039 0.48799073043 0.57626914982 0.44500389251 0.55679648841 0.38569528230 0.43591507117 0.46475051715 0.35194993750 0.54777451013 0.39113440096 0.32016985590 0.63566524919 0.38767487891 0.48095192310 0.34286718814 0.41958139092 0.54300957909 0.55306050278 0.52819029028 0.75816561513 0.45352470946 0.57099143182 0.69481895828 0.58141909501 0.79379210631 0.84700844822 0.78257466917 1.94152561092 -245.6980925647 0.01767961444   -2 
  33 0.00000450303 0.00105352318 -30.799370028 0.15196577896 0.00441775533 0.05627840624 0.51296804200 0.47135263935 0.40737161832 0.41935917474 0.41881693731 0.46341977908 0.48130782581 0.42688134542 0.44319284136 0.55414192753 0.48814658059 0.57571332790 0.44460273584 0.55691846311 0.38566239286 0.43609862787 0.46452212056 0.35207203317 0.54838185957 0.39120858097 0.32036029225 0.63653562732 0.38795519472 0.48103124895 0.34317484693 0.41974725561 0.54304487720 0.55290652916 0.52800477017 0.75841590097 0.45381184508 0.57121922283 0.69464297796 0.58153955265 0.79371524791 0.84713375369 0.78282570885 1.94099609087 -245.6966468335 0.01519097522   -2 
  34 0.00000450303 0.00105320896 -30.783321205 0.15199908749 0.00441776883 0.05627846885 0.51292362846 0.47108078430 0.40744227735 0.41928782151 0.41879695382 0.46355201723 0.48133701331 0.42709751428 0.44331350110 0.55399007952 0.48822430564 0.57540822669 0.44445428855 0.55691323951 0.38564068802 0.43618204088 0.46440705945 0.35210275439 0.54866432511 0.39123549348 0.32044496322 0.63695103684 0.38807537116 0.48106045120 0.34332052284 0.41981806521 0.54305733815 0.55283673358 0.52791147408 0.75855937825 0.45394346159 0.57131506551 0.69456827146 0.58158579521 0.79369358290 0.84716986631 0.78292092450 1.94084115496 -245.6960617213 0.02158014476   -2 
  35 0.00000450304 0.00105347998 -30.746125945 0.15205740014 0.00441780238 0.05627860474 0.51310413613 0.47048225826 0.40753870358 0.41921185263 0.41876831888 0.46386722596 0.48137855905 0.42753193088 0.44356442467 0.55369021128 0.48839445210 0.57475861007 0.44419195388 0.55685428551 0.38559412464 0.43635539857 0.46416828372 0.35214479964 0.54924808636 0.39128679384 0.32061776123 0.63781770652 0.38831602110 0.48111705664 0.34362519310 0.41996071459 0.54308335874 0.55269887762 0.52771667940 0.75888506194 0.45421559666 0.57150690340 0.69442641555 0.58167575096 0.79366813510 0.84723076367 0.78310287942 1.94063514943 -245.6950042221 0.01241673695   -2 
  36 0.00000450304 0.00105323400 -30.748960551 0.15206203245 0.00441779790 0.05627859466 0.51318240081 0.47057634440 0.40747878205 0.41926129991 0.41877373472 0.46384081000 0.48135421669 0.42746266837 0.44352911901 0.55373254253 0.48837533490 0.57482259950 0.44424806795 0.55682648528 0.38559632235 0.43633440290 0.46419194321 0.35212531049 0.54917934235 0.39127717610 0.32059755285 0.63772211349 0.38828472020 0.48110695268 0.34359540368 0.41994234583 0.54307891119 0.55271569738 0.52773417103 0.75886513814 0.45418657676 0.57148116427 0.69444714785 0.58166118604 0.79368043352 0.84721237482 0.78307153642 1.94072082139 -245.6947619622 0.01387719775   -2 
  37 0.00000450303 0.00105328673 -30.750962116 0.15207507215 0.00441779114 0.05627858188 0.51364564532 0.47093027701 0.40722256319 0.41950704194 0.41880701512 0.46379880484 0.48125345624 0.42722759612 0.44342054913 0.55388460779 0.48832894140 0.57499603528 0.44447538530 0.55667739733 0.38559962939 0.43627537058 0.46425755917 0.35203830349 0.54898111205 0.39124375830 0.32053964379 0.63745902293 0.38818764155 0.48107309722 0.34352191459 0.41988686041 0.54306680986 0.55277120349 0.52777801909 0.75885300766 0.45410935963 0.57140149590 0.69452303551 0.58161285334 0.79374380411 0.84714020406 0.78296255855 1.94113569365 -245.6940550264 0.00527878632   -2 
  38 0.00000450304 0.00105309440 -30.744215652 0.15209532271 0.00441779496 0.05627860758 0.51369020947 0.47093145317 0.40712178092 0.41965245060 0.41883261332 0.46385631660 0.48120130486 0.42716145072 0.44340433759 0.55393621114 0.48834041322 0.57498184952 0.44460227602 0.55655001748 0.38559419455 0.43627187074 0.46425839432 0.35197571778 0.54896260880 0.39122989911 0.32053280050 0.63745562962 0.38816399494 0.48106075210 0.34353331685 0.41987541435 0.54306613373 0.55278893971 0.52777151292 0.75892805647 0.45411018790 0.57138217105 0.69455836389 0.58159571678 0.79379745563 0.84709895449 0.78291772674 1.94144671701 -245.6938883273 0.01359858191   -2 
  39 0.00000450304 0.00105323119 -30.719504406 0.15214569018 0.00441781302 0.05627869524 0.51380982592 0.47091817476 0.40683786758 0.42010619330 0.41892034330 0.46405656420 0.48104917624 0.42697436611 0.44336769190 0.55409697879 0.48838838156 0.57492329910 0.44500225733 0.55615029168 0.38557826888 0.43626943799 0.46425734512 0.35177842131 0.54892602701 0.39118922451 0.32051735983 0.63747659649 0.38809712915 0.48102562547 0.34358032731 0.41984482980 0.54306782448 0.55284477712 0.52774755141 0.75918333466 0.45412276993 0.57132868798 0.69467139460 0.58154612625 0.79397348319 0.84697393696 0.78278384861 1.94244932508 -245.6934439404 0.00601536701   -2 
  40 0.00000450304 0.00105314789 -30.722004960 0.15213944626 0.00441781156 0.05627868763 0.51371321036 0.47089619574 0.40693252752 0.41998671113 0.41890169432 0.46402298079 0.48108701275 0.42702544595 0.44338356321 0.55405999743 0.48838608775 0.57492075957 0.44492831109 0.55622299941 0.38558088536 0.43627532460 0.46425333913 0.35181045732 0.54894781547 0.39119755896 0.32052415540 0.63749594651 0.38811340812 0.48103349922 0.34358096174 0.41985345389 0.54306952712 0.55283448349 0.52774792122 0.75915295295 0.45412793221 0.57134234998 0.69465268154 0.58155679947 0.79394795600 0.84699714160 0.78281048515 1.94227880953 -245.6933638848 0.00733412917   -2 
  41 0.00000450304 0.00105326093 -30.721838315 0.15213297933 0.00441781306 0.05627868810 0.51360902643 0.47086785389 0.40703442276 0.41987460748 0.41888763326 0.46400213825 0.48112409998 0.42707741089 0.44340340406 0.55402807294 0.48839029092 0.57491004900 0.44487269431 0.55627839935 0.38558310474 0.43628449341 0.46424767978 0.35183201770 0.54897655572 0.39120493382 0.32053261203 0.63752913232 0.38812920729 0.48104102754 0.34358876494 0.41986265802 0.54307285096 0.55282708087 0.52774554684 0.75914322905 0.45413790364 0.57135617168 0.69464059557 0.58156658823 0.79393445736 0.84701583899 0.78283307743 1.94216315283 -245.6932798628 0.00386090366   -2 
  42 0.00000450304 0.00105323167 -30.718407307 0.15213601568 0.00441781661 0.05627870128 0.51350110987 0.47081883444 0.40713456998 0.41977051093 0.41887561338 0.46399649532 0.48115543831 0.42712926064 0.44342717628 0.55399829505 0.48840194005 0.57488078946 0.44484115841 0.55630489115 0.38558316817 0.43629782879 0.46423672968 0.35183692406 0.54901642925 0.39121007539 0.32054377980 0.63758486950 0.38814455887 0.48104705654 0.34360840767 0.41987254422 0.54307737523 0.55282203993 0.52773683639 0.75916396579 0.45415570099 0.57136988482 0.69463612679 0.58157422147 0.79393696701 0.84702573097 0.78284841968 1.94211907232 -245.6932324267 0.00394936490   -2 
  43 0.00000450304 0.00105333101 -30.712268609 0.15214320783 0.00441782241 0.05627872380 0.51347255541 0.47078019053 0.40719132412 0.41971753505 0.41887140138 0.46400849393 0.48117140999 0.42716418540 0.44344750259 0.55398197213 0.48841758282 0.57484509318 0.44484272052 0.55629675000 0.38558162019 0.43631146297 0.46422473236 0.35182510049 0.54905506927 0.39121193120 0.32055444361 0.63764528790 0.38815527519 0.48105030142 0.34363365334 0.41988047420 0.54308213938 0.55282115582 0.52772516901 0.75920768694 0.45417594564 0.57137990017 0.69464069216 0.58157802376 0.79395440514 0.84702515538 0.78285310018 1.94215932760 -245.6931876634 0.00717826579   -2 
  44 0.00000450305 0.00105317547 -30.686229878 0.15219034585 0.00441784416 0.05627882258 0.51340293526 0.47062424603 0.40736940852 0.41954072636 0.41885442228 0.46406441521 0.48121722341 0.42728788253 0.44352326335 0.55392114945 0.48848057420 0.57468969965 0.44487318474 0.55623141525 0.38557211332 0.43636549015 0.46417233493 0.35176155446 0.54920980868 0.39121550592 0.32059713132 0.63789389351 0.38819451161 0.48105969148 0.34374160577 0.41991038542 0.54310006057 0.55281899725 0.52767300308 0.75940298782 0.45426035425 0.57141643996 0.69466440453 0.58158890377 0.79403539613 0.84701108020 0.78286104726 1.94238011909 -245.6929971731 0.00715210407   -2 
  45 0.00000450305 0.00105327824 -30.665949035 0.15222384316 0.00441786143 0.05627889741 0.51341062877 0.47055000655 0.40746038033 0.41945092036 0.41884761170 0.46410820771 0.48124332160 0.42736613018 0.44357439317 0.55388669298 0.48852610438 0.57458360382 0.44490662116 0.55617587015 0.38556552455 0.43640421701 0.46413609953 0.35171125575 0.54931871091 0.39121745438 0.32062778823 0.63807087359 0.38822135442 0.48106609580 0.34382116075 0.41993156309 0.54311366221 0.55281969825 0.52763559912 0.75954998590 0.45432208322 0.57144197100 0.69468541309 0.58159611806 0.79409919525 0.84699901249 0.78286429538 1.94256765284 -245.6928980056 0.00733721124   -2 
  46 0.00000450306 0.00105305082 -30.613390395 0.15232724616 0.00441790334 0.05627909503 0.51349892064 0.47044372272 0.40758319634 0.41930526435 0.41883458462 0.46421278727 0.48128567579 0.42753111470 0.44368856257 0.55381506981 0.48863439493 0.57432894207 0.44500977888 0.55601716253 0.38554762995 0.43649841921 0.46404614035 0.35157438353 0.54958287528 0.39121969471 0.32070410082 0.63850598744 0.38828503064 0.48107980551 0.34402506928 0.41998309188 0.54314743877 0.55282415340 0.52754007368 0.75992845977 0.45447884272 0.57150312375 0.69474386158 0.58161149004 0.79426783128 0.84696176982 0.78286503109 1.94307843253 -245.6926705509 0.00942074080   -2 
  47 0.00000450306 0.00105315110 -30.575219348 0.15239782722 0.00441793452 0.05627923776 0.51358582323 0.47043415910 0.40761930694 0.41925675791 0.41883408736 0.46428267567 0.48130906414 0.42762938475 0.44376138226 0.55378090643 0.48870737322 0.57417286889 0.44508956304 0.55590894458 0.38553722210 0.43656298060 0.46398899783 0.35147885760 0.54975958013 0.39122186838 0.32075696053 0.63879808414 0.38832832076 0.48109033504 0.34416715653 0.42001909112 0.54317270313 0.55283082476 0.52747675445 0.76019194361 0.45458813235 0.57154586556 0.69478918200 0.58162315214 0.79438954605 0.84693816851 0.78286619925 1.94345155966 -245.6925047671 0.00973578947   -2 
  48 0.00000450308 0.00105282482 -30.490753884 0.15257073327 0.00441800117 0.05627955976 0.51373428615 0.47052179583 0.40758281831 0.41925380697 0.41884329163 0.46441498488 0.48134008190 0.42780005926 0.44389875552 0.55373506668 0.48885438008 0.57387980888 0.44527388850 0.55567959164 0.38551744795 0.43669847756 0.46387504684 0.35127051512 0.55012391478 0.39122686306 0.32087083101 0.63940387047 0.38841959988 0.48111405265 0.34447642599 0.42009689940 0.54322981476 0.55285122026 0.52734458804 0.76075969157 0.45482578111 0.57163812348 0.69489524538 0.58164951829 0.79466011632 0.84689009302 0.78286870583 1.94427789616 -245.6921364465 0.01039732314   -2 
  49 0.00000450309 0.00105284131 -30.422517770 0.15270455537 0.00441805646 0.05627981951 0.51382391321 0.47063904885 0.40752044101 0.41930295678 0.41886202002 0.46451183630 0.48136282854 0.42791573403 0.44399897352 0.55372065268 0.48896642323 0.57368593664 0.44542321346 0.55551437077 0.38550637554 0.43680404625 0.46379559890 0.35111126387 0.55039999240 0.39123323175 0.32096044533 0.63986240422 0.38849135175 0.48113578345 0.34471890614 0.42015932954 0.54327836770 0.55287289814 0.52724746817 0.76120124045 0.45501288906 0.57171270439 0.69498501544 0.58167361911 0.79487731597 0.84686036172 0.78287581100 1.94493713879 -245.6919383946 0.00850913636   -2 
  50 0.00000450310 0.00105254875 -30.344851706 0.15286536945 0.00441811931 0.05628012242 0.51377297806 0.47083072773 0.40737569555 0.41946876253 0.41890459565 0.46458608665 0.48137915093 0.42798682066 0.44408149419 0.55375757296 0.48907278955 0.57357507693 0.44559023220 0.55537910399 0.38550556172 0.43691371109 0.46373623363 0.35095151496 0.55066715695 0.39124626881 0.32105761391 0.64030510513 0.38856894581 0.48116709002 0.34497988644 0.42023015765 0.54334003187 0.55291060837 0.52716002412 0.76166145042 0.45521641529 0.57179881146 0.69509797339 0.58170863097 0.79512225593 0.84684986886 0.78289732848 1.94565639681 -245.6916537597 0.01263670658   -2 
  51 0.00000450311 0.00105263843 -30.285463619 0.15298111704 0.00441816913 0.05628035397 0.51371390142 0.47098373748 0.40726054139 0.41962712889 0.41894744562 0.46463255620 0.48139348683 0.42802185562 0.44413472245 0.55380813934 0.48914724141 0.57353742458 0.44571476198 0.55530291879 0.38551112770 0.43699357200 0.46370580378 0.35084194160 0.55085142733 0.39125966109 0.32112944679 0.64060848246 0.38862678944 0.48119477472 0.34517047090 0.42028438425 0.54339048749 0.55294555607 0.52710515787 0.76199171668 0.45536646047 0.57186564356 0.69518879495 0.58173960800 0.79530713406 0.84685449893 0.78292166742 1.94618958687 -245.6914340327 0.00744633818   -2 
  52 0.00000450312 0.00105239151 -30.211976164 0.15313417093 0.00441823115 0.05628065191 0.51355252535 0.47110851842 0.40711339409 0.41989192822 0.41902145221 0.46464263047 0.48140947867 0.42799399333 0.44416082024 0.55393733882 0.48920984734 0.57364645462 0.44585351135 0.55529932903 0.38553751497 0.43707723410 0.46371701124 0.35074633755 0.55100947336 0.39128716387 0.32121112926 0.64086260674 0.38869391764 0.48124123749 0.34538038038 0.42035237345 0.54346399506 0.55300916886 0.52707600437 0.76232802778 0.45553660242 0.57195244061 0.69531666838 0.58179230493 0.79552905949 0.84690218504 0.78297806877 1.94677883384 -245.6911617570 0.01154060117   -2 
  53 0.00000450313 0.00105249678 -30.158568633 0.15323924412 0.00441827782 0.05628086916 0.51346280449 0.47117340450 0.40702509764 0.42008986065 0.41908154471 0.46464099158 0.48142493432 0.42795816580 0.44417087170 0.55404987662 0.48924817954 0.57377130028 0.44594815313 0.55532729951 0.38556357058 0.43713359204 0.46374153602 0.35069213585 0.55110256968 0.39131126940 0.32126774794 0.64100845913 0.38874135374 0.48127948439 0.34552233113 0.42040207467 0.54352122930 0.55306216518 0.52706876801 0.76254667919 0.45565382525 0.57201702510 0.69541418964 0.58183581449 0.79568674650 0.84695194048 0.78302886540 1.94718272747 -245.6909760929 0.00836065379   -2 
  54 0.00000450316 0.00105216537 -30.020484037 0.15353019956 0.00441839863 0.05628145221 0.51333943839 0.47116476267 0.40687690168 0.42056828305 0.41924193286 0.46458913130 0.48146910326 0.42779794889 0.44415397020 0.55440125838 0.48931108266 0.57426816011 0.44616261690 0.55551930910 0.38565725049 0.43725906051 0.46386970243 0.35061175633 0.55125170538 0.39138979739 0.32140427548 0.64122437093 0.38885913220 0.48139634804 0.34585136180 0.42053270701 0.54368499578 0.55322704512 0.52710574466 0.76300793927 0.45593475699 0.57219131699 0.69568628513 0.58197025097 0.79608189932 0.84714181610 0.78320041454 1.94811320977 -245.6905386654 0.01181860009   -2 
  55 0.00000450317 0.00105228349 -29.961390190 0.15364982148 0.00441845199 0.05628170416 0.51336205095 0.47113058749 0.40685613212 0.42073573568 0.41930873957 0.46456589391 0.48149446025 0.42772503163 0.44414228741 0.55455951102 0.48933252995 0.57451332005 0.44624479741 0.55563192017 0.38570484145 0.43730822562 0.46394178765 0.35059632528 0.55129359445 0.39142854169 0.32145963268 0.64127650135 0.38890850995 0.48145194045 0.34597919220 0.42058934196 0.54375970456 0.55330533675 0.52713839394 0.76317526757 0.45604739192 0.57226832272 0.69580761447 0.58203462671 0.79624609733 0.84724151485 0.78328651525 1.94848039182 -245.6903231651 0.01198249680   -2 
  56 0.00000450321 0.00105177689 -29.760316339 0.15408462451 0.00441863345 0.05628258678 0.51358652210 0.47089588475 0.40690523941 0.42114827263 0.41951219608 0.46447599021 0.48159021504 0.42746127299 0.44408395200 0.55510792961 0.48938326112 0.57543606153 0.44649114023 0.55610479433 0.38588923315 0.43745998038 0.46423993043 0.35060155133 0.55136570870 0.39157655311 0.32163996385 0.64132628685 0.38907434024 0.48165913119 0.34637869814 0.42078583415 0.54402960597 0.55359738679 0.52730234585 0.76365258894 0.45641121667 0.57253992692 0.69623839259 0.58227684017 0.79679294789 0.84763986240 0.78362085438 1.94962594930 -245.6896432731 0.01086293043   -2 
  57 0.00000450321 0.00105196461 -29.746255613 0.15410935396 0.00441864851 0.05628265306 0.51362744955 0.47089622858 0.40696022329 0.42109992382 0.41951562893 0.46448492472 0.48160750465 0.42745947422 0.44408540686 0.55513639581 0.48938684862 0.57550477693 0.44649580479 0.55616288193 0.38591021432 0.43746703481 0.46427782484 0.35062594849 0.55135219518 0.39159361235 0.32164912714 0.64129319499 0.38908562180 0.48168089794 0.34638982336 0.42080110589 0.54405439834 0.55362689110 0.52733476292 0.76365226750 0.45642726073 0.57256289021 0.69627383587 0.58230319452 0.79682480588 0.84769070117 0.78366116533 1.94967391820 -245.6894523870 0.01336285624   -2 
  58 0.00000450324 0.00105152978 -29.600512672 0.15442329066 0.00441880587 0.05628340460 0.51397490159 0.47092181851 0.40777040711 0.42012259641 0.41946026405 0.46463704816 0.48182283891 0.42751750411 0.44411550463 0.55535724049 0.48940910647 0.57623732146 0.44646395238 0.55690852021 0.38617451009 0.43751463142 0.46477272726 0.35101944173 0.55109219176 0.39181057646 0.32172620330 0.64072049830 0.38920197239 0.48195099242 0.34641446248 0.42097114834 0.54434917035 0.55399052282 0.52779726411 0.76344925651 0.45654551312 0.57282812487 0.69667899182 0.58263593414 0.79712394975 0.84835804135 0.78418309811 1.94996425671 -245.6875597863 0.00633980859   -2 
  59 0.00000450324 0.00105157583 -29.589389982 0.15443337595 0.00441883246 0.05628351858 0.51344470071 0.47107378625 0.40758878286 0.42017558314 0.41945192024 0.46473260857 0.48187104240 0.42765679986 0.44418689557 0.55528718282 0.48944897671 0.57616217333 0.44641749236 0.55700494478 0.38623233119 0.43751573647 0.46487683034 0.35118347034 0.55103160079 0.39186853635 0.32171693733 0.64057401873 0.38921679968 0.48201729769 0.34631858489 0.42099977334 0.54441043788 0.55407195629 0.52795543927 0.76329035160 0.45650476535 0.57288084650 0.69674408179 0.58272503564 0.79712222257 0.84853948462 0.78432845152 1.94992546388 -245.6870395270 0.00493294029   -2 
  60 0.00000450324 0.00105171545 -29.585709630 0.15443810385 0.00441884300 0.05628356570 0.51347629521 0.47108388848 0.40751658965 0.42020476921 0.41944562443 0.46476193281 0.48188254403 0.42771192300 0.44421454562 0.55525063638 0.48946368985 0.57611437786 0.44639497034 0.55703372067 0.38625442689 0.43751417384 0.46491669043 0.35125638497 0.55100560135 0.39189249410 0.32171056887 0.64051227705 0.38922154675 0.48204429913 0.34626983424 0.42101050702 0.54443451300 0.55410485603 0.52802489252 0.76321543714 0.45648189558 0.57290159515 0.69676794422 0.58276281303 0.79711484724 0.84861498714 0.78438960462 1.94989609053 -245.6869369004 0.01136060416   -2 
  61 0.00000450325 0.00105152269 -29.567560544 0.15448631484 0.00441889718 0.05628383575 0.51371353574 0.47108782345 0.40710880897 0.42035853699 0.41940008534 0.46491119132 0.48193412128 0.42801455262 0.44436346984 0.55503373395 0.48954007439 0.57583004732 0.44626194981 0.55718517327 0.38637625262 0.43750118692 0.46513789453 0.35167176622 0.55085371378 0.39202668286 0.32167177339 0.64015714152 0.38924615952 0.48219513505 0.34598661036 0.42106930793 0.54456802811 0.55428882271 0.52841968967 0.76278112713 0.45634704269 0.57301660032 0.69689857290 0.58297585311 0.79706545675 0.84903966308 0.78473397593 1.94970613028 -245.6864044148 0.00318069796   -2 
  62 0.00000450326 0.00105150158 -29.556179346 0.15452025079 0.00441894196 0.05628405706 0.51361583121 0.47095747177 0.40757554740 0.42030560728 0.41943696203 0.46486153182 0.48192706992 0.42803181397 0.44438993293 0.55504141313 0.48956848046 0.57577692117 0.44622925576 0.55721032719 0.38643347565 0.43750368718 0.46523243070 0.35190890716 0.55081058340 0.39210531576 0.32164799425 0.64003505383 0.38926403908 0.48228375999 0.34579520942 0.42110832484 0.54464742202 0.55439709338 0.52866032581 0.76257683390 0.45625759346 0.57309048725 0.69697559656 0.58311253009 0.79704349501 0.84927644180 0.78493827372 1.94970797242 -245.6861256746 0.00204738286   -2 
  63 0.00000450326 0.00105154989 -29.554062178 0.15452576845 0.00441895037 0.05628409872 0.51365000642 0.47097900933 0.40758841840 0.42030052405 0.41944319475 0.46485451212 0.48192681491 0.42802529254 0.44439002332 0.55505209270 0.48957167597 0.57578147746 0.44622978022 0.55721090985 0.38644039930 0.43750564184 0.46524267524 0.35194041127 0.55080972144 0.39211643051 0.32164509750 0.64002753402 0.38926734943 0.48229641904 0.34576686829 0.42111470133 0.54465909469 0.55441264486 0.52869456426 0.76255609976 0.45624498267 0.57310204271 0.69698728943 0.58313319764 0.79704277725 0.84930835246 0.78496723753 1.94972204085 -245.6861085407 0.00459172816   -2 
  64 0.00000450327 0.00105143313 -29.543617303 0.15456254542 0.00441899338 0.05628432183 0.51382024873 0.47109821134 0.40761985199 0.42027262409 0.41947266586 0.46481583409 0.48192327531 0.42798505023 0.44438675378 0.55510981101 0.48958600527 0.57580939517 0.44623408575 0.55721060513 0.38647492728 0.43751572562 0.46529316772 0.35210272949 0.55080689194 0.39217367359 0.32162987073 0.63999244612 0.38928451273 0.48236163583 0.34561806810 0.42114787804 0.54471928302 0.55449292024 0.52887229493 0.76245142849 0.45617876780 0.57316209581 0.69704752693 0.58324088328 0.79703912822 0.84947216674 0.78511691028 1.94979768690 -245.6860281052 0.00217475945   -2 
  65 0.00000450327 0.00105148164 -29.539299148 0.15456651661 0.00441901368 0.05628441485 0.51364573929 0.47108590913 0.40753966650 0.42030379883 0.41948385315 0.46483913144 0.48194088232 0.42798352272 0.44439236669 0.55513905642 0.48959685577 0.57584353723 0.44625104709 0.55721809207 0.38648412184 0.43752655778 0.46530299400 0.35213501750 0.55082383714 0.39218939037 0.32163024660 0.64001331714 0.38929338725 0.48238030372 0.34558459048 0.42116063844 0.54473837208 0.55451583795 0.52891540155 0.76245744696 0.45616784950 0.57318272022 0.69706918670 0.58327233220 0.79705283689 0.84951125408 0.78515628056 1.94987196210 -245.6859727443 0.00191660442   -2 
  66 0.00000450327 0.00105145258 -29.538764868 0.15456827085 0.00441901626 0.05628442794 0.51363868906 0.47108169254 0.40752989288 0.42030654773 0.41948416497 0.46484149995 0.48194240408 0.42798305704 0.44439264100 0.55514189294 0.48959776701 0.57584746661 0.44625312475 0.55721865734 0.38648501777 0.43752782031 0.46530380786 0.35213865348 0.55082601402 0.39219121288 0.32163029330 0.64001626273 0.38929448272 0.48238248255 0.34558029918 0.42116222437 0.54474062801 0.55451854475 0.52892058403 0.76245868628 0.45616646087 0.57318525929 0.69707176951 0.58327622839 0.79705458730 0.84951568814 0.78516094830 1.94988069567 -245.6859689731 0.00158546778   -2 
  67 0.00000450328 0.00105144341 -29.528676392 0.15459225881 0.00441906173 0.05628465255 0.51370813253 0.47101502601 0.40739727945 0.42034566104 0.41948590185 0.46487945922 0.48196594605 0.42797804983 0.44439741549 0.55518399700 0.48961214268 0.57591012011 0.44628789051 0.55722844604 0.38649867828 0.43754897852 0.46531528121 0.35219295351 0.55086338529 0.39221981988 0.32163204962 0.64006847070 0.38931275158 0.48241686869 0.34551355897 0.42118819300 0.54477667736 0.55456136523 0.52900118682 0.76248590359 0.45614600333 0.57322637562 0.69711360714 0.58333844553 0.79708532121 0.84958401488 0.78523403080 1.95002550437 -245.6859309517 0.00112667513   -2 
  68 0.00000450328 0.00105145235 -29.523692700 0.15460421218 0.00441908397 0.05628476199 0.51373119757 0.47100133865 0.40735957407 0.42035889617 0.41948659377 0.46489434247 0.48197557295 0.42797675335 0.44439991310 0.55520144443 0.48961870894 0.57593698767 0.44630364000 0.55723334303 0.38650500262 0.43755888540 0.46532059792 0.35221749192 0.55088081056 0.39223307334 0.32163315377 0.64009294705 0.38932148813 0.48243285515 0.34548293340 0.42120051195 0.54479354339 0.55458130340 0.52903832166 0.76249977882 0.45613697633 0.57324576649 0.69713332124 0.58336753579 0.79710036742 0.84961546160 0.78526789209 1.95009157796 -245.6859264184 0.00190695186   -2 
  69 0.00000450329 0.00105139735 -29.517244322 0.15462167312 0.00441911291 0.05628490634 0.51374350348 0.47099836352 0.40733378582 0.42037022735 0.41948698674 0.46490980833 0.48198595990 0.42797579072 0.44440305358 0.55522100381 0.48962661271 0.57596825203 0.44632289049 0.55723959801 0.38651288188 0.43757132499 0.46532720807 0.35224789975 0.55090265404 0.39224975261 0.32163476474 0.64012377653 0.38933272264 0.48245302516 0.34544437914 0.42121629786 0.54481491583 0.55460650787 0.52908502736 0.76251819782 0.45612590161 0.57327051244 0.69715842004 0.58340450722 0.79711993601 0.84965487228 0.78531056408 1.95017337115 -245.6859160788 0.00282765845   -2 
  70 0.00000450331 0.00105140901 -29.490816502 0.15468757167 0.00441923049 0.05628548705 0.51376864114 0.47102514710 0.40728677444 0.42040715521 0.41949187339 0.46496614125 0.48202610266 0.42797645744 0.44441798331 0.55529487793 0.48965913565 0.57608646841 0.44639795095 0.55726684689 0.38654460994 0.43762100467 0.46535441941 0.35236588641 0.55098903181 0.39231554805 0.32164219417 0.64024540594 0.38937778467 0.48253274178 0.34529521206 0.42127918147 0.54489966885 0.55470607609 0.52926766481 0.76259397667 0.45608441464 0.57336875145 0.69725838904 0.58355026900 0.79719949102 0.84981010856 0.78547850329 1.95049597216 -245.6858716006 0.00357829926   -2 
  71 0.00000450332 0.00105132265 -29.470465237 0.15474085942 0.00441932147 0.05628593887 0.51377080970 0.47105157892 0.40727004131 0.42043044480 0.41949624090 0.46500524552 0.48205504663 0.42797840455 0.44442993480 0.55534845935 0.48968391891 0.57617276519 0.44645412482 0.55728829470 0.38656893596 0.43765887047 0.46537554003 0.35245505212 0.55105450659 0.39236569978 0.32164830347 0.64033751734 0.38941249212 0.48259358493 0.34518235343 0.42132748056 0.54496449275 0.55478209932 0.52940646459 0.76265280607 0.45605362153 0.57344404984 0.69733505860 0.58366163089 0.79726112122 0.84992836415 0.78560653639 1.95073952241 -245.6858529791 0.00253650488   -2 
  72 0.00000450335 0.00105129187 -29.438048883 0.15482301478 0.00441946587 0.05628665261 0.51375171150 0.47110963853 0.40730204368 0.42045664484 0.41950952215 0.46505646006 0.48209759248 0.42798892366 0.44445269870 0.55542433557 0.48972411112 0.57629356337 0.44653713452 0.55732573534 0.38660745419 0.43771744415 0.46541044881 0.35258782430 0.55115380499 0.39244231462 0.32165968431 0.64047627908 0.38946687513 0.48268681706 0.34501574434 0.42140239595 0.54506434671 0.55489851096 0.52961545083 0.76274710012 0.45601092077 0.57356022035 0.69745401456 0.58383154561 0.79735949442 0.85010886483 0.78580160188 1.95110749247 -245.6858278830 0.00256794073   -2 
  73 0.00000450336 0.00105121923 -29.428640106 0.15484842975 0.00441950808 0.05628686330 0.51373840391 0.47112528447 0.40734243039 0.42045658371 0.41951721971 0.46506277306 0.48210677989 0.42799696239 0.44446171702 0.55543903393 0.48973605495 0.57631590391 0.44655628234 0.55733886158 0.38661853440 0.43773318632 0.46542162193 0.35261993838 0.55117894783 0.39246239284 0.32166429051 0.64051068189 0.38948223418 0.48271148942 0.34497640094 0.42142299175 0.54509119295 0.55492928825 0.52966793847 0.76277508338 0.45600312548 0.57359166562 0.69748667932 0.58387607370 0.79738855935 0.85015615422 0.78585242746 1.95120006128 -245.6858128595 0.00378319720   -2 
  74 0.00000450338 0.00105120309 -29.396322708 0.15492956347 0.00441965206 0.05628757633 0.51370595587 0.47118071230 0.40751958683 0.42045029140 0.41955149570 0.46507533122 0.48213615601 0.42803317428 0.44449747568 0.55548063548 0.48977852711 0.57637481258 0.44661457694 0.55738823496 0.38665650512 0.43778521767 0.46546187003 0.35271864511 0.55125920961 0.39252721422 0.32168219480 0.64061889502 0.38953373358 0.48279155039 0.34485861407 0.42149097613 0.54517902426 0.55502898862 0.52983252737 0.76287148811 0.45598459905 0.57369463895 0.69759474566 0.58401908285 0.79748843772 0.85030887799 0.78601566802 1.95149550674 -245.6857656787 0.00176276707   -2 
  75 0.00000450339 0.00105113046 -29.388704894 0.15494968212 0.00441968662 0.05628774590 0.51373321202 0.47117228720 0.40757032924 0.42044301930 0.41956669104 0.46506607287 0.48213880837 0.42805215415 0.44451156786 0.55547726376 0.48978982970 0.57636256509 0.44661692760 0.55740559103 0.38666548644 0.43779452871 0.46547439174 0.35272517432 0.55126912998 0.39253686017 0.32168995726 0.64062971164 0.38954467785 0.48280418489 0.34485605481 0.42150378117 0.54519410396 0.55504451916 0.52984927980 0.76289546900 0.45599295538 0.57371266468 0.69761531556 0.58403956841 0.79751327498 0.85033184789 0.78603893087 1.95153210854 -245.6857475759 0.00401566136   -2 
  76 0.00000450340 0.00105114118 -29.370263377 0.15499303894 0.00441976959 0.05628814740 0.51381357855 0.47115163982 0.40769044247 0.42042744501 0.41960675707 0.46504275200 0.48214573603 0.42810198822 0.44454819691 0.55546660443 0.48981830459 0.57632582585 0.44661900669 0.55745002825 0.38668730740 0.43781604533 0.46550592474 0.35273414568 0.55128989965 0.39255777239 0.32171004770 0.64065044150 0.38957039664 0.48283200625 0.34486090552 0.42153304850 0.54522800788 0.55507851672 0.52988023254 0.76295359270 0.45601839881 0.57375318145 0.69766265188 0.58408295402 0.79757338465 0.85038181835 0.78608840203 1.95160986929 -245.6857122333 0.00178765639   -2 
  77 0.00000450340 0.00105109636 -29.368679505 0.15499633121 0.00441977763 0.05628818526 0.51379796514 0.47115155604 0.40767985839 0.42042950544 0.41961072553 0.46504102019 0.48214645266 0.42810911678 0.44455329267 0.55546323320 0.48982156194 0.57631535480 0.44661492164 0.55745630154 0.38668942440 0.43781679548 0.46551030106 0.35272674538 0.55128796587 0.39255692496 0.32171376665 0.64064592126 0.38957213565 0.48283149061 0.34487509331 0.42153402169 0.54522833694 0.55507765431 0.52987174904 0.76295943642 0.45602759948 0.57375364624 0.69766457152 0.58407996571 0.79757958474 0.85038020559 0.78608530393 1.95160512654 -245.6857033984 0.00308123022   -2 
  78 0.00000450342 0.00105113772 -29.350649340 0.15501907219 0.00441986676 0.05628859312 0.51363874008 0.47116756845 0.40754733822 0.42046219876 0.41965683609 0.46502951095 0.48215909828 0.42819020394 0.44461214079 0.55542977965 0.48985986222 0.57620081253 0.44656864278 0.55752840801 0.38671347427 0.43782491425 0.46556041651 0.35263844879 0.55126485232 0.39254541643 0.32175649157 0.64059240406 0.38959072839 0.48282337152 0.34504499267 0.42154305504 0.54522971146 0.55506479817 0.52976805359 0.76302463585 0.45613549925 0.57375567865 0.69768374536 0.58404034435 0.79764856082 0.85035760119 0.78604445339 1.95155120829 -245.6856264197 0.00196941072   -2 
  79 0.00000450343 0.00105114965 -29.337875314 0.15504096558 0.00441993197 0.05628889784 0.51378117259 0.47114301629 0.40750026121 0.42046391963 0.41965875946 0.46502250450 0.48215760460 0.42822196765 0.44463605782 0.55540868145 0.48987507305 0.57613503816 0.44653454698 0.55756459939 0.38672614159 0.43782559471 0.46559005853 0.35256710746 0.55124273801 0.39253196321 0.32178716278 0.64054804531 0.38960056414 0.48281132440 0.34518348935 0.42154473366 0.54522403024 0.55504794620 0.52967935876 0.76306255467 0.45621903416 0.57374962099 0.69768959218 0.58400027755 0.79769037331 0.85033037703 0.78600282146 1.95149449872 -245.6855736315 0.00400391059   -2 
  80 0.00000450343 0.00105109115 -29.334821338 0.15504766327 0.00441994815 0.05628897487 0.51380952919 0.47113600022 0.40749210127 0.42046297285 0.41965755327 0.46502071600 0.48215657428 0.42822806043 0.44464072808 0.55540372718 0.48987801060 0.57612014856 0.44652626445 0.55757243301 0.38672897016 0.43782548555 0.46559691101 0.35254927205 0.55123709463 0.39252841683 0.32179470284 0.64053699777 0.38960281039 0.48280807845 0.34521840402 0.42154492093 0.54522232357 0.55504345976 0.52965693599 0.76307136879 0.45623990271 0.57374778700 0.69769065857 0.58398989966 0.79770024520 0.85032320804 0.78599205233 1.95148005915 -245.6855612479 0.00130750752   -2 
  81 0.00000450345 0.00105106268 -29.316341366 0.15507793439 0.00442005398 0.05628946888 0.51370364842 0.47114779614 0.40762606608 0.42044001974 0.41961651564 0.46503753215 0.48215269014 0.42820972354 0.44463428953 0.55541371568 0.48987892123 0.57612056648 0.44650288180 0.55758702161 0.38674018055 0.43782435643 0.46562410712 0.35245607620 0.55121488074 0.39250840717 0.32183633211 0.64049290615 0.38961301023 0.48278937100 0.34542881530 0.42154310217 0.54521118913 0.55501735454 0.52953065471 0.76311033152 0.45636187766 0.57373411141 0.69769358016 0.58392670646 0.79774781519 0.85028625000 0.78593203357 1.95145391924 -245.6855116567 0.00207920881   -2 
  82 0.00000450345 0.00105108882 -29.315362621 0.15507899058 0.00442005963 0.05628949484 0.51370488052 0.47114853744 0.40763056849 0.42043940123 0.41961505406 0.46503857234 0.48215276266 0.42820828451 0.44463359620 0.55541490844 0.48987880793 0.57612230226 0.44650251056 0.55758718846 0.38674063911 0.43782439750 0.46562512480 0.35245220274 0.55121428694 0.39250760253 0.32183824041 0.64049159817 0.38961348508 0.48278864062 0.34543872253 0.42154303730 0.54521078451 0.55501630473 0.52952514860 0.76311198333 0.45636757977 0.57373354936 0.69769380205 0.58392389186 0.79774992324 0.85028490363 0.78592958215 1.95145474491 -245.6855085397 0.00094224618   -2 
  83 0.00000450345 0.00105106995 -29.309934901 0.15509056330 0.00442009721 0.05628967371 0.51378710717 0.47113944507 0.40761084436 0.42043760733 0.41961075688 0.46504182268 0.48215212790 0.42818810726 0.44462022288 0.55542785672 0.48987218560 0.57615510080 0.44651045459 0.55757585474 0.38674015541 0.43782428275 0.46562376706 0.35244024806 0.55121643989 0.39250464128 0.32184621790 0.64049517785 0.38961474534 0.48278599042 0.34548807426 0.42154199512 0.54520909423 0.55501237903 0.52950329745 0.76311440025 0.45639471132 0.57373056142 0.69769424880 0.58391091225 0.79775554413 0.85028228367 0.78592130132 1.95148247153 -245.6854982194 0.00080195166   -2 
  84 0.00000450345 0.00105105789 -29.310016093 0.15509047903 0.00442009737 0.05628967427 0.51377364670 0.47114059155 0.40760950135 0.42043840124 0.41961185026 0.46504181955 0.48215251992 0.42818844258 0.44462037828 0.55542815384 0.48987229568 0.57615596536 0.44651127600 0.55757560218 0.38674006577 0.43782445600 0.46562339964 0.35244157982 0.55121712298 0.39250499948 0.32184586229 0.64049634274 0.38961470669 0.48278636682 0.34548642424 0.42154208648 0.54520939122 0.55501286050 0.52950486375 0.76311404988 0.45639374300 0.57373084381 0.69769442459 0.58391168616 0.79775515186 0.85028309748 0.78592231926 1.95148472987 -245.6854971470 0.00095205656   -2 
  85 0.00000450345 0.00105107416 -29.309744780 0.15508999309 0.00442010087 0.05628968869 0.51374174825 0.47114471139 0.40760461033 0.42044134723 0.41961548292 0.46504252068 0.48215416557 0.42818837085 0.44462020862 0.55543045310 0.48987246486 0.57616149636 0.44651471915 0.55757426066 0.38673987849 0.43782517231 0.46562228539 0.35244511335 0.55121970613 0.39250604893 0.32184536703 0.64050062009 0.38961476565 0.48278752667 0.34548478364 0.42154240107 0.54521037536 0.55501427754 0.52950846422 0.76311334128 0.45639269414 0.57373167518 0.69769522243 0.58391335960 0.79775453377 0.85028583441 0.78592520002 1.95149488977 -245.6854950020 0.00041622247   -2 
  86 0.00000450345 0.00105106064 -29.308787203 0.15509198614 0.00442011008 0.05628973350 0.51373154664 0.47114505627 0.40759528698 0.42044365766 0.41961881505 0.46504281802 0.48215540673 0.42818533780 0.44461782245 0.55543428991 0.48987133268 0.57617236423 0.44652026902 0.55757038767 0.38673924585 0.43782588524 0.46562008562 0.35244895164 0.55122337187 0.39250709115 0.32184536282 0.64050692899 0.38961480324 0.48278872063 0.34548772048 0.42154257131 0.54521138405 0.55501568907 0.52951123333 0.76311203162 0.45639396747 0.57373232845 0.69769611160 0.58391418470 0.79775366714 0.85028932790 0.78592825194 1.95151128269 -245.6854939184 0.00110120017   -2 
  87 0.00000450346 0.00105107463 -29.305262057 0.15509801296 0.00442014275 0.05628989107 0.51370825277 0.47114674946 0.40756514178 0.42045170089 0.41963021303 0.46504428209 0.48215994341 0.42817507145 0.44460982563 0.55544780790 0.48986767222 0.57620998859 0.44653947403 0.55755734795 0.38673721309 0.43782847749 0.46561272842 0.35246201428 0.55123612266 0.39251072268 0.32184553664 0.64052875816 0.38961504321 0.48279290292 0.34549860813 0.42154323563 0.54521496154 0.55502061710 0.52952053431 0.76310784425 0.45639883730 0.57373465744 0.69769935088 0.58391695200 0.79775102821 0.85030145124 0.78593882585 1.95156846514 -245.6854903741 0.00065879780   -2 
  88 0.00000450347 0.00105106672 -29.299585490 0.15510946501 0.00442019592 0.05629015006 0.51370567623 0.47114480270 0.40752877423 0.42046044608 0.41964404103 0.46504556148 0.48216536806 0.42815962097 0.44459769329 0.55546660679 0.48986187022 0.57626424279 0.44656776362 0.55753773280 0.38673401378 0.43783220890 0.46560151365 0.35248152201 0.55125507730 0.39251610052 0.32184597990 0.64056136571 0.38961538785 0.48279912691 0.34551679989 0.42154417091 0.54522029238 0.55502796628 0.52953412252 0.76310145884 0.45640708396 0.57373808897 0.69770424162 0.58392078257 0.79774716510 0.85031963476 0.78595477719 1.95165357103 -245.6854875556 0.00077961341   -2 
  89 0.00000450348 0.00105105457 -29.293248257 0.15512478377 0.00442025553 0.05629044595  0.5137737037 0.47113706796 0.40753840498 0.42045824621 0.41964538206 0.46504569761 0.48216707509 0.42815038244 0.44459021154 0.55547742977 0.48985828434 0.57629909436 0.44658931490 0.55752441388 0.38673174303 0.43783568800 0.46559294035 0.35249839819 0.55127101502 0.39252108595 0.32184711687 0.64058865261 0.38961615754 0.48280504299 0.34553711092 0.42154539644 0.54522561062 0.55503498627 0.52954584688 0.76309745709 0.45641685016 0.57374175692 0.69770957696 0.58392423730 0.79774540403 0.85033656878 0.78596956340 1.95172301921 -245.6854802878 0.00093385572   -2 
  90 0.00000450348 0.00105103939 -29.293038731 0.15512560748 0.00442025784 0.05629045788 0.51377023865 0.47113747099 0.40754182701 0.42045768096 0.41964462258 0.46504584318 0.48216701884 0.42815099585 0.44459069881 0.55547710818 0.48985861115 0.57629809961 0.44658922903 0.55752495336 0.38673187145 0.43783584547 0.46559312421 0.35249861821 0.55127120851 0.39252124160 0.32184724980 0.64058889558 0.38961628006 0.48280524947 0.34553780918 0.42154552407 0.54522584263 0.55503523339 0.52954607049 0.76309777153 0.45641727509 0.57374197436 0.69770988859 0.58392440442 0.79774573238 0.85033705415 0.78596998348 1.95172355178 -245.6854793426 0.00083468294   -2 
  91 0.00000450348 0.00105104666 -29.290274904 0.15513104245 0.00442028517 0.05629059121 0.51372280973 0.47114985155 0.40759116816 0.42045273339 0.41963593013 0.46505015496 0.48216810252 0.42816242023 0.44460004054 0.55547310140 0.48986515518 0.57628115830 0.44658624077 0.55753581811 0.38673467654 0.43783845264 0.46559770001 0.35250011400 0.55127299234 0.39252336867 0.32184935533 0.64059008448 0.38961838979 0.48280810737 0.34554562402 0.42154766753 0.54522921919 0.55503862016 0.52954843836 0.76310402183 0.45642260187 0.57374529685 0.69771464015 0.58392704868 0.79775173946 0.85034316952 0.78597504915 1.95172633069 -245.6854732952 0.00047396034   -2 
  92 0.00000450348 0.00105104964 -29.289912101 0.15513213087 0.00442028889 0.05629060895 0.51374878005 0.47114585551 0.40758490710 0.42045290214 0.41963577790 0.46505016793 0.48216806048 0.42816367531 0.44460118387 0.55547242082 0.48986601525 0.57627826339 0.44658507704 0.55753768553 0.38673523098 0.43783876483 0.46559877358 0.35249976595 0.55127273611 0.39252358666 0.32184972331 0.64058934327 0.38961877828 0.48280843452 0.34554633635 0.42154805568 0.54522967958 0.55503902294 0.52954849013 0.76310531520 0.45642327275 0.57374583198 0.69771535846 0.58392747757 0.79775304242 0.85034365398 0.78597560529 1.95172438777 -245.6854720150 0.00062756241   -2 
  93 0.00000450348 0.00105104002 -29.289742499 0.15513282281 0.00442029082 0.05629061838 0.51375438699 0.47114471827 0.40758362664 0.42045282041 0.41963552257 0.46505021303 0.48216803035 0.42816432784 0.44460175948 0.55547206647 0.48986643715 0.57627684721 0.44658457041 0.55753856763 0.38673548508 0.43783892137 0.46559925463 0.35249965645 0.55127265985 0.39252370401 0.32184990028 0.64058907148 0.38961896191 0.48280860612 0.34554675649 0.42154823955 0.54522991160 0.55503923365 0.52954854815 0.76310591438 0.45642362719 0.57374609475 0.69771571501 0.58392768617 0.79775363796 0.85034393832 0.78597589681 1.95172368559 -245.6854716701 0.00032834960   -2 
  94 0.00000450350 0.00105103224 -29.283091574 0.15514749719 0.00442035978 0.05629095022 0.51379464596 0.47114136611 0.40758719025 0.42045373381 0.41962945602 0.46505815950 0.48217219626 0.42818969457 0.44462415630 0.55546531506 0.48988360699 0.57623584463 0.44657195832 0.55757000016 0.38674508681 0.43784608283 0.46561611804 0.35249846052 0.55127378856 0.39252903923 0.32185646190 0.64058506124 0.38962594310 0.48281602943 0.34556270004 0.42155530728 0.54523938910 0.55504816811 0.52955269631 0.76312761005 0.45643680229 0.57375630437 0.69772967680 0.58393605473 0.79777470842 0.85035772270 0.78598860332 1.95171681876 -245.6854677410 0.00094289425   -2 
  95 0.00000450350 0.00105101068 -29.280655040 0.15515313842 0.00442038552 0.05629107486 0.51379778941 0.47114117768 0.40758900526 0.42045420133 0.41962773160 0.46506096391 0.48217380997 0.42819838320 0.44463191695 0.55546335563 0.48988968350 0.57622224095 0.44656775910 0.55758107392 0.38674860021 0.43784875802 0.46562221878 0.35249813810 0.55127440116 0.39253105750 0.32185890217 0.64058391248 0.38962855094 0.48281882956 0.34556857833 0.42155795622 0.54524294739 0.55505153448 0.52955433664 0.76313559064 0.45644168775 0.57376013592 0.69773490014 0.58393922696 0.79778251178 0.85036292387 0.78599341788 1.95171563153 -245.6854666934 0.00109124920   -2 
  96 0.00000450353 0.00105098413 -29.259768880 0.15519649129 0.00442060432 0.05629212859 0.51377468982 0.47115145254 0.40760957811 0.42046182659 0.41961905378 0.46508587842 0.48218998949 0.42826806880 0.44469489763 0.55545253000 0.48994020923 0.57612048558 0.44653669591 0.55767162076 0.38677846470 0.43787214505 0.46567328187 0.35249668322 0.55128186342 0.39254878648 0.32187977406 0.64057767282 0.38965101858 0.48284328911 0.34561797753 0.42158085031 0.54527382173 0.55508086784 0.52956940732 0.76320336876 0.45648312531 0.57379325264 0.69777997192 0.58396695538 0.79784903809 0.85040847739 0.78603543692 1.95171938822 -245.6854560694 0.00081277695   -2 
  97 0.00000450354 0.00105099815 -29.258733992 0.15519819464 0.00442061535 0.05629218101 0.51377002224 0.47115271356 0.40761003615 0.42046263795 0.41962039926 0.46508652544 0.48219096173 0.42826885535 0.44469595627 0.55545387299 0.48994155565 0.57612125002 0.44653690539 0.55767381315 0.38677970640 0.43787330858 0.46567514919 0.35249701729 0.55128288022 0.39254975756 0.32188077826 0.64057853937 0.38965214568 0.48284459602 0.34562008132 0.42158203375 0.54527541628 0.55508243045 0.52957047117 0.76320632110 0.45648503037 0.57379496896 0.69778223135 0.58396850128 0.79785207203 0.85041096866 0.78603773011 1.95172407387 -245.6854551484 0.00092147594   -2 
  98 0.00000450355 0.00105098265 -29.249653838 0.15521631471 0.00442071698 0.05629266977 0.51370168059 0.47116193759 0.40760783217 0.42046969719 0.41964031475 0.46508692121 0.48219873422 0.42825968513 0.44469273253 0.55547483044 0.48994607427 0.57615920445 0.44654773779 0.55767974091 0.38678920655 0.43788333721 0.46568786698 0.35250197500 0.55129495646 0.39255879222 0.32188960299 0.64059210434 0.38966225725 0.48285664480 0.34563733431 0.42159286847 0.54528989686 0.55509686893 0.52958156074 0.76323024464 0.45650145951 0.57381069160 0.69780245678 0.58398322224 0.79787779845 0.85043425330 0.78605939935 1.95178750001 -245.6854471106 0.00092647416   -2 
  99 0.00000450355 0.00105099556 -29.250767607 0.15521420255 0.00442070498 0.05629261241 0.51372676501 0.47115888537 0.40760725019 0.42046839930 0.41963831973 0.46508599419 0.48219741307 0.42825791098 0.44469069148 0.55547355186 0.48994391163 0.57616022191 0.44654831689 0.55767599265 0.38678756584 0.43788192679 0.46568523156 0.35250184000 0.55129408272 0.39255770600 0.32188841278 0.64059171899 0.38966095013 0.48285516778 0.34563464904 0.42159152704 0.54528806997 0.55509510981 0.52958053743 0.76322648683 0.45649914985 0.57380875023 0.69779983274 0.58398155557 0.79787404814 0.85043152184 0.78605681927 1.95178389279 -245.6854464783 0.00106095752   -2 
 100 0.00000450355 0.00105097991 -29.251621879 0.15521337463 0.00442069673 0.05629257384 0.51375053196 0.47115511621 0.40760598358 0.42046695702 0.41963700872 0.46508454998 0.48219604136 0.42825462906 0.44468752589 0.55547330407 0.48994120340 0.57616447540 0.44654987827 0.55767124147 0.38678603622 0.43788074110 0.46568259180 0.35250201345 0.55129377002 0.39255690843 0.32188747413 0.64059217817 0.38965994680 0.48285407104 0.34563235701 0.42159053477 0.54528668502 0.55509381589 0.52957998210 0.76322319485 0.45649729162 0.57380731640 0.69779780476 0.58398041188 0.79787092630 0.85042958196 0.78605496240 1.95178379555 -245.6854449641 0.00045701348   -2 
 101 0.00000450355 0.00105099369 -29.251282759 0.15521402293 0.00442070239 0.05629259998 0.51375758501 0.47115466173 0.40760496979 0.42046717645 0.41963970176 0.46508314820 0.48219611904 0.42824779376 0.44468199714 0.55547777496 0.48993794061 0.57617998965 0.44655515939 0.55766463424 0.38678543682 0.43788091106 0.46568071295 0.35250348553 0.55129599266 0.39255745343 0.32188764467 0.64059612234 0.38966029925 0.48285471625 0.34563172691 0.42159105032 0.54528731583 0.55509460010 0.52958140597 0.76322246501 0.45649733440 0.57380807364 0.69779849595 0.58398149652 0.79787083708 0.85043119879 0.78605635737 1.95179817208 -245.6854438626 0.00114180587   -2 
 102 0.00000450355 0.00105097167 -29.249364347 0.15522012103 0.00442073700 0.05629276265 0.51378700364 0.47115036309 0.40759803502 0.42046760362 0.41965477594 0.46507426778 0.48219596046 0.42820738944 0.44464926207 0.55550342684 0.48991850174 0.57627042244 0.44658589844 0.55762564528 0.38678184769 0.43788180276 0.46566961492 0.35251206900 0.55130887660 0.39256063360 0.32188868148 0.64061908589 0.38966239221 0.48285849658 0.34562818629 0.42159411369 0.54529102719 0.55509921689 0.52958976573 0.76321819115 0.45649770889 0.57381257526 0.69780257634 0.58398791679 0.79787037647 0.85044058503 0.78606459763 1.95188192819 -245.6854373169 0.00056750025   -2 
 103 0.00000450355 0.00105098305 -29.249401898 0.15521924169 0.00442073512 0.05629275288 0.51376760969 0.47115350571 0.40760074769 0.42046825054 0.41965228966 0.46507673994 0.48219666593 0.42821468965 0.44465507724 0.55549978247 0.48992204517 0.57625675346 0.44658198192 0.55763197409 0.38678262392 0.43788205252 0.46567146980 0.35251126470 0.55130765521 0.39256052972 0.32188877493 0.64061663458 0.38966241570 0.48285840050 0.34562886509 0.42159404635 0.54529100371 0.55509908436 0.52958915339 0.76321940848 0.45649800082 0.57381246941 0.69780263912 0.58398758314 0.79787108737 0.85044008309 0.78606421557 1.95187195503 -245.6854362749 0.00061723877   -2 
 104 0.00000450355 0.00105097686 -29.249360592 0.15521926929 0.00442073554 0.05629275482 0.51375804558 0.47115469762 0.40760183121 0.42046847311 0.41965129998 0.46507769609 0.48219694964 0.42821726126 0.44465708813 0.55549856837 0.48992326126 0.57625230250 0.44658089352 0.55763402639 0.38678290149 0.43788220072 0.46567206346 0.35251113229 0.55130742479 0.39256058236 0.32188886312 0.64061609284 0.38966250273 0.48285847949 0.34562911009 0.42159412173 0.54529111978 0.55509917638 0.52958912315 0.76321989937 0.45649817911 0.57381257639 0.69780281585 0.58398763871 0.79787145724 0.85044016123 0.78606428754 1.95186941296 -245.6854359047 0.00024802685   -2 
 105 0.00000450356 0.00105098312 -29.248788214 0.15522014749 0.00442074327 0.05629279045 0.51374625317 0.47115678659 0.40760370132 0.42046919687 0.41965088672 0.46507911937 0.48219782821 0.42821842192 0.44465783446 0.55549921486 0.48992380739 0.57625384995 0.44658277914 0.55763388386 0.38678320954 0.43788287821 0.46567208897 0.35251223765 0.55130897957 0.39256134823 0.32188936547 0.64061841198 0.38966319529 0.48285944826 0.34562933196 0.42159494726 0.54529220428 0.55510034107 0.52959053840 0.76322083427 0.45649888100 0.57381376693 0.69780418786 0.58398900218 0.79787264472 0.85044209662 0.78606608715 1.95187625318 -245.6854355073 0.00042101468   -2 
 106 0.00000450356 0.00105097803 -29.248197153 0.15522141630 0.00442075163 0.05629282986 0.51373668063 0.47115820725 0.40760519729 0.42046972401 0.41965047930 0.46508029865 0.48219856964 0.42821911735 0.44465819172 0.55549998858 0.48992409187 0.57625616661 0.44658493750 0.55763328675 0.38678345455 0.43788353726 0.46567196335 0.35251343413 0.55131063923 0.39256214094 0.32188987768 0.64062094614 0.38966390793 0.48286045021 0.34562951309 0.42159580834 0.54529332092 0.55510155273 0.52959204979 0.76322169118 0.45649959019 0.57381501006 0.69780559944 0.58399044210 0.79787381420 0.85044413305 0.78606798692 1.95188369044 -245.6854352397 0.00033175936   -2 
 107 0.00000450357 0.00105098367 -29.239917825 0.15523954244 0.00442086924 0.05629337705 0.51371157389 0.47116504534 0.40761734199 0.42047455481 0.41964836464 0.46509139786 0.48220670884 0.42821979266 0.44465636526 0.55551369021 0.48992395253 0.57630029724 0.44661697731 0.55761900721 0.38678592036 0.43789196304 0.46566849436 0.35253015629 0.55133369901 0.39257281732 0.32189665971 0.64065676530 0.38967341702 0.48287390757 0.34563129239 0.42160742921 0.54530826160 0.55511789751 0.52961291611 0.76323203391 0.45650885218 0.57383178618 0.69782443293 0.58401007310 0.79788914963 0.85047220483 0.78609380404 1.95199361493 -245.6854319117 0.00132512961   -2 
 108 0.00000450359 0.00105095574 -29.233410108 0.15525475995 0.00442096271 0.05629381283 0.51369823692 0.47116853907 0.40762549153 0.42047779747 0.41964673535 0.46509943029 0.48221268813 0.42821997523 0.44465471539 0.55552419520 0.48992369821 0.57633453741 0.44664188682 0.55760779243 0.38678782065 0.43789852035 0.46566574886 0.35254328566 0.55135169375 0.39258119617 0.32190199707 0.64068474892 0.38968089741 0.48288447508 0.34563268498 0.42161658123 0.54532000060 0.55513074671 0.52962933967 0.76324013887 0.45651615441 0.57384499956 0.69783924151 0.58402554602 0.79790119981 0.85049423952 0.78611410285 1.95207908160 -245.6854309197 0.00097483801   -2 
 109 0.00000450364 0.00105093041 -29.210014003 0.15530898396 0.00442129841 0.05629538023 0.51372851466 0.47117301672 0.40764494241 0.42048835811 0.41964564303 0.46512417334 0.48223286956 0.42822093723 0.44465054526 0.55556059330 0.48992469865 0.57644800446 0.44672551798 0.55757350111 0.38679540917 0.43792192796 0.46565816317 0.35258898591 0.55141381079 0.39261083857 0.32192109624 0.64078076193 0.38970754775 0.48292191222 0.34563817166 0.42164911542 0.54536168449 0.55517628896 0.52968713805 0.76327029942 0.45654243472 0.57389197700 0.69789197973 0.58408040205 0.79794502638 0.85057230341 0.78618600572 1.95237034023 -245.6854199143 0.00122141299   -2 
 110 0.00000450365 0.00105090562 -29.206462716 0.15531780368 0.00442135026 0.05629562338 0.51373651751 0.47117266720 0.40764612529 0.42048973011 0.41964633515 0.46512715514 0.48223568101 0.42822142856 0.44465051577 0.55556571815 0.48992541440 0.57646273889 0.44673689361 0.55756983886 0.38679678605 0.43792551309 0.46565759465 0.35259567228 0.55142275642 0.39261530931 0.32192403791 0.64079442887 0.38971162035 0.48292757567 0.34563916295 0.42165406837 0.54536801655 0.55518318401 0.52969577556 0.76327526049 0.45654652918 0.57389912845 0.69790003907 0.58408870647 0.79795194127 0.85058409078 0.78619687728 1.95241126843 -245.6854185232 0.00074706884   -2 
 111 0.00000450366 0.00105090251 -29.199363359 0.15533441932 0.00442145463 0.05629611397 0.51377346719 0.47117108863 0.40764042864 0.42049312739 0.41965471302 0.46512988238 0.48224114825 0.42822587260 0.44465553350 0.55557438638 0.48993153930 0.57647594262 0.44675065555 0.55757400210 0.38680136548 0.43793310347 0.46566095647 0.35260700086 0.55143731878 0.39262394376 0.32193011306 0.64081525237 0.38971980950 0.48293861465 0.34564231522 0.42166383801 0.54538052282 0.55519659997 0.52971163143 0.76328802989 0.45655526165 0.57391322996 0.69791628614 0.58410466443 0.79796749608 0.85060649840 0.78621785679 1.95247171100 -245.6854154110 0.00089202581   -2 
 112 0.00000450367 0.00105088051 -29.195760297 0.15534327874 0.00442150883 0.05629636914 0.51378896800 0.47117013661 0.40763617120 0.42049485517 0.41966019520 0.46513055852 0.48224382228 0.42822886222 0.44465917136 0.55557838839 0.48993567139 0.57647903555 0.44675563898 0.55757867675 0.38680412530 0.43793708025 0.46566370364 0.35261233995 0.55144400554 0.39262830606 0.32193328374 0.64082441988 0.38972403102 0.48294421657 0.34564421616 0.42166883337 0.54538691344 0.55520340909 0.52971945393 0.76329524258 0.45655988812 0.57392043972 0.69792466758 0.58411272889 0.79797590759 0.85061777065 0.78622846889 1.95249782552 -245.6854120116 0.00072315631   -2 
 113 0.00000450369 0.00105089550 -29.189219716 0.15535718481 0.00442160938 0.05629684266 0.51379182686 0.47117354895 0.40762609831 0.42050001737 0.41967725718 0.46513010714 0.48224961228 0.42823916934 0.44467244788 0.55558465926 0.48994944861 0.57646619261 0.44675387729 0.55760187399 0.38681181865 0.43794519921 0.46567491140 0.35261947647 0.55145229252 0.39263604016 0.32193945684 0.64083313998 0.38973195286 0.48295427324 0.34564945015 0.42167792445 0.54539862676 0.55521558256 0.52973200826 0.76331264157 0.45656924733 0.57393354556 0.69794043607 0.58412677555 0.79799398695 0.85063738137 0.78624721406 1.95252121256 -245.6854084609 0.00180756209   -2 
 114 0.00000450375 0.00105084247 -29.164204358 0.15541285283 0.00442199899 0.05629867942 0.51378607267 0.47118511960 0.40758672045 0.42051900874 0.41974324570 0.46512703856 0.48227118417 0.42827973214 0.44472508677 0.55560757971 0.49000398534 0.57640989647 0.44674281245 0.55769573638 0.38684222877 0.43797652789 0.46572011206 0.35264587360 0.55148242601 0.39266563916 0.32196334768 0.64086339610 0.38976249450 0.48299282710 0.34567026513 0.42171289513 0.54544364384 0.55526227091 0.52977964333 0.76338099570 0.45660564518 0.57398395183 0.69800123237 0.58418059241 0.79806449564 0.85071233946 0.78631908138 1.95260098421 -245.6853964559 0.00074342165   -2 
 115 0.00000450376 0.00105082660 -29.161384028 0.15541930317 0.00442204423 0.05629889285 0.51378196386 0.47118600211 0.40758583168 0.42052071280 0.41974863628 0.46512731991 0.48227350990 0.42828415965 0.44473088529 0.55561005628 0.49001014225 0.57640341958 0.44674072436 0.55770687881 0.38684592983 0.43798010689 0.46572584835 0.35264844316 0.55148534725 0.39266892782 0.32196611056 0.64086587025 0.38976597386 0.48299713432 0.34567293834 0.42171684083 0.54544871517 0.55526748709 0.52978473777 0.76338922600 0.45660993140 0.57398963704 0.69800815402 0.58418656472 0.79807282920 0.85072064803 0.78632705945 1.95260804690 -245.6853957749 0.00071534723   -2 
 116 0.00000450379 0.00105082035 -29.148620420 0.15544651963 0.00442225231 0.05629987311 0.51375389310 0.47119046944 0.40760202654 0.42052719525 0.41976242601 0.46513305528 0.48228422125 0.42830354038 0.44475630208 0.55562140355 0.49003793759 0.57637540925 0.44672767007 0.55775951277 0.38686404595 0.43799655516 0.46575497578 0.35265786562 0.55149625719 0.39268346165 0.32197886778 0.64087245291 0.38978177095 0.48301628409 0.34568667346 0.42173452823 0.54547146879 0.55529065267 0.52980609882 0.76342898691 0.45663008219 0.57401509741 0.69803955186 0.58421277111 0.79811228357 0.85075716302 0.78636228254 1.95263101907 -245.6853928114 0.00060613943   -2 
 117 0.00000450378 0.00105081028 -29.149827252 0.15544425936 0.00442223460 0.05629979023 0.51375910683 0.47118910937 0.40760417812 0.42052582321 0.41975775276 0.46513345912 0.48228292705 0.42830103603 0.44475308621 0.55562019808 0.49003475521 0.57637935657 0.44672835811 0.55775417531 0.38686255799 0.43799497016 0.46575278286 0.35265641936 0.55149467081 0.39268198034 0.32197772671 0.64087079847 0.38978028611 0.48301436613 0.34568580748 0.42173281806 0.54546924655 0.55528833546 0.52980365649 0.76342571971 0.45662839029 0.57401262799 0.69803658780 0.58421010138 0.79810893924 0.85075341417 0.78635871219 1.95262745655 -245.6853922351 0.00069934205   -2 
 118 0.00000450378 0.00105081939 -29.153336853 0.15543678923 0.00442218567 0.05629956043 0.51378178563 0.47118488362 0.40761894415 0.42052088294 0.41973732175 0.46513726186 0.48227902451 0.42829247364 0.44474205918 0.55561681482 0.49002436076 0.57639447870 0.44672953100 0.55773769180 0.38685872594 0.43799033020 0.46574759020 0.35265097085 0.55148896004 0.39267740748 0.32197450615 0.64086389425 0.38977593302 0.48300850794 0.34568421179 0.42172768174 0.54546256482 0.55528124265 0.52979551960 0.76341721329 0.45662385705 0.57400519289 0.69802786442 0.58420177526 0.79809995487 0.85074185217 0.78634768900 1.95261504492 -245.6853903884 0.00032554855   -2 
 119 0.00000450377 0.00105081809 -29.155123664 0.15543294909 0.00442216433 0.05629946033 0.51378692144 0.47118315686 0.40763091457 0.42051791151 0.41972307191 0.46514073492 0.48227697711 0.42828750209 0.44473564685 0.55561512384 0.49001861942 0.57640375117 0.44672896784 0.55772944250 0.38685733568 0.43798804447 0.46574622737 0.35264716982 0.55148509621 0.39267493359 0.32197302698 0.64085847436 0.38977377909 0.48300539419 0.34568427597 0.42172503365 0.54545910852 0.55527746451 0.52979061102 0.76341403338 0.45662199915 0.57400134923 0.69802352394 0.58419720776 0.79809626613 0.85073566329 0.78634168049 1.95260622081 -245.6853899778 0.00035865487   -2 
 120 0.00000450377 0.00105082658 -29.155605042 0.15543152597 0.00442216068 0.05629944302 0.51378337264 0.47118355449 0.40763611229 0.42051713206 0.41971754261 0.46514259405 0.48227653347 0.42828593859 0.44473358633 0.55561478147 0.49001692376 0.57640710180 0.44672805167 0.55772748076 0.38685735601 0.43798750453 0.46574674301 0.35264545327 0.55148344386 0.39267417028 0.32197273242 0.64085576968 0.38977323577 0.48300446478 0.34568488735 0.42172428923 0.54545813915 0.55527632729 0.52978875786 0.76341395221 0.45662179374 0.57400025468 0.69802242104 0.58419573707 0.79809588624 0.85073367976 0.78633982057 1.95260217617 -245.6853896937 0.00048791771   -2 
 121 0.00000450377 0.00105082357 -29.156424902 0.15542940322 0.00442215714 0.05629942647 0.51377212717 0.47118435722 0.40764547728 0.42051566124 0.41970708865 0.46514612273 0.48227570501 0.42828310878 0.44472987432 0.55561412109 0.49001396780 0.57641294691 0.44672564535 0.55772456208 0.38685773938 0.43798664421 0.46574841485 0.35264194142 0.55148005721 0.39267280272 0.32197234293 0.64085001965 0.38977236903 0.48300282899 0.34568646389 0.42172302919 0.54545648744 0.55527432434 0.52978518774 0.76341452723 0.45662174078 0.57399839340 0.69802064454 0.58419309025 0.79809580232 0.85073013579 0.78633647400 1.95259341181 -245.6853891921 0.00014643845   -2 
 122 0.00000450377 0.00105082723 -29.156523918 0.15542891478 0.00442215974 0.05629943970 0.51376869378 0.47118485106 0.40764666984 0.42051552271 0.41970492236 0.46514704730 0.48227561652 0.42828259851 0.44472918304 0.55561401891 0.49001352317 0.57641397603 0.44672422730 0.55772472579 0.38685827102 0.43798660712 0.46574973059 0.35264060187 0.55147881114 0.39267249721 0.32197242755 0.64084766191 0.38977230559 0.48300249744 0.34568744003 0.42172282889 0.54545622097 0.55527391475 0.52978405282 0.76341556418 0.45662212368 0.57399808682 0.69802049202 0.58419245134 0.79809654377 0.85072927106 0.78633566940 1.95258942022 -245.6853891324 0.00020776023   -2 
 123 0.00000450377 0.00105082515 -29.156624975 0.15542846106 0.00442216551 0.05629946921 0.51376387884 0.47118534453 0.40764738357 0.42051533072 0.41970213727 0.46514820640 0.48227545173 0.42828193070 0.44472829112 0.55561380327 0.49001300500 0.57641504466 0.44672170155 0.55772541064 0.38685924092 0.43798661720 0.46575206641 0.35263841102 0.55147676644 0.39267205886 0.32197263711 0.64084373735 0.38977228266 0.48300204100 0.34568915099 0.42172258917 0.54545589458 0.55527334809 0.52978226933 0.76341749111 0.45662287621 0.57399771246 0.69802040375 0.58419152808 0.79809797977 0.85072803395 0.78633457743 1.95258256019 -245.6853890497 0.00015850306   -2 
 124 0.00000450378 0.00105083009 -29.156654639 0.15542779938 0.00442218077 0.05629954558 0.51375993605 0.47118588959 0.40764636389 0.42051521391 0.41969857678 0.46514981151 0.48227521803 0.42828105829 0.44472711035 0.55561340298 0.49001248594 0.57641598317 0.44671633737 0.55772767908 0.38686141817 0.43798681955 0.46575714442 0.35263402223 0.55147272447 0.39267132553 0.32197322231 0.64083582224 0.38977242059 0.48300133011 0.34569286812 0.42172230110 0.54545548897 0.55527245272 0.52977884110 0.76342187473 0.45662467321 0.57399724176 0.69802058250 0.58418993403 0.79810134691 0.85072603889 0.78633275224 1.95256913745 -245.6853889240 0.00029092825   -2 
 125 0.00000450378 0.00105082609 -29.156668726 0.15542737252 0.00442220032 0.05629964307 0.51375728463 0.47118590635 0.40764428497 0.42051496718 0.41969500125 0.46515124962 0.48227482424 0.42828008050 0.44472581861 0.55561280282 0.49001193145 0.57641657680 0.44670989344 0.55773048258 0.38686400002 0.43798705222 0.46576317228 0.35262879751 0.55146791265 0.39267046265 0.32197394044 0.64082641142 0.38977260532 0.48300049913 0.34569734455 0.42172198216 0.54545502821 0.55527141125 0.52977477617 0.76342711338 0.45662686201 0.57399671800 0.69802083197 0.58418806806 0.79810540114 0.85072369411 0.78633062244 1.95255345642 -245.6853887695 0.00023794852   -2 
 126 0.00000450378 0.00105083043 -29.156596932 0.15542682325 0.00442223137 0.05629979751 0.51375899780 0.47118534595 0.40764043300 0.42051467025 0.41969141821 0.46515259831 0.48227424673 0.42827892007 0.44472429667 0.55561190649 0.49001135052 0.57641667887 0.44670066544 0.55773473471 0.38686775118 0.43798742675 0.46577188192 0.35262124472 0.55146106234 0.39266926121 0.32197504546 0.64081296352 0.38977293580 0.48299936041 0.34570399093 0.42172158789 0.54545444151 0.55526998512 0.52976893037 0.76343479584 0.45663016767 0.57399605614 0.69802131114 0.58418544300 0.79811145327 0.85072041613 0.78632766044 1.95253164485 -245.6853885777 0.00023663553   -2 
 127 0.00000450379 0.00105082701 -29.156551888 0.15542677816 0.00442224699 0.05629987511 0.51376104262 0.47118465635 0.40763844894 0.42051443836 0.41969040672 0.46515277942 0.48227389217 0.42827843611 0.44472368710 0.55561140444 0.49001110629 0.57641635029 0.44669651298 0.55773663012 0.38686942520 0.43798757082 0.46577577867 0.35261776843 0.55145795407 0.39266870327 0.32197556187 0.64080688237 0.38977308960 0.48299883147 0.34570710409 0.42172140866 0.54545416767 0.55526932500 0.52976622813 0.76343827047 0.45663172221 0.57399575723 0.69802152745 0.58418423156 0.79811422504 0.85071893002 0.78632626398 1.95252184001 -245.6853885026 0.00015243201   -2 
 128 0.00000450379 0.00105082919 -29.156457707 0.15542684682 0.00442226175 0.05629994737 0.51376497832 0.47118376855 0.40763702008 0.42051426761 0.41969119267 0.46515213727 0.48227359701 0.42827829349 0.44472353617 0.55561099279 0.49001106798 0.57641545427 0.44669379639 0.55773793646 0.38687057290 0.43798766403 0.46577842337 0.35261524246 0.55145585937 0.39266831337 0.32197597968 0.64080277001 0.38977323292 0.48299847101 0.34570954461 0.42172130801 0.54545399909 0.55526887297 0.52976424877 0.76344075212 0.45663296427 0.57399558433 0.69802173683 0.58418336761 0.79811625478 0.85071786077 0.78632529899 1.95251594060 -245.6853884369 0.00016354768   -2 
 129 0.00000450379 0.00105082663 -29.156385820 0.15542704337 0.00442227230 0.05629999869 0.51376747239 0.47118302882 0.40763620024 0.42051411337 0.41969229346 0.46515136473 0.48227336773 0.42827827736 0.44472355538 0.55561069178 0.49001108068 0.57641459087 0.44669232723 0.55773863266 0.38687120387 0.43798769682 0.46577987714 0.35261373192 0.55145468027 0.39266807794 0.32197624207 0.64080046574 0.38977332347 0.48299825396 0.34571108135 0.42172125282 0.54545389822 0.55526860286 0.52976304902 0.76344217394 0.45663375088 0.57399549105 0.69802185954 0.58418284820 0.79811745559 0.85071720315 0.78632472601 1.95251280631 -245.6853884012 0.00009626061    0 
-- Found new optimum with likelihood -245.685388401267062 and gradient 0.00010

---- Best joint likelihood found -245.685388401267062 with gradient 0.00010

---- Results for /scratch/40841778/tmpgzmqbh64 
--  Model: C
--        eps_an     theta_bar             a 
-- 0.00000450379 0.00105082663            -1 
--           S_d             b           p_b           S_b 
-- -29.156385820 0.15542704337 0.00442227230 0.05629999869 
--           r 2           r 3           r 4           r 5           r 6           r 7           r 8           r 9          r 10          r 11          r 12          r 13          r 14          r 15          r 16          r 17          r 18          r 19          r 20          r 21          r 22          r 23          r 24          r 25          r 26          r 27          r 28          r 29          r 30          r 31          r 32          r 33          r 34          r 35          r 36          r 37          r 38          r 39 
-- 0.51376747239 0.47118302882 0.40763620024 0.42051411337 0.41969229346 0.46515136473 0.48227336773 0.42827827736 0.44472355538 0.55561069178 0.49001108068 0.57641459087 0.44669232723 0.55773863266 0.38687120387 0.43798769682 0.46577987714 0.35261373192 0.55145468027 0.39266807794 0.32197624207 0.64080046574 0.38977332347 0.48299825396 0.34571108135 0.42172125282 0.54545389822 0.55526860286 0.52976304902 0.76344217394 0.45663375088 0.57399549105 0.69802185954 0.58418284820 0.79811745559 0.85071720315 0.78632472601 1.95251280631 

---- Expected P_neut(i), 0 < i < n (neutral SFS per site) 
E[P_neut(1)] = 0.0010508221
E[P_neut(2)] = 0.0002699392
E[P_neut(3)] = 0.0001650433
E[P_neut(4)] = 0.0001070884
E[P_neut(5)] = 0.0000883772
E[P_neut(6)] = 0.0000735037
E[P_neut(7)] = 0.0000698274
E[P_neut(8)] = 0.0000633480
E[P_neut(9)] = 0.0000500050
E[P_neut(10)] = 0.0000467326
E[P_neut(11)] = 0.0000530772
E[P_neut(12)] = 0.0000429096
E[P_neut(13)] = 0.0000465931
E[P_neut(14)] = 0.0000335282
E[P_neut(15)] = 0.0000390724
E[P_neut(16)] = 0.0000254084
E[P_neut(17)] = 0.0000270735
E[P_neut(18)] = 0.0000271918
E[P_neut(19)] = 0.0000195019
E[P_neut(20)] = 0.0000289742
E[P_neut(21)] = 0.0000196489
E[P_neut(22)] = 0.0000153792
E[P_neut(23)] = 0.0000292770
E[P_neut(24)] = 0.0000170660
E[P_neut(25)] = 0.0000203020
E[P_neut(26)] = 0.0000139725
E[P_neut(27)] = 0.0000164133
E[P_neut(28)] = 0.0000204707
E[P_neut(29)] = 0.0000201205
E[P_neut(30)] = 0.0000185564
E[P_neut(31)] = 0.0000258790
E[P_neut(32)] = 0.0000149953
E[P_neut(33)] = 0.0000182781
E[P_neut(34)] = 0.0000215738
E[P_neut(35)] = 0.0000175396
E[P_neut(36)] = 0.0000232971
E[P_neut(37)] = 0.0000241616
E[P_neut(38)] = 0.0000217456
E[P_neut(39)] = 0.0000526135

---- Expected P_sel(i), 0 < i < n (selected SFS per site) 
E[P_sel(1)] = 0.0008534705
E[P_sel(2)] = 0.0001980004
E[P_sel(3)] = 0.0001138137
E[P_sel(4)] = 0.0000707481
E[P_sel(5)] = 0.0000565228
E[P_sel(6)] = 0.0000458073
E[P_sel(7)] = 0.0000425901
E[P_sel(8)] = 0.0000379357
E[P_sel(9)] = 0.0000294710
E[P_sel(10)] = 0.0000271561
E[P_sel(11)] = 0.0000304552
E[P_sel(12)] = 0.0000243407
E[P_sel(13)] = 0.0000261552
E[P_sel(14)] = 0.0000186409
E[P_sel(15)] = 0.0000215307
E[P_sel(16)] = 0.0000138855
E[P_sel(17)] = 0.0000146812
E[P_sel(18)] = 0.0000146383
E[P_sel(19)] = 0.0000104267
E[P_sel(20)] = 0.0000153906
E[P_sel(21)] = 0.0000103730
E[P_sel(22)] = 0.0000080715
E[P_sel(23)] = 0.0000152798
E[P_sel(24)] = 0.0000088594
E[P_sel(25)] = 0.0000104854
E[P_sel(26)] = 0.0000071811
E[P_sel(27)] = 0.0000083958
E[P_sel(28)] = 0.0000104238
E[P_sel(29)] = 0.0000102007
E[P_sel(30)] = 0.0000093681
E[P_sel(31)] = 0.0000130115
E[P_sel(32)] = 0.0000075096
E[P_sel(33)] = 0.0000091187
E[P_sel(34)] = 0.0000107229
E[P_sel(35)] = 0.0000086864
E[P_sel(36)] = 0.0000114975
E[P_sel(37)] = 0.0000118836
E[P_sel(38)] = 0.0000106601
E[P_sel(39)] = 0.0000257097

---- alpha_dfe = 0.009368

