---- Running command
---- ./polyDFE -d /scratch/40840244/tmp0guqv_ve -m C -i /scratch/40840244/tmpwzgwpa5_ 1 -v 1 
---- Performing inference using model C

---- Performing inference on /scratch/40840244/tmp0guqv_ve
----      with -i /scratch/40840244/tmpwzgwpa5_ 1
---- Data /scratch/40840244/tmp0guqv_ve does not contain divergence counts. Using option -w.
---- No mutation variability. Using Poisson likelihood.


---- Using provided initial values

-- Starting local optimization
-- Optimizing all parameters
  it        eps_an     theta_bar           S_d             b           p_b           S_b           r 2           r 3           r 4           ln lk          grad status 
   0 0.00000449599     0.0006164 -55.645569999     0.1199374     0.0151532     0.1308463     0.8958562     0.8771536     0.8733385 -38.21974743747 0.80758666555   -2 
   1 0.00000449599 0.00062954989 -55.621037193 0.11954892486 0.01515481745 0.13084790760 0.90798030379 0.88851716655 0.87912059895 -36.98296774433 0.43575023058   -2 
   2 0.00000449600 0.00060190436 -56.508676681 0.12200091731 0.01514572141 0.13085359242 0.99166476417 0.98948592985 0.92554763226 -33.70550004258 0.14235345210   -2 
   3 0.00000449600 0.00059982467 -56.871419622 0.12356184126 0.01513974397 0.13085285356 0.97892841358 0.99489907831 0.95233111292 -33.44090344353 0.19982526347   -2 
   4 0.00000449600 0.00060363729 -56.983806416 0.12401001928 0.01513803764 0.13085270206 0.97718927769 0.99670753420 0.96185304958 -33.36202455756 0.05804522277   -2 
   5 0.00000449600 0.00060468153 -57.388729264 0.12588903615 0.01513070676 0.13084981578 0.98658723037 0.99045813271 0.96934030376 -33.30063321910 0.03169220442   -2 
   6 0.00000449600 0.00060490807 -57.658118081 0.12705764817 0.01512614663 0.13084786471 0.98664731747 0.99260960686 0.96822319601 -33.28649534341 0.06432314725   -2 
   7 0.00000449600 0.00060718806 -57.879281595 0.12796347285 0.01512262410 0.13084636958 0.98688805772 0.99527267567 0.96721507695 -33.27563371850 0.01052059286   -2 
   8 0.00000449600 0.00060694065 -57.857632074 0.12786104554 0.01512301664 0.13084654255 0.98675511963 0.99501015960 0.96728293606 -33.27547333890 0.00871396037   -2 
   9 0.00000449600 0.00060714387 -57.868830628 0.12767439181 0.01512366621 0.13084692519 0.98518765035 0.99526615913 0.96674299917 -33.27451941963 0.00780515751   -2 
  10 0.00000449600 0.00060700982 -57.880459029 0.12765105358 0.01512373375 0.13084698732 0.98493000486 0.99522433621 0.96651732175 -33.27437290096 0.00562205335   -2 
  11 0.00000449600 0.00060725140 -58.051186056 0.12743163090 0.01512428639 0.13084766280 0.98447226299 0.99450428827 0.96400408395 -33.27349537498 0.00525142848   -2 
  12 0.00000449599 0.00060747429 -58.312576594 0.12732074535 0.01512438894 0.13084860604 0.98530065788 0.99362665177 0.96557176041 -33.27228213255 0.01725269231   -2 
  13 0.00000449599 0.00060714525 -58.498566011 0.12726679093 0.01512437307 0.13084922083 0.98556862652 0.99313621479 0.96649922616 -33.27150366070 0.00935462903   -2 
  14 0.00000449598 0.00060724630 -59.452311082 0.12691190295 0.01512457324 0.13085240038 0.98432038530 0.99585549427 0.96822569991 -33.26775754485 0.01269540577   -2 
  15 0.00000449598 0.00060746170 -60.028799207 0.12668295559 0.01512474970 0.13085428739 0.98400677708 0.99718476347 0.96877004225 -33.26715297359 0.01793604373   -2 
  16 0.00000449598 0.00060700855 -60.107767600 0.12662615131 0.01512483905 0.13085440982 0.98541366070 0.99550036109 0.96698354784 -33.26406008221 0.02395442898   -2 
  17 0.00000449598 0.00060741647 -60.143226928 0.12656100391 0.01512501938 0.13085452547 0.98616660802 0.99475701662 0.96609572664 -33.26277154782 0.00774694177   -2 
  18 0.00000449597 0.00060790810 -60.269420250 0.12629584953 0.01512579110 0.13085504220 0.98403570147 0.99341524045 0.96360126858 -33.26108995247 0.00677702754   -2 
  19 0.00000449597 0.00060777229 -60.284560180 0.12627857795 0.01512583505 0.13085509915 0.98391742005 0.99334141812 0.96353295704 -33.26098511928 0.00527334515   -2 
  20 0.00000449597 0.00060713468 -60.882775766 0.12542574785 0.01512826572 0.13085811689 0.98437214721 0.99350805647 0.96556138174 -33.25839815975 0.00982416848   -2 
  21 0.00000449596 0.00060681099 -61.096936678 0.12515191986 0.01512902587 0.13085911814 0.98448927039 0.99354836400 0.96611225207 -33.25818374601 0.00930932014   -2 
  22 0.00000449596 0.00060658888 -61.272504080 0.12514370213 0.01512883954 0.13085934959 0.98442266865 0.99356921804 0.96505117330 -33.25707883157 0.02178641228   -2 
  23 0.00000449596 0.00060722034 -61.913946597 0.12509871443 0.01512821379 0.13086018768 0.98453519894 0.99386818176 0.96120965605 -33.25421701281 0.02331410442   -2 
  24 0.00000449596 0.00060767775 -61.944125770 0.12507992090 0.01512824661 0.13086026737 0.98454880127 0.99385813767 0.96133266087 -33.25328774546 0.01036815314   -2 
  25 0.00000449595 0.00060791510 -62.080331753 0.12508140088 0.01512809399 0.13086053432 0.98311216159 0.99264507116 0.96361582222 -33.25156410845 0.00514947934   -2 
  26 0.00000449595 0.00060785871 -62.066761460 0.12508141340 0.01512810811 0.13086050434 0.98334650634 0.99280224926 0.96330952771 -33.25152164562 0.00398735489   -2 
  27 0.00000449595 0.00060762199 -62.212421205 0.12507271177 0.01512797304 0.13086072964 0.98400732468 0.99242319365 0.96399514674 -33.25105039297 0.01187276959   -2 
  28 0.00000449595 0.00060781026 -62.366537116 0.12503981339 0.01512791604 0.13086100740 0.98474948885 0.99228080389 0.96464590963 -33.25061223352 0.00798021300   -2 
  29 0.00000449595 0.00060766046 -62.370664539 0.12503385877 0.01512793012 0.13086100496 0.98421378585 0.99267586239 0.96426571341 -33.25026945244 0.00949346098   -2 
  30 0.00000449595 0.00060785816 -62.382976593 0.12500598570 0.01512801354 0.13086104796 0.98375863070 0.99319926056 0.96385436336 -33.24996853389 0.00352776140   -2 
  31 0.00000449595 0.00060778083 -62.524920876 0.12489616489 0.01512822732 0.13086130776 0.98352453132 0.99349210499 0.96244846524 -33.24953078887 0.00894535112   -2 
  32 0.00000449595 0.00060799457 -62.613249862 0.12481755198 0.01512839985 0.13086150011 0.98355464036 0.99354437857 0.96184999265 -33.24927926115 0.00773262245   -2 
  33 0.00000449594 0.00060802489 -63.725490565  0.1240098446 0.01512996624 0.13086380031 0.98381721442 0.99096526277 0.95844889475 -33.24671766226 0.01577023490   -2 
  34 0.00000449593 0.00060881993 -64.690576641 0.12332077200 0.01513134081 0.13086591233 0.98317228673 0.98954074132 0.95768642113 -33.24434053889 0.03383755225   -2 
  35 0.00000449587 0.00060931438 -70.230672166 0.11986450372 0.01513797832 0.13087716490 0.97742914653 0.98234997435 0.95521880770 -33.23188933023 0.02462280444   -2 
  36 0.00000449574 0.00060705039 -84.157982767 0.11382916501 0.01514788323 0.13090039728 0.97606870942 0.98813406353 0.95525580626 -33.19765595377 0.08755056010   -2 
  37 0.00000449571 0.00060838921 -87.980010996 0.11238409354 0.01515036470 0.13090606539 0.97692040646 0.98951393151 0.95543344188 -33.18319266410 0.03269212200   -2 
  38 0.00000449568 0.00060821667 -93.006333185 0.11132746717 0.01515040517 0.13091083757 0.98147158408 0.98462910479 0.95395022667 -33.16488175786 0.03658061944   -2 
  39 0.00000449567 0.00060932033 -94.424783555 0.11106171050 0.01515032069 0.13091199326 0.98219476298 0.98355896892 0.95364322405 -33.16119451579 0.02960285784   -2 
  40 0.00000449561 0.00061279403 -102.69409092 0.11013689127 0.01514754535 0.13091653068 0.97632098939 0.97899318266 0.95125900536 -33.14184777146 0.01529888024   -2 
  41 0.00000449561 0.00061228525 -103.04445615 0.11003971613 0.01514766360 0.13091668153 0.97585846601 0.98003165958 0.95080623263 -33.14039004140 0.02353136774   -2 
  42 0.00000449560 0.00061238266 -103.64341031 0.10977381390 0.01514826693 0.13091701310 0.97557309470 0.98264770268 0.95005997696 -33.13782321744 0.00851736857   -2 
  43 0.00000449560 0.00061159628 -104.05315193 0.10940339276 0.01514938536 0.13091692927 0.97752526692 0.98285965291 0.95005662625 -33.13617876562 0.00631177724   -2 
  44 0.00000449560 0.00061165325 -104.20499095 0.10923449568 0.01514989824 0.13091666880 0.97749218305 0.98251269725 0.95053343591 -33.13577416772 0.01201973051   -2 
  45 0.00000449560 0.00061130677 -104.40731258 0.10903937950 0.01515045207 0.13091619970 0.97705239040 0.98191085144 0.95110663586 -33.13524696404 0.00382258017   -2 
  46 0.00000449559 0.00061152274 -104.57284528 0.10895840799 0.01515053656 0.13091530590 0.97623180115 0.98175417443 0.95093958398 -33.13500939935 0.00606727789   -2 
  47 0.00000449559 0.00061147080 -104.66977951 0.10893274857 0.01515049328 0.13091471832 0.97584810944 0.98163301740 0.95071703923 -33.13489617884 0.00514955282   -2 
  48 0.00000449559 0.00061197961 -105.28701365 0.10883478980 0.01514991724 0.13091057452 0.97536430832 0.98101450100 0.94878115395 -33.13423384971 0.00666832433   -2 
  49 0.00000449558 0.00061190236 -105.47270156 0.10881790784 0.01514969467 0.13090931512 0.97536551723 0.98082307720 0.94837922040 -33.13408279079 0.00675573726   -2 
  50 0.00000449558 0.00061219334 -106.34575131 0.10871754722 0.01514873791 0.13090337418 0.97635824786 0.98034358150 0.94771749524 -33.13335370319 0.00920948310   -2 
  51 0.00000449557 0.00061211830 -107.52176350 0.10858356657 0.01514746499 0.13089545021 0.97708292682 0.98001742328 0.94751785290 -33.13272710241 0.01446808637   -2 
  52 0.00000449553 0.00061293836 -110.99572956 0.10809496096 0.01514419234 0.13087252938 0.97799210628 0.98019715488 0.94834778149 -33.13039149098 0.02396591002   -2 
  53 0.00000449549 0.00061298676 -115.56152034 0.10745958493 0.01514011765 0.13084343487 0.97785983135 0.98058522214 0.94958388922 -33.12770721804 0.01738679887   -2 
  54 0.00000449546 0.00061374232 -119.95933923 0.10668856515 0.01513706431 0.13081629789 0.97646522356 0.98139481410 0.95076066290 -33.12534484151 0.01934355722   -2 
  55 0.00000449544 0.00061333909 -122.29330282 0.10620716030 0.01513581171 0.13080212089 0.97524048843 0.98140540401 0.95076843750 -33.12371877832 0.02547968240   -2 
  56 0.00000449541 0.00061411869 -124.83840801 0.10548769627 0.01513527493 0.13078668188 0.97455880285 0.98106546474 0.95007079436 -33.11968464706 0.03169751064   -2 
  57 0.00000449531 0.00061440288 -137.56282472 0.10213053337 0.01513285488 0.13071357355 0.97109443767 0.97779837412 0.94515657283 -33.10872990189 0.06320389116   -2 
  58 0.00000449527 0.00061323892 -142.19952980 0.10106540846 0.01513178943 0.13068854452 0.96990050864 0.97626088461 0.94322522669 -33.10162483056 0.01553662606   -2 
  59 0.00000449525 0.00061274303 -145.28248150 0.10045403857 0.01513076227 0.13067207113 0.97098110253 0.97479443593 0.94191617519 -33.09970632135 0.02388652384   -2 
  60 0.00000449524 0.00061305394 -146.90243318 0.10014767541 0.01513018728  0.1306634784 0.97188845701 0.97417891292 0.94139112349 -33.09845653972 0.00922454012   -2 
  61 0.00000449518 0.00061382939 -154.70825257 0.09974881641 0.01512285275 0.13062106478 0.97411162325 0.97517161613 0.94287744416 -33.09258907565 0.01258687200   -2 
  62 0.00000449518 0.00061368117 -155.38512532 0.09971508894 0.01512220642 0.13061726183 0.97331952480 0.97533670533 0.94298523811 -33.09185505752 0.01536046686   -2 
  63 0.00000449517 0.00061418739 -156.29534774 0.09963280234 0.01512147326 0.13061195579 0.97196368900 0.97570401646 0.94317507599 -33.09087284170 0.00433745814   -2 
  64 0.00000449517 0.00061447505 -157.01053292 0.09940918695 0.01512132441 0.13060577192 0.97129486913 0.97405682537 0.94179580338 -33.09014205047 0.00686858940   -2 
  65 0.00000449517 0.00061436462 -157.10839913 0.09938101840 0.01512128710 0.13060486971 0.97119763790 0.97386560060 0.94159979724 -33.09005763655 0.00280477742   -2 
  66 0.00000449516 0.00061408959 -157.42715721 0.09923457164 0.01512126402 0.13060078774 0.97161572722 0.97453993778 0.94131847735 -33.08979684855 0.00203438454   -2 
  67 0.00000449516 0.00061401229 -157.54976563 0.09918452536 0.01512121573 0.13059911627 0.97171478719 0.97474704519 0.94134445424 -33.08976840622 0.00256355231   -2 
  68 0.00000449516 0.00061385222 -157.78210695 0.09912346946 0.01512094649 0.13059568435 0.97162408185 0.97480375121 0.94176430997 -33.08967390641 0.00472815235   -2 
  69 0.00000449516 0.00061383283 -158.03256906 0.09905945951 0.01512064139 0.13059192589 0.97156616364 0.97483406795 0.94223632102 -33.08960790123 0.00285949662   -2 
  70 0.00000449516 0.00061396725 -158.03241741 0.09907759762 0.01512054818 0.13059180926 0.97165357267 0.97470775353 0.94209057924 -33.08955637118 0.00436774867   -2 
  71 0.00000449516 0.00061402213 -158.05035398 0.09912697215 0.01512025998 0.13059128037 0.97173095189 0.97437693307 0.94174828746 -33.08946546936 0.00165500533   -2 
  72 0.00000449515 0.00061418036 -158.10533358 0.09916985141 0.01511988499 0.13058996436 0.97145938085 0.97430488018 0.94162026693 -33.08941677260 0.00100411644   -2 
  73 0.00000449515 0.00061420706 -158.12104636 0.09917937202 0.01511978954 0.13058958755 0.97139905688 0.97429582008 0.94160101072 -33.08941461977 0.00099963890   -2 
  74 0.00000449515 0.00061412426 -158.26979995 0.09918665114 0.01511922922 0.13058587756 0.97148355522 0.97452975019 0.94189768414 -33.08936728541 0.00386140016   -2 
  75 0.00000449515 0.00061417025 -158.40146789 0.09918631274 0.01511875490 0.13058253482 0.97161047300 0.97473964590 0.94215858536 -33.08932552439 0.00148288646   -2 
  76 0.00000449514 0.00061408820 -159.09825298 0.09911275592 0.01511644645 0.13056401752 0.97226168989 0.97461382676 0.94233206962 -33.08917424119 0.00359778748   -2 
  77 0.00000449499 0.00061479603 -167.84392871 0.09797697533 0.01508898368 0.13033533849 0.97232898317 0.97410519489 0.94219442878 -33.08732159774 0.03248268568   -2 
  78 0.00000449400 0.00061545940 -241.74623310 0.09072478184 0.01490250467 0.12878716857 0.97036993153 0.96985187223 0.94012742965 -33.07661701442 0.02610307379   -2 
  79 0.00000449401 0.00061504136 -241.07233311 0.09079754484 0.01490382536 0.12879889941 0.96988928695 0.96979720193 0.93961267307 -33.07517234407 0.01769860657   -2 
  80 0.00000449403 0.00061597300 -239.18256696 0.09096299946 0.01490750692 0.12883026561 0.96739250183 0.96992206489 0.93584617002 -33.07105340786 0.00634218853   -2 
  81 0.00000449403 0.00061614148 -238.71422613 0.09100896726 0.01490833414 0.12883756164 0.96710945303 0.96922943625 0.93458828590 -33.07072610425 0.00483604263   -2 
  82 0.00000449403 0.00061626034 -238.68132977 0.09100680370 0.01490837457 0.12883774797 0.96731811704 0.96891948519 0.93457850576 -33.07061768987 0.00544495578   -2 
  83 0.00000449403 0.00061618096 -238.65846910 0.09100916884 0.01490835562 0.12883765278 0.96750957841 0.96848471040 0.93459469787 -33.07052035625 0.00099000500   -2 
  84 0.00000449403 0.00061618754 -238.66688062 0.09100151232 0.01490824409 0.12883653466 0.96744641200 0.96835393798 0.93479451189 -33.07050603229 0.00060559895   -2 
  85 0.00000449403 0.00061617206 -238.66986390 0.09100101326 0.01490821833 0.12883632305 0.96743880928 0.96836355107 0.93479743684 -33.07050506982 0.00053149633   -2 
  86 0.00000449403 0.00061615690 -238.69678588 0.09099206867 0.01490798341 0.12883423578 0.96741848751 0.96847943232 0.93483510300 -33.07050077669 0.00042210490   -2 
  87 0.00000449403 0.00061612083 -238.73217688 0.09098545533 0.01490767287 0.12883166142 0.96748000897 0.96845818842 0.93484497459 -33.07049736179 0.00102333122   -2 
  88 0.00000449403 0.00061612113 -238.77259292 0.09097709759 0.01490731710 0.12882868392 0.96755104790 0.96843898046 0.93485945470 -33.07049410924 0.00056286854   -2 
  89 0.00000449403 0.00061612434 -238.78363861 0.09097817758 0.01490721920 0.12882798683 0.96746055763 0.96845265353 0.93485169491 -33.07049088401 0.00070037884   -2 
  90 0.00000449403 0.00061614253 -238.78868131 0.09097796955 0.01490717412 0.12882764017 0.96744255301 0.96845602707 0.93484934746 -33.07048980927 0.00034179734   -2 
  91 0.00000449402 0.00061616229 -238.89021600 0.09098052357 0.01490627954 0.12882098692 0.96740195242 0.96834914215 0.93474381302 -33.07048290256 0.00124354225   -2 
  92 0.00000449402 0.00061621429 -238.98383039  0.0909810592 0.01490545495 0.12881478770 0.96738056755 0.96826803166 0.93466009859 -33.07047857462 0.00066825128   -2 
  93 0.00000449402 0.00061620007 -238.96806490 0.09097562282 0.01490559907 0.12881567632 0.96740159206 0.96837480615 0.93474683995 -33.07047372512 0.00094472212   -2 
  94 0.00000449402 0.00061616982 -238.96489996 0.09097368893 0.01490562998 0.12881583884 0.96740733263 0.96841310557 0.93478207373 -33.07047171153 0.00033984098   -2 
  95 0.00000449402 0.00061614591 -238.97825009 0.09096681957 0.01490551562 0.12881474013 0.96746977056 0.96845592290 0.93485069886 -33.07046980739 0.00036354645   -2 
  96 0.00000449402 0.00061614421 -238.97933428 0.09096784303 0.01490550543 0.12881469928 0.96745648163 0.96844348148 0.93483630361 -33.07046946210 0.00033998672   -2 
  97 0.00000449402 0.00061617302 -238.99516252 0.09096852612 0.01490536252 0.12881364556 0.96742470223 0.96839985361 0.93479258292 -33.07046805300 0.00051651375   -2 
  98 0.00000449402 0.00061617909 -239.01310964 0.09096918880 0.01490520224 0.12881246074 0.96739473518 0.96835923797 0.93475367468 -33.07046712540 0.00035606209   -2 
  99 0.00000449402 0.00061617433 -239.02904056 0.09096529811 0.01490506632 0.12881129933 0.96744916113 0.96840731785 0.93479009632 -33.07046498508 0.00086525950   -2 
 100 0.00000449402 0.00061613811 -239.05017543 0.09096169137 0.01490488575 0.12880981290 0.96749370244 0.96845338096 0.93482782718 -33.07046252217 0.00035796587   -2 
 101 0.00000449402 0.00061611399 -239.08564694 0.09095598975 0.01490457879 0.12880729889 0.96752530728 0.96850279199 0.93487814946 -33.07046137465 0.00060405710   -2 
 102 0.00000449402 0.00061613049 -239.10001817 0.09095378164 0.01490445183 0.12880626348 0.96751966656 0.96850471564 0.93488779006 -33.07045992429 0.00074775699   -2 
 103 0.00000449401 0.00061615473 -239.26630702 0.09093847909 0.01490298220 0.12879463764 0.96732111729 0.96839946151 0.93490337573 -33.07044535189 0.00083150309   -2 
 104 0.00000449401 0.00061617199 -239.36690682 0.09092951676 0.01490209384 0.12878761986 0.96723193864 0.96833577101 0.93489769545 -33.07044294348 0.00121219313   -2 
 105 0.00000449400 0.00061628285 -239.89245943 0.09088593354 0.01489746247 0.12875116038 0.96719418993 0.96804232977 0.93468363983 -33.07040631796 0.00343116430   -2 
 106 0.00000449399 0.00061622568 -240.09020497 0.09087312144 0.01489572799 0.12873763243 0.96718533715 0.96795579757 0.93458472844 -33.07037852210 0.00168678240   -2 
 107 0.00000449396 0.00061620258 -241.15318987 0.09079663664 0.01488645703 0.12866504555 0.96752491363 0.96817041383 0.93415030804 -33.07029774257 0.00219772238   -2 
 108 0.00000449397 0.00061623135 -240.91981537 0.09081254175 0.01488849075 0.12868093714 0.96736334415 0.96815529007 0.93435430166 -33.07027827659 0.00124929415   -2 
 109 0.00000449397 0.00061619383 -240.95292273 0.09081147015 0.01488820581 0.12867875225 0.96734214456 0.96817935330 0.93438976465 -33.07027160456 0.00169185711   -2 
 110 0.00000449396 0.00061619339 -241.09775578 0.09080154462 0.01488695979 0.12866900707 0.96726198322 0.96835717725 0.93468352470 -33.07024383881 0.00073165237   -2 
 111 0.00000449396 0.00061620556 -241.14389873 0.09079870688 0.01488655777 0.12866588021 0.96734414719 0.96834489208 0.93474263684 -33.07023853717 0.00137369432   -2 
 112 0.00000449396 0.00061617001 -241.20223934 0.09079695422 0.01488604909 0.12866199074 0.96743488349 0.96831021430 0.93479287462 -33.07023224923 0.00047862411   -2 
 113 0.00000449394 0.00061618647 -241.81923346 0.09076922955 0.01488056573 0.12861972663 0.96739873597 0.96824639466 0.93442440885 -33.07019536279 0.00342349610   -2 
 114 0.00000449393 0.00061630908 -242.38675999 0.09073894578 0.01487553160 0.12858075187 0.96737324538 0.96820966493 0.93413330582 -33.07016213567 0.00170157266   -2 
 115 0.00000449386 0.00061656773 -244.91033043 0.09057474656 0.01485331288 0.12840763079 0.96667007282 0.96793880356 0.93391740548 -33.07002659050 0.00401072441   -2 
 116 0.00000449382 0.00061655431 -246.11396109 0.09049650274 0.01484281116 0.12832577472 0.96642901674 0.96777553373 0.93385484894 -33.06997836426 0.00418876888   -2 
 117 0.00000449339 0.00061692996 -261.77392861 0.08943968654 0.01471125263 0.12729717751 0.96546902894 0.96584137215 0.93362842590 -33.06941438035 0.01115539796   -2 
 118 0.00000449339 0.00061710018 -261.82229779 0.08942425370 0.01471084958 0.12729358977 0.96569748826 0.96601905071 0.93358486747 -33.06915538188 0.00718024273   -2 
 119 0.00000449338 0.00061672008 -261.93754485 0.08938093289 0.01470988286 0.12728475774 0.96671782534 0.96699550183 0.93308402676 -33.06859191396 0.00196316910   -2 
 120 0.00000449338 0.00061674767 -261.92193056 0.08937878189 0.01470999611 0.12728553504 0.96651267870 0.96693716933 0.93322056011 -33.06857350289 0.00144317150   -2 
 121 0.00000449338 0.00061660857 -261.91834359 0.08935159884 0.01470995902 0.12728428146 0.96649887136 0.96718635037 0.93335194777 -33.06853514051 0.00278054820   -2 
 122 0.00000449338 0.00061659805 -261.91543605 0.08933339619 0.01470993753 0.12728346704 0.96653180577 0.96732593146 0.93343327245 -33.06851767278 0.00085184886   -2 
 123 0.00000449338 0.00061656734 -261.92046609 0.08932003553 0.01470982760 0.12728216103 0.96666555260 0.96726379415 0.93345427418 -33.06850857074 0.00074508896   -2 
 124 0.00000449338 0.00061655087 -261.92247457 0.08931868935 0.01470979769 0.12728188750 0.96666863946 0.96724981470 0.93345234126 -33.06850755874 0.00034674262   -2 
 125 0.00000449338 0.00061656150 -261.94747867 0.08930627574 0.01470943462 0.12727870620 0.96658591577 0.96716240820 0.93342448347 -33.06850398701 0.00031126404   -2 
 126 0.00000449338 0.00061655401 -261.95525868 0.08930439415 0.01470933116 0.12727785726 0.96657401873 0.96715257434 0.93341189695 -33.06850361768 0.00038066884   -2 
 127 0.00000449338 0.00061656272 -262.01691703 0.08929197241 0.01470852554 0.12727133338 0.96656199680 0.96714359766 0.93331836418 -33.06850097175 0.00059349865   -2 
 128 0.00000449337 0.00061654924 -262.05908862 0.08928534755 0.01470798354 0.12726700508 0.96655379236 0.96713844025 0.93326556203 -33.06849986063 0.00043662191   -2 
 129 0.00000449335 0.00061657124 -262.52090888 0.08924691729 0.01470224101 0.12722229772 0.96664773324 0.96720078204 0.93328666996 -33.06847503417 0.00303466899   -2 
 130 0.00000449326 0.00061639779 -264.74789333 0.08907636063 0.01467477226 0.12700890499 0.96695703630 0.96742130506 0.93338880750 -33.06839819537 0.00212988424   -2 
 131 0.00000449303 0.00061641341 -270.43178509 0.08869233080 0.01460594472 0.12647562536 0.96628442836 0.96730228601 0.93371662236 -33.06818224883 0.00533384495   -2 
 132 0.00000449295 0.00061656610 -272.37893797 0.08856239293 0.01458275018 0.12629585219 0.96616128856 0.96720987337 0.93374788322 -33.06810567376 0.00452490731   -2 
 133 0.00000449201 0.00061722002 -296.74760175 0.08712851420 0.01430858023 0.12417277547 0.96563495139 0.96461377882 0.93204433568 -33.06723777831 0.00712201405   -2 
 134 0.00000449202 0.00061707224 -296.48686404 0.08714749756 0.01431137346 0.12419457308 0.96555029065 0.96476813663 0.93197475421 -33.06712608930 0.00494371856   -2 
 135 0.00000449203 0.00061709854 -296.04603506 0.08717040491 0.01431602489 0.12423056806 0.96538954086 0.96555475231 0.93168876226 -33.06693155472 0.00089432741   -2 
 136 0.00000449203 0.00061706395 -296.03216092 0.08717243658 0.01431613476 0.12423147374 0.96545926698 0.96560223699 0.93162796532 -33.06692603322 0.00111192904   -2 
 137 0.00000449203 0.00061707137 -296.02469712 0.08717276370 0.01431617569 0.12423179644 0.96552148061 0.96563659520 0.93159238191 -33.06692310748 0.00011599940   -2 
 138 0.00000449203 0.00061707379 -296.03172790 0.08717270730 0.01431599456 0.12423042900 0.96553961474 0.96562906877 0.93160583144 -33.06692288402 0.00025523171   -2 
 139 0.00000449203 0.00061706762 -296.03843132 0.08717289116 0.01431582530 0.12422915772 0.96554937917 0.96562343729 0.93161549384 -33.06692269430 0.00015140287   -2 
 140 0.00000449203 0.00061705941 -296.09819088 0.08717263673 0.01431427645 0.12421744957 0.96557739813 0.96564599761 0.93167700058 -33.06692182237 0.00034645026   -2 
 141 0.00000449203 0.00061706798 -296.11125890 0.08717207619 0.01431392660 0.12421478812 0.96557751447 0.96565482784 0.93168209578 -33.06692144073 0.00035567947   -2 
 142 0.00000449202 0.00061707779 -296.21042424 0.08716831650 0.01431126498 0.12419456620 0.96551517766 0.96571219768 0.93165326431 -33.06691897692 0.00044303672   -2 
 143 0.00000449201 0.00061706745 -296.25583423 0.08716637756 0.01431003848 0.12418524007 0.96550515440 0.96570215308 0.93162694881 -33.06691777873 0.00078572453   -2 
 144 0.00000449198 0.00061709550 -296.62540976 0.08714533965 0.01429996846 0.12410849148 0.96550863959 0.96556982600 0.93141485804 -33.06690886003 0.00099994353   -2 
 145 0.00000449198 0.00061711628 -296.66319277 0.08714221426 0.01429892548 0.12410050948 0.96551058721 0.96556284050 0.93141094371 -33.06690690728 0.00061373639   -2 
 146 0.00000449196 0.00061711107 -296.86637117 0.08712390329 0.01429332480 0.12405758970 0.96542485351 0.96554640051 0.93158586226 -33.06689717081 0.00068079084   -2 
 147 0.00000449196 0.00061709274 -296.88697343 0.08712256502 0.01429276661 0.12405332912 0.96542960621 0.96554668453 0.93159411822 -33.06689599352 0.00057849688   -2 
 148 0.00000449195 0.00061707482 -296.95973235 0.08711622073 0.01429076866 0.12403802995 0.96554117652 0.96558511965 0.93159040929 -33.06689140585 0.00022083412   -2 
 149 0.00000449195 0.00061707106 -296.97382336 0.08711505621 0.01429038233 0.12403507390 0.96555932764 0.96559359048 0.93158887773 -33.06689129438 0.00028974814   -2 
 150 0.00000449195 0.00061706114 -297.00467743 0.08711349168 0.01428954437 0.12402869215 0.96553673831 0.96562403437 0.93157744391 -33.06689026750 0.00059006784   -2 
 151 0.00000449195 0.00061707296 -297.04220897 0.08711105100 0.01428851355 0.12402082405 0.96551093566 0.96566150052 0.93156655049 -33.06688908243 0.00025853391   -2 
 152 0.00000449194 0.00061710113 -297.14206283 0.08710617606 0.01428578095 0.12400002535 0.96547179265 0.96565170405 0.93154945895 -33.06688737466 0.00100637890   -2 
 153 0.00000449191 0.00061712274 -297.49542304 0.08709146647 0.01427616290 0.12392690333 0.96534027997 0.96557065527 0.93148311162 -33.06688026147 0.00089072945   -2 
 154 0.00000449185 0.00061719422 -298.12808058 0.08706273757 0.01425894911 0.12379594236 0.96522443821 0.96540911354 0.93137679772 -33.06687356545 0.00109883567   -2 
 155 0.00000449178 0.00061718964 -298.89182079 0.08702163055 0.01423817595 0.12363766257 0.96545297000 0.96528067458 0.93129095155 -33.06684808270 0.00110005728   -2 
 156 0.00000449172 0.00061710510 -299.64372959 0.08697540352 0.01421773260 0.12348167552 0.96555388896 0.96536817659 0.93131650616 -33.06682892680 0.00286897215   -2 
 157 0.00000449159 0.00061708736 -301.07321036 0.08688149174 0.01417897413 0.12318567127 0.96571953829 0.96560529277 0.93141769051 -33.06679583561 0.00159051394   -2 
 158 0.00000449146 0.00061703911 -302.59701827 0.08678233064 0.01413793916 0.12287221747 0.96564971383 0.96580297571 0.93155097485 -33.06677134598 0.00150469257   -2 
 159 0.00000449127 0.00061707748 -304.72552117 0.08664644648 0.01408104843 0.12243757792 0.96530013215 0.96571955299 0.93165704800 -33.06672331168 0.00198853519   -2 
 160 0.00000449086 0.00061722589 -309.47409023 0.08636364066 0.01395633653 0.12148477206 0.96496198202 0.96474405063 0.93128310029 -33.06660564946 0.00210836924   -2 
 161 0.00000449089 0.00061725420 -309.08080746 0.08638902268 0.01396656707 0.12156303572 0.96508293511 0.96494342797 0.93120734744 -33.06658156584 0.00255495432   -2 
 162 0.00000449092 0.00061719452 -308.79773555 0.08641156142 0.01397400247 0.12162005104 0.96516979974 0.96510580551 0.93110180894 -33.06655596310 0.00053602030   -2 
 163 0.00000449091 0.00061720532 -308.82787683 0.08640964021 0.01397321185 0.12161400501 0.96516413046 0.96509211808 0.93110691174 -33.06655548458 0.00046610929   -2 
 164 0.00000449091 0.00061720532 -308.82787683 0.08640964021 0.01397321185 0.12161400501 0.96516413046 0.96509211808 0.93110691174 -33.06655548458           NAN   -8 
 165 0.00000449091 0.00061719675 -308.83324636 0.08641368572 0.01397310316 0.12161331716 0.96517592672 0.96510853521 0.93105814202 -33.06655350284 0.00082701132   -2 
 166 0.00000449091 0.00061721948 -308.84012730 0.08641838897 0.01397294609 0.12161228728 0.96520000096 0.96513604244 0.93099923049 -33.06655119172 0.00021090627   -2 
 167 0.00000449091 0.00061724326 -308.85332617 0.08642583676 0.01397259700 0.12160990261 0.96517060603 0.96513554822 0.93098529382 -33.06655020038 0.00018054718   -2 
 168 0.00000449091 0.00061724047 -308.85529730 0.08642654403 0.01397253293 0.12160944339 0.96516846163 0.96512946742 0.93099026533 -33.06655008214 0.00021014740   -2 
 169 0.00000449091 0.00061724712 -308.86173869 0.08642784062 0.01397229052 0.12160766231 0.96517272066 0.96510865794 0.93101675967 -33.06654975666 0.00008911789    0 
-- Found new optimum with likelihood -33.066549756666745 and gradient 0.00009

---- Best joint likelihood found -33.066549756666745 with gradient 0.00009

---- Results for /scratch/40840244/tmp0guqv_ve 
--  Model: C
--        eps_an     theta_bar             a 
-- 0.00000449091 0.00061724712            -1 
--           S_d             b           p_b           S_b 
-- -308.86173869 0.08642784062 0.01397229052 0.12160766231 
--           r 2           r 3           r 4 
-- 0.96517272066 0.96510865794 0.93101675967 

---- Expected P_neut(i), 0 < i < n (neutral SFS per site) 
E[P_neut(1)] = 0.0006172450
E[P_neut(2)] = 0.0002978746
E[P_neut(3)] = 0.0001985706
E[P_neut(4)] = 0.0001436690

---- Expected P_sel(i), 0 < i < n (selected SFS per site) 
E[P_sel(1)] = 0.0003826185
E[P_sel(2)] = 0.0001711024
E[P_sel(3)] = 0.0001100697
E[P_sel(4)] = 0.0000778300

---- alpha_dfe = 0.028269

