---- Running command
---- ./polyDFE -d /scratch/38996116/tmpfbdx0rzk -m C -i /scratch/38996116/tmpfs8r9tb5 1 -v 1 
---- Performing inference using model C

---- Performing inference on /scratch/38996116/tmpfbdx0rzk
----      with -i /scratch/38996116/tmpfs8r9tb5 1
---- Data /scratch/38996116/tmpfbdx0rzk does not contain divergence counts. Using option -w.
---- No mutation variability. Using Poisson likelihood.


---- Using provided initial values

-- Starting local optimization
-- Optimizing all parameters
  it        eps_an     theta_bar           S_d             b           r 2           r 3           r 4           r 5           r 6           r 7           r 8           r 9          r 10          r 11          r 12          r 13          r 14          r 15          r 16          r 17          r 18          r 19           ln lk          grad status 
   0    0.01346766  0.0008961823 -245.56979999     0.3789762      1.115224      1.093897      1.181135      1.231855     0.9243195      1.082592     0.8650157       1.20686      1.044504     0.9301775     0.9573576      1.358432      1.004809      0.982138     0.9355796      1.145759      1.008393     0.8705163 -155.5226677530 0.68847451092   -2 
   1 0.01348372690 0.00088215362 -245.90158441 0.37903917722 1.11493688490 1.09015090776 1.18319280780 1.22246403698 0.92240945399 1.08459965226 0.86804395932 1.21044105222 1.05003347855 0.92724844377 0.95562623896 1.36041119351 0.99910180631 0.98061709983 0.93411280677 1.15053850548 1.01107674379 0.87020190027 -154.7449727284 0.74859689801   -2 
   2 0.01364468450 0.00086543637 -244.31615046 0.36020535081 1.13097055736 1.06609122952 1.21238978581 1.14176112187 0.90754862779 1.10874765909 0.90101715582 1.25021352957 1.10896331181 0.90046196986 0.94037468686 1.38333812701 0.94543626238 0.96711478151 0.92085346344 1.20101252969 1.03958146592 0.86798798553 -150.5226995932 0.70789870465   -2 
   3 0.01385938434 0.00088109213 -250.61123876 0.37417872632 1.14325187142 1.04952972803 1.24313132046 1.06097128150 0.89059596837 1.13985604147 0.94630759656 1.30366147955 1.19152911302 0.86527316292 0.92002410511 1.41517669580 0.87538473781 0.94928179942 0.90249955531 1.27593237935 1.08168640596 0.86528107693 -146.3609757110 0.36111097254   -2 
   4 0.01388567786 0.00088852094 -250.77629604 0.37320793056 1.14028124466 1.05340047084 1.24190652765 1.06262965846 0.89034445762 1.14164863580 0.94999846098 1.30759608164 1.19841725344 0.86196528699 0.91806567075 1.41822720769 0.86816765139 0.94761294187 0.90037655128 1.28467286787 1.08674132104 0.86489045687 -146.1067291121 0.47709985716   -2 
   5 0.01403017980 0.00088157920 -253.27900910 0.37404377876 1.11034896519 1.07801120320 1.22289717171 1.08719805557 0.89031871108 1.14572523835 0.96549862609 1.32236936648 1.22867326736 0.84479908510 0.90744615844 1.43182347372 0.83062173967 0.93864135676 0.88840955004 1.33113540809 1.11382234033 0.86219697728 -144.6910116683 0.37452412673   -2 
   6 0.01410915901 0.00088394517 -254.18666270 0.37273308025 1.09890591037 1.09078996423 1.21334598979 1.10224942944 0.89084500782 1.14750354563 0.97333613963 1.32963876798 1.24406574784 0.83600366451 0.90196824258 1.43896148819 0.81126750341 0.93396152737 0.88206860135 1.35650941006 1.12877474730 0.86071598393 -144.4474415345 0.23462801987   -2 
   7 0.01412421507 0.00088564435 -253.75595747 0.37074241528 1.11725559207 1.08416065851 1.21444977292 1.10802060487 0.89250056240 1.14492592432 0.97100790914 1.32630012162 1.24002787082 0.83582383623 0.90168424828 1.43816488199 0.80918100745 0.93343336784 0.88104840397 1.35866266324 1.13139240081 0.86010709003 -144.1783133412 0.40568588754   -2 
   8 0.01414403759 0.00087827453 -253.85944297 0.37079330204 1.13513864485 1.07644262641 1.21500868925 1.11459412269 0.89426248247 1.14165678512 0.96818984532 1.32220059715 1.23525662224 0.83538770063 0.90116766204 1.43712434417 0.80631315581 0.93264068844 0.87965282694 1.36153261006 1.13465497588 0.85929800961 -143.9318072344 0.10372221390   -2 
   9 0.01421864425 0.00088267377 -255.03256511 0.37385763312 1.13759098761 1.07559183205 1.22013599927 1.13293332601 0.90045927265 1.13705966594 0.96384539246 1.31578385666 1.22718691748 0.83422564965 0.90018596667 1.43729661594 0.79695284977 0.93063117288 0.87571092517 1.37396757788 1.14561378696 0.85734525562 -143.7747328929 0.13703303650   -2 
  10 0.01430317901 0.00087774466 -255.35505306 0.37255972887 1.13297291527 1.07669766094 1.22386707490 1.14760860937 0.90606960789 1.13330651620 0.96006022418 1.31027563166 1.22002673514 0.83304094780 0.89920954974 1.43765180512 0.78734948746 0.92846240492 0.87159035107 1.38681110631 1.15689462658 0.85516703258 -143.6592927264 0.21102759756   -2 
  11 0.01434241935 0.00087876256 -255.28910597 0.37111222716 1.13132940611 1.07775130058 1.22547897447 1.15328510291 0.90848230510 1.13201357150 0.95862771351 1.30822606866 1.21721538764 0.83257971012 0.89884513052 1.43795728382 0.78313648591 0.92752219991 0.86978187923 1.39260151510 1.16200684400 0.85418973107 -143.6110912791 0.05654722203   -2 
  12 0.01456650871 0.00087808293 -256.28418915 0.37047367683 1.12735659071 1.08711354278 1.22024778856 1.13974921017 0.91183552215 1.13417678806 0.95762332637 1.30797991578 1.21348408259 0.83115894988 0.89790774613 1.44064304842 0.76437527561 0.92270976125 0.86121441421 1.41731379968 1.18563584513 0.84858649082 -143.5020006041 0.07604138403   -2 
  13 0.01458538775 0.00087942318 -256.35021258 0.37040573133 1.12789306244 1.08705675008 1.22007366136 1.13871076653 0.91186807801 1.13445052633 0.95769377458 1.30817116861 1.21347197888 0.83108208023 0.89786463091 1.44083735511 0.76305555513 0.92236870493 0.86058407630 1.41893144943 1.18733482090 0.84809250437 -143.4944070423 0.06297651377   -2 
  14 0.01465296633 0.00088048935 -256.87799058 0.37146436704 1.13093542958 1.08345308861 1.21970184729 1.13508198423 0.91094751207 1.13537340905 0.95823260127 1.30920733727 1.21414894066 0.83083584493 0.89771117971 1.44117907548 0.75906774286 0.92126568774 0.85853960962 1.42296812959 1.19227345437 0.84617660007 -143.4734950630 0.04203230577   -2 
  15 0.01471641981 0.00087976792 -256.94594896 0.37051123525 1.13236886629 1.07879734882 1.22010144928 1.13321793201 0.90928942594 1.13607606274 0.95903077352 1.31047269470 1.21553597048 0.83068796532 0.89761235484 1.44112226834 0.75643759662 0.92047304531 0.85698529997 1.42448406314 1.19519963098 0.84421119706 -143.4598281598 0.02618453961   -2 
  16 0.01474002133 0.00087927574 -257.02889863 0.37040650881 1.13214026945 1.07755293468 1.22028802521 1.13294945826 0.90860991089 1.13623397210 0.95932811267 1.31090671872 1.21611020165 0.83063888506 0.89757349337 1.44100690279 0.75569828843 0.92022678801 0.85648186139 1.42458268709 1.19589507433 0.84343903824 -143.4581910657 0.03481036064   -2 
  17 0.01482041731 0.00088013844 -257.30163685 0.37007055707 1.13061287446 1.07474650897 1.22112513799 1.13292527684 0.90635158751 1.13666117138 0.96036681573 1.31235805881 1.21817445863 0.83051153214 0.89746840840 1.44052423800 0.75363471862 0.91950333056 0.85492801483 1.42417069471 1.19759105501 0.84076162682 -143.4525018576 0.03928696504   -2 
  18 0.01487721302 0.00088009058 -257.59298147 0.37027834177 1.12927586237 1.07363296590 1.22146489262 1.13313161344 0.90486084540 1.13677801756 0.96098657760 1.31318083759 1.21948815657 0.83039964998 0.89736510148 1.44007695544 0.75238612627 0.91901746775 0.85389055442 1.42351320202 1.19841429287 0.83883470618 -143.4489280113 0.03912399174   -2 
  19 0.01495912130 0.00088150202 -257.96663787 0.37044838602 1.12783164538 1.07346883734 1.22171984138 1.13375100180 0.90302668829 1.13677063198 0.96173433197 1.31411250977 1.22115707063 0.83023158179 0.89720165055 1.43936588621 0.75088182402 0.91837063374 0.85249731011 1.42217415590 1.19913461743 0.83602957226 -143.4442413608 0.03702270789   -2 
  20 0.01506898032 0.00088139397 -258.46739257 0.37071479973 1.12657434508 1.07466646722 1.22134738393 1.13460505340 0.90106135718 1.13636570817 0.96236501159 1.31476747422 1.22281098153 0.82993683880 0.89690072564 1.43823811193 0.74924886935 0.91752848439 0.85074752151 1.41984126299 1.19938950823 0.83222118148 -143.4385767879 0.05801027400   -2 
  21 0.01528584884 0.00088267042 -259.22634563 0.37037237223 1.12552426855 1.07793323185 1.22040814959 1.13630676556 0.89783963734 1.13542843144 0.96334780070 1.31566431855 1.22558173768 0.82934823607 0.89629330394 1.43603423711 0.74639451270 0.91593740217 0.84746719327 1.41501392648 1.19937690554 0.82480276001 -143.4278776175 0.05369749325   -2 
  22 0.01548248558 0.00088140708 -259.85807114 0.36992874171 1.12578956176 1.08056980056 1.21923506450 1.13737855480 0.89575433153 1.13437262239 0.96379723606 1.31585035469 1.22726291794 0.82876237135 0.89568268550 1.43404400695 0.74421023163 0.91453788498 0.84468781214 1.41045876307 1.19872009394 0.81819279842 -143.4186822451 0.05992230288   -2 
  23 0.01566212730 0.00088165342 -260.30809767 0.36914467277 1.12725263444 1.08256352390 1.21836454585 1.13809303376 0.89463822569 1.13345211930 0.96395519517 1.31569333496 1.22822721942 0.82824017374 0.89513556680 1.43238515075 0.74255144041 0.91333591546 0.84234551237 1.40632989761 1.19769196253 0.81229244566 -143.4106587669 0.05208801488   -2 
  24 0.01599875442 0.00088023849 -261.30397707 0.36868531973 1.13105849179 1.08414104597 1.21711305879 1.13840579346 0.89434387380 1.13178562595 0.96354078424 1.31450396087 1.22847316920 0.82724747608 0.89409072653 1.42962770098 0.74022293880 0.91122908451 0.83842299903 1.39875223989 1.19466756833 0.80157805042 -143.3966524996 0.07818780293   -2 
  25 0.01634617741 0.00088163351 -262.26053337 0.36820480915 1.13489535034 1.08490827990 1.21654217279 1.13847267695 0.89496980902 1.13038487749 0.96292507270 1.31312066210 1.22812621516 0.82630212532 0.89309461993 1.42718678714 0.73826719346 0.90921501570 0.83472580684 1.39136366383 1.19112506525 0.79096605386 -143.3821784043 0.07678932062   -2 
  26 0.01702212718 0.00088220488 -264.32861339 0.36864727564 1.13893328534 1.08406847417 1.21641049670 1.13778977149 0.89755027979 1.12818864312 0.96130214102 1.31009286542 1.22620130122 0.82456736720 0.89126773617 1.42316946004 0.73529138692 0.90558168323 0.82825077818 1.37806123520 1.18340060425 0.77143838388 -143.3557505186 0.09223943428   -2 
  27 0.01783183390 0.00088581684 -266.45809263 0.36831968376 1.14049257081 1.08223895123 1.21732876163 1.13680956106 0.90134918830 1.12632043309 0.95933385386 1.30672022841 1.22333872307 0.82270006069 0.88930503295 1.41923378901 0.73243723683 0.90160690793 0.82128837627 1.36368904995 1.17384991681 0.74971345964 -143.3292961578 0.11959255887   -2 
  28 0.01921680211 0.00088644477 -269.87454024 0.36779200871 1.13715003366 1.07796735458 1.21911530073 1.13460388017 0.90775603907 1.12386044956 0.95592464622 1.30130959714 1.21781065330 0.81973676299 0.88620107267 1.41354491226 0.72844287323 0.89534997304 0.81062444199 1.34181730170 1.15749984158 0.71595152663 -143.2804498547 0.12964330723   -2 
  29 0.01983040721 0.00088880394 -271.02894348 0.36659042435 1.13420511926 1.07638729067 1.22002930070 1.13367306493 0.91029861033 1.12324906917 0.95453661120 1.29932131539 1.21526002479 0.81855457134 0.88497275952 1.41158993244 0.72705743919 0.89280803486 0.80641694288 1.33343169920 1.15014549161 0.70215537548 -143.2531604101 0.07985139460   -2 
  30 0.02032973751 0.00088817672 -271.89754012 0.36576277917 1.12957323262 1.07514673117 1.22021719387 1.13261609045 0.91160240831 1.12310839950 0.95338131780 1.29799206856 1.21279130036 0.81761417546 0.88401427523 1.41048036890 0.72630775301 0.89082451982 0.80338097305 1.32783615522 1.14344587254 0.69128275272 -143.2365956529 0.04843407453   -2 
  31 0.02056723248 0.00088975875 -272.14594107 0.36539230591 1.12672816859 1.07515637763 1.21961877861 1.13191926696 0.91103374088 1.12360172349 0.95287435467 1.29789792501 1.21116318305 0.81719291775 0.88361781699 1.41065961889 0.72646416075 0.88994245643 0.80238186427 1.32682853350 1.13900283599 0.68598488879 -143.2275662306 0.07824898158   -2 
  32 0.02099999880 0.00089024700 -272.69292490 0.36555833034 1.12140873647 1.07512733311 1.21776115721 1.13033072522 0.90908397628 1.12463180205 0.95188765181 1.29790591427 1.20784674459 0.81638370490 0.88287405531 1.41128705451 0.72703816875 0.88833192464 0.80082426042 1.32600117898 1.13011759349 0.67632857101 -143.2112748595 0.05209381600   -2 
  33 0.02144817346 0.00089312717 -272.99606181 0.36585673300 1.12031376487 1.07516747622 1.21488573334 1.12845847632 0.90529977627 1.12583711289 0.95085227978 1.29836098045 1.20396184018 0.81545717719 0.88206915822 1.41251575207 0.72824922271 0.88662405603 0.79974617393 1.32731002671 1.11908592430 0.66593624002 -143.1940845047 0.09379395674   -2 
  34 0.02185671932 0.00089320389 -273.28495782 0.36645181836 1.12021191531 1.07485004630 1.21202944370 1.12664094775 0.90148985867 1.12672952541 0.94985382980 1.29871887804 1.20036131120 0.81455029041 0.88128440308 1.41359916912 0.72944823634 0.88503071726 0.79886903009 1.32891233742 1.10871820248 0.65651243669 -143.1786503887 0.05861689639   -2 
  35 0.02228432856 0.00089357921 -273.09931736 0.36586491371 1.12357791230 1.07413654589 1.20959531891 1.12507660211 0.89707780853 1.12716067199 0.94884793294 1.29908557784 1.19678230159 0.81348000793 0.88038145063 1.41464893197 0.73096617889 0.88325531009 0.79819629130 1.33159798382 1.09674177000 0.64619144107 -143.1619972027 0.05249530423   -2 
  36 0.02236002717 0.00089270656 -273.05440884 0.36588287586 1.12438648876 1.07387470659 1.20938951907 1.12490592698 0.89629898558 1.12704444310 0.94867367051 1.29909430254 1.19623646433 0.81324853532 0.88018902075 1.41474517038 0.73127375083 0.88289763215 0.79811184871 1.33223480618 1.09432032387 0.64418178011 -143.1587073315 0.03139151355   -2 
  37 0.02250647136 0.00089232284 -272.58536644 0.36560459473 1.12781398953 1.07330283717 1.21117684432 1.12575011912 0.89515861142 1.12585210145 0.94856317752 1.29901798027 1.19602007548 0.81262024155 0.87970406175 1.41453192123 0.73217516057 0.88198249583 0.79821290266 1.33460981966 1.08761314775 0.63891777444 -143.1512704464 0.03918702645   -2 
  38 0.02256251150 0.00089160357 -272.40515747 0.36588209441 1.12877537083 1.07314352399 1.21234043977 1.12637979676 0.89492037542 1.12515005187 0.94860033408 1.29896011842 1.19622341550 0.81233442362 0.87949161208 1.41431869664 0.73259633966 0.88156708489 0.79831931338 1.33580916295 1.08447087410 0.63648179485 -143.1480163760 0.04405825563   -2 
  39 0.02269171614 0.00089246865 -271.77502763 0.36655579047 1.13037021981 1.07338297038 1.21616554822 1.12866159315 0.89499882994 1.12325631269 0.94897689397 1.29894364314 1.19745324611 0.81165108440 0.87901695237 1.41367841124 0.73375114244 0.88052398012 0.79873523948 1.33922585244 1.07611882318 0.62999782546 -143.1398161562 0.03258544257   -2 
  40 0.02273123362 0.00089180422 -271.43316545 0.36685212308 1.12933919266 1.07382477798 1.21738106502 1.12966739513 0.89556199260 1.12262931662 0.94930044250 1.29901694242 1.19837932845 0.81144605960 0.87889712027 1.41336748868 0.73419573938 0.88014490800 0.79895479853 1.34060019237 1.07284321678 0.62734328952 -143.1360957031 0.04950854589   -2 
  41 0.02278794515 0.00089220230 -270.71625065 0.36691447728 1.12733739168 1.07485975908 1.21913710396 1.13135768403 0.89681995374 1.12183582530 0.94996367795 1.29926413311 1.20014844469 0.81119352041 0.87878072932 1.41291281644 0.73490478326 0.87958694558 0.79934690230 1.34280616990 1.06771994466 0.62307705878 -143.1304219480 0.01801413638   -2 
  42 0.02279901261 0.00089147722 -270.11662287 0.36706288648 1.12642047773 1.07535161852 1.21804447221 1.13162093420 0.89827231645 1.12215578483 0.95058308375 1.29961957681 1.20163421307 0.81127892491 0.87891867585 1.41274230049 0.73516536182 0.87941609139 0.79959827194 1.34364619362 1.06557704955 0.62067899027 -143.1277197393 0.04063905299   -2 
  43 0.02280734824 0.00089174802 -269.43142120 0.36710054059 1.12589448653 1.07587733988 1.21677693682 1.13182133596 0.89985395443 1.12264409759 0.95126699971 1.30005140295 1.20322493849 0.81141862331 0.87910762775 1.41262111562 0.73541372107 0.87927980345 0.79987000834 1.34444611516 1.06354880288 0.61823854048 -143.1249023500 0.02085926245   -2 
  44 0.02281167355 0.00089191618 -268.47109655 0.36770851584 1.12629419496 1.07617185019 1.21469794631 1.13168133705 0.90203462753 1.12364388157 0.95223590072 1.30070996272 1.20542244843 0.81173021268 0.87946908017 1.41254451544 0.73566766248 0.87918145429 0.80027205714 1.34528481002 1.06122625771 0.61482933724 -143.1224315775 0.01666707061   -2 
  45 0.02280934612 0.00089155823 -268.39698673 0.36785733311 1.12683027620 1.07588722645 1.21487921097 1.13148604236 0.90190326571 1.12379546873 0.95222426182 1.30073830532 1.20535206025 0.81180411532 0.87953136396 1.41261740769 0.73561548801 0.87924227473 0.80030099000 1.34513010557 1.06149978212 0.61473333078 -143.1215696225 0.02721484863   -2 
  46 0.02279959724 0.00089173903 -268.00238031 0.36807898593 1.12913421732 1.07493390486 1.21580584251 1.13080243766 0.90137829309 1.12447607623 0.95220459363 1.30091537386 1.20507324927 0.81213317367 0.87981208942 1.41297873180 0.73540788318 0.87952158419 0.80043072055 1.34450518362  1.0627164081 0.61440275698 -143.1189983441 0.01312678322   -2 
  47 0.02279550042 0.00089124948 -267.76881197 0.36789740889 1.12792681175 1.07528630756 1.21606661112 1.13083642770 0.90123833169 1.12473239374 0.95222726304 1.30104421740 1.20498017562 0.81230131627 0.87996090344 1.41319430429 0.73532759305 0.87969330740 0.80049719107 1.34426947936 1.06336734835 0.61434511487 -143.1177019179 0.01598434672   -2 
  48 0.02279307862 0.00089145796 -267.64984374 0.36785867541 1.12755921978 1.07546174024 1.21620860252 1.13086737792 0.90117657639 1.12487396053 0.95224642226 1.30112172799 1.20494130273 0.81239531876 0.88004502280 1.41331704074 0.73528725269 0.87978994409 0.80053626469 1.34414919938 1.06373137687 0.61431518599 -143.1172979554 0.01521759625   -2 
  49 0.02277679985 0.00089173445 -267.07351101 0.36842092149 1.12610724667 1.07616977594 1.21682441176 1.13094383849 0.90076435303 1.12564868923 0.95232269801 1.30152676603 1.20466357288 0.81295994607 0.88054848121 1.41402663461 0.73502315879 0.88038343367 0.80077139160 1.34336736051 1.06604528517 0.61412083196 -143.1154374992 0.01414864243   -2 
  50 0.02273153902 0.00089191479 -265.29267361 0.36909130070 1.12727899073 1.07653180628 1.21747281733 1.13101855754 0.89994417809 1.12721175545 0.95249183259 1.30239409087 1.20407297139 0.81434735298 0.88179491841 1.41569369608 0.73437351267 0.88190606610 0.80138143513 1.34141528471 1.07217265308 0.61361354328 -143.1116231763 0.04727640218   -2 
  51 0.02269596890 0.00089100284 -263.93214738 0.36974182901 1.12815170176 1.07666295935 1.21784898502 1.13104899564 0.89934191290 1.12834638751 0.95261364636 1.30303026457 1.20363148648 0.81541058281 0.88275141187 1.41695505090 0.73387398503 0.88308708349 0.80185674237 1.33991648569 1.07696001864 0.61321968273 -143.1086479434 0.01227166210   -2 
  52 0.02268421321 0.00089054688 -263.39519182 0.36961558099 1.12837564015 1.07657959900 1.21780492696 1.13128988094 0.89961986723 1.12840239748 0.95275850935 1.30321774286 1.20383516663 0.81566837716 0.88300708497 1.41725672061 0.73383820894 0.88343939705 0.80204626799 1.33978972173 1.07827814839 0.61315119764 -143.1078078761 0.01070740036   -2 
  53 0.02267774802 0.00089019718 -263.14465229 0.36973026664 1.12837393494 1.07651032013 1.21772270856 1.13151444440 0.89999415434 1.12827692572 0.95288716142 1.30330459392 1.20412052796 0.81575388225 0.88310912571 1.41735712440 0.73388988097 0.88360486652 0.80216671373 1.33992852630 1.07882944505 0.61315284003 -143.1074274327 0.01902411623   -2 
  54 0.02262706483 0.00088997820 -261.15373201 0.37053755537 1.12856894177 1.07624095876 1.21725716437 1.13355878591 0.90338603411 1.12713844381 0.95405245278 1.30406010824 1.20675475195 0.81635026623 0.88387079830 1.41810253336 0.73445959296 0.88487412870 0.80316989116 1.34148960508 1.08284000443 0.61326035405 -143.1045784450 0.00870637668   -2 
  55 0.02261923095 0.00088988788 -260.87995622 0.37083657644 1.12854798612 1.07652763064 1.21752030215 1.13367413399 0.90374084629 1.12710325688 0.95424863503 1.30420476938 1.20719453935 0.81639408308 0.88395195924 1.41821480190 0.73463572694 0.88502638448 0.80336263885 1.34200516918 1.08319718506 0.61335820124 -143.1042055235 0.01505799463   -2 
  56 0.02261002923 0.00089012713 -260.52675620 0.37108416634 1.12859446326 1.07699150384 1.21796789399 1.13376808479 0.90410293806 1.12713742431 0.95449515305 1.30440431432 1.20772961078 0.81643737213 0.88404302184 1.41836346901 0.73487768160 0.88519683471 0.80360743737 1.34271365482 1.08353478302 0.61350511515 -143.1037743497 0.01103905729   -2 
  57 0.02257507411 0.00088917956 -259.02562447 0.37157309739 1.12877367392 1.07897063168 1.22012345264 1.13370512396 0.90494129429 1.12771154610 0.95545054083 1.30526079159 1.20973534707 0.81652632227 0.88433324385 1.41898568111 0.73601162033 0.88576834260 0.80464281881 1.34601747463 1.08424369246 0.61428482302 -143.1021617636 0.01006201826   -2 
  58 0.02256999461 0.00088919165 -258.77992134 0.37160037799 1.12896250826 1.07913751117 1.22039060889 1.13373700796 0.90499811507 1.12789415826 0.95560117161 1.30543162832 1.21000689476 0.81655215551 0.88438808793 1.41912267335 0.73620885306 0.88585727962 0.80481339197 1.34656410418 1.08429171852 0.61444136809 -143.1019738711 0.01154049843   -2 
  59 0.02254590833 0.00088833348 -257.60292805 0.37195160813 1.13018065656 1.07928263189 1.22129922814 1.13399856786 0.90497557232 1.12909079541 0.95632343262 1.30637327569 1.21115845584 0.81671555916 0.88468527681 1.41992407265 0.73725773977 0.88629187847 0.80568911915 1.34937137923 1.08429297836 0.61535413421 -143.1010400072 0.01062270905   -2 
  60  0.0225342364 0.00088846959 -257.02005038 0.37227785177 1.13072221639 1.07916033795 1.22153400185 1.13434063691 0.90488642280 1.12986913953 0.95670168240 1.30695512336 1.21163667770 0.81686271298 0.88489068901 1.42046240834 0.73783833832 0.88654065694 0.80616586001 1.35083126156 1.08419429158 0.61592510840 -143.1005457981 0.01513075100   -2 
  61 0.02252661037 0.00088830143 -256.64414495 0.37257794753 1.13092634864 1.07901448603 1.22158815987 1.13461529481 0.90480322840 1.13041355066 0.95694680369 1.30735901021 1.21190746610 0.81698018824 0.88504314304 1.42085389160 0.73823732078 0.88671396705 0.80649193323 1.35180108849 1.08409525558 0.61634332112 -143.1002129627 0.00736233679   -2 
  62 0.02251565131 0.00088833183 -255.94512320 0.37284709765 1.13034102891 1.07874897405 1.22120213983 1.13547645191 0.90464276870 1.13144456335 0.95732763764 1.30816265418 1.21205141204 0.81734425998 0.88543374809 1.42175698741 0.73895851606 0.88707086269 0.80708254287 1.35329504867 1.08375378327 0.61728961556 -143.0996499479 0.00857335561   -2 
  63 0.02251426552 0.00088819602 -255.85364803 0.37289159228 1.13022849207 1.07872284542 1.22112139470 1.13558808051 0.90462298779 1.13155951768 0.95736570654 1.30826046183 1.21203617454 0.81740443943 0.88549418783 1.42188514588 0.73905350389 0.88712118608 0.80716198111 1.35346458187 1.08369600686 0.61743866655 -143.0995732273 0.00441819552   -2 
  64 0.02251234040 0.00088807720 -255.66799921 0.37284747267 1.13007468835 1.07884826426 1.22091439293 1.13577807189 0.90463772350 1.13161913761 0.95736602042 1.30838522735 1.21181879832 0.81759019970 0.88565977845 1.42216551803 0.73920727606 0.88723140569 0.80730481678 1.35356028035 1.08353806443 0.61783982442 -143.0994403623 0.00482520074   -2 
  65 0.02251052659 0.00088792095 -255.51824117 0.37293803431 1.13005333268 1.07904461667 1.22071900313 1.13590474288 0.90468818570 1.13154518097 0.95730887798 1.30844824798 1.21147289369 0.81782572397 0.88586063622 1.42246052523 0.73934035936 0.88735211591 0.80744447441 1.35347980730 1.08334772464 0.61834801318 -143.0993059150 0.01032384031   -2 
  66 0.02250654140 0.00088801098 -255.18627433 0.37310191779 1.13015137840 1.07951084870 1.22037364384 1.13616765310 0.90482648457 1.13135170554 0.95717590330 1.30857417624 1.21070009537 0.81835989706 0.88631483594 1.42311283833 0.73962256028 0.88762260283 0.80774995240 1.35323910358 1.08293016861 0.61950218117 -143.0990262323 0.00382167308   -2 
  67 0.02250446713 0.00088798639 -255.15553521 0.37320866059 1.13053639610 1.07923154288 1.22091962431 1.13595166895 0.90492595538 1.13118542630 0.95712251168 1.30847114668 1.21063528989 0.81849103381 0.88642298112 1.42315424998 0.73960893398 0.88768353975 0.80779869539 1.35285497661 1.08285535486 0.61997081268 -143.0988306786 0.00703197318   -2 
  68 0.02250375650 0.00088806421 -255.13976233 0.37319801337 1.13064584352 1.07915612161 1.22110975621 1.13588424240 0.90496284398 1.13113804464 0.95711028555 1.30843825584 1.21063289581 0.81853065028 0.88645589916 1.42316108800 0.73959944885 0.88770279483 0.80781150276 1.35272180044 1.08283680793 0.62012631690 -143.0987731117 0.00411169230   -2 
  69 0.02250213375 0.00088791143 -255.11718623 0.37311629257 1.13062400828 1.07905137482 1.22143230103 1.13574504205 0.90503238568 1.13105748918 0.95709480003 1.30835784469 1.21069195791 0.81858688378 0.88650216772 1.42312973346 0.73955434826 0.88773239526 0.80781784709 1.35241762073 1.08281630192 0.62044730046 -143.0986792410 0.00261476081   -2 
  70 0.02249734208 0.00088790703 -255.14496436 0.37307951848 1.13020843748 1.07914301736 1.22177729636 1.13556667772 0.90517415329 1.13098074662 0.95710830726 1.30820500760 1.21098384726 0.81866229438 0.88656549988 1.42299001103 0.73940365432 0.88778923366 0.80779026859 1.35171491768 1.08283235782 0.62120329074 -143.0985668860 0.00361069967   -2 
  71 0.02249391146 0.00088808283 -255.19098046 0.37314153031 1.13020350170 1.07923994574 1.22168743143 1.13555240679 0.90521327094 1.13098057798 0.95712361041 1.30814718827 1.21114672112 0.81867907115 0.88657915775 1.42290260685 0.73931209065 0.88781420182 0.80776061517 1.35137251537 1.08286778374 0.62161934080 -143.0984798888 0.00508072064   -2 
  72 0.02249224206 0.00088804193 -255.21477431 0.37317054558 1.13022085811 1.07926846681 1.22159376453 1.13555476759 0.90521762076 1.13098308598 0.95712788813 1.30812345970 1.21120957379 0.81867988980 0.88657912195 1.42286040564 0.73927024082 0.88782227327 0.80774429673 1.35123247520 1.08288671222 0.62180055956 -143.0984433139 0.00411564261   -2 
  73 0.02248251796 0.00088796905 -255.29783489 0.37306810464 1.13055585966 1.07938853076 1.22089374239 1.13567152587 0.90518426887 1.13104684997 0.95715489270 1.30805044627 1.21149088985 0.81865380909 0.88655242034 1.42265043923 0.73905438722 0.88785459452 0.80764894452 1.35060748672 1.08301568017 0.62272900305 -143.0982760973 0.00185532289   -2 
  74 0.02247444350 0.00088801755 -255.36506623 0.37298233332 1.13032156526 1.07923496503 1.22095605821 1.13579306680 0.90508619716 1.13112330487 0.95715906127 1.30811980608 1.21144153180 0.81859527076 0.88649782751 1.42261631997 0.73897936248 0.88785197534 0.80761477846 1.35058390865 1.08312136484 0.62317649811 -143.0982122632 0.00606130362   -2 
  75 0.02246729565 0.00088795110 -255.43359682 0.37294952033 1.13011621914 1.07909227539 1.22101190528 1.13588158595 0.90499631718 1.13118043664 0.95715726053 1.30817540581 1.21138446197 0.81854138781 0.88644735689 1.42258667572 0.73891688967 0.88784689839 0.80758562735 1.35057873208 1.08321272978 0.62355673930 -143.0981590632 0.00327367766   -2 
  76 0.02245360835 0.00088810867 -255.57397198 0.37298142542 1.13004191654 1.07892480980 1.22113263096 1.13594523381 0.90484802330 1.13123839577 0.95713783555 1.30825636514 1.21123291243 0.81844179131 0.88635366472 1.42255141822 0.73882931198 0.88782988054 0.80754426994 1.35066587795 1.08338432928 0.62418886598 -143.0980751774 0.00291536626   -2 
  77 0.02242116808 0.00088812390 -255.82788131 0.37281915936 1.13052187915 1.07888721644 1.22117986882 1.13573219486 0.90459625710 1.13117536729 0.95703149631 1.30829513162 1.21081237793 0.81822451793 0.88614602521 1.42248282030 0.73869990800 0.88776806940 0.80747837870 1.35104964158 1.08376421098 0.62545269203 -143.0979095078 0.00786755218   -2 
  78 0.02240930208 0.00088800607 -255.92499158 0.37278235807 1.13064422064 1.07888176763 1.22117383329 1.13564166901 0.90451306902 1.13114095591 0.95698970137 1.30829688349 1.21066265406 0.81814794357 0.88607248588 1.42245678358 0.73865706450 0.88774531237 0.80745676018 1.35119348505 1.08389973146 0.62590341251 -143.0978454172 0.00295060835   -2 
  79 0.02235766877 0.00088802781 -256.29546644 0.37257307804 1.13006771999 1.07933600910 1.22087670815 1.13523680740 0.90451036365 1.13087751285 0.95684239350 1.30813284953 1.21028165595 0.81795180335 0.88587846614 1.42242544583 0.73861438541 0.88769443158 0.80746235895 1.35193404352 1.08444242217 0.62758629229 -143.0976403034 0.00340740401   -2 
  80 0.02236099364 0.00088810728 -256.26951890 0.37260345712 1.13015210721 1.07924308167 1.22089190831 1.13528391109 0.90452762062 1.13089259375 0.95685479113 1.30812911549 1.21033629734 0.81797820811 0.88590324411 1.42242895042 0.73862785458 0.88770383983 0.80747216241 1.35187661827 1.08440538263 0.62745156828 -143.0976162049 0.00348212785   -2 
  81 0.02236298741 0.00088810511 -256.25529730 0.37264913089 1.13021664491 1.07912469200 1.22088771558 1.13532410093 0.90455039187 1.13089531406 0.95686208594 1.30810913742 1.21039376844 0.81800559819 0.88592814771 1.42242920092 0.73864524436 0.88771395779 0.80748682315 1.35183131055 1.08437948554 0.62734520587 -143.0975955735 0.00169572380   -2 
  82 0.02236259374 0.00088814732 -256.23447048 0.37265022971 1.13026983252 1.07891545882 1.22084939366 1.13538799766 0.90461922732 1.13087436095 0.95686746238 1.30803548191 1.21051585052 0.81806392337 0.88597926347 1.42242959055 0.73869326117 0.88773846258 0.80753255316 1.35179467507 1.08436850730 0.62723395266 -143.0975761206 0.00300888007   -2 
  83 0.02236200802 0.00088810451 -256.22857179 0.37265571597 1.13026726018 1.07883222589 1.22082525046 1.13540937291 0.90464954324 1.13085998319 0.95686725609 1.30799665392 1.21056974255 0.81809048528 0.88600217939 1.42242784535 0.73871641497 0.88774951671 0.80755513408 1.35178190802 1.08436616832 0.62718994073 -143.0975648521 0.00155583302   -2 
  84 0.02235848016 0.00088809396 -256.21043890 0.37262595754 1.13019212399 1.07873242338 1.22076447442 1.13544789589 0.90473609428 1.13081314548 0.95686301119 1.30788034019 1.21071972084 0.81817000674 0.88606987477 1.42242473033 0.73879103407 0.88778450250 0.80763104289 1.35177284824 1.08437730754 0.62709458081 -143.0975468512 0.00178101464   -2 
  85 0.02235538164 0.00088806677 -256.20785022 0.37263699367 1.13013085683 1.07872276527 1.22072612211 1.13545457244 0.90478455414 1.13077832909 0.95685617287 1.30780136336 1.21081037276 0.81822300695 0.88611433230 1.42242064366 0.73884365024 0.88780843424 0.80768672226 1.35177569497 1.08439143150 0.62703849970 -143.0975361556 0.00276713968   -2 
  86 0.02234823201 0.00088813126 -256.20174530 0.37265288689 1.13003240115 1.07875683034 1.22066137135 1.13546016288 0.90488044533 1.13070870044 0.95684168389 1.30764119909 1.21099520090 0.81833620363 0.88620904397 1.42241430491 0.73895807949 0.88786104193 0.80780999837 1.35179141547 1.08442918599 0.62692564466 -143.0975141341 0.00135739237   -2 
  87 0.02234092433 0.00088810741 -256.20278862 0.37267366440 1.13005405638 1.07886201043 1.22064032899 1.13541567291 0.90490768475 1.13066035097 0.95682086794 1.30753789217 1.21109024040 0.81841882681 0.88627600292 1.42240559557 0.73905145953 0.88790394851 0.80791998099 1.35182351406 1.08448119769 0.62685038357 -143.0975001036 0.00264237919   -2 
  88 0.02233517053 0.00088813271 -256.20009789 0.37267120702 1.13009695093 1.07895020010 1.22063841474 1.13537972072 0.90491914447 1.13063082553 0.95680598609 1.30747205408 1.21115020863 0.81847891759 0.88632445799 1.42240118110 0.73912152840 0.88793702754 0.80800483929 1.35185299975 1.08452598657 0.62679835511 -143.0974891374 0.00158652392   -2 
  89 0.02232738924 0.00088805912 -256.19654072 0.37265271042 1.13017602617 1.07903503875 1.22066551792 1.13532519394 0.90489618062 1.13061484888 0.95678741208 1.30743119626 1.21117492850 0.81854034793 0.88637264198 1.42239905152 0.73920296580 0.88797830657 0.80811266657 1.35190311846 1.08459814105 0.62675169439 -143.0974761807 0.00155503523   -2 
  90 0.02232448516 0.00088806698 -256.19491275 0.37264122126 1.13020826844 1.07905254365 1.22068890667 1.13531205885 0.90487942171 1.13062078188 0.95678390283 1.30743593550 1.21116876633 0.81855756174 0.88638595785 1.42240270027 0.73922954791 0.88799387885  0.8081514585 1.35192714416 1.08463076235 0.62674337156 -143.0974718012 0.00159746623   -2 
  91 0.02230868739 0.00088799663 -256.20258166 0.37263223148 1.13032411081 1.07905385758 1.22084323328 1.13526430711 0.90474940154 1.13069536998 0.95677504054 1.30754011807 1.21106287590 0.81862226006 0.88643430438 1.42243602918 0.73935498594 0.88807734840 0.80835406162 1.35207762387 1.08483165187 0.62673913045 -143.0974497002 0.00188172506   -2 
  92 0.02230286960 0.00088803073 -256.20654891 0.37263111213 1.13033860271 1.07904288826 1.22089557300 1.13526391992 0.90470400882 1.13073389020 0.95677803699 1.30759708288 1.21101552053 0.81863986940 0.88644764242 1.42245521327 0.73939695384 0.88810958418 0.80842705444 1.35214092613 1.08491442831 0.62675124840 -143.0974417259 0.00216753952   -2 
  93 0.02229127472 0.00088803105 -256.22207297 0.37265512775 1.13029644535 1.07899363479 1.22097061235 1.13528076420 0.90461720815 1.13081822043 0.95678975270 1.30772853479 1.21090825891 0.81866356402 0.88646552923 1.42249919621 0.73947277992 0.88817453834 0.80856845631 1.35227606954 1.08509111133 0.62679680740 -143.0974265810 0.00161119682   -2 
  94 0.02228911036 0.00088805811 -256.22129763 0.37263803152 1.13024848110 1.07897748266 1.22094656942 1.13530423882 0.90461572805 1.13083771026 0.95679949032 1.30776465020 1.21088577864 0.81865721630 0.88646130015 1.42251452159 0.73947905906 0.88818821471 0.80859051541 1.35231191421 1.08513851127 0.62683065673 -143.0974181267 0.00247765669   -2 
  95 0.02228357455 0.00088801277 -256.22481422 0.37261165046 1.13008465283 1.07891911066 1.22084055311 1.13536992571 0.90462089345 1.13088223373 0.95682646985 1.30785780079 1.21082350942 0.81862927710 0.88644153313 1.42255461744 0.73948640878 0.88822261107 0.80864122390 1.35240938371 1.08527093136 0.62694021451 -143.0973985472 0.00143382845   -2 
  96 0.02227839406 0.00088808536 -256.24409431 0.37265234904 1.13007152322 1.07887306062 1.22067377929 1.13542312181 0.90466098355 1.13089408131 0.95685620462 1.30792428656 1.21077245203 0.81856944456 0.88639799940 1.42259235024 0.73946389243 0.88825167828 0.80866839979 1.35251690679 1.08543443779 0.62712544579 -143.0973750495 0.00150188761   -2 
  97 0.02226740603 0.00088807464 -256.26053805 0.37260917303 1.13020138429 1.07881419280 1.22037608447 1.13545747205 0.90476247618 1.13085566607 0.95690408996 1.30799093470 1.21068503188 0.81840571645 0.88627626681 1.42265037632 0.73937607636 0.88830075269 0.80869632222 1.35274452629 1.08581493409 0.62762792590 -143.0973360582 0.00315381009   -2 
  98 0.02226436639 0.00088802338 -256.26765178 0.37260655146 1.13022005796 1.07880106235 1.22031489881 1.13545763767 0.90478643838 1.13084092138 0.95691409531 1.30800130063 1.21066350600 0.81836086297 0.88624259200 1.42266287828 0.73935035785 0.88831285576 0.80870247153 1.35280416101 1.08591798394 0.62777113326 -143.0973252365 0.00173365195   -2 
  99 0.02223142979 0.00088797861 -256.34167839 0.37254417534 1.13007788491 1.07897845846 1.22063886944 1.13526517688 0.90494402772 1.13064111884 0.95695557542 1.30791653119 1.21059436393 0.81794337191 0.88592587816 1.42273353387 0.73905481727 0.88841646147 0.80873974392 1.35336053693 1.08695808438 0.62944657757 -143.0972162257 0.00167360977   -2 
 100 0.02222190390 0.00088801751 -256.37194014 0.37257451731 1.13008545330 1.07897507371 1.22075022115 1.13523034340 0.90493638992 1.13061845392 0.95694971690 1.30787590384 1.21061369101 0.81788310838 0.88587831841 1.42273865515 0.73899326873 0.88844171476 0.80875031508 1.35346809210 1.08719676437 0.62990472531 -143.0971978548 0.00156415621   -2 
 101 0.02221640304 0.00088805336 -256.38151519 0.37256190921 1.13011423875 1.07894143427 1.22079584964 1.13523065552 0.90490103065 1.13063110197 0.95693656126 1.30784820036 1.21064808041 0.81789067491 0.88588191000 1.42273318063 0.73897628787 0.88845387072 0.80875723622 1.35349456366 1.08729031980 0.63014717310 -143.0971870448 0.00328693348   -2 
 102 0.02218872324 0.00088796942 -256.43545146 0.37252312587 1.13022132133 1.07872962409 1.22097006899 1.13523732263 0.90468955172 1.13070847485 0.95685551503 1.30769832404 1.21083292900 0.81796774964 0.88592760894 1.42269068316 0.73890879382 0.88851009731 0.80879138232 1.35358800005 1.08771171493 0.63134253817 -143.0971294811 0.00161030442   -2 
 103 0.02217303823 0.00088794984 -256.46416706 0.37249715303 1.13024549849 1.07864949378 1.22102013912 1.13525015059 0.90457664057 1.13075859069 0.95681155951 1.30762493689 1.21093652818 0.81803157775 0.88596908392 1.42266740577 0.73888501451 0.88854226680 0.80881400174 1.35362867010 1.08792407181 0.63200064693 -143.0971201499 0.00194260460   -2 
 104 0.02213288624 0.00088799516 -256.53993712 0.37247002674 1.13001629966 1.07876514197 1.22078896062 1.13531574129 0.90437996404 1.13089593121 0.95672342063 1.30753067360 1.21115490153 0.81830656636 0.88616317952 1.42262011885 0.73892162415 0.88862784833 0.80889796235 1.35366999719 1.08830120549 0.63353991039 -143.0970564569 0.00224970074   -2 
 105 0.02212977244 0.00088796183 -256.54628066 0.37247201971 1.13000282043 1.07877582443 1.22075795984 1.13531425304 0.90437513274 1.13089937227 0.95671851150 1.30752873912 1.21116119046 0.81833012308 0.88618024423 1.42261692618 0.73893062237 0.88863447516 0.80890708008 1.35367078961 1.08832067579 0.63364689915 -143.0970506152 0.00166054745   -2 
 106 0.02210755313 0.00088790480 -256.56873218 0.37241921362 1.13006114536 1.07890699355 1.22046831102 1.13526455811 0.90446794387 1.13086751489 0.95671781000 1.30759133238 1.21110839645 0.81852489513 0.88632767442 1.42261611961 0.73906348899 0.88868789234 0.80900537604 1.35366464464 1.08836638885 0.63428071985 -143.0970144028 0.00164099331   -2 
 107 0.02209464355 0.00088794336 -256.59270584 0.37245590337 1.13011476265 1.07892366909 1.22040206507 1.13522783076 0.90456546819 1.13082531897 0.95673486307 1.30765314619 1.21103488866 0.81863385472 0.88641403451 1.42263241923 0.73917164467 0.88872569410 0.80908612556 1.35366896540 1.08835933449 0.63458109492 -143.0969924040 0.00145631544   -2 
 108 0.02208907489 0.00088796890 -256.59537864 0.37244365723 1.13012073521 1.07890172761 1.22043552262 1.13521584779 0.90461553962 1.13080326555 0.95674912566 1.30768547829 1.21099200607 0.81867495982 0.88644871592 1.42264810711 0.73922957083 0.88874603451 0.80913225797 1.35367872627 1.08834647265 0.63468436225 -143.0969838908 0.00277693640   -2 
 109 0.02206998328 0.00088789118 -256.60769586 0.37241709818 1.13009839672 1.07879326917 1.22057955233 1.13517038074 0.90478304914 1.13072053520 0.95679829350 1.30779179734 1.21083462739 0.81880742080 0.88656203909 1.42270405785 0.73943479984 0.88881766551 0.80929818064 1.35371714983 1.08829532275 0.63501773717 -143.0969569769 0.00073845781   -2 
 110 0.02207304133 0.00088790999 -256.60593902 0.37242655227 1.13009981343 1.07881751852 1.22056190476 1.13518424014 0.90474577911 1.13073867614 0.95679067024 1.30777004143 1.21086421575 0.81877972835 0.88653968164 1.42269874205 0.73940383520 0.88880883176 0.80927644602 1.35371938150 1.08830603206 0.63495539157 -143.0969556921 0.00063850429   -2 
 111 0.02207255745 0.00088789438 -256.60593357 0.37242952022 1.13009303292 1.07881823084 1.22057379074 1.13518962669 0.90473806802 1.13074140241 0.95679226878 1.30776694395 1.21086417957 0.81877472368 0.88653710697 1.42270454936 0.73941199973 0.88881390359 0.80928711418 1.35373053205 1.08830703874 0.63495114404 -143.0969544393 0.00114590830   -2 
 112 0.02206602447 0.00088789674 -256.59314593 0.37242832599 1.13003723330 1.07885518796 1.22076059318 1.13528509890 0.90462137689 1.13079553466 0.95682034053 1.30772444691 1.21087789927 0.81869562631 0.88649602020 1.42279724615 0.73952949424 0.88889071623 0.80944484943 1.35390407652 1.08832893875 0.63487209355 -143.0969395910 0.00094696458   -2 
 113 0.02206538041 0.00088788100 -256.59250910 0.37243305993 1.13004411666 1.07885458287 1.22076115584 1.13528894470 0.90461276345 1.13079960529 0.95682252814 1.30772117410 1.21088012714 0.81868771049 0.88649171046 1.42280558792 0.73954113464 0.88889861993 0.80946108919 1.35392225948 1.08833323692 0.63486241261 -143.0969381440 0.00095505537   -2 
 114 0.02206136188 0.00088788466 -256.58179829 0.37244541061 1.13016176720 1.07884935300 1.22070213907 1.13529787545 0.90457896236 1.13082562362 0.95683816182 1.30771249573 1.21090276166 0.81864114571 0.88646675122 1.42285864143 0.73961525662 0.88895125702 0.80956670139 1.35404325381 1.08837179157 0.63479506903 -143.0969305339 0.00059348214   -2 
 115 0.02205986001 0.00088787146 -256.57188042 0.37243130392 1.13015132052 1.07884921988 1.22065410749 1.13528652193 0.90459031938 1.13083195735 0.95684460328 1.30772250219 1.21091711360 0.81863034217 0.88646154956 1.42287584299 0.73964301795 0.88897338819 0.80960978516 1.35409221074 1.08839694255 0.63476602969 -143.0969277907 0.00079442444   -2 
 116 0.02205936120 0.00088785852 -256.56962466 0.37243230169 1.13013924496 1.07884817550 1.22063710402 1.13528046407 0.90459689227 1.13083282940 0.95684636619 1.30772713598 1.21092206454 0.81862785475 0.88646043981 1.42288051413 0.73965185169 0.88898082161 0.80962430746 1.35410833404 1.08840676507 0.63475605751 -143.0969269339 0.00063810939   -2 
 117 0.02205763391 0.00088788129 -256.56215476 0.37244470639 1.13008397330 1.07884921525 1.22058759486 1.13525582271 0.90463384165 1.13083356041 0.95685287958 1.30775185969 1.21094220602 0.81862572572 0.88646084983 1.42289423963 0.73968104847 0.88900765002 0.80967606807 1.35416480073 1.08844932641 0.63472063034 -143.0969241439 0.00023163612   -2 
 118 0.02205714195 0.00088788817 -256.55904135 0.37244675938 1.13007730306 1.07884621012 1.22058350295 1.13524801048 0.90464578192 1.13083087515 0.95685333609 1.30775922200 1.21094665932 0.81862765564 0.88646230720 1.42289514974 0.73968765936 0.88901495692 0.80969051835 1.35417883492 1.08846482832 0.63471056426 -143.0969239393 0.00040169848   -2 
 119 0.02205619630 0.00088788438 -256.55290295 0.37245182471 1.13007009637 1.07883689579 1.22058195597 1.13523223200 0.90466834829 1.13082317361 0.95685274361 1.30777257388 1.21095360038 0.81863295998 0.88646586043 1.42289421033 0.73969885939 0.88902847242 0.80971779147 1.35420376814 1.08849694397 0.63469118951 -143.0969234660 0.00034444560   -2 
 120 0.02205501621 0.00088788305 -256.54383858 0.37245401522 1.13007071101 1.07882556986 1.22058715314 1.13521468857 0.90469504528 1.13081273545 0.95685122682 1.30778839988 1.21096109773 0.81864109017 0.88647117826 1.42289141508 0.73971150418 0.88904504508 0.80975134410 1.35423316170 1.08853919461 0.63466728314 -143.0969231053 0.00027892535   -2 
 121 0.02205478957 0.00088786614 -256.53898718 0.37244828671 1.13009981163 1.07883030682 1.22060994941 1.13522502151 0.90468740058 1.13081010029 0.95684805551 1.30778473154 1.21095674944 0.81864753591 0.88647506706 1.42288546021 0.73970815376 0.88904661004 0.80975481509 1.35423122498 1.08855385250 0.63466452804 -143.0969223770 0.00026053186   -2 
 122 0.02205468772 0.00088787456 -256.53758611 0.37245399972 1.13011259606 1.07883806252 1.22062673917 1.13523667662 0.90468091939 1.13081110709 0.95684695371 1.30778241048 1.21095421792 0.81865332244 0.88647885615 1.42288240018 0.73970454513 0.88904707067 0.80975531559 1.35422810927 1.08856423947 0.63466472419 -143.0969219601 0.00034655152   -2 
 123 0.02205465415 0.00088787131 -256.53714516 0.37245664928 1.13011445687 1.07884062530 1.22063213680 1.13524094180 0.90467836416 1.13081159308 0.95684659047 1.30778146088 1.21095323403 0.81865561393 0.88648036956 1.42288123717 0.73970301840 0.88904718401 0.80975535312 1.35422669877 1.08856823584 0.63466497092 -143.0969218307 0.00016957236   -2 
 124 0.02205452368 0.00088786151 -256.53040994 0.37245496794 1.13010735696 1.07885593458 1.22065551214 1.13526571076 0.90466687627 1.13081841029 0.95684739173 1.30777896730 1.21095025930 0.81867007725 0.88649055102 1.42287745238 0.73969390313 0.88904774050 0.80975450003 1.35421824108 1.08859183054 0.63466814263 -143.0969214493 0.00016845398   -2 
 125 0.02205449928 0.00088786403 -256.52900299 0.37245525195 1.13010739517 1.07885810161 1.22065826698 1.13526971104 0.90466550936 1.13082023069 0.95684796615 1.30777908682 1.21095022079 0.81867316024 0.88649280796 1.42287723598 0.73969212147 0.88904795570 0.80975430128 1.35421669504 1.08859716586 0.63466902790 -143.0969214014 0.00019109020   -2 
 126 0.02205440553 0.00088786499 -256.52411217 0.37246153361 1.13010809928 1.07886202844 1.22066259758 1.13528165565 0.90466199352 1.13082778892 0.95685067757 1.30778048261 1.21095101133 0.81868560388 0.88650198476 1.42287726305 0.73968502338 0.88904885710 0.80975338001 1.35421064249 1.08861953235 0.63467306685 -143.0969212000 0.00012881948   -2 
 127 0.02205430514 0.00088786545 -256.51792935 0.37246619245 1.13011022709 1.07886461273 1.22066430504 1.13529198706 0.90465995600 1.13083618810 0.95685412812 1.30778290158 1.21095274471 0.81869917296 0.88651212170 1.42287814932 0.73967750732 0.88904994465 0.80975241597 1.35420453500 1.08864415997 0.63467787975 -143.0969211244 0.00020229000   -2 
 128 0.02205415115 0.00088785878 -256.50590397 0.37246615658 1.13011560590 1.07886407443 1.22066080716 1.13530002712 0.90466137122 1.13084843080 0.95686031802 1.30778868203 1.21095755400 0.81871947320 0.88652770400 1.42288172466 0.73966673147 0.88905196791 0.80975118418 1.35419663644 1.08868270993 0.63468620461 -143.0969208459 0.00022664064   -2 
 129 0.02205412540 0.00088785478 -256.50410561 0.37246697804 1.13011587037 1.07886349871 1.22065967368 1.13529984730 0.90466229733 1.13084993981 0.95686129343 1.30778978689 1.21095857459 0.81872230410 0.88652995187 1.42288259619 0.73966530016 0.88905233627 0.80975104897 1.35419578064 1.08868849355 0.63468764309 -143.0969207936 0.00011795105   -2 
 130 0.02205391577 0.00088785177 -256.49003841 0.37247474639 1.13012048854 1.07885941252 1.22065001301 1.13528029810 0.90468175328 1.13085638283 0.95687007717 1.30780306466 1.21097199804 0.81873701087 0.88654317362 1.42289579077 0.73966019495 0.88905681351 0.80975213041 1.35419772766 1.08872601314 0.63470039296 -143.0969205461 0.00026604396   -2 
 131 0.02205387741 0.00088785457 -256.48739479 0.37247525941 1.13012120338 1.07885940276 1.22064924505 1.13527719236 0.90468532489 1.13085731901 0.95687160636 1.30780548927 1.21097448909 0.81873916258 0.88654521861 1.42289834635 0.73965965037 0.88905770087 0.80975247882 1.35419857577 1.08873202088 0.63470268871 -143.0969204820 0.00008847444    0 
-- Found new optimum with likelihood -143.096920482032488 and gradient 0.00009

---- Best joint likelihood found -143.096920482032488 with gradient 0.00009

---- Results for /scratch/38996116/tmpfbdx0rzk 
--  Model: C
--        eps_an     theta_bar             a 
-- 0.02205387741 0.00088785457            -1 
--           S_d             b           p_b           S_b 
-- -256.48739479 0.37247525941             0             1 
--           r 2           r 3           r 4           r 5           r 6           r 7           r 8           r 9          r 10          r 11          r 12          r 13          r 14          r 15          r 16          r 17          r 18          r 19 
-- 1.13012120338 1.07885940276 1.22064924505 1.13527719236 0.90468532489 1.13085731901 0.95687160636 1.30780548927 1.21097448909 0.81873916258 0.88654521861 1.42289834635 0.73965965037 0.88905770087 0.80975247882 1.35419857577 1.08873202088 0.63470268871 

---- Expected P_neut(i), 0 < i < n (neutral SFS per site) 
E[P_neut(1)] = 0.0008689280
E[P_neut(2)] = 0.0004918117
E[P_neut(3)] = 0.0003138083
E[P_neut(4)] = 0.0002659554
E[P_neut(5)] = 0.0001983069
E[P_neut(6)] = 0.0001319536
E[P_neut(7)] = 0.0001424137
E[P_neut(8)] = 0.0001052999
E[P_neut(9)] = 0.0001276278
E[P_neut(10)] = 0.0001075169
E[P_neut(11)] = 0.0000674716
E[P_neut(12)] = 0.0000664890
E[P_neut(13)] = 0.0000981991
E[P_neut(14)] = 0.0000488258
E[P_neut(15)] = 0.0000559089
E[P_neut(16)] = 0.0000499182
E[P_neut(17)] = 0.0000762072
E[P_neut(18)] = 0.0000635819
E[P_neut(19)] = 0.0000485857

---- Expected P_sel(i), 0 < i < n (selected SFS per site) 
E[P_sel(1)] = 0.0003089906
E[P_sel(2)] = 0.0001218885
E[P_sel(3)] = 0.0000649556
E[P_sel(4)] = 0.0000491492
E[P_sel(5)] = 0.0000337227
E[P_sel(6)] = 0.0000210344
E[P_sel(7)] = 0.0000215179
E[P_sel(8)] = 0.0000152338
E[P_sel(9)] = 0.0000177847
E[P_sel(10)] = 0.0000144941
E[P_sel(11)] = 0.0000088497
E[P_sel(12)] = 0.0000085038
E[P_sel(13)] = 0.0000122780
E[P_sel(14)] = 0.0000060380
E[P_sel(15)] = 0.0000068715
E[P_sel(16)] = 0.0000062247
E[P_sel(17)] = 0.0000093710
E[P_sel(18)] = 0.0000086490
E[P_sel(19)] = 0.0000101741

---- alpha_dfe = 0.000000

