---- Running command
---- ./polyDFE -d /scratch/38995980/tmp6v_yp0vc -m C -i /scratch/38995980/tmpwlo78k1g 1 -v 1 
---- Performing inference using model C

---- Performing inference on /scratch/38995980/tmp6v_yp0vc
----      with -i /scratch/38995980/tmpwlo78k1g 1
---- Data /scratch/38995980/tmp6v_yp0vc does not contain divergence counts. Using option -w.
---- No mutation variability. Using Poisson likelihood.


---- Using provided initial values

-- Starting local optimization
-- Optimizing all parameters
  it     theta_bar           S_d             b           r 2           r 3           r 4           r 5           r 6           r 7           r 8           r 9          r 10          r 11          r 12          r 13          r 14          r 15          r 16          r 17          r 18          r 19           ln lk          grad status 
   0   0.003173891 -107.30439999     0.3296192     0.9469638     0.9230956     0.9466103     0.9502794     0.8771146     0.9116737     0.9146468     0.9159601     0.9612144     0.8649103      0.980338     0.9128444     0.9628696     0.9582216      1.012621      1.209005      1.301762      1.559119 -247.0501756287 1.35977305939   -2 
   1 0.00311080031 -106.10151757 0.32145825686 0.93876863378 0.93220417796 0.94429976489 0.94873423970 0.88488185634 0.91542127691 0.91065306925 0.92173504630 0.95706145022 0.86252240403 0.97480450791 0.90142415327 0.96000807767 0.96603376994 1.01343365249 1.20838584146 1.29850292633 1.55434148461 -244.0028368746 1.78465017068   -2 
   2 0.00311978064 -105.55633860 0.31819249280 0.93738015939 0.93652466213 0.94381891632 0.94842612815 0.88861868982 0.91733799539 0.90901897857 0.92456562381 0.95530091447 0.86152467202 0.97236137807 0.89621069822 0.95877115939 0.96982913278 1.01391617078 1.20822091137 1.29710565654 1.55227249307 -243.0609088086 0.82200098968   -2 
   3 0.00312455270 -104.36014953 0.32349857073 0.93719824571 0.96595954669 0.93637766123 0.94232123422 0.92546762327 0.93547511171 0.88923211197 0.95438032664 0.93385711233 0.84873534402 0.94319581642 0.83658018414 0.94313902694 1.01357192413 1.01818357731 1.20456737820 1.27912027199 1.52615809624 -238.8454076063 0.51073545073   -2 
   4 0.00314152727 -103.92908554 0.32400222837 0.94192278351 0.95497126385 0.93896799653 0.94372449964 0.92677415910 0.93727190696 0.88777988323 0.95871346944 0.93126370256 0.84687685782 0.93851489327 0.82530301777 0.94037762839 1.02323917693 1.01947527511 1.20429193421 1.27589814135 1.52158680124 -238.3038863875 1.14607716102   -2 
   5 0.00313257116 -103.58518731 0.32540211441 0.94551695530 0.94195914299 0.94155247361 0.94509136928 0.92708207513 0.93866210295 0.88637387662 0.96285870044 0.92858502779 0.84487990610 0.93359130971 0.81342818751 0.93738807591 1.03353944377 1.02078891322 1.20391520596 1.27238577967 1.51664709010 -237.7621253830 0.27203525553   -2 
   6 0.00312906133 -102.92996126 0.32370598478 0.93865633404 0.93736469450 0.94343365317 0.94678552617 0.92153651925 0.93722716993 0.88771631764 0.96306271640 0.92849258723 0.84421122439 0.93151803556 0.80590886362 0.93569489334 1.04075810906 1.02197617956 1.20398459844 1.27031222988 1.51392807985 -237.5409729384 0.19704850442   -2 
   7 0.00312740810 -102.79553133 0.32450052509 0.93677739504 0.93790589960 0.94302219507 0.94680262684 0.91812851509 0.93578031335 0.88852556040 0.96204724383 0.92874938387 0.84401398627 0.93100284248 0.80324486682 0.93503212923 1.04318414620 1.02232567266 1.20390012538 1.26945191025 1.51289154668 -237.4846108537 0.40510132849   -2 
   8 0.00313785886 -102.48920064 0.32558982987 0.93445392047 0.93960877196 0.94220849967 0.94680519916 0.91203687221 0.93312902912 0.89009853813 0.96005964620 0.92934374944 0.84372958264 0.93021657042 0.79861356717 0.93389712147 1.04747098468 1.02296812230 1.20378004024 1.26796549798 1.51112827211 -237.3901671135 0.11472900915   -2 
   9 0.00313464435 -102.09796400 0.32553307758 0.93784592337 0.94077887636 0.94003306959 0.94537585910 0.90868445878 0.93076905073 0.89093788780 0.95742242633 0.92989072147 0.84352791363 0.93003092459 0.79586651139 0.93306081529 1.04952759459 1.02313026871 1.20342005965 1.26679486035 1.50987919710 -237.3489565185 0.05247480512   -2 
  10 0.00313553355 -102.08628487 0.32549791080 0.93768007711 0.94067941971 0.94010134925 0.94535913785 0.90894407663 0.93082853170 0.89090648126 0.95738717602 0.92990706959 0.84354160379 0.93007999192 0.79594070948 0.93307463413 1.04943183658 1.02311313368 1.20341089576 1.26680562155 1.50990717438 -237.3476815696 0.05617153187   -2 
  11 0.00313525385 -101.99388036 0.32552790633 0.93641794377 0.93985320908 0.94031633372 0.94500288669 0.91058942421 0.93100280462 0.89069232061 0.95679160086 0.93005115736 0.84359829959 0.93041807669 0.79622235556 0.93306846357 1.04884956815 1.02296383129 1.20326335063 1.26673135262 1.50995269278 -237.3420348235 0.03253425248   -2 
  12 0.00313639816 -101.84407560 0.32570089423 0.93645555369 0.93939079431 0.94020075366 0.94449794845 0.91187505428 0.93093808362 0.89048857414 0.95586373349 0.93023257226 0.84362493180 0.93078156616 0.79631266987 0.93296698703 1.04829372858 1.02277271948 1.20302503060 1.26651142615 1.50986675688 -237.3390731829 0.07505497309   -2 
  13 0.00313567953 -101.74325531 0.32588086752 0.93651857819 0.93911414551 0.94007212935 0.94414536738 0.91265475516 0.93086089695 0.89034558475 0.95521078180 0.93034850828 0.84363390492 0.93102092513 0.79635119630 0.93288441413 1.04791629239 1.02263453003 1.20284943729 1.26634284523 1.50978816296 -237.3370521554 0.03028889274   -2 
  14 0.00313567599 -101.49098250 0.32608173122 0.93723964646 0.93948007274 0.93972683043 0.94379902005 0.91306256934 0.93059568395 0.89019284010 0.95413307819 0.93055150458 0.84363673079 0.93140861019 0.79627270676 0.93269744000 1.04737474901 1.02240111548 1.20252741504 1.26598813637 1.50959400141 -237.3341959629 0.04967779457   -2 
  15 0.00313484750 -101.41424539 0.32617375182 0.93736130024 0.93961491412 0.93962835251 0.94373173953 0.91308190341 0.93051091839 0.89015805550 0.95383838981 0.93060801201 0.84363599995 0.93151675258 0.79623683568 0.93263931124 1.04722817895 1.02233384213 1.20243265441 1.26587982325 1.50953303578 -237.3333597597 0.03206306879   -2 
  16 0.00313451745 -100.99083564 0.32648216109 0.93717956656 0.94061254869 0.93949813897 0.94398258528 0.91227202621 0.93021017264 0.89020665074 0.95292723484 0.93089072572 0.84367617177 0.93198139371 0.79599871779 0.93241380693 1.04679104882 1.02211483026 1.20209627864 1.26544717812 1.50932526313 -237.3298018445 0.03864269761   -2 
  17 0.00313391029 -100.91209983 0.32659464984 0.93704548941 0.94068915886 0.93951337752 0.94407284852 0.91205380902 0.93017646389 0.89023831400 0.95283949181 0.93093899454 0.84368858967 0.93205552216 0.79594981448 0.93238139811 1.04674636167 1.02208928554 1.20205251007 1.26538281741 1.50930145651 -237.3291396282 0.03824135620   -2 
  18 0.00313485460 -100.53426061 0.32709143675 0.93632116071 0.94060796796 0.93984920105 0.94471481687 0.91090934409 0.93019218216 0.89051885388 0.95288555697 0.93116246089 0.84379339714 0.93234836397 0.79574095447 0.93231308524 1.04675272109 1.02207676980 1.20198525706 1.26521580801 1.50931293951 -237.3263613978 0.02914824838   -2 
  19 0.00313420321 -100.47957306 0.32717508111 0.93632169945 0.94037362798 0.93990908131 0.94478917548 0.91079313142 0.93025197409 0.89058680979 0.95306592640 0.93117859407 0.84382054550 0.93235551085 0.79572349677 0.93233740692 1.04683838507 1.02211740221 1.20203194535 1.26524977262 1.50936337222 -237.3257102396 0.04387950363   -2 
  20 0.00313418857 -100.24674050 0.32737082386 0.93660438727 0.93932579504 0.94019660159 0.94508022928 0.91047419021 0.93058948853 0.89090757832 0.95401651550 0.93124047369 0.84395855884 0.93235334515 0.79568813907 0.93249488358 1.04730297524 1.02234943432 1.20231062184 1.26548287015 1.50965230714 -237.3232852161 0.01822131324   -2 
  21 0.00313239913 -99.950595752 0.32769188713 0.93694068902 0.93931953615 0.94027471962 0.94502197549 0.91107004408 0.93130075677 0.89139840435 0.95602240322 0.93127467865 0.84425296428 0.93218348236 0.79583778217 0.93299411156 1.04846768542 1.02298928145 1.20312116738 1.26627665216 1.51045020843 -237.3207125834 0.05635480503   -2 
  22 0.00313253082 -99.805391421 0.32781754906 0.93711290192 0.93941727061 0.94033245314 0.94501137680 0.91139273271 0.93164691534 0.89163864673 0.95697309322 0.93130395716 0.84440405353 0.93211226554 0.79592365148 0.93324712564 1.04903957388 1.02331004115 1.20352733274 1.26667755203 1.51085354882 -237.3196171605 0.02315292541   -2 
  23 0.00313170288 -99.607319228 0.32816234827 0.93705471260 0.94024125974 0.94049040104 0.94509320312 0.91206713096 0.93209748180 0.89197219150 0.95810971005 0.93143630677 0.84468570123 0.93208748908 0.79615799255 0.93371067894 1.04994714766 1.02387461807 1.20423923344 1.26740730389 1.51158471892 -237.3182192421 0.02597300675   -2 
  24 0.00313192784 -99.572951968 0.32819836466 0.93706499241 0.94040823341 0.94054204035 0.94513799518 0.91218772643 0.93216138841 0.89202598997 0.95823720010 0.93147753179 0.84474125053 0.93210458491 0.79621200335 0.93379637424 1.05009323419 1.02397575268 1.20436562592 1.26754013542 1.51171995222 -237.3179970911 0.01808672832   -2 
  25 0.00313057819 -99.396551236 0.32841091563 0.93715510659 0.94137695462 0.94098875423 0.94563479937 0.91285955581 0.93235502376 0.89227196382 0.95826776920 0.93187486293 0.84511589722 0.93239788050 0.79664842228 0.93433705744 1.05082298431 1.02458820762 1.20511870586 1.26836371543 1.51257343724 -237.3168112972 0.02127961153   -2 
  26 0.00313062454 -99.345740880 0.32845048022 0.93725811114 0.94155077271 0.94113233649 0.94580288645 0.91302909967 0.93240348787 0.89234401957 0.95820311451 0.93201341531 0.84523231544 0.93251506893 0.79678934539 0.93449600267 1.05101003781 1.02476478375 1.20533338388 1.26860214607 1.51282558933 -237.3165479496 0.02595027726   -2 
  27 0.00312903833 -99.149900311 0.32868242794 0.93776645915 0.94189269885 0.94170935311 0.94651888039 0.91363152047 0.93257048209 0.89263272352 0.95773644697 0.93263815107 0.84572829244 0.93307966002 0.79740760258 0.93515475656 1.05171232148 1.02548879565 1.20620603035 1.26958227684 1.51387386625 -237.3155351948 0.01786349447   -2 
  28 0.00312930392 -99.123051906 0.32870900112 0.93783760869 0.94180246226 0.94176868765 0.94660323041 0.91366423471 0.93260815140 0.89268404212 0.95764823235 0.93274403205 0.84580447936 0.93319311991 0.79750489648 0.93524458232 1.05177810930 1.02558459910 1.20631749159 1.26971064213 1.51401957621 -237.3153274834 0.02282330335   -2 
  29 0.00312903714 -99.053846517 0.32883976933 0.93795419309 0.94135974991 0.94187854914 0.94679594573 0.91367513136 0.93272433037 0.89283613910 0.95736607716 0.93306185665 0.84602574399 0.93355670245 0.79779387752 0.93549398913 1.05191881177 1.02584736359 1.20661697321 1.27006086132 1.51442801343 -237.3147801505 0.00876913205   -2 
  30 0.00312924881 -99.024359314 0.32885095269 0.93783609629 0.94121635979 0.94182919198 0.94677057378 0.91357380810 0.93279231130 0.89290355146 0.95728723046 0.93318485390 0.84610660430 0.93373732573 0.79790712548 0.93556733123 1.05189624749 1.02592029485 1.20668954383 1.27015308981 1.51455539724 -237.3146332696 0.01732348058   -2 
  31 0.00312906600 -99.002490545 0.32887309066 0.93771713338 0.94110943778 0.94177016478 0.94672889104 0.91347467473 0.93284429598 0.89295409802 0.95722755245 0.93327863934 0.84616764539 0.93388435353 0.79799585904 0.93561993235 1.05186364677 1.02597175376 1.20673781323 1.27021696277 1.51464851865 -237.3145176218 0.00607478398   -2 
  32 0.00312925498 -98.972935031 0.32890257565 0.93763006525 0.94118279753 0.94161816896 0.94656063492 0.91326995997 0.93289512811 0.89299483878 0.95720962873 0.93335629196 0.84621725675 0.93407839481 0.79809110447 0.93564257793 1.05172495628 1.02598794902 1.20672950128 1.27022611706 1.51470272139 -237.3144031314 0.01018720129   -2 
  33 0.00312915005 -98.966056631 0.32891670699 0.93761381492 0.94120490561 0.94157812296 0.94651314327 0.91321612272 0.93290371600 0.89300120679 0.95720820568 0.93337069205 0.84622641583 0.93412544944 0.79811280134 0.93564412817 1.05168259353 1.02598758201 1.20672132433 1.27022208625 1.51471014559 -237.3143741901 0.00421502112   -2 
  34 0.00312917899 -98.949757812 0.32893615355 0.93770918515 0.94129251688 0.94153810654 0.94642084260 0.91313160076 0.93289045992 0.89298506038 0.95724592202 0.93335462748 0.84621719281 0.93419415228 0.79813333879 0.93561403663 1.05154836034 1.02595151578 1.20665850126 1.27016414094 1.51467483692 -237.3143252817 0.00433618840   -2 
  35 0.00312910871 -98.947328189 0.32894066661 0.93771836097 0.94130045327 0.94153832113 0.94641120272 0.91312397790 0.93288531804 0.89297969968 0.95725525743 0.93334748259 0.84621284903 0.93420125009 0.79813390721 0.93560600835 1.05152323444 1.02594226334 1.20664416333 1.27015013250 1.51466422356 -237.3143183721 0.00363040380   -2 
  36 0.00312905675 -98.925304521 0.32894409560 0.93776131887 0.94132756703 0.94161029160 0.94639964310 0.91312824476 0.93283461252 0.89292677542 0.95735605498 0.93326598466 0.84616331063 0.93422698247 0.79811996129 0.93552612384 1.05131593883 1.02585168100 1.20651100826 1.27001588102 1.51455460575 -237.3142743039 0.00336117921   -2 
  37 0.00312900916 -98.921664773 0.32895268869 0.93774106403 0.94131594752 0.94162657448 0.94641025881 0.91314083982 0.93282423470 0.89291533988 0.95737807347 0.93324577470 0.84615045825 0.93422543043 0.79811318294 0.93550659357 1.05127263439 1.02582953907 1.20647999484 1.26998373484 1.51452723368 -237.3142650076 0.00508966984   -2 
  38 0.00312913677 -98.912597207 0.32896808173 0.93768175041 0.94128041942 0.94166602989 0.94644857584 0.91318204589 0.93280328278 0.89289091376 0.95743021672 0.93319847090 0.84611991675 0.93421643189 0.79809484446 0.93546032587 1.05117493732 1.02577687251 1.20640746413 1.26990775256 1.51446220373 -237.3142448241 0.00141578899   -2 
  39 0.00312910595 -98.913444191 0.32896830363 0.93767511700 0.94126280232 0.94164152031 0.94645701845 0.91319104914 0.93280844008 0.89289512247 0.95741912450 0.93320043531 0.84611908518 0.93420252196 0.79808870041 0.93546023151 1.05118822439 1.02577644407 1.20641007838 1.26990866728 1.51446129308 -237.3142413749 0.00315550736   -2 
  40 0.00312916224 -98.914795967 0.32896381407 0.93766353783 0.94122275938 0.94158328603 0.94647940914 0.91321498638 0.93282205335  0.8929061045 0.95739205045 0.93320537183 0.84611697842 0.93416716978 0.79807296014 0.93545973819 1.05122150044 1.02577496700 1.20641629014 1.26991048544 1.51445869747 -237.3142346600 0.00066479453   -2 
  41 0.00312916055 -98.915004189 0.32896591734 0.93766841159 0.94124388904 0.94160448647 0.94646890559 0.91320829612 0.93281643245 0.89290196618 0.95739201924 0.93320144555 0.84611396718 0.93416276350 0.79806932144 0.93545627506 1.05121884136 1.02577091235 1.20641193052 1.26990552029 1.51445324147 -237.3142336093 0.00048137319   -2 
  42 0.00312917482 -98.915309360 0.32896311874 0.93766888773 0.94124785986 0.94160803820 0.94646624057 0.91320882586 0.93281475404 0.89290068042 0.95738403111 0.93319810745 0.84610968529 0.93414651424 0.79805984431 0.93545168910 1.05122561219 1.02576519076 1.20640840930 1.26989973488 1.51444558424 -237.3142328955 0.00159339593   -2 
  43 0.00312914875 -98.916676891 0.32895811740 0.93766677548 0.94125529167 0.94161503595 0.94645837119 0.91321001724 0.93280962762 0.89289669431 0.95736031736 0.93318823877 0.84609698297 0.93409883184 0.79803196604 0.93543814084 1.05124531201 1.02574834425 1.20639794796 1.26988265514 1.51442292739 -237.3142309775 0.00068242183   -2 
  44 0.00312919321 -98.918695094 0.32895878547 0.93766309674 0.94124770669 0.94160995392 0.94645596698 0.91321068758 0.93280680431 0.89289418264 0.95734386369 0.93318147682 0.84608769633 0.93406415446 0.79801063702 0.93542786308 1.05126026588 1.02573549409 1.20638994984 1.26986965900 1.51440568827 -237.3142298704 0.00112893872   -2 
  45 0.00312919167 -98.919577810 0.32895964183 0.93766084870 0.94124336672 0.94160649548 0.94645514126 0.91321047403 0.93280565676 0.89289312832 0.95733833708 0.93317907410 0.84608440905 0.93405236911 0.79800316182 0.93542418835 1.05126516801 1.02573090155 1.20638699160 1.26986497233 1.51439950591 -237.3142294846 0.00044517064   -2 
  46 0.00312922135 -98.922199934 0.32895566271 0.93765241575 0.94122039642 0.94158424884 0.94645523621 0.91320574060 0.93280239602 0.89288988731 0.95733051215 0.93317409520 0.84607735427 0.93403128933 0.79798675756 0.93541530589 1.05127284468 1.02571962437 1.20637904497 1.26985352338 1.51438480052 -237.3142287880 0.00056217637   -2 
  47 0.00312921437 -98.922461507 0.32895541768 0.93765166987 0.94121920846 0.94158263548 0.94645486084 0.91320488929 0.93280190734 0.89288939644 0.95733042156 0.93317372812 0.84607695526 0.93403088408 0.79798604855 0.93541475017 1.05127260541 1.02571896735 1.20637840907 1.26985277978 1.51438389619 -237.3142286981 0.00038118401   -2 
  48 0.00312921059 -98.925282612 0.32894735906 0.93764887711 0.94121920855 0.94156918215 0.94644881290 0.91319163279 0.93279509916 0.89288245980 0.95733506157 0.93317044342 0.84607432984 0.93403915308 0.79798396378 0.93541021278 1.05126154278 1.02571432915 1.20637139790 1.26984622177 1.51437657991 -237.3142279657 0.00047777978   -2 
  49 0.00312922739 -98.932359867 0.32894026516 0.93764795984 0.94122046922 0.94155197187 0.94643508866 0.91316651244 0.93278085968 0.89286799504 0.95734385156 0.93316316765 0.84606895184 0.93405897232 0.79798177271 0.93540124464 1.05123535226 1.02570511912 1.20635650868 1.26983291732 1.51436190129 -237.3142270458 0.00072390812   -2 
  50 0.00312924318 -98.933400230 0.32893937772 0.93764794160 0.94122037033 0.94155140082 0.94643353657 0.91316399786 0.93277912704 0.89286615927 0.95734464542 0.93316210441 0.84606817564 0.93406153298 0.79798158948 0.93540002406 1.05123155888 1.02570386082 1.20635441061 1.26983107404 1.51435987284 -237.3142268604 0.00054696164   -2 
  51 0.00312926290 -98.937117077 0.32893975171 0.93764545547 0.94121698046 0.94155655975 0.94643001554 0.91316052151 0.93277462961 0.89286111199 0.95734419134 0.93315814713 0.84606536385 0.93406752724 0.79798125290 0.93539620045 1.05121960980 1.02569989536 1.20634770941 1.26982520231 1.51435336899 -237.3142263546 0.00042486522   -2 
  52 0.00312927739 -98.939180256 0.32893675360 0.93764355901 0.94121376412 0.94156409319 0.94643011489 0.91316316465 0.93277340919 0.89285931383 0.95734082225 0.93315550968 0.84606341424 0.93406869312 0.79798121601 0.93539398206 1.05121265361 1.02569754921 1.20634371601 1.26982166888 1.51434939729 -237.3142260552 0.00093075532   -2 
  53 0.00312927028 -98.942951395 0.32893182849 0.93763923454 0.94120734597 0.94157725829 0.94643038944 0.91316862537 0.93277130463 0.89285626485 0.95733381825 0.93315061136 0.84605974144 0.93406972993 0.79798104333 0.93538995561 1.05120045131 1.02569323116 1.20633652008 1.26981525550 1.51434215481 -237.3142255638 0.00028839855   -2 
  54 0.00312925470 -98.944928928 0.32892701766 0.93764690406 0.94120959838 0.94157301291 0.94643085322 0.91317471751 0.93277226487 0.89285710083 0.95732551685 0.93314773383 0.84605718769 0.93406317634 0.79798023804 0.93538786069 1.05119692766 1.02569089100 1.20633312480 1.26981183518 1.51433805903 -237.3142252240 0.00040743563   -2 
  55 0.00312926022 -98.945344492 0.32892622214 0.93764833297 0.94121052508 0.94157174367 0.94643109663 0.91317595920 0.93277261420 0.89285745058 0.95732377356 0.93314724303 0.84605669474 0.93406150371 0.79798004470 0.93538749278 1.05119653585 1.02569043339 1.20633253998 1.26981121810 1.51433730676 -237.3142251625 0.00033449759   -2 
  56 0.00312926717 -98.947271635 0.32892646456 0.93765028400 0.94121425346 0.94156476799 0.94643175583 0.91317951713 0.93277411517 0.89285916720 0.95731706058 0.93314571200 0.84605485537 0.93405342411 0.79797898808 0.93538616988 1.05119635107 1.02568881320 1.20633062861 1.26980905830 1.51433455810 -237.3142249489 0.00021175237   -2 
  57 0.00312927306 -98.947650761 0.32892614440 0.93764943247 0.94121477812 0.94156367273 0.94643188169 0.91317984757 0.93277440145 0.89285960781 0.95731589496 0.93314551101 0.84605453147 0.93405143070 0.79797870508 0.93538591748 1.05119673424 1.02568853400 1.20633036084 1.26980869909 1.51433407600 -237.3142249210 0.00026431992   -2 
  58 0.00312927456 -98.948821653 0.32892521797 0.93764393290 0.94121480801 0.94156149045 0.94643189971 0.91317964253 0.93277510391 0.89286079957 0.95731298280 0.93314503601 0.84605357844 0.93404487138 0.79797766000 0.93538520042 1.05119841157 1.02568764289 1.20632970695 1.26980768618 1.51433266025 -237.3142248325 0.00022816827   -2 
  59 0.00312927927 -98.949409521 0.32892433339 0.93764128631 0.94121440695 0.94156065958 0.94643184677 0.91317920574 0.93277534457 0.89286137107 0.95731161929 0.93314484375 0.84605308683 0.93404134154 0.79797705659 0.93538482762 1.05119945355 1.02568716166 1.20632939674 1.26980715693 1.51433191179 -237.3142248101 0.00017481914   -2 
  60 0.00312927484 -98.950360669 0.32892208047 0.93764021643 0.94121026844 0.94156119679 0.94643004716 0.91317573916 0.93277452267 0.89286131137 0.95731019578 0.93314439199 0.84605212211 0.93403557993 0.79797560984 0.93538391658 1.05120155895 1.02568618580 1.20632876035 1.26980604562 1.51433035900 -237.3142247361 0.00027358695   -2 
  61 0.00312927817 -98.950776123 0.32892103642 0.93764044786 0.94120845410 0.94156160655 0.94642916229 0.91317404927 0.93277399951 0.89286115008 0.95730973796 0.93314416799 0.84605168582 0.93403312438 0.79797493203 0.93538348800 1.05120250273 1.02568571242 1.20632846451 1.26980552929 1.51432964043 -237.3142247086 0.00018144985   -2 
  62 0.00312928040 -98.951841922 0.32892020356 0.93764339585 0.94120479326 0.94156268767 0.94642678362 0.91316954792 0.93277184119 0.89285974051 0.95730937116 0.93314327338 0.84605053507 0.93402833790 0.79797319427 0.93538231789 1.05120417893 1.02568423572 1.20632757148 1.26980405857 1.51432767630 -237.3142246528 0.00012531914   -2 
  63 0.00312928615 -98.952081973 0.32892039538 0.93764314909 0.94120561674 0.94156265635 0.94642631347 0.91316879928 0.93277095427 0.89285891384 0.95730956828 0.93314292119 0.84605025533 0.93402815085 0.79797275478 0.93538198558 1.05120409782 1.02568375775 1.20632720256 1.26980358880 1.51432708560 -237.3142246326 0.00021049385   -2 
  64 0.00312928687 -98.952373505 0.32892079699 0.93764274843 0.94120677092 0.94156236175 0.94642575149 0.91316799989 0.93276985158 0.89285783198 0.95730983758 0.93314245514 0.84604990173 0.93402813883 0.79797221856 0.93538154501 1.05120383865 1.02568314886 1.20632670651 1.26980298423 1.51432633205 -237.3142246118 0.00009856266    0 
-- Found new optimum with likelihood -237.314224611862642 and gradient 0.00010

---- Best joint likelihood found -237.314224611862642 with gradient 0.00010

---- Results for /scratch/38995980/tmp6v_yp0vc 
--  Model: C
--        eps_an     theta_bar             a 
--             0 0.00312928687            -1 
--           S_d             b           p_b           S_b 
-- -98.952373505 0.32892079699             0             1 
--           r 2           r 3           r 4           r 5           r 6           r 7           r 8           r 9          r 10          r 11          r 12          r 13          r 14          r 15          r 16          r 17          r 18          r 19 
-- 0.93764274843 0.94120677092 0.94156236175 0.94642575149 0.91316799989 0.93276985158 0.89285783198 0.95730983758 0.93314245514 0.84604990173 0.93402813883 0.79797221856 0.93538154501 1.05120383865 1.02568314886 1.20632670651 1.26980298423 1.51432633205 

---- Expected P_neut(i), 0 < i < n (neutral SFS per site) 
E[P_neut(1)] = 0.0031292869
E[P_neut(2)] = 0.0014670766
E[P_neut(3)] = 0.0009817687
E[P_neut(4)] = 0.0007366047
E[P_neut(5)] = 0.0005923275
E[P_neut(6)] = 0.0004762608
E[P_neut(7)] = 0.0004169864
E[P_neut(8)] = 0.0003492510
E[P_neut(9)] = 0.0003328552
E[P_neut(10)] = 0.0002920070
E[P_neut(11)] = 0.0002406848
E[P_neut(12)] = 0.0002435702
E[P_neut(13)] = 0.0001920834
E[P_neut(14)] = 0.0002090769
E[P_neut(15)] = 0.0002193012
E[P_neut(16)] = 0.0002006036
E[P_neut(17)] = 0.0002220554
E[P_neut(18)] = 0.0002207543
E[P_neut(19)] = 0.0002494085

---- Expected P_sel(i), 0 < i < n (selected SFS per site) 
E[P_sel(1)] = 0.0015622350
E[P_sel(2)] = 0.0005536413
E[P_sel(3)] = 0.0003190763
E[P_sel(4)] = 0.0002171324
E[P_sel(5)] = 0.0001625575
E[P_sel(6)] = 0.0001235795
E[P_sel(7)] = 0.0001033383
E[P_sel(8)] = 0.0000832504
E[P_sel(9)] = 0.0000767145
E[P_sel(10)] = 0.0000653313
E[P_sel(11)] = 0.0000524386
E[P_sel(12)] = 0.0000518090
E[P_sel(13)] = 0.0000399725
E[P_sel(14)] = 0.0000426413
E[P_sel(15)] = 0.0000439001
E[P_sel(16)] = 0.0000394658
E[P_sel(17)] = 0.0000429818
E[P_sel(18)] = 0.0000420822
E[P_sel(19)] = 0.0000468641

---- alpha_dfe = 0.000000

