---- Running command
---- ./polyDFE -d /scratch/38995916/tmpv9ejl_lp -m C -i /scratch/38995916/tmp_e0tacei 1 -v 1 
---- Performing inference using model C

---- Performing inference on /scratch/38995916/tmpv9ejl_lp
----      with -i /scratch/38995916/tmp_e0tacei 1
---- Data /scratch/38995916/tmpv9ejl_lp does not contain divergence counts. Using option -w.
---- No mutation variability. Using Poisson likelihood.


---- Using provided initial values

-- Starting local optimization
-- Optimizing all parameters
  it        eps_an     theta_bar           S_d             b           r 2           r 3           r 4           r 5           r 6           r 7           r 8           r 9          r 10          r 11          r 12          r 13          r 14          r 15          r 16          r 17          r 18          r 19           ln lk          grad status 
   0    0.01346766  0.0008961823 -245.56979999     0.3789762      1.115224      1.093897      1.181135      1.231855     0.9243195      1.082592     0.8650157       1.20686      1.044504     0.9301775     0.9573576      1.358432      1.004809      0.982138     0.9355796      1.145759      1.008393     0.8705163 -150.0859180820 0.99975584897   -2 
   1 0.01345507536 0.00090649918 -244.69304545 0.37595092442 1.12221100260 1.09527968822 1.18502154683 1.23254552400 0.92318154342 1.08348008556 0.86524674844 1.20544198343 1.04319477001 0.93120821158 0.95642716685 1.35826688190 1.00644987457 0.98252696863 0.93433589853 1.14432900841 1.00760563800 0.87006696877 -149.2154760790 0.47822881465   -2 
   2 0.01326942364 0.00088279308 -240.95016037 0.36988350721 1.19274545422 1.09938407761 1.22834229861 1.23192331698 0.90172321307 1.09065550583 0.86530759906 1.17972996907 1.02061658054 0.94378018499 0.94033208690 1.35157358582 1.02851418624 0.98620289179 0.91439802212 1.12109640527 0.99422696861 0.86225603726 -146.8182633907 0.35862869834   -2 
   3 0.01308346388 0.00089191991 -240.75974327 0.38104512212 1.20490925915 1.11232973102 1.26299428516 1.23901859633 0.88745004255 1.10112045747 0.86789507020 1.16050872939 1.00224122851 0.95847065164 0.92644660202 1.34835466969 1.05327840956 0.99170801204 0.89524258532 1.09946865824 0.98107572937 0.85532758842 -145.6954123464 0.33220959618   -2 
   4 0.01296791537 0.00089718425 -238.49340473 0.37817654655 1.19199756071 1.12000836192 1.27558790115 1.24530469467 0.88187801046 1.10835068964 0.87045120632 1.15148365039 0.99264496619 0.96847189323 0.91859219918 1.34765895523 1.07006482187 0.99590722158 0.88317479735 1.08618158374 0.97266589529 0.85106201877 -145.1667688611 0.62186142098   -2 
   5 0.01279069004 0.00088672457 -235.64294739 0.37646837139 1.16723364731 1.12884462800 1.28982702825 1.25371869785 0.87378606668 1.11871970717 0.87417989277 1.13805445291 0.97823421910 0.98377359193 0.90658441404 1.34642007420 1.09621146101 1.00232709244 0.86461978524 1.06577877867 0.95962196628 0.84441202941 -144.4513348421 0.18338928418   -2 
   6 0.01264721686 0.00089036270 -234.45953489 0.38277362961 1.17208814438 1.11916292663 1.26867939912 1.25419976182 0.87477172246 1.12226226574 0.87706399865 1.13514772523 0.97250620984 0.99390525673 0.89975362733 1.34707543857 1.11500629642 1.00772300016 0.85075373268 1.05138069491 0.95036419867 0.83972665097 -144.0688750312 0.37290913274   -2 
   7 0.01257944115 0.00089688442 -233.37121653 0.38338896376 1.17523481249 1.11499271010 1.25897522605 1.25434282180 0.87565016496 1.12376790618 0.87846554768 1.13427799191 0.97020202250 0.99861301558 0.89674484985 1.34754855900 1.12385173843 1.01033679823 0.84433747832 1.04477075663 0.94607633009 0.83755704065 -143.9063914990 0.20701075315   -2 
   8 0.01245071610 0.00089150972 -230.43257311 0.37988505833 1.17553504610 1.10682534077 1.24157734531 1.25156542805 0.87783999468 1.12414856126 0.88031802777 1.13378774053 0.96701452337 1.00599439385 0.89160162935 1.34811077229 1.13893412499 1.01491084867 0.83249859772 1.03275187076 0.93800635105 0.83341266168 -143.6621102729 0.08601071586   -2 
   9 0.01241881032 0.00088992490 -229.98866354 0.38028200907 1.17359086052 1.10639540064 1.24037746221 1.25015059594 0.87838097721 1.12337184804 0.88041485798 1.13409425386 0.96678373576 1.00700592638 0.89069371579 1.34814442688 1.14158646758 1.01582960894 0.82994180058 1.03026088369 0.93621244404 0.83250071840 -143.6428963670 0.13529537513   -2 
  10 0.01220483532 0.00089402456 -226.78830002 0.38205753431 1.16106018157 1.10733136293 1.23855094188 1.24068637121 0.88231565582 1.11737101392 0.88075927664 1.13717423105 0.96637033963 1.01273109756 0.88537165269 1.34854479266 1.15796900391 1.02186924348 0.81357358261 1.01452998091 0.92465892900 0.82665649590 -143.5253352221 0.05949382475   -2 
  11 0.01209225435 0.00089430986 -225.36868314 0.38402086609 1.16168558955 1.10800845809 1.24213696493 1.23684215773 0.88294548560 1.11350697574 0.87997210738 1.13849078764 0.96678691117 1.01354090760 0.88335240609 1.34820506005 1.16328625553 1.02429075355 0.80608295388 1.00761187426 0.91936040141 0.82392763588 -143.4983888247 0.09262560690   -2 
  12 0.01204821085 0.00089551686 -224.70063199 0.38421034197 1.16299511765 1.10837795339 1.24404169483 1.23581500359 0.88301977074 1.11209025300 0.87958566382 1.13898734404 0.96706816685 1.01357583576 0.88271720316 1.34805625140 1.16488418979 1.02515146771 0.80334790792 1.00515114428 0.91743318944 0.82293548530 -143.4870289445 0.06398474824   -2 
  13 0.01195990808 0.00089315466 -223.33942384 0.38418180367 1.16701602764 1.10862007519 1.24836370699 1.23509293038 0.88237829355 1.10949298350 0.87844179101 1.13967040379 0.96787145580 1.01257870462 0.88189845369 1.34754867779 1.16626124750 1.02647096756 0.79849656430 1.00101981825 0.91403004157 0.82118600635 -143.4674239643 0.03507436907   -2 
  14 0.01194303703 0.00089352200 -223.07302502 0.38406641914 1.16772395252 1.10878518480 1.24913440259 1.23585082722 0.88208131868 1.10941648931 0.87820555860 1.13976575803 0.96818484426 1.01205409443 0.88201529365 1.34750445705 1.16580887044 1.02660146443 0.79791740112 1.00068736138 0.91365009044 0.82102296644 -143.4645641391 0.04800789884   -2 
  15 0.01183900477 0.00089170084 -221.72667856 0.38455064528 1.17049709636 1.10950511875 1.25306934466 1.24189731296 0.87979982638 1.10966999499 0.87664065055 1.14013737467 0.97034240832 1.00807545772 0.88324743192 1.34723237055 1.16146447588 1.02708644817 0.79505054440 0.99956110742 0.91184486788 0.82036418526 -143.4490869394 0.03673951246   -2 
  16 0.01179854858 0.00089275741 -221.27120702 0.38500678636 1.17027822172 1.11002397448 1.25380491282 1.24430209752 0.87913824288 1.11038306455 0.87624087991 1.14036675098 0.97131572514 1.00650184288 0.88405177928 1.34734835739 1.15931727164 1.02720389239 0.79442475736 0.99975457392 0.91154753320 0.82040833596 -143.4437879687 0.05666933612   -2 
  17 0.01175084907 0.00089262828 -220.81216857 0.38585911537 1.16922904868 1.11048652714 1.25412164736 1.24684670496 0.87843785019 1.11137904429 0.87583406510 1.14061894574 0.97246082490 1.00464759204 0.88509807151 1.34753244398 1.15661869735 1.02729028908 0.79388022227 1.00022274463 0.91135655081 0.82058124247 -143.4378570910 0.03005444347   -2 
  18 0.01167023718 0.00089288079 -219.81841111 0.38589928887 1.16610944634 1.11090356415 1.25244840955 1.24906605176 0.87809826021 1.11386736228 0.87572142274 1.14117027924 0.97436726623 1.00195482374 0.88735320641 1.34828262077 1.15173311089 1.02729667403 0.79403559750 1.00224918011 0.91196495304 0.82158165540 -143.4292343407 0.04219130643   -2 
  19 0.01164817165 0.00089223639 -219.58520677 0.38604406521 1.16543968656 1.11080962938 1.25177047125 1.24921117141 0.87809063264 1.11450680712 0.87573961780 1.14129271000 0.97482133939 1.00131171880 0.88797754811 1.34849921441 1.15043338524 1.02727233849 0.79420277072 1.00291977266 0.91224401182 0.82194320212 -143.4269436648 0.03123471951   -2 
  20 0.01152213401 0.00089232646 -218.22599574 0.38635625443 1.16577632219 1.10934192882 1.24723585593 1.24643730535 0.87907155583 1.11787669397 0.87645958475 1.14197668598 0.97688793537 0.99877866312 0.89162634389 1.35003070536 1.14374422732 1.02704517780 0.79633970078 1.00784498316 0.91493502120 0.82486846624 -143.4142049148 0.03219314993   -2 
  21 0.01147521734 0.00089201357 -217.78088881 0.38668324699 1.16603542099 1.10876938784 1.24581932014 1.24519097018 0.87947717194 1.11892822786 0.87674973440 1.14219003626 0.97753940001 0.99799935707 0.89291865866 1.35057839673 1.14145695643 1.02695924540 0.79723737055 1.00973720231 0.91603340443 0.82604863993 -143.4123893226 0.02755267022   -2 
  22 0.01142311024 0.00089293098 -217.40512748 0.38722594409 1.16704242520 1.10846951970 1.24592245064 1.24343211212 0.88010719470 1.11922723680 0.87718183022 1.14232287710 0.97778250139 0.99790464598 0.89401278684 1.35111975157 1.13994099534 1.02691839793 0.79861728456 1.01197652743 0.91761238932 0.82770586321 -143.4083217357 0.04439225255   -2 
  23 0.01137795614 0.00089252602 -217.13613652 0.38780174155 1.16765230322 1.10823440860 1.24639818975 1.24188022264 0.88064390547 1.11917392432 0.87755063475 1.14237238828 0.97782351399 0.99803600956 0.89482143862 1.35152867023 1.13895011033 1.02689210028 0.79990538499 1.01391967179 0.91906697646 0.82923820074 -143.4048489819 0.03558048972   -2 
  24 0.01137795614 0.00089252602 -217.13613652 0.38780174155 1.16765230322 1.10823440860 1.24639818975 1.24188022264 0.88064390547 1.11917392432 0.87755063475 1.14237238828 0.97782351399 0.99803600956 0.89482143862 1.35152867023 1.13895011033 1.02689210028 0.79990538499 1.01391967179 0.91906697646 0.82923820074 -143.4048489819 0.03558048972   -5 
  25 0.01137580011 0.00089272824 -217.08105954 0.38740386086 1.16748679434 1.10847219819 1.24695848311 1.24207676354 0.88067998874 1.11889289872 0.87758459924 1.14235738741 0.97767058815 0.99832129843 0.89469942244 1.35151775732 1.13934667539 1.02693744714 0.80006112853 1.01399210838 0.91922816040 0.82942057887 -143.4021644614 0.04292242843   -2 
  26 0.01136843004 0.00089125492 -217.04215223 0.38678595161 1.16665243992 1.10901487621 1.24856377149 1.24257180997 0.88073610128 1.11789097819 0.87765269741 1.14224517859 0.97712113915 0.99923424986 0.89426367022 1.35142749797 1.14063201145 1.02705970420 0.80056566176 1.01420989503 0.91975218301 0.83002165790 -143.3971231706 0.02944209966   -2 
  27 0.01136017581 0.00089240527 -217.20987456 0.38738564809 1.16704522458 1.10947817708 1.24968562194 1.24305552670 0.88084334005 1.11714843998 0.87776252241 1.14221101299 0.97666693743 1.00012136617 0.89388476021 1.35141477422 1.14189626322 1.02721524307 0.80108284630 1.01445602220 0.92031593999 0.83066787393 -143.3917556524 0.03125221928   -2 
  28 0.01135463782 0.00089231008 -217.31165109 0.38771511906 1.16718065755 1.10967706800 1.25026922931 1.24330987884 0.88089598900 1.11667252972  0.8778229605 1.14217502797 0.97636692446 1.00068795154 0.89363218316 1.35139502140 1.14270825323 1.02730955448 0.80141864675 1.01461131041 0.92068377056 0.83109363275 -143.3902765712 0.02643057635   -2 
  29 0.01129658258 0.00089050983 -217.55374400 0.38693250313 1.16865836868 1.11128231859 1.25477950152 1.24570040120 0.88152099375 1.11259677414 0.87851991475 1.14198201529 0.97358544142 1.00637188276 0.89120863902 1.35135817169 1.15085770395 1.02832377092 0.80486821880 1.01624460247 0.92449464353 0.83553655265 -143.3769243388 0.02454669477   -2 
  30 0.01129193171 0.00089086090 -217.56072890 0.38687596113 1.16877373710 1.11135605470 1.25479794845 1.24581062883 0.88158462521 1.11254301515 0.87858741626 1.14201992851 0.97348729628 1.00669365518 0.89109866458 1.35140702365 1.15133816821 1.02840866439 0.80510165119 1.01636965387 0.92476429996 0.83586528292 -143.3761610188 0.02135183520   -2 
  31 0.01124427852 0.00089150810 -217.79965042 0.38747574379 1.16883765053 1.11117979900 1.25237947626 1.24601279466 0.88213786555 1.11350773464 0.87922020551 1.14256953115 0.97317565060 1.00897941909 0.89044252733 1.35207983095 1.15498614688 1.02921385092 0.80715171078 1.01753614745 0.92722547951 0.83900139369 -143.3707066701 0.02545864872   -2 
  32 0.01118730249 0.00089047124 -217.84878567 0.38715144532 1.16843868467 1.11075175116 1.24961636929 1.24584325459 0.88264410352 1.11509328308 0.87986390565 1.14320792329 0.97315423432 1.01100305192 0.88993864650 1.35288247404 1.15841908935 1.03009373749 0.80934288745 1.01881745074 0.92991592013 0.84254664943 -143.3661007697 0.04304356066   -2 
  33 0.01116553932 0.00089068885 -217.82281973 0.38685880977 1.16842107760 1.11067361561 1.24883543235 1.24578547018 0.88282146794 1.11572685386 0.88009564397 1.14345399397 0.97320713149 1.01165975738 0.88980195397 1.35319307206 1.15956737274 1.03042030185 0.81013294943 1.01929060168 0.93089781563 0.84386185825 -143.3641796055 0.01510714451   -2 
  34 0.01095625365 0.00088840837 -217.57304776 0.38626042825 1.16924577771 1.11103859575 1.25290752014 1.24375282669 0.88268479356 1.12077880680 0.88082654108 1.14471064496 0.97564648078 1.01186602703 0.89055221846 1.35526876019 1.16215304289 1.03256545917 0.81506538861 1.02258079831 0.93765691123 0.85413590586 -143.3533479746 0.04676504377   -2 
  35 0.01087881616 0.00088891631 -217.49615681 0.38627667610 1.16982559555 1.11140728825 1.25445417780 1.24332691168 0.88267641591 1.12244525168 0.88109061064 1.14518091068 0.97657897106 1.01183832753 0.89091082784 1.35603091101 1.16289001096 1.03335445419 0.81679650667 1.02377912584 0.94008130361 0.85789814188 -143.3489700908 0.04862244930   -2 
  36 0.01069744550 0.00088895914 -217.44416099 0.38715430746 1.17099374067 1.11232475147 1.25767602419 1.24272586258 0.88266378592 1.12584751981 0.88164644480 1.14620762031 0.97872556939 1.01159680907 0.89183110573 1.35772844408 1.16424969215 1.03516046204 0.82068048189 1.02652760177 0.94562074213 0.86665388663 -143.3413043759 0.03409993696   -2 
  37 0.01069118474 0.00088839514 -217.43291081 0.38723249080 1.17088709770 1.11238301768 1.25739102803 1.24301659415 0.88270384195 1.12560429856 0.88164229651 1.14620671997 0.97874006558 1.01153660639 0.89189931749 1.35773028952 1.16411219801 1.03519128453 0.82067626950 1.02657073949 0.94567652717 0.86682428108 -143.3397386279 0.03210935970   -2 
  38 0.01061860606 0.00088769740 -216.86946537 0.38668639113 1.17044826483 1.11400450584 1.25272281729 1.24864682612 0.88365266545 1.12107408574 0.88164285551 1.14624193655 0.97872440251 1.01071227589 0.89301876432 1.35765016092 1.16161411889 1.03548199264 0.81988509468 1.02686808714 0.94560401496 0.86807549169 -143.3272599918 0.02970876251   -2 
  39 0.01061242736 0.00088868249 -216.94193397 0.38740071487 1.17066588826 1.11368788433 1.25316494752 1.24842173503 0.88370386182 1.12083138282 0.88163457057 1.14623066255 0.97866601581 1.01066072272 0.89312257154 1.35762622774 1.16132435470 1.03546815385 0.81968688443 1.02684187412 0.94545758660 0.86802609425 -143.3235561165 0.01270736674   -2 
  40 0.01059795046 0.00088834403 -216.84612303 0.38755625096 1.17052682531 1.11303740776 1.25373864304 1.24796667324 0.88377096372 1.12024808743 0.88158455546 1.14616226034 0.97851624955 1.01051297363 0.89333328935 1.35753423351 1.16065387702 1.03542115829 0.81924130126 1.02677600400 0.94513013768 0.86793096491 -143.3222801018 0.03709507412   -2 
  41 0.01052839857 0.00088892590 -216.25620656 0.38766378446 1.17020790522 1.11031594044 1.25649634075 1.24600080496 0.88414301272 1.11758395861 0.88138812413 1.14589642443 0.97784520694 1.00984745971 0.89436672626 1.35715110234 1.15749891960 1.03522829457 0.81712839743 1.02649093271 0.94358878029 0.86750066378 -143.3165552893 0.01498357697   -2 
  42 0.01042607474 0.00088904040 -215.46501584 0.38772924706 1.16899085768 1.10969430767 1.25661859736 1.24441182528 0.88431100181 1.11487108655 0.88102830877 1.14543556933 0.97695734681 1.00895065126 0.89559466569 1.35660299205 1.15350085538 1.03498256108 0.81427458706 1.02618471262 0.94158793685 0.86707622035 -143.3129568768 0.02203855300   -2 
  43 0.01039880589 0.00088885037 -215.34457373 0.38803331004 1.16871204970 1.11004215038 1.25583093007 1.24432248643 0.88423427155 1.11453921734 0.88091025036 1.14529141614 0.97675888976 1.00874688084 0.89581018810 1.35646334978 1.15268352365 1.03493034114 0.81362512425 1.02613916413 0.94116751123 0.86704857898 -143.3114326163 0.03484025972   -2 
  44 0.01033659487 0.00088982277 -215.04765798 0.38848821203 1.16841704200 1.11127512589 1.25365353264 1.24447236598 0.88401215667 1.11415737133 0.88065863698 1.14499512264 0.97637139477 1.00834338588 0.89623011520 1.35619355645 1.15106026557 1.03484526272 0.81225445449 1.02608477815 0.94032159450 0.86707322938 -143.3080876802 0.01690047304   -2 
  45 0.01027812346 0.00088928941 -214.77052047 0.38821508849 1.16828706999 1.11220768144 1.25111140315 1.24520055988 0.88353802810 1.11481985642 0.88039164698 1.14469742648 0.97615151296 1.00810398488 0.89627666930 1.35598265557 1.15036543726 1.03481641692 0.81138365704 1.02614527210 0.93992843203 0.86740323562 -143.3055613410 0.01273057772   -2 
  46 0.01023975835 0.00088977682 -214.74886987 0.38818738826 1.16858748248 1.11193894174 1.25054748630 1.24591316330 0.88314213724 1.11602907156 0.88026074607 1.14457866255 0.97619915031 1.00813977942 0.89600574153 1.35595479334 1.15079230676 1.03488601618 0.81130984579 1.02633067337 0.94014069568 0.86799369402 -143.3040681450 0.03884406222   -2 
  47 0.01011367145 0.00088954867 -214.80146334 0.38849540558 1.16921893684 1.11068219367 1.24894207383 1.24809785131 0.88179101277 1.12006775563 0.87980935819 1.14416014533 0.97637103105 1.00827612862 0.89501151984 1.35584573902 1.15240491020 1.03511681528 0.81119869697 1.02696748204 0.94096553212 0.87005293964 -143.2992264360 0.01857504876   -2 
  48 0.00997359106 0.00088873795 -214.84884679 0.38772949095 1.16822975151 1.10993209223 1.25062142356 1.24863259031 0.88096204201 1.12317691233 0.87956671414 1.14399356717 0.97677439592 1.00867698992 0.89380230864 1.35592002733 1.15501216576 1.03553668690 0.81189003354 1.02796767115 0.94265188395 0.87306128593 -143.2940115982 0.02654426372   -2 
  49 0.00988624572 0.00088823161 -215.04458147 0.38790170793 1.16775171213 1.10988884959 1.25210964515 1.24828576213 0.88073401137 1.12428646488 0.87950924099 1.14398537486 0.97705154717 1.00897149542 0.89310016967 1.35601882866 1.15671624386 1.03585063918 0.81255123701 1.02868304939 0.94394115217 0.87518308392 -143.2905814128 0.04893111059   -2 
  50 0.00966803776 0.00088888334 -215.51074162 0.38813460867 1.16712380058 1.11019650269 1.25603192095 1.24724502581 0.88037837722 1.12667238338 0.87945869513 1.14407460934 0.97779559588 1.00976934066 0.89140710126 1.35634884338 1.16105770202 1.03670249743 0.81435417721 1.03056456951 0.94734942651 0.88071681108 -143.2838834086 0.03195622176   -2 
  51 0.00966206848 0.00088920898 -215.48284268 0.38789019181 1.16761560929 1.11042606432 1.25571387598 1.24712673851 0.88055083458 1.12621542494 0.87952550625 1.14414442891 0.97781241801 1.00979984551 0.89147098324 1.35640123833 1.16106326629 1.03676288176 0.81448734166 1.03065627284 0.94753981583 0.88097887880 -143.2819321834 0.03882060280   -2 
  52 0.00963805529 0.00088777457 -215.47458172 0.38728669375 1.16983160506 1.11142778432 1.25335479812 1.24627861271 0.88151679975 1.12321430235 0.87986632526 1.14446821397 0.97780811266 1.00987875405 0.89191695419 1.35661945699 1.16078255446 1.03703834761 0.81517110906 1.03106889712 0.94847448483 0.88223920228 -143.2748258040 0.02523238533   -2 
  53 0.00962049678 0.00088851686 -215.69387761 0.38790768124 1.17054537091 1.11224984862 1.25179394340 1.24586495897 0.88256873764 1.12031690926 0.88029320525 1.14489471716 0.97782944980 1.00998437281 0.89256050024 1.35694829165 1.16028628488 1.03736611250 0.81590987378 1.03148904493 0.94940674205 0.88348286277 -143.2699582483 0.01818614746   -2 
  54 0.00961589921 0.00088890105 -215.71198019 0.38781277059 1.17024205361 1.11232290216 1.25169096661 1.24586875419 0.88285289389 1.11961527918 0.88042734935 1.14503100541 0.97784207617 1.01002107383 0.89278695244 1.35706842315 1.16010103691 1.03747632637 0.81615053887 1.03161873663 0.94969507477 0.88387358357 -143.2691352712 0.02655256692   -2 
  55 0.00959602849 0.00088858867 -215.83509775 0.38752382738 1.16807719751 1.11219195641 1.25148476125 1.24587873784 0.88398009192 1.11668481988 0.88097130739 1.14556626432 0.97785771194 1.01014316805 0.89379279601 1.35756167654 1.15919787173 1.03794538809 0.81722191901 1.03217080087 0.95096608419 0.88561771858 -143.2659681405 0.00948955291   -2 
  56 0.00957839981 0.00088846806 -216.01047000 0.38766769180 1.16852764566 1.11106089830 1.25226146383 1.24590853811 0.88412064303 1.11595922076 0.88114421042 1.14568149536 0.97777260694 1.01012365774 0.89449054141 1.35781191523 1.15837515398 1.03824899398 0.81806502696 1.03254840958 0.95199967116 0.88709636438 -143.2646613310 0.02706042819   -2 
  57 0.00956486612 0.00088884182 -216.11270205 0.38762701438 1.16898706179 1.11032012276 1.25287868842 1.24596377781 0.88419779867 1.11553964767 0.88126753558 1.14576425079 0.97771506614 1.01011287840 0.89501035962 1.35800309120 1.15776935510 1.03847949488 0.81870128959 1.03283620470 0.95278281734 0.88822254911 -143.2637093958 0.01181270305   -2 
  58 0.00953851504 0.00088819598 -216.22212644 0.38713903299 1.16935558062 1.11006902341 1.25344429745 1.24600492583 0.88397557982 1.11572653093 0.88131620240 1.14573733238 0.97759100140 1.01004670381 0.89575411073 1.35822140335 1.15681297309 1.03881907491 0.81974420545 1.03330593130 0.95410367576 0.89022030620 -143.2622917090 0.01339978674   -2 
  59 0.00948363619 0.00088766618 -216.59759296 0.38716303619 1.16941755019 1.11129765454 1.25365247811 1.24614236952 0.88331221661 1.11713186461 0.88125393442 1.14557254758 0.97740710347 1.00993384212 0.89690144218 1.35853227716 1.15532598989 1.03940321640 0.82159586296 1.03417905500 0.95652381730 0.89404963805 -143.2598545983 0.04148980415   -2 
  60 0.00942794015 0.00088807464 -216.93999198 0.38704057774 1.16960439653 1.11266681960 1.25385510535 1.24634979528 0.88268285462 1.11863137104 0.88120136378 1.14543404409 0.97725391270 1.00984610083 0.89802884055 1.35885795821 1.15391055448 1.03999662145 0.82344618314 1.03506462724 0.95895496686 0.89792091504 -143.2573313020 0.00830413050   -2 
  61 0.00939432267 0.00088816597 -217.08571768 0.38689610049 1.16965129662 1.11305041170 1.25365416118 1.24650293795 0.88252426398 1.11941094581 0.88116421347 1.14540883201 0.97725981855 1.00986087057 0.89841581822 1.35898761582 1.15351563873 1.04027785201 0.82429181462 1.03550640031 0.96013963814 0.89993960332 -143.2569172209 0.01931658484   -2 
  62 0.00933481297 0.00088772129 -217.34764528 0.38674523945 1.16963286174 1.11346859760 1.25317263668 1.24673924420 0.88232024942 1.12068258476 0.88108885493 1.14537377219 0.97729718158 1.00990368973 0.89898000370 1.35917803171 1.15298621705 1.04073912930 0.82567938187 1.03624718163 0.96212431999 0.90339544841 -143.2561227943 0.01242078229   -2 
  63 0.00929045083 0.00088801870 -217.45084692 0.38657007345 1.16984086482 1.11303345821 1.25288107537 1.24690590384 0.88252790688 1.12111744048 0.88107419193 1.14546545188 0.97745847744 1.01003699171 0.89901510628 1.35925314014 1.15322275380 1.04098451080 0.82631558459 1.03667163131 0.96318293970 0.90547345034 -143.2551291406 0.03062653447   -2 
  64 0.00905336004 0.00088734756 -218.07388283 0.38618397996 1.17053916482 1.11011592184 1.25122980935 1.24758262441 0.88378710678 1.12295324583 0.88097092428 1.14595430688 0.97835612298 1.01076921312 0.89890926281 1.35954414769 1.15486982323 1.04220592168 0.82945779407 1.03885281467 0.96859984546 0.91640680509 -143.2505883090 0.01779252585   -2 
  65 0.00911042107 0.00088767417 -217.89930544 0.38633721224 1.17016981192 1.11121097104 1.25191425224 1.24730814115 0.88348208019 1.12219430186 0.88101452817 1.14583826518 0.97813368838 1.01059368708 0.89883173099 1.35944980706 1.15460094363 1.04186636645 0.82852662064 1.03827458941 0.96709323762 0.91348786651 -143.2498112791 0.01638712871   -2 
  66 0.00912400390 0.00088748552 -217.85052990 0.38645769489 1.16993699764 1.11161192827 1.25220630698 1.24715374953 0.88341194608 1.12178966687 0.88103041172 1.14580571758 0.97807545987 1.01055004162 0.89872838586 1.35940070609 1.15463701595 1.04174972060 0.82817982737 1.03809700829 0.96659522232 0.91261148644 -143.2493379110 0.01636717343   -2 
  67 0.00915231348 0.00088780926 -217.65943717 0.38658992144 1.16943227738 1.11280735417 1.25319313191 1.24672190812 0.88332148428 1.12046390109 0.88110547799 1.14576887142 0.97797206598 1.01048340746 0.89831473294 1.35926796035 1.15499725648 1.04143572803 0.82715086751 1.03764117070 0.96521709920 0.91033470004 -143.2482326984 0.01156351465   -2 
  68 0.00915908578 0.00088755335 -217.57357843 0.38664750408 1.16934874770 1.11299480841 1.25346865693 1.24654006598 0.88332878295 1.11985194216 0.88113466641 1.14576302654 0.97795125207 1.01047364231 0.89806049444 1.35919705248 1.15528206887 1.04130015270 0.82667442311 1.03745833474 0.96463430227 0.90945526313 -143.2478347744 0.01689160526   -2 
  69 0.00917266790 0.00088762910 -217.30207667 0.38661715908 1.16944682862 1.11325816890 1.25410465065 1.24615494441 0.88341673714 1.11828272729 0.88122986725 1.14578685035 0.97793764079 1.01048361845 0.89734106290 1.35902774750 1.15616101203 1.04095696445 0.82539293162 1.03699725996 0.96310954025 0.90721330109 -143.2468661786 0.01053012853   -2 
  70 0.00917808547 0.00088752733 -217.13658707 0.38677826859 1.16962030197 1.11296973057 1.25419582136 1.24598704144 0.88351613015 1.11733700701 0.88129050484 1.14581556234 0.97795504870 1.01051165760 0.89677602247 1.35891004960 1.15688982862 1.04071908320 0.82444489879 1.03668035340 0.96202513294 0.90567574828 -143.2463768062 0.01501376792   -2 
  71 0.00918059019 0.00088781090 -217.00968193 0.38685082545 1.16978910810 1.11267550812 1.25416041662 1.24593940033 0.88360373076 1.11678383277 0.88133674941 1.14584926340 0.97798297643 1.01054427378 0.89637560111 1.35884109664 1.15743058156 1.04056187551 0.82377758275 1.03646885836 0.96127370473 0.90462381365 -143.2460189710 0.00865780865   -2 
  72 0.00917989903 0.00088783493 -216.88391677 0.38701307072 1.16974507211 1.11205056470 1.25372516905 1.24600605514 0.88370016467 1.11650108235 0.88136664402 1.14588200450 0.97803034067 1.01058980446 0.89591515946 1.35877276449 1.15806797996 1.04040035817 0.82302577158 1.03625220394 0.96045568078 0.90351755177 -143.2456607368 0.01118691856   -2 
  73 0.00917842869 0.00088806191 -216.79437029 0.38703684762 1.16967207981 1.11167631116 1.25339512311 1.24609001396 0.88375757459 1.11645868992 0.88138050195 1.14590401098 0.97806615411 1.01062246696 0.89564512409 1.35874111152 1.15845289077 1.04031257693 0.82258117619 1.03613381289 0.95998053443 0.90288282761 -143.2454508931 0.00797399766   -2 
  74 0.00917414066 0.00088798020 -216.68332283 0.38705816530 1.16931274772 1.11120681988 1.25279753831 1.24621230742 0.88379139418 1.11666506933 0.88136527105 1.14590407235 0.97810589703 1.01065484611 0.89530868088 1.35869596121 1.15891704095 1.04020908091 0.82202494638 1.03600068918 0.95940381620 0.90213208571 -143.2451944182 0.00770168739   -2 
  75 0.00917149716 0.00088809604 -216.63354863 0.38703288229 1.16915644625 1.11109041955 1.25255765079 1.24626284572 0.88379015442 1.11684328984 0.88134888936 1.14589591214 0.97812044899 1.01066535596 0.89518467507 1.35867977777 1.15908563072 1.04017417683 0.82181355443 1.03595809903 0.95919194804 0.90186070428 -143.2450960182 0.00626361549   -2 
  76 0.00916287237 0.00088804946 -216.55090937 0.38707254912 1.16871868178 1.11100819506 1.25202555899 1.24630048877 0.88371325995 1.11746369231 0.88126292697 1.14582517151 0.97812742311 1.01066150606 0.89494069128 1.35862605886 1.15937338786 1.04010634538 0.82138592992 1.03588983571 0.95878636036 0.90135669736 -143.2448895542 0.00728792741   -2 
  77 0.00915735828 0.00088820124 -216.50803457 0.38708213817 1.16858686098 1.11104800965 1.25182010317 1.24629578597 0.88365333578 1.11783802439 0.88120578889 1.14577541363 0.97812422489 1.01065219402 0.89483116794 1.35859581425 1.15948922480 1.04007789321 0.82118409223 1.03586729981 0.95860539831 0.90113519109 -143.2447841670 0.00712230641   -2 
  78 0.00914311320 0.00088820487 -216.44391793 0.38720609652 1.16844767570 1.11122111454 1.25151785267 1.24617936959 0.88346321720 1.11868700972 0.88104273506 1.14562012033 0.97808659202 1.01060165442 0.89462654210 1.35850591598 1.15964627060 1.04002170276 0.82079150451 1.03583967309 0.95827716011 0.90074565128 -143.2445599959 0.00725695213   -2 
  79 0.00913326133 0.00088833601 -216.39857599 0.38721279100 1.16854065259 1.11136101364 1.25149904694 1.24607796716 0.88333652423 1.11915727115 0.88093722652 1.14551694828 0.97805322246 1.01056159983 0.89453624325 1.35844886762 1.15968345642 1.03999957939 0.82059779701 1.03584275411 0.95813463903 0.90058313934 -143.2444181830 0.00940534626   -2 
  80 0.00910779672 0.00088812408 -216.30960688 0.38726293655 1.16884725687 1.11163929398 1.25163107353 1.24576653138 0.88301049275 1.12015492646 0.88066847400 1.14524592140 0.97794824677 1.01044337521 0.89436121582 1.35829477029 1.15968080237 1.03995699280 0.82019326193 1.03587207707 0.95787039848 0.90029789708 -143.2440809323 0.00744611647   -2 
  81 0.00909356978 0.00088817887 -216.26181112 0.38721485328 1.16904421040 1.11172448839 1.25187278134 1.24564734034 0.88288024172 1.12048242753 0.88055438883 1.14513235103 0.97789669695 1.01038778206 0.89432584490 1.35823152729 1.15962137450 1.03996062297 0.82005941905 1.03591868859 0.95782292121 0.90026497277 -143.2439098655 0.01071946663   -2 
  82 0.00905571497 0.00088782806 -216.17789024 0.38719282033 1.16939111317 1.11178778703 1.25259528680 1.24537407509 0.88258934204 1.12103924339 0.88028814271 1.14486570398 0.97775983520 1.01024483042 0.89429620461 1.35807875685 1.15939280227 1.03999594642 0.81980743406 1.03607241559 0.95780941069 0.90032598058 -143.2434755989 0.01033338696   -2 
  83 0.00900958712 0.00088803000 -216.10766057 0.38719114656 1.16957897113 1.11176296642 1.25346479312 1.24525559962 0.88239238726 1.12128956856 0.88007122711 1.14466194453 0.97763776063 1.01012059985 0.89436798724 1.35796891414 1.15907395387 1.04010188439 0.81966419667 1.03632380835 0.95797389223 0.90063663788 -143.2429444631 0.01898992945   -2 
  84 0.00891593635 0.00088781151 -216.02445286 0.38738374289 1.16959458333 1.11157229342 1.25499392136 1.24509454599 0.88207327518 1.12150442886 0.87968596030 1.14430524414 0.97740536355 1.00988786345 0.89456369446 1.35777525410 1.15840173562 1.04034589534 0.81946716380 1.03686769418 0.95841611350 0.90141984401 -143.2419739773 0.01538223411   -2 
  85 0.00890431490 0.00088818542 -216.01898353 0.38728449611 1.16930952982 1.11153618902 1.25463297128 1.24528073988 0.88220985135 1.12118808878 0.87976761493 1.14440521119 0.97744196101 1.00992992514 0.89466289540 1.35784448985 1.15835829076 1.04043552945 0.81959372246 1.03699655242 0.95864185342 0.90175620205 -143.2411852696 0.02611317670   -2 
  86 0.00883181016 0.00088815251 -216.13124661 0.38710691349 1.16674856514 1.11099290678 1.25128328297 1.24650891937 0.88323686365 1.11858283386 0.88041542758 1.14516088688 0.97771201030 1.01024588579 0.89535245228 1.35834276764 1.15810348142 1.04104453381 0.82060790982 1.03786182182 0.96030823744 0.90423797386 -143.2367648381 0.01318038479   -2 
  87 0.00881238746 0.00088827345 -216.28707345 0.38739394635 1.16825267709 1.11067472384 1.25080922805 1.24619275280 0.88339718339 1.11774096966 0.88060946333 1.14532538979 0.97776746756 1.01033208710 0.89551997067 1.35847183685 1.15808611213 1.04120687822 0.82114861673 1.03812465370 0.96106785459 0.90539752235 -143.2350560701 0.01709999203   -2 
  88 0.00880735897 0.00088846687 -216.30827275 0.38732828605 1.16867858418 1.11064526247 1.25081277906 1.24608089881 0.88342930026 1.11755766363 0.88066397733 1.14536903972 0.97778592683 1.01035991045 0.89556320150 1.35851229156 1.15809519166 1.04125261694 0.82131805120 1.03819915092 0.96129636881 0.90575194882 -143.2346609702 0.01430563143   -2 
  89 0.00879037831 0.00088778556 -216.38988447 0.38694700966 1.16962938656 1.11061750794 1.25119727113 1.24550497334 0.88344447629 1.11705421582 0.88082254941 1.14546474236 0.97782975225 1.01044118051 0.89568161244 1.35863021285 1.15815017231 1.04139516461 0.82198687563 1.03845355088 0.96216991889 0.90714502336 -143.2334615159 0.01047444198   -2 
  90 0.00876715991 0.00088766688 -216.67987750 0.38704280213 1.16860273870 1.11132366651 1.25266553212 1.24504992034 0.88337985757 1.11711429398 0.88102325229 1.14558221401 0.97793454942 1.01060003878 0.89582009561 1.35885776671 1.15837492053 1.04162352178 0.82307392872 1.03884855949 0.96353474076 0.90943802228 -143.2317441487 0.02755031230   -2 
  91 0.00875543419 0.00088804193 -216.80363480 0.38698181856 1.16819191203 1.11169923968 1.25338877697 1.24489246615 0.88335744907 1.11719942969 0.88112738532 1.14564990703 0.97799603829 1.01068760528 0.89589228111 1.35898277683 1.15850068839 1.04174447779 0.82362410057 1.03905183790 0.96422645491 0.91060583605 -143.2309209855 0.00865216996   -2 
  92 0.00873574962 0.00088760846 -216.92880694 0.38654030639 1.16868148662 1.11157108622 1.25320363794 1.24524568690 0.88328804346 1.11775138627 0.88117652930 1.14566855950 0.97806927608 1.01079027082 0.89594302310 1.35912636502 1.15872362369 1.04191481537 0.82440950462 1.03933430718 0.96525855893 0.91247134689 -143.2299084736 0.01559290520   -2 
  93 0.00872777386 0.00088728974 -217.00533022 0.38652102929 1.16889089382 1.11147584289 1.25302880256 1.24541331384 0.88326110123 1.11798118275 0.88118390836 1.14566747217 0.97809420928 1.01082545911 0.89595672136 1.35917494628 1.15881006227 1.04197875384 0.82470351610 1.03944106294 0.96565154429 0.91319979964 -143.2295328634 0.01522191451   -2 
  94 0.00869618002 0.00088757458 -217.31674562 0.38664692133 1.16996443833 1.11120698339 1.25223750895 1.24625551137 0.88322725135 1.11894947936 0.88121341689 1.14569667723 0.97821642823 1.01098123369 0.89601594323 1.35938504745 1.15917131403 1.04224149272 0.82578534735 1.03985997015 0.96712178247 0.91598034614 -143.2281519605 0.00712577535   -2 
  95 0.00868922766 0.00088772782 -217.34384729 0.38657375950 1.16974526607 1.11130929586 1.25221104800 1.24637370179 0.88326854728 1.11906795216 0.88121630751 1.14571897263 0.97824706441 1.01101248895 0.89602817463 1.35942340194 1.15923899581 1.04229256449 0.82593115031 1.03993739933 0.96733874148 0.91645017881 -143.2279488288 0.01411780917   -2 
  96 0.00866216107 0.00088751132 -217.46275538 0.38642441802 1.16854710642 1.11170021022 1.25213788839 1.24670606087 0.88343153961 1.11941657952 0.88120578034 1.14578798395 0.97834878915 1.01111347164 0.89606233166 1.35954119360 1.15947437692 1.04247253560 0.82642397623 1.04021637595 0.96809721440 0.91816906613 -143.2272205152 0.00662858568   -2 
  97 0.00864978080 0.00088749403 -217.50402987 0.38660393750 1.16899782018 1.11165467684 1.25231004378 1.24644965974 0.88349062366 1.11923155012 0.88117293635 1.14579033903 0.97835473627 1.01111445468 0.89605761390 1.35952820403 1.15950090785 1.04251145470 0.82643804990 1.04028824832 0.96821278303 0.91859907487 -143.2268086111 0.01531319732   -2 
  98 0.00863877970 0.00088774895 -217.51355250 0.38665478009 1.16946133085 1.11163227401 1.25249715064 1.24622522006 0.88354970037 1.11905651563 0.88114985669 1.14580039302 0.97836334853 1.01111805360 0.89605683327 1.35952069583 1.15952325429 1.04254737180 0.82643437660 1.04035152855 0.96829728387 0.91894987628 -143.2264686465 0.00935662115   -2 
  99 0.00860514219 0.00088731382 -217.43807176 0.38638119760 1.17023192531 1.11148052088 1.25297648925 1.24552652103 0.88368990928 1.11842435658 0.88107784284 1.14581554573 0.97836703620 1.01110623312 0.89604724978 1.35946999745 1.15954073308 1.04263543673 0.82630173506 1.04051637719 0.96841537400 0.91979156548 -143.2255790823 0.00990631562   -2 
 100 0.00859662186 0.00088712525 -217.43518986 0.38641292382 1.17011239353 1.11147187226 1.25302841847 1.24543459008 0.88371433387 1.11829774522 0.88106740647 1.14582237962 0.97836856976 1.01110478568 0.89604801973 1.35946291705 1.15954135108 1.04265951004 0.82625431470 1.04055833218 0.96842772174 0.91996817728 -143.2253680305 0.01393317146   -2 
 101 0.00849285736 0.00088774942 -217.34365090 0.38667063284 1.16774013604 1.11181460225 1.25351771931 1.24500080276 0.88403473105 1.11708411849 0.88104668541 1.14600923462 0.97845087261 1.01115438578 0.89611715080 1.35949094782 1.15958776474 1.04300905476 0.82564017338 1.04111453595 0.96853110597 0.92197585303 -143.2229300404 0.01232805358   -2 
 102 0.00846763807 0.00088793371 -217.28382631 0.38654083822 1.16779265352 1.11172404670 1.25331417490 1.24504401854 0.88403008435 1.11695956153 0.88103706662 1.14601701458 0.97845144442 1.01115413678 0.89612787339 1.35949428542 1.15958374405 1.04308889604 0.82550546850 1.04124832689 0.96857522225 0.92243039182 -143.2223644550 0.02388142139   -2 
 103 0.00834642517 0.00088707290 -217.05705015 0.38618530401 1.16844467899 1.11092307052 1.25183762897 1.24529401437 0.88385300171 1.11651056885 0.88094631830 1.14595324454 0.97839408144  1.0111049831 0.89614724740 1.35946012764  1.1595144903 1.04344372292 0.82486809785 1.04187487027 0.96880695414 0.92458572413 -143.2197198661 0.01836524839   -2 
 104 0.00827568459 0.00088738043 -217.07550361 0.38668755467 1.16911226758 1.11056244906 1.25107952679 1.24553732875 0.88363792507 1.11662884649 0.88089452775 1.14585866476 0.97833835718 1.01107303374 0.89615599839 1.35946057615 1.15947699338 1.04365474280 0.82461731399 1.04227063851 0.96907129841 0.92587654982 -143.2175939091 0.02130502413   -2 
 105 0.00825994502 0.00088772908 -217.06811158 0.38672107301 1.16923721513 1.11054574512 1.25099250191 1.24560765886 0.88358727769 1.11671615961 0.88088945751 1.14583879357 0.97832901074 1.01107135052 0.89616157262 1.35947140038 1.15947554400 1.04370630080 0.82458729913 1.04236737761 0.96915632296 0.92617422665 -143.2171601731 0.00966954439   -2 
 106 0.00820553508 0.00088750087 -217.04155856 0.38636572726 1.16809176798 1.11097163963 1.25159010882 1.24569018521 0.88324082722 1.11772187993 0.88086280023  1.1456413253 0.97824329505 1.01105564882 0.89616468065 1.35953676838 1.15948579351 1.04387672055 0.82485643688 1.04276627138 0.96981335435 0.92731240323 -143.2157701552 0.01823395025   -2 
 107 0.00819273431 0.00088724175 -217.06057610 0.38638541938 1.16785204993 1.11104343879 1.25172879603 1.24567779158 0.88315250965 1.11796408923 0.88085185136 1.14558482504 0.97821732764 1.01104823248 0.89616200873 1.35954807433 1.15948670359 1.04391414059 0.82494356872 1.04286198301 0.96999313526 0.92759023105 -143.2154169886 0.01142751326   -2 
 108 0.00815521004 0.00088759929 -217.18603638 0.38668552842 1.16801300267 1.11123330826 1.25224484054 1.24557976858 0.88293839681 1.11873497618 0.88083934697 1.14543162634 0.97815353030 1.01104970741 0.89616502440 1.35961495270 1.15952503154 1.04403929799 0.82537912449 1.04318220479 0.97071321963 0.92849244613 -143.2144199772 0.01073429057   -2 
 109 0.00814354455 0.00088777031 -217.20703098 0.38664983848 1.16822299335 1.11125734383 1.25236786749 1.24554502095 0.88289656986 1.11894425848 0.88084152657 1.14539519723 0.97814002075 1.01105715614 0.89616961018 1.35964289393 1.15954646147 1.04408257156 0.82555388100 1.04329008352 0.97098070122 0.92879549204 -143.2141930250 0.01408822643   -2 
 110 0.00805883914 0.00088700838 -217.37593520 0.38626524388 1.16988175120 1.11108241678 1.25287530600 1.24516107100 0.88265360209 1.12021533294 0.88084336367 1.14512954843 0.97803365580 1.01110623533 0.89619302437 1.35982489482 1.15970828160 1.04438997745 0.82697410560 1.04408808655 0.97309112577 0.93109058284 -143.2125177956 0.00986496669   -2 
 111 0.00803893140 0.00088679900 -217.45170211 0.38631190667 1.16974903759 1.11109912500 1.25282991820 1.24518611729 0.88269856392 1.12031282239 0.88087181254 1.14513975911 0.97804754210 1.01114775285 0.89621937845 1.35989436466 1.15977771368 1.04448419452 0.82735154844 1.04429541239 0.97363596017 0.93168559021 -143.2121549008 0.01984827545   -2 
 112 0.00788864805 0.00088741712 -217.97498560 0.38636363032 1.16829152700 1.11153496521 1.25238992485 1.24572265789 0.88328286995 1.12074863437 0.88118214184 1.14541430260 0.97826775443 1.01155724013 0.89648777403 1.36052459705 1.16040057765 1.04527236437 0.83031239790 1.04593408166 0.97788865206 0.93634522584 -143.2093958313 0.01518858722   -2 
 113 0.00781878520 0.00088729201 -218.12196457 0.38590515142 1.16799741471 1.11156808305 1.25206452021 1.24593825436 0.88357835695 1.12057333930 0.88131574656 1.14559224665 0.97839575741 1.01174887215 0.89662142413 1.36079327697 1.16068760325 1.04564633622 0.83163629176 1.04668490485 0.97983341224 0.93857924448 -143.2082336874 0.02537775540   -2 
 114 0.00778199915 0.00088675204 -218.21374795 0.38574495377 1.16791763024 1.11150058465 1.25185090194 1.24600041192 0.88371549665 1.12038201100 0.88137074740 1.14567993112 0.97845817717 1.01183885838 0.89668650324 1.36091380208 1.16082668524 1.04583729712 0.83230619829 1.04706931186 0.98083454300 0.93976562426 -143.2074834939 0.01029931867   -2 
 115 0.00768952076 0.00088662743 -218.45476502 0.38574123900 1.16981734073 1.11102672169 1.25155025879 1.24590111257 0.88395011348 1.11910152717 0.88143812822 1.14597159299 0.97865874913 1.01203211579 0.89686133435 1.36111102418 1.16112254176 1.04631506482 0.83361947793 1.04794329390 0.98300639646 0.94281082304 -143.2060428106 0.00853864411   -2 
 116 0.00769329162 0.00088675541 -218.43456566 0.38571879395 1.16963597134 1.11109451555 1.25162977150 1.24590472947 0.88392912147 1.11914510963 0.88143291019 1.14596522896 0.97865567139 1.01202346949 0.89685698921 1.36109936820 1.16110718683 1.04629677618 0.83352346593 1.04789941633 0.98287299249 0.94268633644 -143.2059485872 0.00723266936   -2 
 117 0.00770024451 0.00088673718 -218.39321397 0.38574219874 1.16890331113 1.11129729069 1.25192315251 1.24586494935 0.88383415561 1.11917116934 0.88140097345 1.14595142705 0.97865322148 1.01199224672 0.89684870817 1.36104828447 1.16105569457 1.04625793657 0.83320233674 1.04778367516 0.98247625701 0.94245225321 -143.2057425943 0.00387402135   -2 
 118 0.00769970845 0.00088683675 -218.38195355 0.38574467123 1.16894512582 1.11130329127 1.25197211651 1.24584165138 0.88380684909 1.11912581939 0.88138914179 1.14595427545 0.97865780788 1.01198536220 0.89685047934 1.36103272879 1.16104439622 1.04625842854 0.83311838264 1.04776689506 0.98239544234 0.94246781285 -143.2056997665 0.00632951313   -2 
 119 0.00769323174 0.00088695853 -218.29041960 0.38594704499 1.16925807294 1.11126129916 1.25242111114 1.24551337931 0.88346693481 1.11856638454 0.88123221100 1.14595809967 0.97869076291 1.01188752818 0.89685757593 1.36082757197 1.16089605736 1.04625159909 0.83213742518 1.04756263229 0.98144550354 0.94264661344 -143.2053416294 0.00667696873   -2 
 120 0.00768737856 0.00088670909 -218.16902033 0.38586123465 1.16917155248 1.11120708517 1.25259513938 1.24531627600 0.88322853993 1.11817468990 0.88111096157 1.14595651711 0.97871335022 1.01180733902 0.89686202825 1.36066604339 1.16077603652 1.04624711609 0.83131126588 1.04739461731 0.98064665355 0.94280967212 -143.2050433746 0.00811059013   -2 
 121 0.00768584141 0.00088677822 -218.13561041 0.38582289140 1.16913332691 1.11120436139 1.25261060855 1.24529251052 0.88318435873 1.11810137725 0.88108642874 1.14595879682 0.97872018737 1.01179085482 0.89686460880 1.36063261017 1.16075027059 1.04624835597 0.83110958981 1.04735614287 0.98045173598 0.94285406609 -143.2049775825 0.00400106957   -2 
 122 0.00767934678 0.00088700709 -218.07923746 0.38595200177 1.16854192961 1.11114895845 1.25214667603 1.24541489173 0.88317894841 1.11810150705 0.88103721734 1.14594533901 0.97872227392 1.01174488376 0.89686672910 1.36055828365 1.16068121110 1.04625660194 0.83044634407 1.04724226404 0.97982083337 0.94304724416 -143.2047676837 0.00287879221   -2 
 123 0.00767661571 0.00088690676 -218.05388147 0.38592816241 1.16849838924 1.11105588810 1.25190083063 1.24544518079 0.88321006059 1.11816722778 0.88102312608 1.14591189496 0.97869963883 1.01172392466 0.89685449508 1.36053545446 1.16065647710 1.04625078312 0.83025343049 1.04720909872 0.97964189606 0.94312237541 -143.2047181822 0.00532099533   -2 
 124 0.00767422409 0.00088693252 -218.02949732 0.38588712050 1.16851705961 1.11098306549 1.25170800072 1.24547217075 0.88324391734 1.11823573086 0.88101427420 1.14588216039 0.97867868332 1.01170724122 0.89684336718 1.36052000150 1.16063788008 1.04624585847 0.83010175570 1.04718459899 0.97950274918 0.94318804323 -143.2046784000 0.00235721846   -2 
 125 0.00766953524 0.00088699656 -218.02579899 0.38594971451 1.16874259981 1.11086782582 1.25152389689 1.24545341000 0.88331590935 1.11838521619 0.88100258607 1.14580191800 0.97861646472 1.01167387527 0.89680844093 1.36049886737 1.16060821748 1.04622691793 0.82992517770 1.04716113806 0.97935159573 0.94330890813 -143.2046229759 0.00189746394   -2 
 126 0.00766319525 0.00088687319 -218.02475885 0.38593716856 1.16876870064 1.11086364320 1.25162310333 1.24537131523 0.88338848236 1.11853867202 0.88099592443 1.14569884912 0.97852841872 1.01163659951 0.89675594985 1.36048439884 1.16058105573 1.04619828497 0.82982568364 1.04715949743 0.97928383740 0.94346822496 -143.2045731013 0.00698445586   -2 
 127 0.00764764919 0.00088684133 -218.01410294 0.38585625444 1.16883819353 1.11090057491 1.25191822941 1.24519164004 0.88356649121 1.11890844459 0.88098725423 1.14546131476 0.97832191268 1.01155351048 0.89663254633 1.36045923002 1.16052267357 1.04613354597 0.82960421097 1.04716450142 0.97913989176 0.94386140904 -143.2044431374 0.00363955761   -2 
 128 0.00763054811 0.00088687013 -218.02108793 0.38584276001 1.16884068909 1.11096594981 1.25221682914 1.24503769720 0.88373344348 1.11925251087 0.88098328787 1.14523447091 0.97811739558 1.01147484548 0.89650761621 1.36044108879 1.16046896657 1.04607223179 0.82939924246 1.04718318295 0.97902177426 0.94429918676 -143.2043843066 0.00574554550   -2 
 129 0.00762121451 0.00088682720 -218.03645142 0.38588216465 1.16879687431 1.11099674956 1.25233342639 1.24497899997 0.88380219118 1.11939413542 0.88098229606 1.14513192009 0.97802030565 1.01143886230 0.89644616937 1.36043442023 1.16044466656 1.04604464836 0.82930778476 1.04720001949 0.97897806649 0.94454064919 -143.2043321926 0.00469626118   -2 
 130 0.00760604782 0.00088699914 -218.06468381 0.38593915224 1.16870280664 1.11106068737 1.25241472587 1.24497981552 0.88386312529 1.11951095290 0.88099172272 1.14503707807 0.97791236669 1.01140735479 0.89637153084 1.36044242943 1.16042621112 1.04602246139 0.82921625183 1.04725004381 0.97896966867 0.94494195300 -143.2042473441 0.00482804045   -2 
 131 0.00758158328 0.00088697446 -218.11342551 0.38599296163 1.16847846101 1.11109104418 1.25231094763 1.24507332055 0.88386194990 1.11949776393 0.88100839530 1.14497890079 0.97780740261 1.01138545867 0.89628432983 1.36046586513 1.16041723508 1.04601463579 0.82915138526 1.04735778869 0.97904527457 0.94559846524 -143.2041184571 0.01033443582   -2 
 132 0.00748931604 0.00088730464 -218.25461163 0.38593790748 1.16779074692 1.11118042749 1.25179690659 1.24551265651 0.88379130846 1.11930437636 0.88108183478 1.14485652089 0.97748473859 1.01133892337 0.89599408458 1.36057714847 1.16041229252 1.04602013019 0.82898561986 1.04779850650 0.97942206635 0.94810791683 -143.2036292088 0.01167174814   -2 
 133 0.00739304447 0.00088701750 -218.39185219 0.38575812640 1.16731690734 1.11106818146 1.25114578145 1.24585447289 0.88362438662 1.11894598406 0.88112998705 1.14477872399 0.97720541082 1.01130043616 0.89572183905 1.36067404179 1.16041182839 1.04605057642 0.82889139078 1.04828137497 0.97991313373 0.95076138019 -143.2030997658 0.01468694130   -2 
 134 0.00732296726 0.00088708164 -218.47581796 0.38552038831 1.16725626360 1.11092529656 1.25071160424 1.24602853046 0.88347452554 1.11863969069 0.88115491241 1.14475740824 0.97704559314 1.01128562035 0.89555085256 1.36074353842 1.16042271105 1.04609624681 0.82887446940 1.04865296578 0.98033686026 0.95271925959 -143.2027303817 0.01082692481   -2 
 135 0.00728799688 0.00088680883 -218.55185098 0.38551153628 1.16766859124 1.11064426074 1.25058280646 1.24582966305 0.88332229768 1.11838489294 0.88111684382 1.14478924834 0.97705159304 1.01128860760 0.89552278052 1.36074382011 1.16043474082 1.04616175504 0.82898229838 1.04886462400 0.98068634861 0.95369646157 -143.2023172905 0.01578237093   -2 
 136 0.00722384161 0.00088692240 -218.68195639 0.38541373427 1.16870057255 1.11012391102 1.25049341556 1.24534767129 0.88302641537 1.11790008865 0.88103174888 1.14489675928 0.97713531248 1.01131633569 0.89552226626 1.36074437799 1.16047740611 1.04632502831 0.82926750027 1.04928383903 0.98143350591 0.95550532414 -143.2016675564 0.00610138336   -2 
 137 0.00715526009 0.00088712762 -218.94368544 0.38548059915 1.16817224707 1.11006370978 1.25136468229 1.24408977545   0.882660637 1.11743544379 0.88076821954 1.14523755994 0.97772034585 1.01145656505 0.89590700777 1.36066740826 1.16063304295 1.04681745230 0.83027084299 1.04993919481 0.98304225084 0.95742469320 -143.2008573411 0.01025788670   -2 
 138 0.00713765240 0.00088724676 -218.99364231 0.38537778492 1.16802432712 1.11009192941 1.25155776492 1.24381387051 0.88258171082 1.11734545732 0.88069554384 1.14532700674 0.97789075264 1.01149770023 0.89602833505 1.36064478886 1.16067941962 1.04696491903 0.83057483453 1.05012033352 0.98351240978 0.95791634040 -143.2006667587 0.01071881607   -2 
 139 0.00710772816 0.00088694646 -219.08372120 0.38517336538 1.16770446084 1.11013823633 1.25174279643 1.24341508984 0.88245909023 1.11722250762 0.88055495939 1.14545575913 0.97818908402 1.01156071831 0.89625590526 1.36058668773 1.16075494429 1.04723595095 0.83115168196 1.05043812289 0.98438667493 0.95874138552 -143.2003404607 0.00485912552   -2 
 140 0.00705535337 0.00088682309 -219.32452256 0.38497700061 1.16842034413 1.11043111074 1.25058987555 1.24417820495 0.88256605513 1.11754089817 0.88030471143 1.14546033776 0.97869408865 1.01164500059 0.89682082185 1.36043511665 1.16090354979 1.04790029845 0.83264867894 1.05109351187 0.98653699249 0.96008650163 -143.1996848398 0.00874078057   -2 
 141 0.00704936465 0.00088671916 -219.36076082 0.38499517756 1.16845583779 1.11045007076 1.25047917714 1.24427826747 0.88258628843 1.11758625347 0.88028142801 1.14545336931 0.97874208961 1.01165299273 0.89688381261 1.36041980070 1.16092001363 1.04797687588 0.83282581317 1.05116889241 0.98679072887 0.96023788943 -143.1996116490 0.00420652766   -2 
 142 0.00704058888 0.00088686210 -219.42207862 0.38506966237 1.16834529776 1.11046522880 1.25056788930 1.24452948068 0.88268701310 1.11773170715 0.88030259711 1.14542463802 0.97876361167 1.01167148239 0.89697193589 1.36043604432 1.16095618789 1.04809911658 0.83311656829 1.05128841490   0.987202909 0.96045055743 -143.1995074752 0.00312298611   -2 
 143 0.00703192437 0.00088677225 -219.45151187 0.38499765014 1.16803168698 1.11040382042 1.25100644114 1.24480075128 0.88286832147 1.11795217082 0.88040856157 1.14535819984 0.97868463413 1.01169155260 0.89703212538 1.36050753058 1.16100041150 1.04821622105 0.83342913775 1.05140994975 0.98764763903 0.96063938242 -143.1994061165 0.00173344402   -2 
 144 0.00703241479 0.00088677444 -219.44172646 0.38501157879 1.16829276335 1.11041296321 1.25102233719 1.24470387249 0.88287674818 1.11794593955 0.88044859802 1.14535339180 0.97863354554 1.01169330893 0.89700517232 1.36053898080 1.16100316777 1.04820065756 0.83340838559 1.05140333408 0.98763281715 0.96061846185 -143.1993824455 0.00171814874   -2 
 145 0.00703244763 0.00088674745 -219.44030141 0.38501614083 1.16831840737 1.11041467702 1.25102999052 1.24468814117 0.88288062993 1.11794710336 0.88045883432 1.14535194091 0.97862133781 1.01169395785 0.89699966118 1.36054714317 1.16100443983 1.04819834505 0.83340674319 1.05140298395 0.98763310562 0.96061539228 -143.1993794278 0.00099422037   -2 
 146 0.00703229057 0.00088670132 -219.41852427 0.38499712650 1.16837031983 1.11046126474 1.25114368318 1.24462283131 0.88293415048 1.11798479069 0.88055751392 1.14534923478 0.97852453042 1.01170902024 0.89696241153 1.36063036210 1.16102563114 1.04819220888 0.83341325471 1.05141113105 0.98765148485 0.96060236962 -143.1993684102 0.00116399054   -2 
 147 0.00703204241 0.00088666635 -219.40111981 0.38501174891 1.16838043567 1.11050792415 1.25125220290 1.24457957218 0.88299254119 1.11802911327 0.88066252123 1.14535033107 0.97842614120 1.01172872876 0.89692532265 1.36072194565 1.16105136292 1.04818886485 0.83342437271 1.05142305018 0.98768113560 0.96059040119 -143.1993620544 0.00174792657   -2 
 148 0.00703185809 0.00088668969 -219.38943819 0.38502223010 1.16838257650 1.11053810997 1.25131454248 1.24456685098 0.88303027828 1.11805979189 0.88072893670 1.14535426384 0.97836773075 1.01174348031 0.89690366092 1.36078195931 1.16106978714 1.04818882369 0.83343327699 1.05143235765 0.98770256679 0.96058439783 -143.1993573359 0.00103265435   -2 
 149 0.00703167409 0.00088669025 -219.38241522 0.38504434513 1.16836405042 1.11054798328 1.25133188105 1.24458228627 0.88305440321 1.11808220040 0.88077230469 1.14536107860 0.97833376401 1.01175593433 0.89689107708 1.36082528937 1.16108541423 1.04819189063 0.83344253363 1.05144148934 0.98772160958 0.96058319342 -143.1993541995 0.00095538769   -2 
 150 0.00703148855 0.00088671281 -219.37384672 0.38505424400 1.16834818877 1.11055066188 1.25132894540 1.24461317219 0.88307196084 1.11810107329 0.88080394339 1.14537053993 0.97831372649 1.01176839730 0.89688383853 1.36086069733 1.16110029522 1.04819715688 0.83345231188 1.05145127186 0.98774125665 0.96058369269 -143.1993520888 0.00100559361   -2 
 151 0.00703096455 0.00088669559 -219.34985328 0.38507319847 1.16830097677 1.11053703428 1.25128245664 1.24471056478 0.88310590505 1.11814258349 0.88086949011 1.14539763488 0.97827929750 1.01180100761 0.89687103152 1.36094257645 1.16113839769 1.04821358418 0.83347948194 1.05147821563 0.98779400248 0.96058824890 -143.1993468577 0.00118844418   -2 
 152 0.00703053195 0.00088669824 -219.32796841 0.38507621921 1.16828083243 1.11052613269 1.25124296297 1.24478798647 0.88312891615 1.11817289626 0.88091502360 1.14542044277 0.97825955904 1.01182672103 0.89686380335 1.36100354991 1.16116868228 1.04822809062 0.83350188778 1.05150036542 0.98783615356 0.96059398207 -143.1993440155 0.00086237982   -2 
 153 0.00703025898 0.00088665978 -219.31470948 0.38507485538 1.16830478327 1.11051783998 1.25122065911 1.24481281942 0.88312920381 1.11817869494 0.88092164942 1.14543218430 0.97826513374 1.01183814094 0.89686567928 1.36102334006 1.16118285260 1.04823757933 0.83351480688 1.05151309189 0.98785827729 0.96060032178 -143.1993413373 0.00130694534   -2 
 154 0.00702995343 0.00088665623 -219.29922019 0.38506889266 1.16834769223 1.11051515720 1.25120470874 1.24483381433 0.88312646025 1.11818255174 0.88092258116 1.14544573645 0.97827861626 1.01185044832 0.89687083920 1.36104009090 1.16119782223 1.04824916941 0.83352920849 1.05152742745 0.98788346873 0.96060855316 -143.1993382834 0.00086307395   -2 
 155 0.00702886740 0.00088662006 -219.25573767 0.38509668061 1.16848668480 1.11052214645 1.25118248029 1.24486743017 0.88310367671 1.11818213688 0.88090005499 1.14548970718 0.97834906992 1.01188758998 0.89689839738 1.36107492756 1.16124421672 1.04829094539 0.83357843016 1.05157684313 0.98797140925 0.96063911284 -143.1993323227 0.00108616780   -2 
 156 0.00702882268 0.00088665057 -219.25512032 0.38510015139 1.16845663471 1.11053523716 1.25120323083 1.24486193229 0.88310465430 1.11818319832 0.88089646656 1.14549153051 0.97835694692 1.01188832480 0.89690277129 1.36107209334 1.16124522661 1.04829343924 0.83358018637 1.05157881249 0.98797378740 0.96064364149 -143.1993293951 0.00138945713   -2 
 157 0.00702870446 0.00088665749 -219.25502574 0.38511654325 1.16838244798 1.11055779021 1.25124428768 1.24484560059 0.88310500276 1.11818338311 0.88088668386 1.14549433072 0.97837476992 1.01188931980 0.89691243915 1.36106415580 1.16124688724 1.04829874347 0.83358420400 1.05158328952 0.98797808706 0.96065308655 -143.1993249963 0.00055713216   -2 
 158 0.00702848166 0.00088665022 -219.24669213 0.38510773398 1.16833655987 1.11057360300 1.25128574189 1.24482287426 0.88310409257 1.11818221620 0.88087097315 1.14549804592 0.97840187026 1.01189119387 0.89692756352 1.36105155277 1.16124949108 1.04830827447 0.83359117070 1.05159110125 0.98798696889 0.96066838937 -143.1993228255 0.00056007380   -2 
 159 0.00702838295 0.00088663782 -219.24406987 0.38510932941 1.16833375944 1.11057449882 1.25129460905 1.24481479637 0.88310322190 1.11818114343 0.88086471459 1.14549897158 0.97841195458 1.01189147481 0.89693335003 1.36104637224 1.16125033506 1.04831204900 0.83359391315 1.05159408482 0.98799072902 0.96067419900 -143.1993222433 0.00066803742   -2 
 160 0.00702706638 0.00088661577 -219.20687601 0.38512306506 1.16840149991 1.11057823370 1.25138294743 1.24473209512 0.88309548226 1.11817207580 0.88078966777 1.14551385307 0.97854031144 1.01189849934 0.89700832376 1.36098510284 1.16126362424 1.04836158648 0.83363044539 1.05163413946 0.98804999461 0.96074948862 -143.1993162504 0.00064162871   -2 
 161 0.00702674056 0.00088662858 -219.19851351 0.38512939237 1.16841473375 1.11058072392 1.25139058616 1.24472734084 0.88309596086 1.11817295707 0.88077718188 1.14551841509 0.97856633728 1.01190103362 0.89702482812 1.36097507124 1.16126780137 1.04837324005 0.83363922088 1.05164429463 0.98806267972 0.96076808457 -143.1993152584 0.00085813493   -2 
 162 0.00702589950 0.00088663271 -219.17919634 0.38515430861 1.16843418061 1.11058447257 1.25139180978 1.24472920255 0.88309863337 1.11817713869 0.88075114441 1.14552992365 0.97862581130 1.01190786064 0.89706427720 1.36095404852 1.16127875218 1.04840195926 0.83366112858 1.05166981924 0.98809509527 0.96081618077 -143.1993129931 0.00070306597   -2 
 163 0.00702508207 0.00088660783 -219.15960479 0.38516792446 1.16842528846 1.11058767863 1.25137028088 1.24475571841 0.88310485452 1.11818606258 0.88073913383 1.14554158230 0.97866844275 1.01191640280 0.89709652328 1.36094460816 1.16129032758 1.04842733183 0.83368118805 1.05169344774 0.98812468145 0.96085937513 -143.1993109049 0.00162059746   -2 
 164 0.00702272400 0.00088660419 -219.09891475 0.38518220498 1.16839892523 1.11060519367 1.25130449678 1.24485302774 0.88312793250 1.11821853698 0.88071753249 1.14557783255 0.97877986623 1.01194382971 0.89718502529 1.36092912575 1.16132594674 1.04849935638 0.83373867953 1.05176172683 0.98821020479 0.96098274323 -143.1993027760 0.00088336627   -2 
 165 0.00702143465 0.00088658236 -219.06763174 0.38519563523 1.16838384955 1.11061265424 1.25127227883 1.24490499559 0.88314094850 1.11823678339 0.88071195156 1.14559679364 0.97883149952 1.01195895031 0.89722902962 1.36092611967 1.16134532281 1.04853656923 0.83376912259 1.05179797420 0.98825675783 0.96104950141 -143.1993015172 0.00064338656   -2 
 166 0.00702195710 0.00088659937 -219.08541489 0.38520125544 1.16841409184 1.11060893959 1.25131961274 1.24487327332 0.88313860462 1.11823279938 0.88073985509 1.14558761108 0.97877476653 1.01195454434 0.89719399267 1.36095098993 1.16133838190 1.04851329530 0.83375323522 1.05177943709 0.98823208834 0.96101816974 -143.1992989212 0.00052020993   -2 
 167 0.00702234775 0.00088660041 -219.10049958 0.38519218556 1.16844359809 1.11060783402 1.25138535742 1.24484462233 0.88314168932 1.11823585156 0.88079521499 1.14557967886 0.97868514928 1.01195489479 0.89714478358 1.36100213949 1.16133501944 1.04848534700 0.83373662705 1.05175974182 0.98820567505 0.96098898005 -143.1992967801 0.00058719648   -2 
 168 0.00702233508 0.00088658750 -219.10100619 0.38519071568 1.16843841857 1.11060842351 1.25138570987 1.24484603557 0.88314284164 1.11823724278 0.88080238136 1.14557969423 0.97867557846 1.01195554665 0.89714001564 1.36100921677 1.16133563614 1.04848332269 0.83373580626 1.05175890922 0.98820555757 0.96098828956 -143.1992962074 0.00059695606   -2 
 169 0.00702222345 0.00088657959 -219.09964041 0.38517883215 1.16842122764 1.11061550296 1.25138177775 1.24485927653 0.88314884527 1.11824469742 0.88082732164 1.14558228519 0.97864677845 1.01195986069 0.89712631361 1.36103472043 1.16133973808 1.04847901536 0.83373481480 1.05175842277 0.98820612321 0.96098883263 -143.1992948708 0.00042517727   -2 
 170 0.00702172913 0.00088658245 -219.09875664 0.38517908447 1.16838532837 1.11063502524 1.25135574321 1.24490563971 0.88316762513 1.11826815717 0.88089845502 1.14559278290 0.97856898440 1.01197558041 0.89709008256 1.36111007819 1.16135468147 1.04847067813 0.83373503550 1.05176211507 0.98820729207 0.96099930158 -143.1992927895 0.00053221134   -2 
 171 0.00702163297 0.00088657848 -219.09923742 0.38518517366 1.16839076372 1.11063378588 1.25135268274 1.24490843756 0.88316915755 1.11827006603 0.88090539041 1.14559404803 0.97856126359 1.01197740966 0.89708617141 1.36111843762 1.16135673339 1.04847004021 0.83373553080 1.05176300798 0.98820823368 0.96100155344 -143.1992922232 0.00058997348   -2 
 172 0.00702143850 0.00088659217 -219.09886929 0.38519278102 1.16841239665 1.11063098249 1.25135060873 1.24491171572 0.88317166141 1.11827318307 0.88091538097 1.14559686039 0.97855119854 1.01198072149 0.89708072509 1.36113181537 1.16136083048 1.04846977709 0.83373708734 1.05176528918 0.98821151250 0.96100650315 -143.1992913952 0.00032042383   -2 
 173 0.00702083061 0.00088657171 -219.09124525 0.38518768875 1.16846506115 1.11061482762 1.25135618085 1.24490311594 0.88317304306 1.11827478509 0.88092339156 1.14560337012 0.97854503112 1.01198980548 0.89707448079 1.36115217270 1.16137084204 1.04847258483 0.83374314336 1.05177509090 0.98821156667 0.96102619552 -143.1992899464 0.00034385851   -2 
 174 0.00702016057 0.00088659058 -219.08489169 0.38519388658 1.16844785131 1.11062411160 1.25137476679 1.24490073153 0.88317568302 1.11827818657 0.88092370568 1.14561192577 0.97855374662 1.01199835948 0.89707545765 1.36116553386 1.16138186238 1.04848037694 0.83375140623 1.05178742286 0.98821473356 0.96104831872 -143.1992884005 0.00113030786   -2 
 175 0.00701826693 0.00088659729 -219.06856855 0.38521856684 1.16838857146 1.11064714633 1.25142173246 1.24489213034 0.88318177120 1.11828605550 0.88092274352 1.14563449010 0.97857888132 1.01202131794 0.89707848800 1.36120058666 1.16141188130 1.04850187174 0.83377446914 1.05182197715 0.98822524053 0.96111095731 -143.1992849934 0.00084075588   -2 
 176 0.00701806249 0.00088656949 -219.06540683 0.38521278506 1.16839468617 1.11064380093 1.25141581259 1.24489244153 0.88318148101 1.11828574320 0.88092147232 1.14563490105 0.97858161700 1.01202220620 0.89707953785 1.36120101683 1.16141356519 1.04850395940 0.83377659019 1.05182509342  0.9882278143 0.96111723463 -143.1992831891 0.00103276417   -2 
 177 0.00701782441 0.00088656215 -219.06039501 0.38519954758 1.16841302094 1.11064112791 1.25140732749 1.24489581332 0.88318180722 1.11828625379 0.88092029437 1.14563549792 0.97858541800 1.01202317522 0.89708164027 1.36120088397 1.16141547116 1.04850678540 0.83377924894 1.05182895803 0.98823158748 0.96112467879 -143.1992815377 0.00040280567   -2 
 178 0.00701783043 0.00088656688 -219.06180283 0.38520623692 1.16841628982 1.11064085020 1.25140501680 1.24489726347 0.88318185784 1.11828637920 0.88092027485 1.14563494333 0.97858542750 1.01202243975 0.89708220367 1.36119965507 1.16141491990 1.04850664997 0.83377918232 1.05182864482 0.98823244972 0.96112449243 -143.1992811887 0.00030537851   -2 
 179 0.00701779100 0.00088657371 -219.06167076 0.38520733718 1.16842324233 1.11064055198 1.25140152938 1.24489974669 0.88318216412 1.11828682752 0.88092013290 1.14563457717 0.97858630267 1.01202197552 0.89708333425 1.36119838718 1.16141476233 1.04850707312 0.83377969039 1.05182922499 0.98823430480 0.96112621317 -143.1992810078 0.00034233695   -2 
 180 0.00701754768 0.00088657047 -219.06088061 0.38521326907 1.16845120232 1.11063587235 1.25138052263 1.24491080939 0.88318279633 1.11828800609 0.88091856887 1.14563184645 0.97859084222 1.01201891039 0.89708910139 1.36119089147 1.16141358441 1.04850919746 0.83378240618 1.05183223621 0.98824513006 0.96113646432 -143.1992804004 0.00040899857   -2 
 181 0.00701734569 0.00088657331 -219.05860634 0.38520959039 1.16846260141 1.11063516741 1.25136993915 1.24491897957 0.88318384029 1.11828959505 0.88091784100 1.14563056966 0.97859469609 1.01201747876 0.89709372880 1.36118601166 1.16141321555 1.04851135026 0.83378478533 1.05183516575 0.98825231261 0.96114503004 -143.1992799029 0.00056514230   -2 
 182 0.00701684232 0.00088655181 -219.05386535 0.38520407075 1.16847219027 1.11063308328 1.25134848799 1.24493541115 0.88318585333 1.11829275646 0.88091590587 1.14562744002 0.97860364340 1.01201424430 0.89710453644 1.36117442496 1.16141225759 1.04851670399 0.83379059358 1.05184221426 0.98826834986 0.96116609412 -143.1992789087 0.00044186172   -2 
 183 0.00701552243 0.00088656800 -219.04451027 0.38520521990 1.16844749827 1.11064519928 1.25133925930 1.24496629588 0.88319334739 1.11830345415 0.88091458021 1.14562537263 0.97862570468 1.01200965011 0.89713109865 1.36115336107 1.16141324528 1.04853268658 0.83380656964 1.05186255070 0.98831270418 0.96121860347 -143.1992766240 0.00143476290   -2 
 184 0.00701116119 0.00088656035 -219.01755502 0.38522736711 1.16835433565 1.11067852565 1.25131387842 1.24505641188 0.88321588593 1.11833578875 0.88090958092 1.14561794993 0.97869587661 1.01199435139 0.89721645214 1.36108518435 1.16141602293 1.04858449463 0.83385868125 1.05192866368 0.98845901943 0.96139127220 -143.1992702432 0.00080764264   -2 
 185 0.00700983463 0.00088653994 -219.01015677 0.38523659535 1.16835978597 1.11067754227 1.25132009706 1.24506162157 0.88322006313 1.11834186350 0.88090904370 1.14561760146 0.97871149149 1.01199202151 0.89723719291 1.36107174633 1.16141776474 1.04859872708 0.83387355761 1.05194723400 0.98850210513 0.96144197731 -143.1992683431 0.00145340717   -2 
 186 0.00699773557 0.00088651881 -218.93460109 0.38527852917 1.16853911632 1.11065988729 1.25143554309 1.24505815891 0.88325659278 1.11839435694 0.88091271910 1.14562796742 0.97884004132 1.01198275539 0.89741234511 1.36098010670 1.16144121152 1.04872682272 0.83400821218 1.05211472429 0.98888649975 0.96190100730 -143.1992490234 0.00121464816   -2 
 187 0.00699696156 0.00088649217 -218.93028360 0.38527980817 1.16853380600 1.11066138518 1.25144329189 1.24505144591 0.88325803255 1.11839629025 0.88091523610 1.14563206335 0.97884298381 1.01198579809 0.89741798558 1.36098407332 1.16144485425 1.04873374477 0.83401597462 1.05212430548 0.98890550788 0.96192846885 -143.1992467652 0.00109624773   -2 
 188 0.00699444321 0.00088646411 -218.91331525 0.38525954499 1.16848871933 1.11068731751 1.25147769094 1.24502160199 0.88326381359 1.11840336877 0.88093310370 1.14565962043 0.97883906118 1.01201023333 0.89742093751 1.36103055395 1.16146568832 1.04875431622 0.83403970836 1.05215374037 0.98895369025 0.96201175902 -143.1992404902 0.00092797811   -2 
 189 0.00699002929 0.00088650412 -218.89845842 0.38528086448 1.16841085919 1.11074657166 1.25152541870 1.24496523214 0.88327293352 1.11841284129 0.88098014395 1.14572995447 0.97880250341 1.01207581835 0.89739150002 1.36117601474 1.16151889318 1.04878431444 0.83407643046 1.05219996567 0.98899950437 0.96214898082 -143.1992303436 0.00201689753   -2 
 190 0.00698798789 0.00088648925 -218.89339117 0.38529726270 1.16838055948 1.11076626049 1.25154000386 1.24493972869 0.88327582005 1.11841543957 0.88100145776 1.14576160443 0.97878323336 1.01210632730 0.89737494904 1.36124528592 1.16154362661 1.04879708209 0.83409257695 1.05222029304 0.98901908410 0.96221096722 -143.1992258778 0.00092217344   -2 
 191 0.00698187037 0.00088643090 -218.87359333 0.38528721293 1.16856368209 1.11071535232 1.25148564730 1.24493746787 0.88327766244 1.11841393003 0.88106166224 1.14584486137 0.97870519507 1.01220699157 0.89728786955 1.36148092093 1.16162512504 1.04882284932 0.83413060635 1.05226658070 0.98904888749 0.96237018416 -143.1992110466 0.00088261872   -2 
 192 0.00698256459 0.00088644874 -218.87627091 0.38528879471 1.16853822084 1.11072265932 1.25149298297 1.24494321693 0.88327802638 1.11841492660 0.88105422296 1.14583412815 0.97871514198 1.01219507785 0.89729769216 1.36145278738 1.16161594584 1.04881984426 0.83412613642 1.05226120474 0.98904409829 0.96235155731 -143.1992102331 0.00049924862   -2 
 193 0.00698268545 0.00088645191 -218.87941600 0.38529568567 1.16851482676 1.11072456683 1.25149431641 1.24496011406 0.88327887456 1.11841634089 0.88105008832 1.14582675922 0.97871973312 1.01219089160 0.89729846653 1.36144233288 1.16161388857 1.04881853151 0.83412441942 1.05225930787 0.98903933697 0.96234520857 -143.1992094620 0.00060559135   -2 
 194 0.00698271595 0.00088646489 -218.88083644 0.38529626601 1.16850248099 1.11072622143 1.25149537835 1.24497434215 0.88327984755 1.11841780042 0.88104749036 1.14582178904 0.97872282841 1.01218869027 0.89729813994 1.36143651873 1.16161327150 1.04881786762 0.83412346063 1.05225840763 0.98903556937 0.96234165718 -143.1992089699 0.00032732832   -2 
 195 0.00698263991 0.00088646316 -218.88581103 0.38529356208 1.16846716710 1.11072329264 1.25149105371 1.24502487590 0.88328193283 1.11842119715 0.88103708809 1.14580166303 0.97873162727 1.01218056683 0.89729250552 1.36141800323 1.16161213616 1.04881410916 0.83411972335 1.05225537574 0.98901923039 0.96233244174 -143.1992081913 0.00037909779   -2 
 196 0.00698259245 0.00088646784 -218.88687229 0.38529035851 1.16846686026 1.11072189241 1.25148940603 1.24503623425 0.88328234667 1.11842192241 0.88103418185 1.14579604564 0.97873375394 1.01217864279 0.89729034856 1.36141322186 1.16161198258 1.04881292863 0.83411866946 1.05225450837 0.98901372205 0.96232979229 -143.1992079582 0.00038133580   -2 
 197 0.00698226830 0.00088645629 -218.89431640 0.38527996259 1.16848468449 1.11070857740 1.25147556820 1.24508034794 0.88328220079 1.11842282951 0.88101817492 1.14576586551 0.97874286070 1.01216735664 0.89727673674 1.36138834060 1.16161060233 1.04880565629 0.83411253641 1.05224976862 0.98898353326 0.96231373214 -143.1992070287 0.00033358989   -2 
 198 0.00698192825 0.00088646685 -218.90340171 0.38528579851 1.16850918433 1.11070516194 1.25146990827 1.24508337591 0.88328083828 1.11842155080 0.88100826143 1.14574797277 0.97874699330 1.01215929830 0.89726554627 1.36137318616 1.16160990903 1.04880039312 0.83410801822 1.05224645425 0.98896083176 0.96230684670 -143.1992061126 0.00033082106   -2 
 199 0.00698186365 0.00088647120 -218.90391908 0.38528196850 1.16850662346 1.11070726085 1.25147140564 1.24507594168 0.88328045627 1.11842103881 0.88100812336 1.14574797293 0.97874667327 1.01215890150 0.89726432113 1.36137281590 1.16160986730 1.04879964672 0.83410764947 1.05224620754 0.98895947571 0.96230687744 -143.1992058425 0.00046975832   -2 
 200 0.00698159032 0.00088645937 -218.90730958 0.38527189356 1.16848752564 1.11071350580 1.25147569388 1.24503977933 0.88327784922 1.11841751950 0.88100770822 1.14574873185 0.97874417213 1.01215761322 0.89725921708 1.36137165760 1.16160912361 1.04879637036 0.83410597072 1.05224455717 0.98895348717 0.96230835061 -143.1992050023 0.00033528123   -2 
 201 0.00698105971 0.00088646418 -218.91741927 0.38527376950 1.16846736780 1.11071875860 1.25147985365 1.24497992536 0.88327230303 1.11841008807 0.88100786267 1.14575205488 0.97873789334 1.01215583654 0.89725052688 1.36137103000 1.16160720986 1.04879137569 0.83410307492 1.05224125184 0.98893865894 0.96231235887 -143.1992039700 0.00075200610   -2 
 202 0.00698064072 0.00088648130 -218.92479316 0.38527263420 1.16845701796 1.11072216675 1.25148273966 1.24493731479 0.88326818174 1.11840455539 0.88100811084 1.14575481766 0.97873298856 1.01215465033 0.89724393802 1.36137076368 1.16160574929 1.04878768339 0.83410089747 1.05223880993 0.98892639646 0.96231543573 -143.1992032828 0.00032064743   -2 
 203 0.00698012174 0.00088648870 -218.93194785 0.38526223738 1.16847406453 1.11070447801 1.25146903454 1.24492796154 0.88326180672 1.11839603284 0.88100614636 1.14575408442 0.97872528886 1.01215167398 0.89723663071 1.36136812990 1.16160165946 1.04878313633 0.83409803009 1.05223609787 0.98891288734 0.96231995152 -143.1992023580 0.00093181962   -2 
 204 0.00697911639 0.00088647300 -218.94726136 0.38524911253 1.16850194728 1.11066632868 1.25143842664 1.24491610088 0.88324860913 1.11837844402 0.88100125551 1.14575094107 0.97870966217 1.01214532004 0.89722234841 1.36136179660 1.16159279198 1.04877398999 0.83409223711 1.05223062951 0.98888846081 0.96232924232 -143.1992004226 0.00046182398   -2 
 205 0.00697637562 0.00088649196 -218.99186672 0.38523097547 1.16853345415 1.11059218127 1.25136815701 1.24492816942 0.88321626588 1.11833562897 0.88098615121 1.14573768327 0.97866929740 1.01212744591 0.89718656213 1.36134276251 1.16156751462 1.04875134254 0.83407764035 1.05221686797 0.98883220325 0.96235426111 -143.1991978462 0.00073079985   -2 
 206 0.00697515089 0.00088651953 -219.01116910 0.38522060255 1.16851609135 1.11058149747 1.25134978665 1.24493945043 0.88320417771 1.11831974515 0.88097863566 1.14572959506 0.97865285232 1.01211950790 0.89717213748 1.36133322651 1.16155603217 1.04874197352 0.83407168709 1.05221144228 0.98881037781 0.96236687921 -143.1991961694 0.00122567440   -2 
 207 0.00697049612 0.00088655547 -219.08688584 0.38519270227 1.16840209147 1.11055979282 1.25128972537 1.24497866254 0.88315884193 1.11826044503 0.88094702053 1.14569304077 0.97859098429 1.01208727944 0.89711825245 1.36129294519 1.16151039485 1.04870599737 0.83404915715 1.05219030181 0.98873150495 0.96241702323 -143.1991900821 0.00069877961   -2 
 208 0.00696950763 0.00088652964 -219.09913095 0.38517176834 1.16838281766 1.11057592462 1.25129631619 1.24496171530 0.88315239044 1.11825240057 0.88093642844 1.14567722362 0.97858092214 1.01207690090 0.89710958794 1.36127855826 1.16149866722 1.04869813760 0.83404507886 1.05218634303 0.98872591164 0.96242928116 -143.1991876089 0.00088128526   -2 
 209 0.00696911559 0.00088653470 -219.10328821 0.38516186114 1.16838237182 1.11058658974 1.25130375165 1.24495122724 0.88315111174 1.11825095426 0.88093190230 1.14566997088 0.97857818124 1.01207256492 0.89710708903 1.36127221502 1.16149402600 1.04869540941 0.83404383779 1.05218518602 0.98872654225 0.96243511195 -143.1991866795 0.00054461521   -2 
 210 0.00696750197 0.00088653996 -219.12496428 0.38516292663 1.16842707334 1.11064489933 1.25136191224 1.24486150305 0.88315425511 1.11825642557 0.88090689406 1.14562631015 0.97857652751 1.01205101351 0.89710453543 1.36123553749 1.16147228621 1.04868628391 0.83404097854 1.05218241667 0.98876013401 0.96246461212 -143.1991828082 0.00030149612   -2 
 211 0.00696686498 0.00088654394 -219.13017728 0.38515487412 1.16843409674 1.11064673839 1.25137607423 1.24483847494 0.88316015795 1.11826475313 0.88089879557 1.14561098173 0.97858181768 1.01204316675 0.89710817694 1.36122185723 1.16146535680 1.04868556853 0.83404204386 1.05218348942 0.98878615150 0.96248179826 -143.1991821598 0.00074369672   -2 
 212 0.00696539102 0.00088652717 -219.14288054 0.38514183315 1.16844039955 1.11064151488 1.25140140326 1.24478999568 0.88317394316 1.11828413496 0.88088044680 1.14557622226 0.97859483491 1.01202508401 0.89711751094 1.36119032607 1.16144957460 1.04868451163 0.83404495558 1.05218627262 0.98885006926 0.96252304376 -143.1991808135 0.00047501232   -2 
 213 0.00696564040 0.00088654263 -219.14122393 0.38515450990 1.16842398987 1.11062930906 1.25137701105 1.24482397711 0.88317105751 1.11827976677 0.88088751817 1.14558934854 0.97859419529 1.01203095908 0.89711791164 1.36120017424 1.16145503982 1.04868687863 0.83404602624 1.05218770549 0.98884338559 0.96251963711 -143.1991796451 0.00033370911   -2 
 214 0.00696564395 0.00088654784 -219.13925968 0.38515143958 1.16841587507 1.11062038913 1.25136355265 1.24484123017 0.88317062910 1.11827885150 0.88089047003 1.14559478249 0.97859543754 1.01203309595 0.89711946378 1.36120358804 1.16145726294 1.04868901091 0.83404732090 1.05218945637 0.98884867779 0.96252261434 -143.1991792217 0.00055914328   -2 
 215 0.00696562592 0.00088653828 -219.13675071 0.38514958343 1.16840081847 1.11060381031 1.25134014025 1.24486782945 0.88316945270 1.11827677487 0.88089488215 1.14560307726 0.97859749407 1.01203625931 0.89712210824 1.36120852391 1.16146053196 1.04869228270 0.83404951731 1.05219217423 0.98885829939 0.96252887074 -143.1991786100 0.00019907721   -2 
 216 0.00696550000 0.00088654226 -219.13354446 0.38515303826 1.16839752489 1.11058678442 1.25131328315 1.24489920865 0.88316795724 1.11827389516 0.88090122922 1.14561485635 0.97860173991 1.01204064935 0.89712749201 1.36121532527 1.16146556792 1.04869894036 0.83405394244 1.05219752075 0.98888291446 0.96254318790 -143.1991782600 0.00018638768   -2 
 217 0.00696548058 0.00088653783 -219.13415339 0.38515394639 1.16840449561 1.11059744799 1.25132755034 1.24488331082 0.88316820065 1.11827455291 0.88089929071 1.14561119745 0.97860089300 1.01203889752 0.89712670348 1.36121326812 1.16146430432 1.04869735573 0.83405354874 1.05219654199 0.98887978804 0.96254225320 -143.1991780996 0.00030207317   -2 
 218 0.00696544990 0.00088654054 -219.13410834 0.38515354149 1.16841117737 1.11060592029 1.25133854978 1.24487233353 0.88316856290 1.11827523117 0.88089822861 1.14560911507 0.97860071645 1.01203784341 0.89712658363 1.36121216661 1.16146373440 1.04869656652 0.83405364479 1.05219620431 0.98887970178 0.96254313960 -143.1991779685 0.00014302413   -2 
 219 0.00696533490 0.00088653547 -219.13345721 0.38515476156 1.16841869384 1.11061589961 1.25135227086 1.24485893249  0.8831690838 1.11827617182 0.88089763574 1.14560771918 0.97860183001 1.01203735413 0.89712793328 1.36121154526 1.16146380519 1.04869600556 0.83405508947 1.05219702806 0.98888531665 0.96254901853 -143.1991778315 0.00025034375   -2 
 220 0.00696517108 0.00088653575 -219.13206004 0.38515481077 1.16842767651 1.11062740124 1.25136822770 1.24484505682 0.88317009958 1.11827781414 0.88089746251 1.14560689679 0.97860363554 1.01203718375 0.89713021131 1.36121140138 1.16146439252 1.04869585373 0.83405735047 1.05219847650 0.98889407212 0.96255826675 -143.1991777044 0.00021072275   -2 
 221 0.00696462186 0.00088652067 -219.12726821 0.38515756405 1.16842062952 1.11062835844 1.25137716001 1.24484584738 0.88317423306 1.11828372336 0.88090114920 1.14561195886 0.97861080566 1.01203823455 0.89713947296 1.36121607021 1.16146944081 1.04870009385 0.83406579957 1.05220550274 0.98893375564 0.96259055288 -143.1991770110 0.00088789935   -2 
 222 0.00696174635 0.00088651548 -219.09933772 0.38515989769 1.16839422209 1.11063330361 1.25141883001 1.24486521432 0.88319786918 1.11831713032 0.88092277132 1.14564206793 0.97864971859 1.01204579307 0.89718880495 1.36124358389 1.16149786406 1.04872479723 0.83411077335 1.05224354219 0.98914109833 0.96275986627 -143.1991728208 0.00089216050   -2 
 223 0.00696174635 0.00088651548 -219.09933772 0.38515989769 1.16839422209 1.11063330361 1.25141883001 1.24486521432 0.88319786918 1.11831713032 0.88092277132 1.14564206793 0.97864971859 1.01204579307 0.89718880495 1.36124358389 1.16149786406 1.04872479723 0.83411077335 1.05224354219 0.98914109833 0.96275986627 -143.1991728208 0.00089216050   -5 
 224 0.00696173235 0.00088650743 -219.10014378 0.38516465740 1.16839729247 1.11063184148 1.25141450661 1.24486639723 0.88319735906 1.11831636052 0.88092263221 1.14564192142 0.97864930635 1.01204609871 0.89718839342 1.36124365164 1.16149787091 1.04872507453 0.83411074623 1.05224384526 0.98914068725 0.96275983544 -143.1991720447 0.00050669544   -2 
 225 0.00696166314 0.00088652145 -219.10112362 0.38517393451 1.16842008665 1.11063009271 1.25139874292 1.24487576122 0.88319651440 1.11831474231 0.88092317842 1.14564285341 0.97864839010 1.01204857790 0.89718716557 1.36124544642 1.16149897645 1.04872744791 0.83411108874 1.05224530778 0.98913833150 0.96275832022 -143.1991711011 0.00023179823   -2 
 226 0.00696148678 0.00088651389 -219.09852122 0.38516874253 1.16844137732 1.11062729909 1.25136910542 1.24489491822 0.88319462694 1.11831101483 0.88092444712 1.14564483556 0.97864619979 1.01205299432 0.89718408913 1.36124967824 1.16150140032 1.04873294446 0.83411198594 1.05224957998 0.98913193509 0.96275580461 -143.1991705317 0.00024310303   -2 
 227 0.00696145359 0.00088651075 -219.09847960 0.38516992285 1.16844087395 1.11062711375 1.25136639787 1.24489716279 0.88319438237 1.11831049479 0.88092466065 1.14564517426 0.97864582507 1.01205371820 0.89718359049 1.36125042012 1.16150186902 1.04873380115 0.83411219148 1.05225022368 0.98913172834 0.96275580255 -143.1991704528 0.00021969131   -2 
 228 0.00696113848 0.00088651869 -219.09727792 0.38517759791 1.16843037812 1.11063071401 1.25135379160 1.24491660167 0.88319357706 1.11830785560 0.88092748947 1.14564939499 0.97864358818 1.01206254897 0.89717980256 1.36125824761 1.16150688497 1.04874347926 0.83411452783 1.05225735705 0.98912923084 0.96275979206 -143.1991700357 0.00033295620   -2 
 229 0.00696102810 0.00088652375 -219.09621798 0.38517695342 1.16842780193 1.11063196786 1.25135195263 1.24492168522 0.88319349014 1.11830729141 0.88092845299 1.14565083582 0.97864294335 1.01206563061 0.89717863422 1.36126085513 1.16150861243 1.04874662615 0.83411539493 1.05225978563 0.98912760165 0.96276124312 -143.1991698735 0.00033529494   -2 
 230 0.00696036269 0.00088651012 -219.08961622 0.38517048974 1.16841062991 1.11063362938 1.25134792407 1.24493977333 0.88319220982 1.11830355433 0.88093295168 1.14565750820 0.97863879288 1.01208185733 0.89717172049 1.36127442269 1.16151775208 1.04876375738 0.83412043606 1.05227353683 0.98911508739 0.96277185837 -143.1991690537 0.00032592100   -2 
 231 0.00696024826 0.00088650644 -219.08950913 0.38517459734 1.16841515864 1.11063227729 1.25135086221 1.24493693333 0.88319212702 1.11830350126 0.88093322298 1.14565786905 0.97863852039 1.01208348880 0.89717099524 1.36127571195 1.16151881506 1.04876581480 0.83412130707 1.05227558693 0.98911528252 0.96277389915 -143.1991687767 0.00047037937   -2 
 232 0.00695996999 0.00088651759 -219.08860647 0.38518162945 1.16843322565 1.11063045669 1.25136179088 1.24492803117 0.88319273089 1.11830466701 0.88093406213 1.14565886738 0.97863853246 1.01208724250 0.89716992880 1.36127875312 1.16152145122 1.04877066508 0.83412360337 1.05228059198 0.98911621202 0.96277920726 -143.1991681958 0.00024554010   -2 
 233 0.00695964883 0.00088651374 -219.08532035 0.38517637906 1.16844504353 1.11062956794 1.25137581765 1.24491331903 0.88319434565 1.11830769489 0.88093456295 1.14565930135 0.97864026613 1.01209018768 0.89717013650 1.36128055506 1.16152378796 1.04877447221 0.83412634826 1.05228539796 0.98912241275 0.96278594933 -143.1991677215 0.00051339522   -2 
 234 0.00695941118 0.00088650175 -219.08344403 0.38517495261 1.16844985596 1.11062856852 1.25138470194 1.24490256424 0.88319541468 1.11830980747 0.88093476740 1.14565937601 0.97864153357 1.01209212211 0.89717038483 1.36128155866 1.16152530939 1.04877698917 0.83412833331 1.05228888318 0.98912690419 0.96279036302 -143.1991673881 0.00023951152   -2 
 235 0.00695856184 0.00088648963 -219.07846138 0.38517818086 1.16845101901 1.11063254528 1.25140965306 1.24487607465 0.88320102988 1.11831955791 0.88093641449 1.14566094192 0.97864776434 1.01209794193 0.89717323282 1.36128557780 1.16153118630 1.04878560369 0.83413585465 1.05230140523 0.98914694878 0.96281060501 -143.1991669018 0.00081349386   -2 
 236 0.00695714867 0.00088649811 -219.06968308 0.38518134797 1.16845336016 1.11064266492 1.25144858394 1.24483907432 0.88321118370 1.11833662492 0.88093985368 1.14566457929 0.97865877508 1.01210775843 0.89717872169 1.36129298244 1.16154144613 1.04880024389 0.83414866098 1.05232267441 0.98917946545 0.96284495193 -143.1991654946 0.00047070152   -2 
 237 0.00695472727 0.00088649558 -219.05653390 0.38519490023 1.16844776590 1.11065784635 1.25149597218 1.24479298801 0.88322740464 1.11836363916 0.88094580636 1.14567110365 0.97867709987 1.01212380738 0.89718864326 1.36130545371 1.16155854103 1.04882469206 0.83417048697 1.05235830259 0.98923367664 0.96290367242 -143.1991644413 0.00048504716   -2 
 238 0.00695544809 0.00088648390 -219.06057364 0.38518779180 1.16844473625 1.11064665149 1.25143358069 1.24485607536 0.88321934831 1.11834890776 0.88094495325 1.14567089647 0.97867010842 1.01211608341 0.89718704600 1.36130231576 1.16155284895 1.04881615691 0.83416396004 1.05234643655 0.98920959802 0.96289044327 -143.1991628763 0.00068085824   -2 
 239 0.00695563847 0.00088649188 -219.06146799 0.38518481632 1.16844534707 1.11064432411 1.25141395867 1.24487819678 0.88321715433 1.11834464733 0.88094504243 1.14567133415 0.97866829186 1.01211386421 0.89718693896 1.36130183367 1.16155142901 1.04881393508 0.83416232880 1.05234330068 0.98920278690 0.96288691768 -143.1991624027 0.00028041880   -2 
 240 0.00695569520 0.00088649716 -219.06334216 0.38519004763 1.16844299255 1.11064219663 1.25139425053 1.24490238271 0.88321493097 1.11834015769 0.88094544545 1.14567223301 0.97866710483 1.01211185345 0.89718769463 1.36130186939 1.16155056112 1.04881239395 0.83416186107 1.05234124086 0.98919905607 0.96288637864 -143.1991620426 0.00018209824   -2 
 241 0.00695568478 0.00088650022 -219.06335493 0.38518969349 1.16844267225 1.11064230375 1.25139169224 1.24490666337 0.88321458007 1.11833940021 0.88094561362 1.14567253561 0.97866696346 1.01211132627 0.89718802356 1.36130201613 1.16155051337 1.04881211542 0.83416195662 1.05234109776 0.98919917473 0.96288677227 -143.1991619973 0.00016100913   -2 
 242 0.00695548689 0.00088649872 -219.06364234 0.38518782398 1.16843299975 1.11064153835 1.25136945978 1.24494394004 0.88321027109 1.11833087475 0.88094694164 1.14567500934 0.97866510416 1.01210613523 0.89719156914 1.36130311408 1.16154973903 1.04880916586 0.83416357085 1.05234022835 0.98919594390 0.96289799587 -143.1991617271 0.00013476183   -2 
 243 0.00695544654 0.00088649614 -219.06386624 0.38518902694 1.16843521695 1.11064115170 1.25137265646 1.24494012493 0.88321006046 1.11833060385 0.88094683473 1.14567485790 0.97866491360 1.01210605339 0.89719178673 1.36130304620 1.16154962798 1.04880891650 0.83416389889 1.05234061782 0.98919583902 0.96289970039 -143.1991616662 0.00024740435   -2 
 244 0.00695518809 0.00088650129 -219.06413517 0.38519115383 1.16845178651 1.11064083297 1.25139385413 1.24491827092 0.88320937942 1.11832978244 0.88094662754 1.14567461851 0.97866428428 1.01210496928 0.89719351892 1.36130321850 1.16154930987 1.04880795306 0.83416611287 1.05234298004 0.98919756506 0.96290941549 -143.1991613453 0.00021449474   -2 
 245 0.00695491982 0.00088649626 -219.06414663 0.38519139634 1.16845969786 1.11064067100 1.25141038735 1.24489997832 0.88320875887 1.11832913780 0.88094647227 1.14567443781 0.97866382509 1.01210383666 0.89719522402 1.36130344678 1.16154904322 1.04880690953 0.83416835949 1.05234537214 0.98919727211 0.96292051980 -143.1991611876 0.00027532208   -2 
 246 0.00695459491 0.00088649638 -219.06348680 0.38518806562 1.16846277756 1.11064216899 1.25142516530 1.24488432316 0.88320859023 1.11832908767 0.88094666709 1.14567478308 0.97866363405 1.01210331967 0.89719742777 1.36130418080 1.16154906226 1.04880612554 0.83417114001 1.05234832043 0.98919650214 0.96293396620 -143.1991609763 0.00031075874   -2 
 247 0.00695398848 0.00088648700 -219.06281594 0.38518421014 1.16845879612 1.11064472808 1.25144368145 1.24486262097 0.88320845356 1.11832912826 0.88094705777 1.14567550144 0.97866336468 1.01210252466 0.89720134846 1.36130559010 1.16154926105 1.04880484369 0.83417618179 1.05235347188 0.98919651365 0.96295963191 -143.1991607165 0.00032902157   -2 
 248 0.00695331195 0.00088650878 -219.06460608 0.38519283188 1.16843163365 1.11064966421 1.25141653024 1.24488708049 0.88321094503 1.11833237889 0.88094889193 1.14567830324 0.97866501539 1.01210343316 0.89720536986 1.36130897052 1.16155130571 1.04880586995 0.83418166608 1.05235901468 0.98919651695 0.96298725565 -143.1991594120 0.00052887001   -2 
 249 0.00695309004 0.00088650356 -219.06516059 0.38519510918 1.16842286540 1.11064921069 1.25140448396 1.24489647949 0.88321136363 1.11833292919 0.88094919106 1.14567880459 0.97866532960 1.01210367656 0.89720634289 1.36130970731 1.16155177592 1.04880625830 0.83418329634 1.05236073219 0.98919670903 0.96299592378 -143.1991590400 0.00043063845   -2 
 250 0.00695226065 0.00088649439 -219.06358996 0.38518482519 1.16840905382 1.11064340718 1.25135543233 1.24493824448 0.88321269425 1.11833463406 0.88095005886 1.14568040379 0.97866611115 1.01210432722 0.89720904784 1.36131216470 1.16155378145 1.04880876026 0.83418914334 1.05236638837 0.98920212044 0.96302688678 -143.1991578060 0.00026766111   -2 
 251 0.00695207396 0.00088650117 -219.06366721 0.38518509573 1.16842175465 1.11064072540 1.25135377297 1.24494170662 0.88321228659 1.11833404313 0.88094977581 1.14568001666 0.97866602177 1.01210362320 0.89720887154 1.36131210714 1.16155403054 1.04880945168 0.83419017923 1.05236719605 0.98920515175 0.96303275242 -143.1991575283 0.00049504423   -2 
 252 0.00695163413 0.00088649876 -219.06483288 0.38519031121 1.16845175694 1.11063252441 1.25135311863 1.24494539822 0.88321048726 1.11833156108 0.88094850795 1.14567823758 0.97866525838 1.01210174773 0.89720785487 1.36131124010 1.16155419064 1.04881102315 0.83419233910 1.05236876497 0.98921238756 0.96304584954 -143.1991568887 0.00022323821   -2 
 253 0.00695109787 0.00088649071 -219.06527384 0.38519071046 1.16847354051 1.11062730835 1.25136286210 1.24494359529 0.88320846239 1.11832888079 0.88094708330 1.14567611797 0.97866456912 1.01209918079 0.89720629733 1.36131022064 1.16155449757 1.04881312986 0.83419488410 1.05237059763 0.98921927031 0.96306223220 -143.1991565930 0.00050093674   -2 
 254 0.00695033318 0.00088649172 -219.06497635 0.38518636521 1.16849566749 1.11062463634 1.25138120290 1.24494006928 0.88320634062 1.11832606486 0.88094557851 1.14567381255 0.97866402853 1.01209645008 0.89720428530 1.36130938846 1.16155537090 1.04881662770 0.83419867102 1.05237352242 0.98922907571 0.96308534430 -143.1991560457 0.00048035415   -2 
 255 0.00694903053 0.00088647238 -219.06547361 0.38518242586 1.16849260953 1.11062823573 1.25141330742 1.24493052974 0.88320382395 1.11832277553 0.88094369854 1.14567088001 0.97866361135 1.01209363569 0.89720109900 1.36130864311 1.16155726003 1.04882312895 0.83420513365 1.05237902197 0.98924424643 0.96312377612 -143.1991548110 0.00073441270   -2 
 256 0.00694578239 0.00088646101 -219.06616158 0.38517021441 1.16847339918 1.11064506347 1.25149127908 1.24490948221 0.88319977617 1.11831749065 0.88094049643 1.14566571091 0.97866382489 1.01208815525 0.89719412397 1.36130859038 1.16156312594 1.04884033426 0.83422170033 1.05239360304 0.98928315222 0.96321883889 -143.1991528832 0.00073905798   -2 
 257 0.00694246664 0.00088648040 -219.06945381 0.38517178392 1.16844499059 1.11066532780 1.25154519949 1.24489455382 0.88319872366 1.11831626428 0.88093922768 1.14566350575 0.97866565325 1.01208555043 0.89718868348 1.36131095820 1.16157034871 1.04885875970 0.83423902107 1.05241010780 0.98932550094 0.96331672651 -143.1991507014 0.00118737188   -2 
 258 0.00693954351 0.00088647788 -219.07398946 0.38518112631 1.16841737653 1.11067900118 1.25157558453 1.24488289770 0.88319814891 1.11831571526 0.88093830279 1.14566193852 0.97866722409 1.01208371735 0.89718429679 1.36131322901 1.16157660642 1.04887478864 0.83425417752 1.05242502155 0.98936281899 0.96340295695 -143.1991485283 0.00065761227   -2 
 259 0.00693417472 0.00088651437 -219.07906610 0.38518292755 1.16844406638 1.11065856390 1.25141327544 1.24490714734 0.88320967029 1.11833150316 0.88094513064 1.14567264835 0.97867548113 1.01209524083 0.89718676139 1.36132727376 1.16159119833 1.04890534318 0.83428283145 1.05246095235 0.98943442779 0.96355234415 -143.1991409611 0.00194140957   -2 
 260 0.00693107901 0.00088649538 -219.08287638 0.38518711810 1.16845210140 1.11064114361 1.25131389224 1.24491956547 0.88321536682 1.11833945563 0.88094852096 1.14567808546 0.97867958323 1.01210170066 0.89718829709 1.36133467014 1.16159883550 1.04892232375 0.83429909176 1.05248166857 0.98947582872 0.96363777763 -143.1991364677 0.00071215934   -2 
 261 0.00692957645 0.00088647805 -219.08124820 0.38516870310 1.16844229563 1.11062966060 1.25128461715 1.24492428244 0.88321725215 1.11834226246 0.88095023136 1.14568093896 0.97868119651 1.01210649741 0.89719109473 1.36133848599 1.16160172868 1.04892924909 0.83430730096 1.05249329657 0.98949831525 0.96367633632 -143.1991342125 0.00032942675   -2 
 262 0.00692910511 0.00088646988 -219.08272511 0.38517040741 1.16842514254 1.11062538217 1.25131504357 1.24491968464 0.88321522601 1.11833980570 0.88094997997 1.14568078474 0.97868027722 1.01210927849 0.89719447971 1.36133915460 1.16160081159 1.04892854496 0.83431022053 1.05249957583 0.98950696654 0.96368421589 -143.1991334678 0.00079348797   -2 
 263 0.00692806899 0.00088648103 -219.08511725 0.38516990541 1.16839341311 1.11061921657 1.25139083532 1.24491011218 0.88321094077 1.11833462084 0.88094977606 1.14568095123 0.97867836667 1.01211635233 0.89720291226 1.36134114692 1.16159882179 1.04892665509 0.83431693414 1.05251404745 0.98952778061 0.96370129417 -143.1991320994 0.00026096099   -2 
 264 0.00692826619 0.00088648165 -219.08456097 0.38516941510 1.16840869530 1.11062186851 1.25137292649 1.24491176459 0.88321148638 1.11833525594 0.88094962316 1.14568064919 0.97867850401 1.01211494509 0.89720161718 1.36134060089 1.16159891424 1.04892665988 0.83431561805 1.05251164753 0.98952460695 0.96369774068 -143.1991319495 0.00018216535   -2 
 265 0.00692828322 0.00088647846 -219.08472777 0.38517014377 1.16841527237 1.11062285901 1.25136922304 1.24491138076 0.88321111009 1.11833476979 0.88094934700 1.14568024410 0.97867819138 1.01211476978 0.89720180013 1.36134028900 1.16159854569 1.04892618116 0.83431544392 1.05251181801 0.98952457369 0.96369707339 -143.1991318892 0.00018097781   -2 
 266 0.00692828380 0.00088647975 -219.08482806 0.38516998692 1.16842835115 1.11062570616 1.25136518886 1.24491082295 0.88321039167 1.11833384873 0.88094892123 1.14567962933 0.97867760312 1.01211475613 0.89720267835 1.36133989805 1.16159781016 1.04892518452 0.83431537270 1.05251281524 0.98952476194 0.96369692378 -143.1991318072 0.00009791539    0 
-- Found new optimum with likelihood -143.199131807214314 and gradient 0.00010

---- Best joint likelihood found -143.199131807214314 with gradient 0.00010

---- Results for /scratch/38995916/tmpv9ejl_lp 
--  Model: C
--        eps_an     theta_bar             a 
-- 0.00692828380 0.00088647975            -1 
--           S_d             b           p_b           S_b 
-- -219.08482806 0.38516998692             0             1 
--           r 2           r 3           r 4           r 5           r 6           r 7           r 8           r 9          r 10          r 11          r 12          r 13          r 14          r 15          r 16          r 17          r 18          r 19 
-- 1.16842835115 1.11062570616 1.25136518886 1.24491082295 0.88321039167 1.11833384873 0.88094892123 1.14567962933 0.97867760312 1.01211475613 0.89720267835 1.36133989805 1.16159781016 1.04892518452 0.83431537270 1.05251281524 0.98952476194 0.96369692378 

---- Expected P_neut(i), 0 < i < n (neutral SFS per site) 
E[P_neut(1)] = 0.0008806495
E[P_neut(2)] = 0.0005146436
E[P_neut(3)] = 0.0003262889
E[P_neut(4)] = 0.0002757263
E[P_neut(5)] = 0.0002196179
E[P_neut(6)] = 0.0001300969
E[P_neut(7)] = 0.0001412877
E[P_neut(8)] = 0.0000974008
E[P_neut(9)] = 0.0001126301
E[P_neut(10)] = 0.0000867578
E[P_neut(11)] = 0.0000817821
E[P_neut(12)] = 0.0000664965
E[P_neut(13)] = 0.0000931689
E[P_neut(14)] = 0.0000739468
E[P_neut(15)] = 0.0000630898
E[P_neut(16)] = 0.0000478264
E[P_neut(17)] = 0.0000567777
E[P_neut(18)] = 0.0000519835
E[P_neut(19)] = 0.0000507933

---- Expected P_sel(i), 0 < i < n (selected SFS per site) 
E[P_sel(1)] = 0.0003226769
E[P_sel(2)] = 0.0001307801
E[P_sel(3)] = 0.0000689354
E[P_sel(4)] = 0.0000517754
E[P_sel(5)] = 0.0000378519
E[P_sel(6)] = 0.0000209682
E[P_sel(7)] = 0.0000215668
E[P_sel(8)] = 0.0000142032
E[P_sel(9)] = 0.0000157885
E[P_sel(10)] = 0.0000117476
E[P_sel(11)] = 0.0000107407
E[P_sel(12)] = 0.0000084973
E[P_sel(13)] = 0.0000116147
E[P_sel(14)] = 0.0000090178
E[P_sel(15)] = 0.0000075795
E[P_sel(16)] = 0.0000057065
E[P_sel(17)] = 0.0000067080
E[P_sel(18)] = 0.0000063437
E[P_sel(19)] = 0.0000071787

---- alpha_dfe = 0.000000

