---- Running command
---- ./polyDFE -d /scratch/38996021/tmprteojsi1 -m C -i /scratch/38996021/tmp1zzpew28 1 -v 1 
---- Performing inference using model C

---- Performing inference on /scratch/38996021/tmprteojsi1
----      with -i /scratch/38996021/tmp1zzpew28 1
---- Data /scratch/38996021/tmprteojsi1 does not contain divergence counts. Using option -w.
---- No mutation variability. Using Poisson likelihood.


---- Using provided initial values

-- Starting local optimization
-- Optimizing all parameters
  it     theta_bar           S_d             b           r 2           r 3           r 4           r 5           r 6           r 7           r 8           r 9          r 10          r 11          r 12          r 13          r 14          r 15          r 16          r 17          r 18          r 19           ln lk          grad status 
   0   0.003173891 -107.30439999     0.3296192     0.9469638     0.9230956     0.9466103     0.9502794     0.8771146     0.9116737     0.9146468     0.9159601     0.9612144     0.8649103      0.980338     0.9128444     0.9628696     0.9582216      1.012621      1.209005      1.301762      1.559119 -262.0723139411 2.18534180982   -2 
   1 0.00319903100 -107.04178792 0.32796799246 0.94531153473 0.92412712937 0.94751220176 0.94888621850 0.87718516728 0.91076255266 0.91519517304 0.91676559130 0.96079634364 0.86442115426 0.98006773992 0.91280786588 0.96355509177 0.95875268141 1.01289819786 1.20823612976 1.30223887718 1.55809733836 -260.9146653980 1.08729516215   -2 
   2 0.00317944002 -105.83910849 0.32202134959 0.91549622198 0.92891777364 0.95273035053 0.92819897049 0.87501395345 0.89712084457 0.91948089129 0.92449718669 0.95370863814 0.85697507309 0.97506562209 0.91097928144 0.97055902401 0.96397677853 1.01496808044 1.19718321643 1.30627574424 1.54336774211 -258.0752280564 0.72444924474   -2 
   3 0.00322472797 -105.30839835 0.32834156587 0.90590331620 0.92655578102 0.95408916969 0.89274853214 0.86810236377 0.86992802233 0.92504474076 0.93739445621 0.93763665115 0.84030133917 0.96304895435 0.90566372123 0.98380639388 0.97367284836 1.01790822634 1.17233017524 1.31282400248 1.51037436769 -255.7026750739 0.55228509170   -2 
   4 0.00320921391 -104.96473150 0.32815193766 0.91033830553 0.92241503591 0.95102596167 0.88805605422 0.86568872514 0.86393291676 0.92509344864 0.93933006875 0.93302366739 0.83539937314 0.95925158241 0.90364473585 0.98688151244 0.97588620420 1.01820121050 1.16473966138 1.31391997599 1.50042264520 -255.2951630221 1.04799384272   -2 
   5 0.00321465532 -104.28050267 0.32637332733 0.91839154671 0.91681075469 0.94655046764 0.88313145207 0.86245843720 0.85612705352 0.92499762968 0.94184656222 0.92662298217 0.82849170827 0.95387978983 0.90074412718 0.99126081336 0.97905369836 1.01860408221 1.15388585150 1.31546502117 1.48623706838 -254.7524224043 0.25992606781   -2 
   6 0.00321694905 -103.77191006 0.32589820422 0.91146567026 0.91249797685 0.93632355559 0.89733778364 0.85804475039 0.85336605179 0.91931038514 0.93849947110 0.91766861426 0.81757555055 0.94451425996 0.89433085431 0.99520268094 0.98186482038 1.01711213573 1.13455168031 1.31488154995 1.46174442610 -254.2834400112 0.29868569095   -2 
   7 0.00322177838 -103.75096064 0.32587591236 0.91127448402 0.91250473626 0.93607119503 0.89804479312 0.85785231986 0.85340866189 0.91890863110 0.93814941935 0.91723173706 0.81699106891 0.94398781045 0.89392476441 0.99531528279 0.98194132000 1.01695638257 1.13342308112 1.31474645773 1.46034549896 -254.2594401378 0.17053731939   -2 
   8 0.00322800107 -103.94127105 0.32719953527 0.91076270531 0.91331200816 0.93691663744 0.89881547791 0.85732302582 0.85457600636 0.91689183980 0.93575896426 0.91616561197 0.81527625279 0.94222506817 0.89223963826 0.99471440186 0.98144138474 1.01583567975 1.12954832472 1.31341835426 1.45573258136 -254.2008139632 0.11366483682   -2 
   9 0.00322879849 -104.12445170 0.32627480411 0.91091357000 0.91488795456 0.94064805511 0.89671057449 0.85704513657 0.85800117515 0.91318619110 0.93043930570 0.91549172035 0.81326141228 0.93972338586 0.88917351180 0.99209647582 0.97936246934 1.01308177252 1.12349078277 1.30988594167 1.44894320691 -254.1353003029 0.19749497457   -2 
  10 0.00322630230 -104.17503820 0.32621268227 0.91084355428 0.91494481091 0.94103590542 0.89631536075 0.85699407605 0.85845962275 0.91265887367 0.92965746187 0.91541033184 0.81298788310 0.93936624631 0.88871295986 0.99165439819 0.97900770490 1.01264056880 1.12261562678 1.30931517362 1.44797621042 -254.1260381450 0.06287349075   -2 
  11 0.00322869695 -104.77080406 0.32494796437 0.91075324236 0.91091002174 0.93806036771 0.89285611208 0.85719753899 0.85942826602 0.91156772755 0.92668385261 0.91614447382 0.81284654679 0.93847441078 0.88650971626 0.98792491554 0.97593015058 1.00957804352 1.11927930063 1.30524329861  1.4449248945 -254.0922119235 0.08578934328   -2 
  12 0.00322888043 -105.00153336 0.32502923473 0.91019307522 0.91053244541 0.93729802825 0.89230010097 0.85703648582 0.85921006666 0.91140087005 0.92621893524 0.91620391503 0.81282945184 0.93828807869 0.88604585902 0.98704369897 0.97517046307 1.00885599696 1.11867777510 1.30428359916 1.44440502700 -254.0842287393 0.15649299620   -2 
  13 0.00323598590 -105.54386425 0.32503581394 0.90891501302 0.91013176554 0.93566195618 0.89124593049 0.85658749954 0.85849364837 0.91109283601 0.92530519899 0.91629525536 0.81281116928 0.93788581524 0.88501557638 0.98501945689 0.97340509447 1.00719460850 1.11739777120 1.30207833204 1.44332770886 -254.0663853751 0.07307334692   -2 
  14 0.00323801643 -106.85106071 0.32297126345 0.90631149930 0.91161059229 0.93357352745 0.89066686565 0.85414175080 0.85454400984 0.91035584395 0.92438947020 0.91526955169 0.81241066722 0.93675844946 0.88293307322 0.98076155498 0.96942799223 1.00354198121 1.11533203923 1.29727561193 1.44155892484 -254.0307724306 0.09054121748   -2 
  15 0.00323658461 -107.17378702 0.32274901541 0.90665074115 0.91142525784 0.93348034765 0.89061862346 0.85357864706 0.85369705258 0.91009818477 0.92425995051 0.91484322361 0.81220372164 0.93644516459 0.88254474284 0.98004203775 0.96870589193 1.00287263946 1.11498650638 1.29640732221 1.44119688468 -254.0233376867 0.15969310698   -2 
  16 0.00324095605 -108.47201770 0.32160739567 0.90919323563 0.91038771205 0.93366290742 0.89061359382 0.85140613116 0.85042404102 0.90902543839 0.92386782644 0.91296330932 0.81127357367 0.93514980645 0.88108179180 0.97740506269 0.96598299217 1.00034112786 1.11373714196 1.29314174560 1.43980516970 -253.9944414739 0.05542320921   -2 
  17 0.00324420801 -109.48433500 0.32041248286 0.90690749395 0.90838815256 0.93509866755 0.89044925132 0.85134591300 0.85043899151 0.90791251839 0.92373801811 0.91096999156 0.80992458403 0.93396082287 0.88063345927 0.97740537636 0.96548866672 0.99976513941 1.11344091895 1.29250967522 1.43880066441 -253.9743720106 0.10196196637   -2 
  18 0.00324330366 -109.64927302 0.32031047152 0.90663348803 0.90813111393 0.93519429988 0.89036996054 0.85134292227 0.85047837247 0.90772471477 0.92368997503 0.91065861453 0.80969840061 0.93376543874 0.88056826704 0.97743985569 0.96544355872 0.99969868879 1.11339167633 1.29244433547 1.43862450606 -253.9715760231 0.05560548438   -2 
  19 0.00324668938 -110.77489814 0.31974436560 0.90784273550 0.90823621125 0.93387445374 0.88917285936 0.85164988724 0.85159153737 0.90634638852 0.92300136857 0.90860503306 0.80790960610 0.93231571877 0.88027850414 0.97840297939 0.96578875341 0.99975685281 1.11308050602 1.29269735626 1.43714930708 -253.9547940725 0.05092607269   -2 
  20 0.00324735932 -111.03986040 0.31928352604 0.90799382746 0.90849081862 0.93342610660 0.88888858230 0.85168772705 0.85185459885 0.90604852739 0.92276187561 0.90818181176 0.80746188642 0.93195435994 0.88020553203 0.97869362510 0.96593939943 0.99981501476 1.11296850508 1.29281760183 1.43671334007 -253.9517170523 0.08557501348   -2 
  21 0.00324584101 -111.31635163 0.31883815182 0.90799486026 0.90874741191 0.93292984508 0.88859552338 0.85168333028 0.85207840268 0.90575748730 0.92248479085 0.90778715263 0.80701161710 0.93158660231 0.88012079791 0.97898208025 0.96609799509 0.99987184458 1.11283046020 1.29293833384 1.43623983995 -253.9485396474 0.01860039440   -2 
  22 0.00324601156 -111.56240869 0.31851909071 0.90727542175 0.90894672941 0.93279699847 0.88863186480 0.85136732931 0.85182608298 0.90578750406 0.92208034857 0.90793523172 0.80680714622 0.93138827639 0.87998985967 0.97911916459 0.96626865434 0.99989427065 1.11253445924 1.29302292155 1.43567694831 -253.9470878595 0.02233175300   -2 
  23 0.00324709469 -111.67162087 0.31846780448 0.90720486216 0.90889554966 0.93280966879 0.88867831756 0.85116890918 0.85160360163 0.90584414515 0.92188150356 0.90809338547 0.80676943540 0.93133128732 0.87990907490 0.97911546493 0.96631967790 0.99991799203 1.11235658767 1.29302034839 1.43540276638 -253.9464361749 0.04368335137   -2 
  24 0.00324763388 -111.87446087 0.31844737461 0.90712892518 0.90871585230 0.93282482046 0.88874450970 0.85078580201 0.85115871363 0.90594390733 0.92151200012 0.90839433115 0.80671425367 0.93123189649 0.87974838715 0.97907372794 0.96639129847 0.99995017506 1.11201299409 1.29298751067 1.43489366627 -253.9453029117 0.01735715172   -2 
  25 0.00324759130 -112.02994371 0.31822755309 0.90754423835 0.90835570856 0.93283804223 0.88872313399 0.85044430411 0.85065797764 0.90601598510 0.92119033199 0.90871327090 0.80673407604 0.93117070848 0.87954369163 0.97887501195 0.96635927529 1.00005040922 1.11160746188 1.29282770266 1.43438747607 -253.9444132456 0.00980035670   -2 
  26 0.00324738039 -112.04109916 0.31820875396 0.90754055648 0.90834614148 0.93282811534 0.88870240018 0.85043529580 0.85062611563 0.90600863072 0.92117618320 0.90872714108 0.80674201997 0.93116769213 0.87952022527 0.97883523936 0.96633789652 1.00004425238 1.11156648651 1.29279286351 1.43434795356 -253.9443629002 0.01198195641   -2 
  27 0.00324724955 -112.09020187 0.31806412934 0.90747722813 0.90837618594 0.93276997435 0.88856082483 0.85044745156 0.85049158446 0.90594386107 0.92114056255 0.90877483022 0.80680509912 0.93116222043 0.87938260098 0.97856768017 0.96617988526 0.99994603016 1.11133336905 1.29255712241 1.43414975795 -253.9441500897 0.01023454006   -2 
  28 0.00324815880 -112.17783753 0.31807048115 0.90731641665 0.90847360517 0.93264524635 0.88831897737 0.85054487007 0.85039438503 0.90577300386 0.92115180321 0.90873073251 0.80690011522 0.93114728134 0.87915892003 0.97808347751 0.96585516244 0.99973081432 1.11097793658 1.29211228590 1.43389054609 -253.9437168539 0.01621278859   -2 
  29 0.00324807058 -112.19368882 0.31807566816 0.90728780855 0.90847433875 0.93261985218 0.88827867369 0.85055779940 0.85038059384 0.90573942639 0.92115287891 0.90871510259 0.80691317468 0.93114176180 0.87911910255 0.97799761466 0.96579504512 0.99968692769 1.11091611829 1.29203136448 1.43384588913 -253.9436510766 0.00698471494   -2 
  30 0.00324791323 -112.24461490 0.31795484411 0.90733573877 0.90826151438 0.93252237718 0.88819919452 0.85056649019 0.85040624443 0.90555754932 0.92116360176 0.90852538411 0.80691971536 0.93108164807 0.87894567930 0.97761599518 0.96548432960 0.99937393616 1.11066482075 1.29163791346 1.43368207583 -253.9434246436 0.00928513201   -2 
  31 0.00324805903 -112.25087415 0.31794145214 0.90734120277 0.90824092257 0.93251457495 0.88819588387 0.85056262220 0.85041101652 0.90553715377 0.92116309075 0.90849892529 0.80691657605 0.93107219403 0.87892638952 0.97757444302 0.96544775313 0.99933369498 1.11063766462 1.29159262005 1.43366443599 -253.9434003962 0.00597390665   -2 
  32 0.00324840867 -112.28790185 0.31796501435 0.90728909994 0.90817625120 0.93249212373 0.88821915644 0.85048455384 0.85043033579 0.90545854493 0.92113101712 0.90835051907 0.80685910775 0.93100465198 0.87885712674 0.97744277683 0.96530269833 0.99916017739 1.11055011478 1.29142176910 1.43360172929 -253.9433040599 0.00416496064   -2 
  33 0.00324859661 -112.30405183 0.31794249557 0.90724597747 0.90817097340 0.93248271292 0.88823553546 0.85042467834 0.85043205415 0.90542754534 0.92110014920 0.90826813887 0.80681053483 0.93095899359 0.87882884956 0.97740079964 0.96523783739 0.99907393033 1.11051915620 1.29134931707 1.43357413292 -253.9432760844 0.00947908871   -2 
  34 0.00324862141 -112.34587388 0.31788980761 0.90712702389 0.90815622774 0.93245089216 0.88826805685 0.85026718451 0.85042768971 0.90535124644 0.92101481273 0.90806093575 0.80668105655 0.93083939805 0.87875952254 0.97730494954 0.96507947726 0.99885967514 1.11044538844 1.29117352157 1.43350365633 -253.9432089652 0.00350812276   -2 
  35 0.00324862051 -112.37440433 0.31783085433 0.90719524028 0.90813731657 0.93239702125 0.88821603804 0.85018478656 0.85037476534 0.90531967219 0.92093431860 0.90796074381 0.80657719523 0.93075094613 0.87872449270 0.97729139943 0.96500934245 0.99874836533 1.11041541954 1.29109921521 1.43344895548 -253.9431659594 0.00510827148   -2 
  36 0.00324855925 -112.38179784 0.31782525505 0.90720598782 0.90813097304 0.93238396699 0.88819941560 0.85017088573 0.85035962442 0.90531389446 0.92091607952 0.90794379118 0.80655480865 0.93073210133 0.87871757443 0.97729176368 0.96499750634 0.99872840084 1.11040991891 1.29108675778 1.43343595534 -253.9431570558 0.00388258152   -2 
  37 0.00324882207 -112.42516268 0.31781176805 0.90724672727 0.90810240750 0.93232378917 0.88808654245 0.85013665351 0.85026060703 0.90529717119 0.92082057894 0.90789491178 0.80644156676 0.93063930484 0.87868891771 0.97732074511 0.96496265110 0.99865497845 1.11039117284 1.29105179868 1.43336304900 -253.9431151237 0.00326412341   -2 
  38 0.00324891923 -112.47456203 0.31776679905 0.90712543267 0.90806722608 0.93228444601 0.88797552039 0.85014464770 0.85014932065 0.90528389678 0.92073025743 0.90789176464 0.80633726342 0.93055314525 0.87866185339 0.97736915203 0.96495445467 0.99861420293 1.11037363449 1.29104288196 1.43327238374 -253.9430739912 0.00622193198   -2 
  39 0.00324901906 -112.48496468 0.31775207899 0.90710317266 0.90806048634 0.93227820103 0.88795540614 0.85014781488 0.85012688005 0.90528068949 0.92071241119 0.90789335553 0.80631657046 0.93053582103 0.87865594452 0.97737943349 0.96495389996 0.99860726948 1.11036947209 1.29104190289 1.43325202167 -253.9430644475 0.00192846479   -2 
  40 0.00324893332 -112.50862968 0.31770731747 0.90711667085 0.90802815732 0.93227479187 0.88797406967 0.85015575910 0.85010835216 0.90525384488 0.92070053236 0.90792010542 0.80630674815 0.93051983023 0.87863604290 0.97738166282 0.96496385339 0.99861836938 1.11034536147 1.29104268226 1.43319187706 -253.9430480854 0.00236005658   -2 
  41 0.00324903938 -112.55448127 0.31768046470 0.90717888821 0.90800483577 0.93227757131 0.88803632194 0.85016035147 0.85010572646 0.90520000177 0.92070145822 0.90796958399 0.80631740481 0.93051077543 0.87859833790 0.97736370588 0.96498307291 0.99865614093 1.11029383823 1.29104028925 1.43308613313 -253.9430237650 0.00296415453   -2 
  42 0.00324901095 -112.55950346 0.31767945219 0.90717893326 0.90800585704 0.93227758403 0.88804111448 0.85015965202 0.85010667267 0.90519478342 0.92070222825 0.90797356060 0.80631955201 0.93051056521 0.87859432933 0.97736047072 0.96498459167 0.99866002178 1.11028800771 1.29103931148 1.43307558819 -253.9430212813 0.00181859070   -2 
  43 0.00324906738 -112.57841502 0.31766848038 0.90714052130 0.90804948330 0.93228320056 0.88804918767 0.85015079946 0.85012427118 0.90518189143 0.92071410623 0.90798104044 0.80633876084 0.93051826643 0.87857976641 0.97733767461 0.96498801336 0.99868127324 1.11026305047 1.29103147950 1.43304112157 -253.9430122933 0.00096722845   -2 
  44 0.00324906695 -112.58373464 0.31765663681 0.90713635691 0.90806078725 0.93228247365 0.88803806277 0.85014323856 0.85013423644 0.90518324336 0.92072047015 0.90797442768 0.80634944068 0.93052437614 0.87857568832 0.97732338112 0.96498543359 0.99868550944 1.11025342259 1.29102426083 1.43303517894 -253.9430102148 0.00182912030   -2 
  45 0.00324903423 -112.58684758 0.31765165172 0.90713495147 0.90806472623 0.93228114837 0.88803012541 0.85013833402 0.85013960483 0.90518440260 0.92072378749 0.90796935975 0.80635550091 0.93052787082 0.87857342018 0.97731456306 0.96498327673 0.99868729728 1.11024786479 1.29101945890 1.43303249727 -253.9430090941 0.00086536670   -2 
  46 0.00324905376 -112.59499292 0.31764534458 0.90715451764 0.90805710733 0.93227563173 0.88800065806 0.85012366153 0.85015222757 0.90519287259 0.92073124118 0.90794607288 0.80637238393 0.93053844455 0.87856879370 0.97728628268 0.96497269461 0.99869138856 1.11023323348 1.29100166780 1.43303299032 -253.9430064509 0.00054234998   -2 
  47 0.00324905207 -112.59667519 0.31764523502 0.90715546846 0.90805368700 0.93227441920 0.88799604967 0.85012123093 0.85015336317 0.90519456082 0.92073182133 0.90794059214 0.80637509907 0.93054013437 0.87856799531 0.97728040741 0.96496980675 0.99869124661 1.11023040680 1.29099747775 1.43303386212 -253.9430062347 0.00073532938   -2 
  48 0.00324908186 -112.59983001 0.31764445309 0.90715508419 0.90804574721 0.93227233644 0.88798890549 0.85011734839 0.85015414558 0.90519806197 0.92073209247 0.90792894389 0.80637979649 0.93054310802 0.87856667176 0.97726849837 0.96496328778 0.99868987236 1.11022501460 1.29098851172 1.43303670995 -253.9430058276 0.00052302100   -2 
  49 0.00324907979 -112.60174395 0.31764316531 0.90714574972 0.90803935064 0.93227009617 0.88798860043 0.85011619854 0.85015055967 0.90519928519 0.92072941869 0.90791994444 0.80638053866 0.93054339060 0.87856587717 0.97726034818 0.96495711659 0.99868889315 1.11022159824 1.29098096843 1.43303982078 -253.9430054616 0.00098946065   -2 
  50 0.00324910195 -112.60368161 0.31764023600 0.90713556323 0.90803298772 0.93226775548 0.88798964787 0.85011543696 0.85014550173 0.90520029654 0.92072571846 0.90790973223 0.80638068487 0.93054322959 0.87856501367 0.97725127436 0.96494972499 0.99868639764 1.11021784298 1.29097213283 1.43304363323 -253.9430050124 0.00038865782   -2 
  51 0.00324908473 -112.60486572 0.31763730613 0.90713769653 0.90803352686 0.93226367903 0.88799434069 0.85011530998 0.85013499812 0.90519593343 0.92071766894 0.90790251693 0.80637504944 0.93053841661 0.87856323235 0.97724524271 0.96494167159 0.99868143568 1.11021463775 1.29096333352 1.43304512617 -253.9430045368 0.00090675734   -2 
  52 0.00324909167 -112.60587528 0.31763416452 0.90714073658 0.90803473122 0.93226027824 0.88799881587 0.85011533068 0.85012519824 0.90519164515 0.92071008157 0.90789619642 0.80636946578 0.93053367350 0.87856154619 0.97723998224 0.96493418075 0.99867619126 1.11021173695 1.29095521697 1.43304638999 -253.9430041832 0.00039826970   -2 
  53 0.00324911191 -112.60757641 0.31763622511 0.90714114431 0.90803668125 0.93225831253 0.88800017239 0.85011451685 0.85011569907 0.90518485244 0.92070157814 0.90789203209 0.80636112760 0.93052643650 0.87855898209 0.97723638662 0.96492612722 0.99866636158 1.11020859992 1.29094678142 1.43304541162 -253.9430037750 0.00025473607   -2 
  54 0.00324911191 -112.60757641 0.31763622511 0.90714114431 0.90803668125 0.93225831253 0.88800017239 0.85011451685 0.85011569907 0.90518485244 0.92070157814 0.90789203209 0.80636112760 0.93052643650 0.87855898209 0.97723638662 0.96492612722 0.99866636158 1.11020859992 1.29094678142 1.43304541162 -253.9430037750 0.00025473607   -5 
  55 0.00324911603 -112.60755636 0.31763511275 0.90713926787 0.90803561407 0.93225864603 0.88799849514 0.85011411730 0.85011663137 0.90518436570 0.92070163068 0.90789308258 0.80636026347 0.93052570664 0.87855860625 0.97723704724 0.96492604291 0.99866404013 1.11020850292 1.29094676649 1.43304435452 -253.9430036971 0.00048152834   -2 
  56 0.00324910739 -112.60765513 0.31763402544 0.90713574168 0.90803356317 0.93225896237 0.88799531093 0.85011324979 0.85011812088 0.90518331466 0.92070161148 0.90789481772 0.80635862644 0.93052426849 0.87855785942 0.97723810787 0.96492579677 0.99866031400 1.11020821264 1.29094660842 1.43304232525 -253.9430035686 0.00021073521   -2 
  57 0.00324911907 -112.60817141 0.31763321072 0.90713189780 0.90802992145 0.93225911634 0.88798775161 0.85011082518 0.85012134224 0.90518048174 0.92070135153 0.90789886037 0.80635425960 0.93052030354 0.87855573827 0.97724082818 0.96492502911 0.99865296981 1.11020721481 1.29094596164 1.43303679676 -253.9430034520 0.00045809977   -2 
  58 0.00324912032 -112.60858390 0.31763312692 0.90712980004 0.90802760680 0.93225894410 0.88798297339 0.85010916706 0.85012322028 0.90517855381 0.92070105117 0.90790134398 0.80635135047 0.93051764992 0.87855427989 0.97724248731 0.96492445061 0.99864782782 1.11020647390 1.29094543402 1.43303308074 -253.9430033996 0.00023163054   -2 
  59 0.00324911646 -112.60857664 0.31763371543 0.90713200400 0.90802884069 0.93225840728 0.88798538266 0.85010958665 0.85012199618 0.90517907940 0.92070079704 0.90790011537 0.80635216044 0.93051835394 0.87855458880 0.97724173677 0.96492441729 0.99864943224 1.11020647377 1.29094532491 1.43303399272 -253.9430033567 0.00027385024   -2 
  60 0.00324912007 -112.60859751 0.31763406721 0.90713471017 0.90803021429 0.93225787107 0.88798766066 0.85010989026 0.85012082867 0.90517941986 0.92070047396 0.90789904305 0.80635266166 0.93051876413 0.87855471639 0.97724107273 0.96492430828 0.99865007963 1.11020634844 1.29094510852 1.43303447511 -253.9430033202 0.00014700859   -2 
  61 0.00324912007 -112.60859751 0.31763406721 0.90713471017 0.90803021429 0.93225787107 0.88798766066 0.85010989026 0.85012082867 0.90517941986 0.92070047396 0.90789904305 0.80635266166 0.93051876413 0.87855471639 0.97724107273 0.96492430828 0.99865007963 1.11020634844 1.29094510852 1.43303447511 -253.9430033202 0.00014700859   -5 
  62 0.00324911787 -112.60865805 0.31763410683 0.90713480879 0.90803036386 0.93225773083 0.88798772026 0.85010978526 0.85012068166 0.90517927539 0.92070038560 0.90789899949 0.80635244970 0.93051855103 0.87855457191 0.97724101716 0.96492418420 0.99864911526 1.11020622606 1.29094496407 1.43303414897 -253.9430033129 0.00015082637   -2 
  63 0.00324911787 -112.60865805 0.31763410683 0.90713480879 0.90803036386 0.93225773083 0.88798772026 0.85010978526 0.85012068166 0.90517927539 0.92070038560 0.90789899949 0.80635244970 0.93051855103 0.87855457191 0.97724101716 0.96492418420 0.99864911526 1.11020622606 1.29094496407 1.43303414897 -253.9430033129 0.00015082637   -5 
  64 0.00324911991 -112.60867146 0.31763399449 0.90713485936 0.90803049169 0.93225771285 0.88798776609 0.85010975654 0.85012064217 0.90517923835 0.92070034406 0.90789899311 0.80635236172 0.93051845924 0.87855451402 0.97724101716 0.96492412966 0.99864899172 1.11020617029 1.29094490933 1.43303400775 -253.9430033064 0.00010611633   -2 
  65 0.00324912451 -112.60945739 0.31763294129 0.90713758468 0.90803241039 0.93225557907 0.88798913618 0.85010859667 0.85011882427 0.90517764233 0.92069826892 0.90789851140 0.80634935307 0.93051521209 0.87855209487 0.97724101716 0.96492256504 0.99864233468 1.11020414325 1.29094279374 1.43302909982 -253.9430032594 0.00045276738   -2 
  66 0.00324912451 -112.60945739 0.31763294129 0.90713758468 0.90803241039 0.93225557907 0.88798913618 0.85010859667 0.85011882427 0.90517764233 0.92069826892 0.90789851140 0.80634935307 0.93051521209 0.87855209487 0.97724101716 0.96492256504 0.99864233468 1.11020414325 1.29094279374 1.43302909982 -253.9430032594 0.00045276738   -5 
  67 0.00324911972 -112.60950589 0.31763311071 0.90713714613 0.90803220716 0.93225559206 0.88798905889 0.85010855517 0.85011878536 0.90517759326 0.92069822527 0.90789846990 0.80634929884 0.93051515208 0.87855204803 0.97724097598 0.96492251249 0.99864215703 1.11020408531 1.29094273323 1.43302900224 -253.9430032201 0.00008219396    0 
-- Found new optimum with likelihood -253.943003220166588 and gradient 0.00008

---- Best joint likelihood found -253.943003220166588 with gradient 0.00008

---- Results for /scratch/38996021/tmprteojsi1 
--  Model: C
--        eps_an     theta_bar             a 
--             0 0.00324911972            -1 
--           S_d             b           p_b           S_b 
-- -112.60950589 0.31763311071             0             1 
--           r 2           r 3           r 4           r 5           r 6           r 7           r 8           r 9          r 10          r 11          r 12          r 13          r 14          r 15          r 16          r 17          r 18          r 19 
-- 0.90713714613 0.90803220716 0.93225559206 0.88798905889 0.85010855517 0.85011878536 0.90517759326 0.92069822527 0.90789846990 0.80634929884 0.93051515208 0.87855204803 0.97724097598 0.96492251249 0.99864215703 1.11020408531 1.29094273323 1.43302900224 

---- Expected P_neut(i), 0 < i < n (neutral SFS per site) 
E[P_neut(1)] = 0.0032491197
E[P_neut(2)] = 0.0014736986
E[P_neut(3)] = 0.0009834351
E[P_neut(4)] = 0.0007572525
E[P_neut(5)] = 0.0005770366
E[P_neut(6)] = 0.0004603507
E[P_neut(7)] = 0.0003945911
E[P_neut(8)] = 0.0003676288
E[P_neut(9)] = 0.0003323843
E[P_neut(10)] = 0.0002949871
E[P_neut(11)] = 0.0002381750
E[P_neut(12)] = 0.0002519463
E[P_neut(13)] = 0.0002195785
E[P_neut(14)] = 0.0002267981
E[P_neut(15)] = 0.0002090099
E[P_neut(16)] = 0.0002027942
E[P_neut(17)] = 0.0002121874
E[P_neut(18)] = 0.0002330238
E[P_neut(19)] = 0.0002450570

---- Expected P_sel(i), 0 < i < n (selected SFS per site) 
E[P_sel(1)] = 0.0015912850
E[P_sel(2)] = 0.0005474361
E[P_sel(3)] = 0.0003158559
E[P_sel(4)] = 0.0002212487
E[P_sel(5)] = 0.0001573215
E[P_sel(6)] = 0.0001188831
E[P_sel(7)] = 0.0000974698
E[P_sel(8)] = 0.0000874573
E[P_sel(9)] = 0.0000765387
E[P_sel(10)] = 0.0000660045
E[P_sel(11)] = 0.0000519421
E[P_sel(12)] = 0.0000536850
E[P_sel(13)] = 0.0000458075
E[P_sel(14)] = 0.0000464008
E[P_sel(15)] = 0.0000419970
E[P_sel(16)] = 0.0000400692
E[P_sel(17)] = 0.0000412712
E[P_sel(18)] = 0.0000446590
E[P_sel(19)] = 0.0000463149

---- alpha_dfe = 0.000000

