---- Running command
---- ./polyDFE -d /scratch/38996250/tmp1ld5evnx -m C -i /scratch/38996250/tmpmdezxvrf 1 -v 1 
---- Performing inference using model C

---- Performing inference on /scratch/38996250/tmp1ld5evnx
----      with -i /scratch/38996250/tmpmdezxvrf 1
---- Data /scratch/38996250/tmp1ld5evnx does not contain divergence counts. Using option -w.
---- No mutation variability. Using Poisson likelihood.


---- Using provided initial values

-- Starting local optimization
-- Optimizing all parameters
  it        eps_an     theta_bar           S_d             b           r 2           r 3           r 4           r 5           r 6           r 7           r 8           r 9          r 10          r 11          r 12          r 13          r 14          r 15          r 16          r 17          r 18          r 19           ln lk          grad status 
   0    0.01346766  0.0008961823 -245.56979999     0.3789762      1.115224      1.093897      1.181135      1.231855     0.9243195      1.082592     0.8650157       1.20686      1.044504     0.9301775     0.9573576      1.358432      1.004809      0.982138     0.9355796      1.145759      1.008393     0.8705163 -156.9222152513 0.82347055900   -2 
   1 0.01346459246 0.00088604881 -242.24915736 0.36176372608 1.10777692603 1.10068847501 1.18174426732 1.23103799261 0.91309883400 1.09102630222 0.85710750549 1.19452421294 1.04832680940 0.93980027342 0.96720245465 1.35623052328 1.01132007277 0.98161337848 0.94209430074 1.13470090518 1.00355143499 0.86950499816 -154.3771125441 0.89306146803   -2 
   2 0.01346032475 0.00086823559 -241.86412577 0.35868582831 1.10188772015 1.10337486282 1.18096464527 1.22955783737 0.90537350728 1.09603561580 0.85158167962 1.18595083287 1.05055161180 0.94607524862 0.97365251239 1.35437670631 1.01554427012 0.98108588339 0.94639349612 1.12705867471 1.00016328494 0.86877564506 -153.4179657054 0.51615811175   -2 
   3 0.01335705469 0.00088070824 -245.33592066 0.36179897169 1.07815090092 1.15811309089 1.18599917472 1.22198477446 0.80229285063 1.18186804897 0.77414127229 1.06739285439 1.09071600765 1.05378513656 1.08441317621 1.33149815779 1.08841951153 0.97587686800 1.02038831645 1.01441250828 0.95006129138 0.86004693071 -146.8294249951 0.34339587831   -2 
   4 0.01335027087 0.00087583260 -245.96367318 0.36373974578 1.08292207962 1.15171909342 1.18489284137 1.22169258216 0.80077837088 1.18232933830 0.77145153197 1.06399749400 1.09184416545 1.05835276657 1.08938810557 1.33022799389 1.09210994342 0.97550699866 1.02451036379 1.00822555213 0.94716422425 0.85945532741 -146.5884679115 0.42535535087   -2 
   5 0.01332232645 0.00088319444 -247.14088103 0.36575567183 1.11268690251 1.12047510612 1.18169180081 1.22294327884 0.80018031019 1.18033998115 0.76288131163 1.05466279652 1.09591415682 1.07573826397 1.10872248933 1.32596439978 1.10727186876 0.97434536613 1.04181335463 0.98340978051 0.93546123463 0.85714821017 -145.8115141048 0.19156201118   -2 
   6 0.01330785702 0.00087618087 -246.86070823 0.36074944681 1.11307241135 1.10611498430 1.17956887600 1.22442342431 0.80669975997 1.17242395740 0.76038902168 1.05447796033 1.09659570032 1.08360528568 1.11838049351 1.32365908443 1.11634608798 0.97356505224 1.05334648370 0.96696321976 0.92689489069 0.85535104932 -145.5359310994 0.16512145028   -2 
   7 0.01329781391 0.00088163521 -247.31425080 0.36013104943 1.10726235386 1.10474596325 1.17910618909 1.22572486260 0.81314624144 1.16588479386 0.76011000343 1.05672176994 1.09640020974 1.08722161273 1.12335914039 1.32260663324 1.12187281681 0.97313970091 1.06104006765 0.95624491578 0.92097062843 0.85417359239 -145.4036223086 0.33421695805   -2 
   8 0.01327467756 0.00088299535 -249.21757497 0.36218526656 1.09135214509 1.10307478972 1.17712724559 1.22761351059 0.82804099199 1.15030647635 0.75966883587 1.06216665552 1.09532826881 1.09452796239 1.13387129249 1.31997025477 1.13404952264 0.97198520212 1.07855845672 0.93195979264 0.90728990007 0.85135584716 -145.1240204354 0.08499840884   -2 
   9 0.01326365343 0.00087890389 -250.20944326 0.36118668347 1.10449203134 1.11828906209 1.17414327758 1.22257333758 0.83304003109 1.14326164095 0.76131871113 1.06725196019 1.09154095658 1.09202808460 1.13357041696 1.31818929786 1.13754474377 0.97046539484 1.08811803865 0.91572547579 0.89709943866 0.84866460781 -144.9941933426 0.08259793980   -2 
  10 0.01326373487 0.00087992821 -250.26713859 0.36101258828 1.10510999123 1.11910043389 1.17431692456 1.22247583931 0.83323018050 1.14317396739 0.76153151882 1.06767329687 1.09132208065 1.09173770177 1.13341159152 1.31817677640 1.13769199865 0.97039152817 1.08874803613 0.91462483494 0.89636760429 0.84847825039 -144.9874947732 0.04798361862   -2 
  11 0.01327417885 0.00088211124 -251.54100099 0.36221451833 1.10287771580 1.12012887870 1.17827154903 1.22332459593 0.83246654185 1.14613831079 0.76393674636 1.07115028941 1.08966883572 1.08782833272 1.13029698097 1.31881883975 1.13746022138 0.96992467835 1.09300811408 0.90602905128 0.89015661537 0.84687700500 -144.9558693223 0.06220561696   -2 
  12 0.01329105183 0.00087980689 -252.30966195 0.36084348783 1.10035419204 1.11870352493 1.18110421154 1.22428728063 0.83108776494 1.14951677820 0.76620484938 1.07404945350 1.08824225374 1.08386807049 1.12691376157 1.31953119825 1.13675077269 0.96948846158 1.09660196389 0.89803801524 0.88415897343 0.84523498504 -144.9275529336 0.08531527087   -2 
  13 0.01329662247 0.00088042033 -252.47246858 0.36024565465 1.10015805641 1.11829243455 1.18170372683 1.22459689778 0.83070294187 1.15045286154 0.76680791202 1.07477617857 1.08791681117 1.08283475112 1.12600657549 1.31975211555 1.13653089226 0.96938558385 1.09752312699 0.89592190092 0.88254259730 0.84478473367 -144.9205353701 0.02988361453   -2 
  14 0.01332257729 0.00088155838 -253.36293964 0.36050134107 1.10370129650 1.11580569097 1.17912666975 1.22460778021 0.82933397773 1.15179979302 0.76762182422 1.07504297017 1.08757574456 1.08073565408 1.12379777384 1.32010994544 1.13538631414 0.96912236404 1.09859376631 0.89151881596 0.87879251811 0.84356508228 -144.9090447469 0.03107674661   -2 
  15 0.01332775046 0.00088109538 -253.50325254 0.36049227937 1.10378993276 1.11555856504 1.17861278085 1.22451150266 0.82913315685 1.15184632132 0.76766363033 1.07494591593 1.08754809482 1.08048315572 1.12349702395 1.32011955374 1.13517655561 0.96907345570 1.09864207384 0.89095035040 0.87825632139 0.84336581642 -144.9076921373 0.02900241154   -2 
  16 0.01336172456 0.00088075537 -254.09726219 0.35942179963 1.10307621470 1.11525145987 1.17580257640 1.22388303748 0.82818752330 1.15163069940 0.76763503937 1.07398289692 1.08759039154 1.07945189318 1.12207199682 1.32009566028 1.13395537168 0.96881756641 1.09851583785 0.88823652252 0.87544592973 0.84222805051 -144.9014730498 0.02693893958   -2 
  17 0.01343374023 0.00088240111 -255.60258830 0.35858682975 1.10069559116 1.11540656618 1.17143807095 1.22242469955 0.82657727951 1.15053309394 0.76721655966 1.07169347163 1.08768732082 1.07781014250 1.11958352562 1.31979411898 1.13153343709 0.96826075319 1.09779984864 0.88347646381 0.87021145530 0.83994448402 -144.8945190094 0.06469360384   -2 
  18 0.01349089263 0.00088270665 -256.90283755 0.35840466096 1.09876005409 1.11534183909 1.16836977141 1.22116378643 0.82534735839 1.14950510457 0.76679735293 1.06984491869 1.08768141030 1.07656103267 1.11768435807 1.31944419841 1.12963594140 0.96778336744 1.09713733749 0.87988502625 0.86621357776 0.83814075166 -144.8884072545 0.03405842490   -2 
  19 0.01354601684 0.00088460828 -258.17318835 0.35847237829 1.09808590838 1.11485276228 1.16739700187 1.21994244246 0.82445872627 1.14820576872 0.76617841619 1.06814457539 1.08743200713 1.07560232225 1.11619430721 1.31880404042 1.12797677052 0.96723133417 1.09625037845 0.87702470553 0.86286130796 0.83641086938 -144.8828253378 0.03383288430   -2 
  20 0.01360408111 0.00088546043 -259.49443273 0.35851267180 1.09765835621 1.11397335789 1.16711020573 1.21860217387 0.82363094515 1.14668639034 0.76541581639 1.06640298096 1.08699789851 1.07466953165 1.11476520295 1.31794494828 1.12630454197 0.96658227584 1.09518610987 0.87430356281 0.85958467446 0.83458029344 -144.8798543876 0.04226676463   -2 
  21 0.01376477008 0.00088706095 -262.60719503 0.35661191653 1.09811202637 1.11072823198 1.16931773157 1.21518547306 0.82195079461 1.14225964270 0.76298416241 1.06208788184 1.08516025416 1.07251099734 1.11154681330 1.31492697499 1.12215779501 0.96455329749 1.09179432294 0.86811652461 0.85171443681 0.82950946677 -144.8645895073 0.07761160376   -2 
  22 0.01384920065 0.00088643008 -264.28805613 0.35584000804 1.09810706389 1.10899728835 1.17043461110 1.21344395470 0.82112409510 1.13997065802 0.76168339323 1.05993128164 1.08408892246 1.07141033083 1.10995237683 1.31325370097 1.12006349314 0.96344770692 1.08995949173 0.86508523773 0.84779516311 0.82685800607 -144.8575636115 0.02008250492   -2 
  23 0.01419268354 0.00088886177 -270.70926031 0.35401854386 1.09429611531 1.11108411997 1.17208695361 1.21419009424 0.82177647749 1.13606817375 0.75663567344 1.05810102427 1.07651645318 1.06945041165 1.10880550737 1.30415320069 1.11616649931 0.95768364304 1.08070330972 0.86193958753 0.84014959380 0.81579378560 -144.8368309144 0.03090595980   -2 
  24 0.01441791320 0.00088897950 -274.38923088 0.35183773686 1.09515546773 1.11036454206 1.17021717082 1.21417710458 0.82200584631 1.13484221760 0.75410244054 1.05774056305 1.07225964022 1.06835187035 1.10852694195 1.29896293539 1.11439166283 0.95400109054 1.07505076430 0.86108860915 0.83658508444 0.80862317657 -144.8264966245 0.04454534397   -2 
  25 0.01447771985 0.00088851256 -275.40201727 0.35158384420 1.09548790701 1.10988302844 1.16942292161 1.21400864050 0.82198426176 1.13465237333 0.75355438697 1.05769789756 1.07128221923 1.06805930721 1.10846893748 1.29773890892 1.11400027845 0.95305128189 1.07364128020 0.86097644701 0.83579519776 0.80672552282 -144.8237182873 0.03774210499   -2 
  26 0.01466191419 0.00089030691 -278.39620598 0.35111322258 1.09734862492 1.10790908804 1.16641471428 1.21314541067 0.82169750732 1.13475625184 0.75244729566 1.05785973116 1.06903142992 1.06724619105 1.10842145297 1.29473062064 1.11317522862 0.95030516972 1.06974756782 0.86108004931 0.83396914606 0.80090193156 -144.8156410201 0.02009609532   -2 
  27 0.01492115096 0.00089106154 -281.77900264 0.34994703306 1.09521260316 1.10483612032 1.16243754294 1.21018597819 0.82006037048 1.13613976327 0.75280695696 1.05825117354 1.06863654438 1.06602420554 1.10818433292 1.29324664497 1.11291871493 0.94711920973 1.06604119424 0.86225106774 0.83302788039 0.79256913819 -144.8072781794 0.03824475087   -2 
  28 0.01497579193 0.00089171898 -282.42940337 0.34960849664 1.09480282975 1.10437375552 1.16180531898 1.20959137237 0.81969025050 1.13640286466 0.75293750064 1.05830476795 1.06864859228 1.06576031687 1.10810691269 1.29303797656 1.11288239639 0.94649043017 1.06535035405 0.86250784329 0.83287469716 0.79081756533 -144.8058282620 0.01695211140   -2 
  29 0.01519161969 0.00089193847 -284.43365106 0.34894937678 1.09257288513 1.10540152424 1.16289078629 1.20716972418 0.81736041045 1.13602864630 0.75427971101 1.05741393521 1.07024271664 1.06420935510 1.10683726742 1.29392381403 1.11276786210 0.94461905822 1.06418332354 0.86351854782 0.83297729764 0.78336736500 -144.7999432338 0.02489109736   -2 
  30 0.01522261122 0.00089236320 -284.65794905 0.34883079638 1.09265807440 1.10560008135 1.16316376531 1.20697540539 0.81705992913 1.13588964800 0.75447920641 1.05723530587 1.07050634265 1.06398166246 1.10661160117 1.29411454345 1.11274303955 0.94439964701 1.06410340453 0.86362755120 0.83300733689 0.78227120952 -144.7990800876 0.02207860540   -2 
  31 0.01538430295 0.00089240858 -285.66833585 0.34887403020 1.09480847985 1.10637635637 1.16480936099 1.20668273527 0.81565018187 1.13450806353 0.75545281108 1.05590980125 1.07193116532 1.06269393250 1.10510291121 1.29534173207 1.11247912966 0.94349851905 1.06413430105 0.86391114973 0.83319099956 0.77634383706 -144.7948518953 0.01626240940   -2 
  32 0.01542767178 0.00089222553 -285.61252752 0.34853040031 1.09536004244 1.10636984647 1.16504407014 1.20736524777 0.81569134911 1.13407633150 0.75559936447 1.05554570818 1.07222008364 1.06246791557 1.10467250787 1.29573811703 1.11237346663 0.94346222688 1.06440023033 0.86374663579 0.83316082369 0.77465840841 -144.7933124703 0.02767032065   -2 
  33 0.01546210898 0.00089154457 -285.55679606 0.34842241519 1.09562702495 1.10628039134 1.16512979717 1.20800804755 0.81580912266 1.13372470899 0.75567799762 1.05525693303 1.07240813850 1.06231355204 1.10432724372 1.29604675406 1.11227552960 0.94347332006 1.06465686092 0.86355526635 0.83310901225 0.77330072245 -144.7921588935 0.01785382774   -2 
  34 0.01568188086 0.00089195388 -284.74596748 0.34914413893 1.09619813212 1.10597170421 1.16514823920 1.21363641856 0.81799464294 1.13210092580 0.75582857590 1.05389823025 1.07324447348 1.06200621978 1.10246552252 1.29811832345 1.11169790075 0.94420918179 1.06699945750 0.86160708107 0.83243011591 0.76454039398 -144.7852275004 0.01541515185   -2 
  35 0.01584058526 0.00089221338 -283.66971365 0.34931897780 1.09547828758 1.10656484409 1.16513908355 1.21531286119 0.81960793608 1.13202193612 0.75577760652 1.05364502818 1.07350542880 1.06226443396 1.10175676991 1.29924957227 1.11140041841 0.94485273572 1.06860891337 0.85992667983 0.83159165908 0.75844883129 -144.7823339504 0.04345486124   -2 
  36 0.01599602025 0.00089150893 -282.63615030 0.34969937912 1.09467577251 1.10710128690 1.16507626386 1.21648098443 0.82109140787 1.13205737594 0.75569931211 1.05348018315 1.07369173413 1.06255188324 1.10115141776 1.30025288024 1.11111542114 0.94546145472 1.07011376267 0.85826456463 0.83071877177 0.75260464951 -144.7794015175 0.02233343696   -2 
  37 0.01646041788 0.00089219952 -279.16747320 0.35121171637 1.09519318343 1.10901188657 1.16555398931 1.21499620301 0.82420739019 1.13395902858 0.75544054513 1.05433708811 1.07381826378 1.06402165159 1.10075130926 1.30222037353 1.11060250016 0.94703391470 1.07369895119 0.85325660755 0.82752885854 0.73616422406 -144.7710113116 0.04447487381   -2 
  38 0.01658887675 0.00089160951 -278.23024503 0.35171542005 1.09539290113 1.10936930758 1.16569277297 1.21436116703 0.82486775284 1.13452769086 0.75537472161 1.05463722137 1.07382183702 1.06442906278 1.10074227364 1.30264024380 1.11048308426 0.94740778413 1.07454366043 0.85190774685 0.82659901692 0.73180513102 -144.7687451468 0.02475222573   -2 
  39 0.01690402042 0.00089102766 -275.60178805 0.35223398714 1.09725795144 1.10957728657 1.16666359127 1.21192579943 0.82511247607 1.13646523049 0.75539783682 1.05602749567 1.07380161713 1.06558066561 1.10164089473 1.30292048420 1.11048671617 0.94793965068 1.07558456882 0.84881553662 0.82388908404 0.72181176929 -144.7634809084 0.02348652278   -2 
  40 0.01697320996 0.00089060962 -275.05207000 0.35257523288 1.09750529260 1.10948070043 1.16696323374 1.21150357443 0.82480891890 1.13692546519 0.75546273795 1.05645400111 1.07381028428 1.06583783972 1.10206355918 1.30277882315 1.11057098174 0.94792919212 1.07548704308 0.84821677434 0.82315752371 0.71980007980 -144.7621968939 0.03165041399   -2 
  41 0.01730175633 0.00089142065 -272.33658592 0.35398718160 1.09866028220 1.10912685487 1.16879817540 1.21018507314 0.82267513738 1.13926216102 0.75597387901 1.05881469439 1.07398240739 1.06712005080 1.10465116720 1.30172789411 1.11123459742 0.94760947852 1.07427837225 0.84562956590 0.81940118880 0.71079205189 -144.7566717297 0.02316381305   -2 
  42 0.01725765751 0.00089072585 -272.63439944 0.35363831069 1.09785230358 1.10929288563 1.16842695379 1.21095740623 0.82275870374 1.13881385274 0.75598461090 1.05852563652 1.07401992634 1.06690405779 1.10450031203 1.30168315002 1.11125886533 0.94747327197 1.07399827703 0.84610816234 0.81969593373 0.71218730730 -144.7549349045 0.02806282106   -2 
  43 0.01722976115 0.00089085799 -272.78146640 0.35331623569 1.09729162869 1.10949525227 1.16820576955 1.21170964084 0.82273646461 1.13850581766 0.75603671473 1.05837602059 1.07408497194 1.06676386495 1.10450758862 1.30158875051 1.11133674960 0.94731512732 1.07363411796 0.84647698804 0.81979712829 0.71316833195 -144.7537431921 0.01709165880   -2 
  44 0.01716551424 0.00089088063 -273.19621034 0.35332221141 1.09569707244 1.10994314941 1.16753592969 1.21449769812 0.82204802431 1.13753170958 0.75636642956 1.05815758641 1.07437448768 1.06633806891 1.10510987237 1.30082263958 1.11183930185 0.94642833518 1.07152929913 0.84770391125 0.81944325584 0.71603937525 -144.7508173206 0.02265725949   -2 
  45 0.01714977594 0.00089129430 -273.27133377 0.35329495860 1.09559073921 1.11001428031 1.16742335007 1.21515653600 0.82181895982 1.13730549784 0.75647155504 1.05813455507 1.07446186139 1.06623416128 1.10533211674 1.30058091017 1.11200503105 0.94615079811 1.07087073168 0.84805157171 0.81928674053 0.71682760257 -144.7501095723 0.01760443836   -2 
  46 0.01710312724 0.00089141095 -273.48415328 0.35354980098 1.09643659788 1.10963401430 1.16717084433 1.21651682453 0.82076700719 1.13662532272 0.75684659274 1.05815074374 1.07471709015 1.06587105214 1.10630543105 1.29951603613 1.11265784468 0.94497745746 1.06814370508 0.84929553340 0.81842977473 0.71959673640 -144.7478401005 0.01857907176   -2 
  47 0.01708349711 0.00089158442 -273.47666885 0.35340935624 1.09707446905 1.10938728636 1.16721202911 1.21671015927 0.82027473354 1.13642881995 0.75702324153 1.05821361034 1.07482839009 1.06573120180 1.10681759783 1.29899728340 1.11299441502 0.94438269261 1.06677272692 0.84989832289 0.81793261111 0.72093730764 -144.7468572801 0.02384549173   -2 
  48 0.01706113945 0.00089100074 -273.45077338 0.35327288433 1.09772708563 1.10899926999 1.16731091150 1.21655839698 0.81968380646 1.13625825150 0.75721833903 1.05830567398 1.07493410018 1.06557077657 1.10744697962 1.29835106427 1.11340415149 0.94363125388 1.06505907627 0.85063311048 0.81726148500 0.72259192132 -144.7456710138 0.01079850900   -2 
  49 0.01705051435 0.00089108977 -273.33642036 0.35312968729 1.09768363411 1.10894368774 1.16770839326 1.21553089731 0.81949146564 1.13649515052 0.75730943506 1.05847534299 1.07497046440 1.06557168371 1.10787691646 1.29801886023 1.11369916242 0.94313813593 1.06393880301 0.85112745764 0.81667070712 0.72375689628 -144.7449309508 0.02059829284   -2 
  50 0.01704068612 0.00089078590 -273.24083881 0.35314262436 1.09743963383 1.10888619031 1.16811099767 1.21430026867 0.81934054980 1.13678969182 0.75737938053 1.05865370041 1.07498357173 1.06558750964 1.10829337907 1.29770079323 1.11398887339 0.94264215723 1.06281662680 0.85162221622 0.81603661311 0.72495327546 -144.7441829871 0.01135582633   -2 
  51 0.01703453474 0.00089115111 -273.15245969 0.35330349198 1.09710746438 1.10896782711 1.16843962637 1.21318525419 0.81936384000 1.13716615662 0.75740088862 1.05883176478 1.07497029364 1.06565960060 1.10859080809 1.29753361044 1.11421401794 0.94228443134 1.06198763174 0.85201346292 0.81546534970 0.72596457934 -144.7436592343 0.00674285379   -2 
  52 0.01703457276 0.00089110102 -273.13902640 0.35335807688 1.09703567034 1.10897626743 1.16841763709 1.21309481516 0.81940876825 1.13722162195 0.75738413332 1.05884638847 1.07495300740 1.06567890424 1.10859067779 1.29754592964 1.11422169732 0.94226937534 1.06194570100 0.85204001987 0.81539401809 0.72606824875 -144.7435930330 0.00606355624   -2 
  53 0.01703735852 0.00089136722 -273.00837157 0.35351186979 1.09676744361 1.10908197728 1.16817713561 1.21289401488 0.81977462164 1.13753753324 0.75725531725 1.05891113592 1.07484029679 1.06582048443 1.10848617057 1.29773099894 1.11420615679 0.94230329659 1.06195494968 0.85210201742 0.81505733701 0.72649844900 -144.7433441519 0.00676680024   -2 
  54 0.01704323505 0.00089130170 -272.75339539 0.35364061330 1.09643445772 1.10916475729 1.16773292994 1.21271033293 0.82037436872 1.13799240245 0.75702260837 1.05898522196 1.07463772405 1.06604718801 1.10825390485 1.29806456544 1.11413750117 0.94240813486 1.06208112975 0.85215308626 0.81452603021 0.72713357868 -144.7430944024 0.01018754776   -2 
  55 0.01704733160 0.00089136048 -272.56301809 0.35362661005 1.09636416447 1.10919909098 1.16750015723 1.21267029364 0.82073413850 1.13824818727 0.75687957934 1.05902654780 1.07451664948 1.06618917454 1.10809925785 1.29828344402 1.11408551107 0.94249195871 1.06219845192 0.85217091303 0.81420050018 0.72751337620 -144.7429067461 0.00821244834   -2 
  56 0.01705221980 0.00089107596 -272.35291916 0.35361663609 1.09644217122 1.10915505450 1.16732164346 1.21271339918 0.82105417029 1.13843810067 0.75673146790 1.05904889840 1.07439243341 1.06632442206 1.10791931667 1.29850997172 1.11401020905 0.94260033959 1.06237069744 0.85216437670 0.81386514377 0.72788460010 -144.7427243837 0.00650021983   -2 
  57 0.01705561431 0.00089111370 -272.21622860 0.35361260462 1.09671728384 1.10911462070 1.16737371756 1.21286692218 0.82116524762 1.13846934598 0.75666783041 1.05905513643 1.07434800597 1.06639522405 1.10781962417 1.29864295715 1.11395818768 0.94269034593 1.06252895627 0.85213871843 0.81368725170 0.72806855080 -144.7425938232 0.00933416569   -2 
  58 0.01706520371 0.00089083249 -271.87661956 0.35375208682 1.09748606210 1.10896739963 1.16762643633 1.21335324124 0.82136753861 1.13845744442 0.75651893437 1.05905551611 1.07425192085 1.06656502352 1.10755747888 1.29898307581 1.11380741925 0.94294901477 1.06299790642 0.85204601039 0.81322741661 0.72852364087 -144.7422878556 0.00579459477   -2 
  59 0.01706986658 0.00089101925 -271.73536369 0.35387063086 1.09757513284 1.10907459870 1.16793440582 1.21364809933 0.82134046131 1.13839421133 0.75653003004 1.05908048836 1.07429625479 1.06663269714 1.10751503974 1.29911966188 1.11377027855 0.94308550948 1.06325092164 0.85199300400 0.81307524766 0.72865704054 -144.7421231595 0.00958811334   -2 
  60 0.01707516995 0.00089096387 -271.58748649 0.35403480523 1.09754240738 1.10920775031 1.16828266073 1.21395951817 0.82127361926 1.13830406902 0.75656141881 1.05910977243 1.07436470148 1.06669967386 1.10748697358 1.29925851573 1.11373552036 0.94323768249 1.06353611827 0.85192922287 0.81292038293 0.72878179409 -144.7419595264 0.00613290569   -2 
  61 0.01708715701 0.00089080764 -271.19474909 0.35406943206 1.09715313732 1.10963486020 1.16900645210 1.21453667193 0.82102816643 1.13812010737 0.75674330283 1.05922498407 1.07463434823 1.06683598771 1.10755964113 1.29952431173 1.11372991080 0.94357013444 1.06415970540 0.85178697181 0.81267222643 0.72893811612 -144.7416354236 0.00480921852   -2 
  62 0.01708856402 0.00089071188 -271.15393866 0.35408922654 1.09714164337 1.10965788581 1.16902689491 1.21455460528 0.82099835163 1.13811168191 0.75677611674 1.05924400355 1.07467629548 1.06684908860 1.10758620417 1.29954659009 1.11374077632 0.94360404577 1.06422268330 0.85177096393 0.81265778049 0.72893853335 -144.7415983925 0.00436215057   -2 
  63 0.01711233865 0.00089043310 -270.43004329 0.35425458549 1.09779924402 1.10989749446 1.16870759100 1.21436167226 0.82056922371 1.13824539173 0.75750441908 1.05969299138 1.07555892714 1.06708334531 1.10830819571 1.29986583178 1.11411509818 0.94413417684 1.06517649439 0.85153275105 0.81261977553 0.72872842507 -144.7411729361 0.00541053047   -2 
  64 0.01712268191 0.00089045242 -270.15512968 0.35448482270 1.09789037502 1.10996204096 1.16862246496 1.21430474277 0.82049307930 1.13838437372 0.75780272839 1.05989564699 1.07591519957 1.06719347193 1.10863987016 1.29999874958 1.11431506395 0.94434314105 1.06553614065 0.85144769274 0.81263783375 0.72858879740 -144.7410148765 0.00647165816   -2 
  65 0.01712613624 0.00089056140 -270.05768297 0.35453587521 1.09788740923 1.10998636775 1.16862590605 1.21430756264 0.82049841141 1.13845025191 0.75789466750 1.05996478761 1.07602448774 1.06723390320 1.10875151870 1.30004419448 1.11438979270 0.94440778430 1.06564236116 0.85142497251 0.81265083803 0.72853206183 -144.7409642108 0.00409946757   -2 
  66 0.01714478506 0.00089047227 -269.52852405 0.35473019018 1.09726667057 1.10998079710 1.16889218200 1.21447991206 0.82083492855 1.13894308544 0.75825801731 1.06029880988 1.07644308712 1.06745520378 1.10931041851 1.30025714275 1.11484446000 0.94467245562 1.06602469896 0.85135322921 0.81278399856 0.72809953594 -144.7407241488 0.00359997602   -2 
  67 0.01715517683 0.00089037889 -269.21296473 0.35475570145 1.09743203885 1.10999364721 1.16911600844 1.21466891175 0.82114731054 1.13920774297 0.75833842343 1.06042989653 1.07653086601 1.06757351738 1.10954048843 1.30035483196 1.11509449223 0.94475598313 1.06609862454 0.85135127562 0.81289285092 0.72777859627 -144.7406006854 0.00914949270   -2 
  68 0.01716811354 0.00089005087 -268.83847403 0.35485672545 1.09767639375 1.11000781341 1.16938141811 1.21490321626 0.82154093714 1.13952050734 0.75841472724 1.06057859477 1.07661235784 1.06771634690 1.10980624851 1.30046988578 1.11539857124 0.94484676990 1.06616436181 0.85135475287 0.81303120258 0.72736607741 -144.7404491192 0.00591921714   -2 
  69 0.01719015579 0.00088999961 -268.24240156 0.35519353879 1.09831991851 1.11023329261 1.16984142109 1.21536693795 0.82220678374 1.14001107873 0.75848052732 1.06081552168 1.07669053376 1.06797573504 1.11019694875 1.30068549011 1.11589721376 0.94496894811 1.06619870614 0.85140043337 0.81327879020 0.72662942370 -144.7401993053 0.00272579387   -2 
  70 0.01719446797 0.00088993080 -268.14268745 0.35526440955 1.09826616641 1.11042470595 1.16987489134 1.21546095884 0.82225554787 1.14004175259 0.75846186342 1.06085532570 1.07668722869 1.06803920891 1.11021878712 1.30075158993 1.11595813154 0.94497221828 1.06615907258 0.85143963511 0.81331801987 0.72647642230 -144.7401602246 0.00570773169   -2 
  71 0.01720337844 0.00088997978 -267.92950424 0.35535688176 1.09814495141 1.11086435630 1.16994068848 1.21566444013 0.82232978197 1.14009001863 0.75841744232 1.06094091652 1.07668116020 1.06817873379 1.11024890409 1.30090180001 1.11607314926 0.94497423406 1.06606486499 0.85153274735 0.81339632092 0.72615964647 -144.7400824972 0.00240163250   -2 
  72 0.01720813010 0.00088986055 -267.82127735 0.35533969873 1.09810730026 1.11094558809 1.16992695484 1.21572103886 0.82228085514 1.14006058091 0.75838258541 1.06097891793 1.07667867785 1.06825515089 1.11022022518 1.30099642021 1.11609161148 0.94495857024 1.06598498947 0.85160143993 0.81342160903 0.72599083571 -144.7400448462 0.00250677557   -2 
  73 0.01721019019 0.00088988852 -267.77981743 0.35533549212 1.09812550136 1.11093985708 1.16992047463 1.21573524207 0.82224401034 1.14004113461 0.75836826873 1.06099518851 1.07668116059 1.06828887515 1.11020066314 1.30104130937 1.11609102867 0.94494921692 1.06594631418 0.85163542262 0.81342867956 0.72591849402 -144.7400317990 0.00317405770   -2 
  74 0.01722611105 0.00088987717 -267.51586057 0.35544979306 1.09829440937 1.11069485141 1.16983431367 1.21576822906 0.82189698109 1.13985182508 0.75825527985 1.06110407409 1.07670173773 1.06853618479 1.11001555049 1.30138401415 1.11604576170 0.94486155604 1.06562857995 0.85190682820 0.81346285535 0.72536031879 -144.7399290343 0.00158284894   -2 
  75 0.01723057537 0.00088989415 -267.44618338 0.35548508934 1.09831972264 1.11063316171 1.16981805941 1.21577147422 0.82180736964 1.13980457721 0.75822743586 1.06113141479 1.07670895187 1.06859985575 1.10996551279 1.30147413675 1.11603086842 0.94483663176 1.06554210520 0.85198103806 0.81346825576 0.72520465693 -144.7399235981 0.00160321713   -2 
  76 0.01723355347 0.00088998554 -267.43087685 0.35552251374 1.09814555165 1.11066174669 1.16986613492 1.21572571078 0.82181725851 1.13982207523 0.75823951546 1.06112143730 1.07672258920 1.06859294052 1.10994967241 1.30148025544 1.11600510671 0.94481701922 1.06550675141 0.85201157276 0.81343776884 0.72510573662 -144.7399015254 0.00211197367   -2 
  77 0.01723428059 0.00088996120 -267.42933461 0.35552891006 1.09810326826 1.11066501696 1.16987417136 1.21570866831 0.82182385593 1.13982740268 0.75824382165 1.06111480209 1.07672466507 1.06858534472 1.10994623951 1.30147483575 1.11599648967 0.94481131757 1.06549939253 0.85201610482 0.81342691448 0.72508162202 -144.7398960377 0.00154641181   -2 
  78 0.01723726987 0.00088993193 -267.41820889 0.35549352025 1.09800180939 1.11068302930 1.16990570034 1.21563517821 0.82187203723 1.13986090678 0.75826988644 1.06107810046 1.07673308669 1.06853647044 1.10993872428 1.30143105014 1.11595643232 0.94478743981 1.06547729287 0.85202453120 0.81337065163 0.72498361742 -144.7398810086 0.00129642318   -2 
  79 0.01723957899 0.00088999396 -267.42981647 0.35551009759 1.09810279646 1.11067262447 1.16989941087 1.21559626637 0.82191529517 1.13988341282 0.75829183190 1.06104229538 1.07673400168 1.06848363738 1.10993704590 1.30137562846 1.11592116163 0.94476751757 1.06546649548 0.85201670855 0.81331551751 0.72490718078 -144.7398657084 0.00276277837   -2 
  80 0.01724150445 0.00088998202 -267.44201261 0.35552962987 1.09817420916 1.11065821296 1.16988835312 1.21556470465 0.82194850907 1.13989876802 0.75830867832 1.06101175745 1.07673296548 1.06843882536 1.10993480389 1.30132784218 1.11589114693 0.94475043776 1.06545722126 0.85200858847 0.81326844748 0.72484336967 -144.7398553162 0.00139635704   -2 
  81 0.01724639864 0.00088989991 -267.45659868 0.35548223430 1.09823519958 1.11064035027 1.16986276479 1.21554034212 0.82201342094 1.13992633747 0.75834451927 1.06094979066 1.07672859014 1.06833927490 1.10993272729 1.30121603767 1.11582339519 0.94471129835 1.06543909800 0.85197961486 0.81314567042 0.72468512062 -144.7398362445 0.00239264382   -2 
  82 0.01724703551 0.00088993371 -267.45855273 0.35547538825 1.09823248520 1.11064532545 1.16986446160 1.21554542317 0.82201931846 1.13992964489 0.75834846613 1.06094549513 1.07672882232 1.06833013126 1.10993349622 1.30120510702 1.11581675855 0.94470730774 1.06543762995 0.85197552645 0.81313006662 0.72466526374 -144.7398302949 0.00154113103   -2 
  83 0.01724989985 0.00089000300 -267.48483632 0.35550732437 1.09812072340 1.11067155734 1.16987333630 1.21558820013 0.82202299493 1.13992986320 0.75835663041 1.06093827304 1.07672626379 1.06830343728 1.10993535055 1.30116803370 1.11579299688 0.94469066196 1.06543081939 0.85195272932 0.81305996387 0.72457796726 -144.7398125001 0.00123644682   -2 
  84 0.01725123633 0.00088998654 -267.49451532 0.35550929324 1.09807630183 1.11067439832 1.16987254126 1.21560406479 0.82201788080 1.13992453729 0.75835689399 1.06093665265 1.07672294761 1.06829429558 1.10993441322 1.30115355155 1.11578299846 0.94468248541 1.06542633244 0.85194056235 0.81302791100 0.72453743093 -144.7398085120 0.00193143067   -2 
  85 0.01725834143 0.00088999656 -267.53232348 0.35546386305 1.09790623974 1.11068689444 1.16987159342 1.21568676288 0.82198363261 1.13989345471 0.75835448167 1.06093477404 1.07670536816 1.06825499968 1.10992933325 1.30108593399 1.11573479437 0.94464046765 1.06540266936 0.85187452675 0.81286038106 0.72432309381 -144.7397872116 0.00152073517   -2 
  86 0.01727292716 0.00089002014 -267.61542167 0.35539951848 1.09778582691 1.11066525643 1.16984381288 1.21579513096 0.82190116812 1.13981734268 0.75833738948 1.06092812540 1.07666117617 1.06818198416 1.10990960093 1.30095632919 1.11563886853 0.94455076779 1.06534614262 0.85173401084 0.81252265087 0.72388184618 -144.7397659068 0.00345756538   -2 
  87 0.01729928306 0.00089000107 -267.77801427 0.35534048975 1.09768704636 1.11059701341 1.16977450749 1.21593629653 0.82174998666 1.13967447359 0.75829886256 1.06090925812 1.07657508970 1.06805168418 1.10986600388 1.30072623256 1.11546627657 0.94438543945 1.06523736164 0.85147723817 0.81191743993 0.72308451787 -144.7397268333 0.00560467041   -2 
  88 0.01733363699 0.00089021666 -267.98909708 0.35527702951 1.09774636778 1.11051191072 1.16968811217 1.21605374412 0.82156649353 1.13950001766 0.75824415770 1.06088063382 1.07646292335 1.06789087118 1.10980405714 1.30044216097 1.11524919541 0.94416944787 1.06508930314 0.85114233157 0.81114049155 0.72204782167 -144.7396352280 0.00575220143   -2 
  89 0.01737199943 0.00089030488 -268.23459277 0.35525622147 1.09786883909 1.11039831790 1.16957480332 1.21609966590 0.82137171377 1.13930815652 0.75817449243 1.06083466042 1.07633089335 1.06771295386 1.10972306738 1.30013320481 1.11500946494 0.94392402495 1.06491263836 0.85076620056 0.81028340974 0.72089223133 -144.7395612373 0.00260959129   -2 
  90 0.01740416214 0.00089036980 -268.40542944 0.35516648238 1.09816496325 1.11035114270 1.16949187640 1.21570658475 0.82132115199 1.13922798578 0.75808527524 1.06073388014 1.07620933127 1.06759769879 1.10960429484 1.29995815094 1.11484702726 0.94370544375 1.06470427543 0.85044579052 0.80963068821 0.71992316447 -144.7394870990 0.00415279957   -2 
  91 0.01741251993 0.00089032629 -268.45129504 0.35515588927 1.09820824048 1.11034028902 1.16947024641 1.21557749935 0.82131795364 1.13921349847 0.75805894761 1.06070083266 1.07617627611 1.06757044174 1.10956784455 1.29992036430 1.11480829416 0.94364741089 1.06464328156 0.85036189726 0.80946800559 0.71967133949 -144.7394680325 0.00225884408   -2 
  92 0.01744447915 0.00089044306 -268.59763396 0.35509795061 1.09802455911 1.11041510421 1.16947047610 1.21489279023 0.82145014551 1.13927335990 0.75793866570 1.06051991155 1.07605828459 1.06752100420 1.10938274872 1.29989539644 1.11472117562 0.94342353733 1.06433797381 0.85004170297 0.80893864794 0.71870987900 -144.7394025456 0.00173847722   -2 
  93 0.01744125696 0.00089041750 -268.58255185 0.35511072383 1.09802689304 1.11039971438 1.16946824408 1.21497489568 0.82144085554 1.13926906355 0.75794928415 1.06053411092 1.07606967732 1.06752790522 1.10939772867 1.29990335608 1.11473265564 0.94344589989 1.06436247149 0.85007322681 0.80899918568 0.71880581925 -144.7393988596 0.00135044903   -2 
  94 0.01743586418 0.00089044271 -268.54846939 0.35513169489 1.09799034236 1.11035879759 1.16946620811 1.21516513634 0.82144522793 1.13927426270 0.75796293919 1.06054483106 1.07608960403 1.06754992546 1.10941053793 1.29994175233 1.11476497690 0.94348388835 1.06438016506 0.85012424761 0.80913074041 0.71896369469 -144.7393902199 0.00116561552   -2 
  95 0.01743369422 0.00089042737 -268.53224363 0.35514262308 1.09796093285 1.11033856880 1.16946349697 1.21524320351 0.82145374235 1.13927973559 0.75796591868 1.06054292823 1.07609666390 1.06756172058 1.10941001804 1.29996543132 1.11478206229 0.94349843410 1.06437788075 0.85014378308 0.80919462479 0.71902591541 -144.7393876793 0.00105293514   -2 
  96 0.01743074685 0.00089043129 -268.49952430 0.35514471375 1.09791296887 1.11031679852 1.16946281875 1.21534454902 0.82148248663 1.13929803320 0.75796551105 1.06052842240 1.07610584756 1.06758592394 1.10939824139 1.30001784473 1.11481561280 0.94351731598 1.06435499959 0.85016876488 0.80930697783 0.71910776248 -144.7393833686 0.00114872512   -2 
  97 0.01742896012 0.00089040319 -268.47671037 0.35515142355 1.09788529573 1.11030661693 1.16946116663 1.21538920367 0.82150736979 1.13931284132 0.75796204406 1.06051232172 1.07610995167 1.06760395924 1.10938420630 1.30005905011 1.11484064654 0.94352731596 1.06432968624 0.85018262294 0.80938916078 0.71915538217 -144.7393804685 0.00119779143   -2 
  98 0.01742482440 0.00089039857 -268.41194756 0.35516219581 1.09786207904 1.11030760192 1.16946581034 1.21544960592 0.82158289357 1.13935936978 0.75794913703 1.06046318586 1.07611918632 1.06765537348 1.10933966865 1.30017746601 1.11491079722 0.94354827194 1.06424762263 0.85021293053 0.80961244710 0.71926150403 -144.7393726807 0.00145012749   -2 
  99 0.01742065211 0.00089036621 -268.34610593 0.35518693629 1.09785410076 1.11031507573 1.16947126535 1.21548468009 0.82166091398 1.13940705036 0.75793447995 1.06041085200 1.07612762498 1.06770909339 1.10929132752 1.30030159942 1.11498409295 0.94356818336 1.06415764769 0.85024265882 0.80984866428 0.71936675568 -144.7393676327 0.00118710650   -2 
 100 0.01741823777 0.00089039111 -268.30158267 0.35521766417 1.09791677464 1.11035042166 1.16948981116 1.21543822368 0.82170491931 1.13943711619 0.75792669924 1.06038444670 1.07613481659 1.06774547421 1.10926296302 1.30038145867 1.11503242282 0.94357874109 1.06409502124 0.85025945711 0.81001083712 0.71942406532 -144.7393602029 0.00148791386   -2 
 101 0.01741745944 0.00089037248 -268.28598624 0.35523188804 1.09794015624 1.11036458565 1.16949749518 1.21540853831 0.82171708778 1.13944595438 0.75792445855 1.06037743290 1.07613744361 1.06775773868 1.10925418204 1.30040758494 1.11504862602 0.94358189559 1.06407292475 0.85026467186 0.81006849268 0.71944165951 -144.7393575450 0.00080838624   -2 
 102 0.01741648263 0.00089035073 -268.24779350 0.35523338912 1.09799749704 1.11041174513 1.16953151847 1.21530422382 0.82172323519 1.13945859714 0.75792737337 1.06038481586 1.07614775546 1.06777999850 1.10925132320 1.30044567933 1.11507558590 0.94358730416 1.06403896080 0.85027186874 0.81017409508 0.71945939759 -144.7393530386 0.00055645989   -2 
 103 0.01741647184 0.00089033909 -268.24276442 0.35523629157 1.09799442792 1.11041702955 1.16953821783 1.21528857404 0.82171987753 1.13945920505 0.75792980221 1.06039124189 1.07615062616 1.06778249262 1.10925493602 1.30044737500 1.11507801185 0.94358842428 1.06403716539 0.85027230500 0.81018661827 0.71945818233 -144.7393524451 0.00066447911   -2 
 104 0.01741681886 0.00089034006 -268.20436297 0.35524637713 1.09795713923 1.11045571707 1.16959592200 1.21519147924 0.82168649152 1.13946378785 0.75795473225 1.06045514020 1.07617736775 1.06779955162 1.10929505603 1.30044950597 1.11509205146 0.94359863444 1.06403657849 0.85027421137 0.81026573687 0.71943830453 -144.7393488894 0.00045518585   -2 
 105 0.01741721845 0.00089033631 -268.19150036 0.35525999015 1.09795083567 1.11044815537 1.16960131888 1.21518849185 0.82167196966 1.13946415639 0.75796647845 1.06048366667 1.07618865634 1.06780356549 1.10931635859 1.30044336202 1.11509456862 0.94360347757 1.06404333637 0.85027372910 0.81028817806 0.71942264540 -144.7393476250 0.00098487120   -2 
 106 0.01741805767 0.00089035989 -268.16488652 0.35527768192 1.09794800500 1.11043212743 1.16960867636 1.21519590618 0.82164591722 1.13946598899 0.75798952664 1.06053859957 1.07621079767 1.06781110683 1.10935854174 1.30043081374 1.11509912336 0.94361331229 1.06405858254 0.85027275158 0.81032823607 0.71939069314 -144.7393453508 0.00067394576   -2 
 107 0.01742020587 0.00089032479 -268.10169401 0.35528753795 1.09795509451 1.11038866248 1.16959491250 1.21525566907 0.82160099835 1.13946888368 0.75803497027 1.06064264196 1.07625316060 1.06782224981 1.10944605298 1.30039902712 1.11510502074 0.94363404903 1.06409805850 0.85026895344 0.81039835465 0.71931179857 -144.7393406806 0.00056155355   -2 
 108 0.01742035147 0.00089033319 -268.09857799 0.35528750669 1.09795972846 1.11039403590 1.16959421252 1.21526232729 0.82160334054 1.13947032076 0.75803585010 1.06064327452 1.07625413108 1.06782254665 1.10944840721 1.30039868460 1.11510544507 0.94363497989 1.06410071718 0.85026885270 0.81039903964 0.71930686543 -144.7393402028 0.00057338831   -2 
 109 0.01742219608 0.00089033013 -268.07228523 0.35531385930 1.09800719142 1.11048143522 1.16957751980 1.21534484341 0.82165299845 1.13948865522 0.75803466511 1.06061883307 1.07625450562 1.06782157413 1.10945885688 1.30039938509 1.11510868765 0.94364239471 1.06413173649 0.85026676480 0.81038801158 0.71924588372 -144.7393359980 0.00062318470   -2 
 110 0.01742428211 0.00089029283 -268.03920873 0.35531084905 1.09802799369 1.11054445765 1.16958232779 1.21541434659 0.82171084583 1.13951344069 0.75803157781 1.06058765328 1.07625508347 1.06782388910 1.10946453933 1.30040821827 1.11511440019 0.94364962890 1.06416435831 0.85026480619 0.81036652126 0.71918084351 -144.7393325857 0.00046375850   -2 
 111 0.01742703853 0.00089030789 -268.00523722 0.35532228967 1.09801578591 1.11052533824 1.16964502890 1.21543988842 0.82177156310 1.13955380102 0.75803203299 1.06056316323 1.07626500047 1.06783928866 1.10946955745 1.30043783576 1.11512888074 0.94365864314 1.06420237481 0.85026340748 0.81032733707 0.71910371370 -144.7393291428 0.00160069516   -2 
 112 0.01743058251 0.00089028933 -267.96427537 0.35534553501 1.09799495389 1.11049306773 1.16972134741 1.21546418966 0.82184488827 1.13960314468 0.75803254155 1.06053314308 1.07627750061 1.06785902899 1.10947518747 1.30047567318 1.11514712394 0.94366961766 1.06424944050 0.85026128077 0.81027604323 0.71900501133 -144.7393249342 0.00045314537   -2 
 113 0.01743378093 0.00089026960 -267.93255981 0.35535625690 1.09808782412 1.11049606313 1.16966705650 1.21537919451 0.82180408247 1.13960215792 0.75804633744 1.06057251373 1.07630059307 1.06788703212 1.10948387965 1.30050968344 1.11516441648 0.94367293493 1.06425664356 0.85025875090 0.81022359650 0.71892876988 -144.7393195882 0.00083216313   -2 
 114 0.01743435210 0.00089028006 -267.92672882 0.35535624079 1.09809701862 1.11049951205 1.16965980396 1.21536757382 0.82179592991 1.13960182108 0.75804928464 1.06058100923 1.07630511306 1.06789227189 1.10948591544 1.30051570773 1.11516771999 0.94367353462 1.06425718229 0.85025831173 0.81021415684 0.71891547964 -144.7393188081 0.00057349636   -2 
 115 0.01743879586 0.00089029867 -267.89214060 0.35537862224 1.09801585664 1.11053975324 1.16962497350 1.21531920585 0.82171885354 1.13958841727 0.75807402427 1.06065736375 1.07633857218 1.06792967313 1.10950291592 1.30055462792 1.11519168460 0.94367690055 1.06424787165 0.85025293180 0.81013779837 0.71881517461 -144.7393134997 0.00042824492   -2 
 116 0.01744073399 0.00089028044 -267.87599691 0.35537092290 1.09799725166 1.11052454504 1.16963999089 1.21534253668 0.82169938215 1.13957934436 0.75808023866 1.06067767649 1.07634437175 1.06793563312 1.10950696550 1.30055919732 1.11519763853 0.94367529748 1.06423464040 0.85024630570 0.81010445749 0.71877027050 -144.7393116383 0.00049045369   -2 
 117 0.01744531718 0.00089029770 -267.84822698 0.35538396475 1.09802186168 1.11047262445 1.16970272423 1.21543846709 0.82168059405 1.13956060962 0.75808829605 1.06070489000 1.07634677697 1.06793697255 1.10951247650 1.30055472521 1.11520555710 0.94366683323 1.06419360618 0.85022538309 0.81002636077 0.71866220495 -144.7393080940 0.00131776865   -2 
 118 0.01744701136 0.00089028447 -267.83950651 0.35539373337 1.09802957131 1.11045578121 1.16972263083 1.21547074215 0.82167566033 1.13955403513 0.75809046310 1.06071254991 1.07634655462 1.06793626723 1.10951386332 1.30055180142 1.11520768422 0.94366305382 1.06417785953 0.85021718672 0.80999755928 0.71862192357 -144.7393063151 0.00043107177   -2 
 119 0.01745607393 0.00089029324 -267.79640009 0.35542993814 1.09810576484 1.11054929159 1.16975282836 1.21554852619 0.82172815695 1.13956497260 0.75809040984 1.06070315229 1.07633327240 1.06791579997 1.10951805731 1.30052128718 1.11520905307 0.94363403520 1.06409032452 0.85016719930 0.80985220612 0.71840084101 -144.7392995263 0.00089322761   -2 
 120 0.01745649195 0.00089027093 -267.79142732 0.35541207750 1.09808352708 1.11055327348 1.16974483326 1.21553099513 0.82173655236 1.13957382824 0.75809039681 1.06069970370 1.07633441641 1.06791612578 1.10951927628 1.30052184363 1.11520858091 0.94363245476 1.06408922706 0.85016405787 0.80984783512 0.71839030727 -144.7392972665 0.00033329327   -2 
 121 0.01745666063 0.00089026389 -267.79040225 0.35540802847 1.09807323185 1.11055394289 1.16974039244 1.21552089017 0.82174063638 1.13957854908 0.75809038588 1.06069784307 1.07633520086 1.06791647311 1.10951992639 1.30052241122 1.11520825642 0.94363166765 1.06408933665 0.85016260390 0.80984647799 0.71838590705 -144.7392970330 0.00039881542   -2 
 122 0.01745749997 0.00089028787 -267.79254277 0.35541236634 1.09802949240 1.11055343642 1.16971381120 1.21545402501 0.82176593025 1.13961039378 0.75809065339 1.06068610971 1.07634187877 1.06792043627 1.10952478328 1.30052825825 1.11520610041 0.94362796985 1.06409492576 0.85015456468 0.80984380812 0.71836270555 -144.7392952145 0.00051946761   -2 
 123 0.01745765355 0.00089028444 -267.79336528 0.35541444199 1.09802444980 1.11055143969 1.16970883625 1.21544281938 0.82176966997 1.13961499062 0.75809040720 1.06068358697 1.07634267338 1.06792081852 1.10952530572 1.30052887465 1.11520533113 0.94362717598 1.06409587359 0.85015287379 0.80984332358 0.71835825121 -144.7392949557 0.00024175799   -2 
 124 0.01745856714 0.00089028607 -267.79622190 0.35541408518 1.09805982874 1.11052655233 1.16969044385 1.21540439180 0.82178175739 1.13962867439 0.75808685854 1.06066688122 1.07634405047 1.06792031775 1.10952554842 1.30052897635 1.11519785545 0.94362153080 1.06410173862 0.85014066439 0.80984173514 0.71832879502 -144.7392940967 0.00020085356   -2 
 125 0.01745894060 0.00089028910 -267.79695828 0.35541058418 1.09806183662 1.11052517602 1.16969087939 1.21540401764 0.82178280737 1.13962905802 0.75808527041 1.06066158654 1.07634357673 1.06791955980 1.10952490837 1.30052799448 1.11519453104 0.94361898427 1.06410326645 0.85013572115 0.80984044401 0.71831613608 -144.7392938826 0.00047163299   -2 
 126 0.01746102449 0.00089027313 -267.80340121 0.35539925287 1.09805893047 1.11051961062 1.16969511604 1.21540879645 0.82178521089 1.13962660705 0.75807585444 1.06063262012 1.07633953667 1.06791440094 1.10952019852 1.30052103794 1.11517534281 0.94360418066 1.06411053509 0.85010778203 0.80983251603 0.71824482602 -144.7392927782 0.00052247050   -2 
 127 0.01747043989 0.00089030029 -267.84530490 0.35540280520 1.09802989903 1.11052705259 1.16972645355 1.21546099921 0.82178500171 1.13960450580 0.75803656371 1.06052011829 1.07631976446 1.06789212541 1.10949833772 1.30048823690 1.11509239424 0.94353875001 1.06413842266 0.84998324567 0.80979249728 0.71792221221 -144.7392873206 0.00099484027   -2 
 128 0.01747184635 0.00089031611 -267.85059332 0.35539990763 1.09802898696 1.11052945644 1.16972996529 1.21546789771 0.82178447141 1.13960126355 0.75803144720 1.06050629602 1.07631693573 1.06788905539 1.10949522972 1.30048345018 1.11508095094 0.94352925469 1.06414150343 0.84996506564 0.80978582441 0.71787420085 -144.7392864152 0.00039559765   -2 
 129 0.01747621176 0.00089031034 -267.86350659 0.35538081504 1.09804167917 1.11053093234 1.16970505399 1.21545857524 0.82177061209 1.13958429233 0.75802304706 1.06050111047 1.07630480140 1.06787848427 1.10948338614 1.30046498673 1.11505590339 0.94350023996 1.06413095071 0.84991315990 0.80975303611 0.71772548029 -144.7392844887 0.00082887723   -2 
 130 0.01747787122 0.00089029896 -267.86959071 0.35537897927 1.09804470702 1.11052986543 1.16969316903 1.21545190575 0.82176430103 1.13957727295 0.75802052818 1.06050253206 1.07629976376 1.06787421406 1.10947855543 1.30045750248 1.11504744268 0.94348931570 1.06412466464 0.84989387560 0.80973901107 0.71766900015 -144.7392836405 0.00063635465   -2 
 131 0.01748446480 0.00089034111 -267.89595070 0.35538816983 1.09806182329 1.11052792952 1.16964512623 1.21541386237 0.82173671011 1.13955225704 0.75801783319 1.06053591365 1.07628040935 1.06785854868 1.10946010603 1.30042817890 1.11502476414 0.94344887689 1.06408435647 0.84982248331 0.80967229363 0.71744662444 -144.7392798883 0.00045333938   -2 
 132 0.01749526252 0.00089036613 -267.92783867 0.35536573978 1.09801724339 1.11050498381 1.16959769864 1.21534524993 0.82169258588 1.13951753107 0.75802179802 1.06061880934 1.07624757735 1.06783043229 1.10942773809 1.30037775354 1.11500535983 0.94338707951 1.06398603402 0.84971529333 0.80953659318 0.71708661708 -144.7392764928 0.00093936867   -2 
 133 0.01749586676 0.00089035670 -267.93013738 0.35536712116 1.09801272183 1.11050190228 1.16959688106 1.21534212944 0.82169041626 1.13951554548 0.75802178596 1.06062234582 1.07624536619 1.06782827403 1.10942548415 1.30037448919 1.11500459204 0.94338361298 1.06397893698 0.84970967245 0.80952746833 0.71706656502 -144.7392758004 0.00028667520   -2 
 134 0.01749707825 0.00089037138 -267.93308927 0.35537634842 1.09801268706 1.11048894148 1.16964326678 1.21536460278 0.82169762110 1.13951943693 0.75802025354 1.06061166251 1.07623952489 1.06781818083 1.10941791381 1.30036562524 1.11501093924 0.94337910340 1.06394225214 0.84970626376 0.80948480403 0.71702939663 -144.7392745694  0.0003725867   -2 
 135 0.01749839922 0.00089036280 -267.93054866 0.35536934145 1.09801521739 1.11047938384 1.16969343147 1.21539386763 0.82170947103 1.13952624614 0.75801773666 1.06059202935 1.07623300814 1.06780542419 1.10940871024 1.30035544288 1.11502063229 0.94337485744 1.06389256468 0.84970670531 0.80942663940 0.71699168746 -144.7392732596 0.00034670228   -2 
 136 0.01749875885 0.00089035597 -267.92996353 0.35536867891 1.09801612136 1.11047810157 1.16970365917 1.21540072689 0.82171271060 1.13952809133 0.75801700293 1.06058629743 1.07623135391 1.06780201602 1.10940626488 1.30035274699 1.11502335888 0.94337374502 1.06387851497 0.84970719602 0.80940997759 0.71698174954 -144.7392731121 0.00024313538   -2 
 137 0.01750040689 0.00089036376 -267.92458040 0.35537431383 1.09804393354 1.11051491297 1.16968032355 1.21541321733 0.82172969588 1.13954171773 0.75801513854 1.06055834316 1.07623029492 1.06779169367 1.10939972292 1.30034655616 1.11503961510 0.94337198856 1.06380795330 0.84971818341 0.80931882176 0.71694576062 -144.7392719296 0.00046174029   -2 
 138 0.01750056628 0.00089035795 -267.92411688 0.35537549162 1.09804373562 1.11051698236 1.16967657526 1.21541290776 0.82173084689 1.13954269186 0.75801501379 1.06055616655 1.07623041102 1.06779106224 1.10939933627 1.30034621103 1.11504098489 0.94337186001 1.06380170675 0.84971932656 0.80930996780 0.71694261832 -144.7392717403 0.00020178982   -2 
 139 0.01750099351 0.00089035376 -267.92007787 0.35537127037 1.09802869834 1.11051448876 1.16966212534 1.21540389235 0.82173116133 1.13954466805 0.75801626801 1.06055736715 1.07623401558 1.06779408026 1.10940182138 1.30034896328 1.11504407600 0.94337211286 1.06379164057 0.84972312533 0.80928717395 0.71693744895 -144.7392714017 0.00019155190   -2 
 140 0.01750124590 0.00089036353 -267.91824230 0.35537348994 1.09802185905 1.11050854824 1.16965515580 1.21539619612 0.82172960067 1.13954463894 0.75801743876 1.06056094764 1.07623705743 1.06779760042 1.10940452724 1.30035177193 1.11504502014 0.94337293158 1.06378920697 0.84972549747 0.80927453395 0.71693583285 -144.7392712061 0.00035773239   -2 
 141 0.01750150535 0.00089036536 -267.91676382 0.35537773916 1.09801479667 1.11050091056 1.16964799604 1.21538744693 0.82172732873 1.13954383641 0.75801847654 1.06056478519 1.07623999837 1.06780123842 1.10940722565 1.30035450683 1.11504553272 0.94337370126 1.06378740202 0.84972781695 0.80926168069 0.71693426586 -144.7392710134 0.00011751834   -2 
 142 0.01750206738 0.00089036470 -267.91063229 0.35537766246 1.09801513688 1.11048360595 1.16964163653 1.21537039774 0.82171883818 1.13953763299 0.75801974074 1.06057401757 1.07624483317 1.06780895285 1.10941274686 1.30035973350 1.11504356205 0.94337531867 1.06378861535 0.84973146861 0.80923578836 0.71693196240 -144.7392708151 0.00008480638    0 
-- Found new optimum with likelihood -144.739270815141793 and gradient 0.00008

---- Best joint likelihood found -144.739270815141793 with gradient 0.00008

---- Results for /scratch/38996250/tmp1ld5evnx 
--  Model: C
--        eps_an     theta_bar             a 
-- 0.01750206738 0.00089036470            -1 
--           S_d             b           p_b           S_b 
-- -267.91063229 0.35537766246             0             1 
--           r 2           r 3           r 4           r 5           r 6           r 7           r 8           r 9          r 10          r 11          r 12          r 13          r 14          r 15          r 16          r 17          r 18          r 19 
-- 1.09801513688 1.11048360595 1.16964163653 1.21537039774 0.82171883818 1.13953763299 0.75801974074 1.06057401757 1.07624483317 1.06780895285 1.10941274686 1.30035973350 1.11504356205 0.94337531867 1.06378861535 0.84973146861 0.80923578836 0.71693196240 

---- Expected P_neut(i), 0 < i < n (neutral SFS per site) 
E[P_neut(1)] = 0.0008753695
E[P_neut(2)] = 0.0004809622
E[P_neut(3)] = 0.0003245891
E[P_neut(4)] = 0.0002568313
E[P_neut(5)] = 0.0002136168
E[P_neut(6)] = 0.0001210452
E[P_neut(7)] = 0.0001439654
E[P_neut(8)] = 0.0000843284
E[P_neut(9)] = 0.0001045983
E[P_neut(10)] = 0.0000958250
E[P_neut(11)] = 0.0000867545
E[P_neut(12)] = 0.0000823510
E[P_neut(13)] = 0.0000900392
E[P_neut(14)] = 0.0000718070
E[P_neut(15)] = 0.0000588044
E[P_neut(16)] = 0.0000627181
E[P_neut(17)] = 0.0000494936
E[P_neut(18)] = 0.0000478833
E[P_neut(19)] = 0.0000485916

---- Expected P_sel(i), 0 < i < n (selected SFS per site) 
E[P_sel(1)] = 0.0003164664
E[P_sel(2)] = 0.0001231234
E[P_sel(3)] = 0.0000700388
E[P_sel(4)] = 0.0000496860
E[P_sel(5)] = 0.0000381961
E[P_sel(6)] = 0.0000203316
E[P_sel(7)] = 0.0000230073
E[P_sel(8)] = 0.0000129153
E[P_sel(9)] = 0.0000154603
E[P_sel(10)] = 0.0000137253
E[P_sel(11)] = 0.0000120890
E[P_sel(12)] = 0.0000111919
E[P_sel(13)] = 0.0000119917
E[P_sel(14)] = 0.0000093850
E[P_sel(15)] = 0.0000076627
E[P_sel(16)] = 0.0000081290
E[P_sel(17)] = 0.0000065986
E[P_sel(18)] = 0.0000069273
E[P_sel(19)] = 0.0000095493

---- alpha_dfe = 0.000000

