---- Running command
---- ./polyDFE -d /scratch/40840283/tmp5wq01kdy -m C -i /scratch/40840283/tmplmuzreeq 1 -v 1 
---- Performing inference using model C

---- Performing inference on /scratch/40840283/tmp5wq01kdy
----      with -i /scratch/40840283/tmplmuzreeq 1
---- Data /scratch/40840283/tmp5wq01kdy does not contain divergence counts. Using option -w.
---- No mutation variability. Using Poisson likelihood.


---- Using provided initial values

-- Starting local optimization
-- Optimizing all parameters
  it        eps_an     theta_bar           S_d             b           p_b           S_b           r 2           r 3           r 4           r 5           r 6           r 7           r 8           r 9           ln lk          grad status 
   0 0.00000449946   0.000731729 -15.495060000     0.1773756  0.0009289272   0.007920217      0.756295     0.8118638     0.8203224     0.7703739     0.7596918     0.7652355     0.8437457      1.011566 -74.12846377516 0.70806640275   -2 
   1 0.00000449946 0.00071822911 -15.534791287 0.17788137413 0.00092892121 0.00792021701 0.76018610518 0.81164710837 0.81531069311 0.77328333612 0.75621358367 0.76461686239 0.84643313531 1.01415389499 -73.33903719714 0.46625524109   -2 
   2 0.00000449947 0.00071383936 -15.661688454 0.17805989733 0.00092891628 0.00792021870 0.81636702765 0.82358875678 0.77799334955 0.81003134480 0.72797729561 0.76340961395 0.87911218337 1.04683348707 -70.85542190989 0.21296359990   -2 
   3 0.00000449949 0.00070678576 -15.813584156 0.17839526623 0.00092890958 0.00792022046 0.80497855213 0.83625992875 0.77224675792 0.83725283098 0.71360546637 0.76655164025 0.90927918021 1.07760429837 -70.23442137440 0.36468740194   -2 
   4 0.00000449949 0.00071180889 -15.856154236 0.17828645391 0.00092890974 0.00792022117 0.80184228520 0.84090787469 0.77219428402 0.84656214285 0.70955296923 0.76817370313 0.92036107905 1.08896873346 -70.03434317067 0.08934093476   -2 
   5 0.00000449950 0.00071066126 -16.060712629 0.17975373043 0.00092889109 0.00792022221 0.79918866342 0.83573416218 0.79290452775 0.84766325628 0.71192751601 0.77470870815 0.93992194119 1.10959479318 -69.85033271911 0.07400615848   -2 
   6 0.00000449950 0.00071209675 -16.084199981 0.17994329031 0.00092888879 0.00792022232 0.80087183739 0.83612705458 0.79438895530 0.84726656113 0.71287988183 0.77555409640 0.94127332285 1.11110356653 -69.83618517704 0.08021665924   -2 
   7 0.00000449951 0.00071023326 -16.223674956 0.18135357411 0.00092887239 0.00792022273 0.81012071103 0.83885195726 0.79865908606 0.84398406698 0.71833015486 0.77939072575 0.94545068456 1.11602695221 -69.78444859134 0.03526712701   -2 
   8 0.00000449951 0.00071147282 -16.300771516 0.18204614088 0.00092886455 0.00792022324 0.80786956941 0.84425759184 0.79701376887 0.84536967528 0.72283911188 0.78202120814 0.94524821616 1.11647625896 -69.76339339899 0.04903988703   -2 
   9 0.00000449951 0.00071082248 -16.318086047 0.18221099876 0.00092886271 0.00792022338 0.80743865810 0.84492385240 0.79663948041 0.84566934475 0.72364201938 0.78248708660 0.94512845908 1.11647688008 -69.76014511791 0.01557535292   -2 
  10 0.00000449952 0.00071108123 -16.374739722 0.18257633851 0.00092885886 0.00792022450 0.80908564615 0.84321818478 0.79602351503 0.84778984887 0.72573632337 0.78393394471 0.94446292539 1.11623938647 -69.75544000753 0.00675448628   -2 
  11 0.00000449952 0.00071132762 -16.384015255 0.18257602960 0.00092885893 0.00792022479 0.80892539838 0.84325967369 0.79626616496 0.84797354372 0.72581862743 0.78407497875 0.94448053191 1.11630256319 -69.75518345771 0.01237302181   -2 
  12 0.00000449952 0.00071130971 -16.420971705 0.18259494627 0.00092885898 0.00792022599 0.80815018935 0.84339781859 0.79714975747 0.84851670389 0.72600162865 0.78452158662 0.94454082411 1.11651247115 -69.75438743923 0.00577882553   -2 
  13 0.00000449954 0.00071105477 -16.509907181 0.18246705010 0.00092886109 0.00792022885 0.80953813256 0.84395149494 0.79793616488 0.84852478386 0.72573630333 0.78493101840 0.94489441531 1.11700561100 -69.75311600101 0.01401702378   -2 
  14 0.00000449954 0.00071127650 -16.531999008 0.18241134286 0.00092886189 0.00792022961 0.80984067716 0.84411346825 0.79809481760 0.84853951169 0.72569019366 0.78502918972 0.94500559494 1.11714689727 -69.75281104754 0.00715340523   -2 
  15 0.00000449957 0.00071178651 -16.760113224 0.18151836331 0.00092887416 0.00792023841 0.80838757377 0.84499110478 0.79742571451 0.84857627044 0.72567162141 0.78539136988 0.94627275931 1.11842952621 -69.75018725029 0.01260788703   -2 
  16 0.00000449958 0.00071154861 -16.806917807 0.18132665001 0.00092887682 0.00792024022 0.80833883769 0.84485482631 0.79722355100 0.84851037124 0.72564910168 0.78535298111 0.94636365898 1.11849152972 -69.74968930267 0.01684150437   -2 
  17 0.00000449965 0.00071229604 -17.270106874 0.17915791928 0.00092890667 0.00792025908 0.80999974096 0.84243539669 0.79531253972 0.84773830911 0.72547161856 0.78451128991 0.94648058763 1.11817965534 -69.74471033568 0.01324082492   -2 
  18 0.00000449989 0.00071444254 -18.859005404 0.17178697997 0.00092901084 0.00792032231 0.80961862477 0.83851932532 0.79230356706 0.84408630976 0.72351929350 0.77974062870 0.94183953299 1.11172794531 -69.73609015658 0.02736962178   -2 
  19 0.00000449984 0.00071367712 -18.530534167 0.17324235209 0.00092899000 0.00792030975 0.80930914481 0.83959707746 0.79298755013 0.84473938849 0.72375501268 0.78062463457 0.94252536366 1.11277455752 -69.73479307127 0.02198254603   -2 
  20 0.00000449985 0.00071423960 -18.538561353 0.17316087457 0.00092899121 0.00792031021 0.80892719793 0.84011626534 0.79318144886 0.84465434942 0.72353355708 0.78051132606 0.94213336459 1.11237537490 -69.73325653370 0.02583426142   -2 
  21 0.00000449985 0.00071409422 -18.561811802 0.17299139013 0.00092899409 0.00792031163 0.80715119196 0.84185452709 0.79379244992 0.84418059113 0.72254487407 0.77999094219 0.94044481585 1.11065203631 -69.72956884517 0.00955225647   -2 
  22 0.00000449986 0.00071412048 -18.563863105 0.17285578091 0.00092899682 0.00792031280 0.80836898792 0.84115623985 0.79377859182 0.84354318505 0.72130187631 0.77927583627 0.93832264752 1.10847670364 -69.72754964034 0.00601646480   -2 
  23 0.00000449986 0.00071440270 -18.561756939 0.17260299124 0.00092900146 0.00792031499 0.80721916318 0.84023455743 0.79329588707 0.84302543397 0.72020340758 0.77850321381 0.93635081379 1.10641755396 -69.72660155722 0.00341112242   -2 
  24 0.00000449986 0.00071449477 -18.561865527 0.17257562048 0.00092900194 0.00792031521 0.80716059835 0.84023391374 0.79319501983 0.84297942344 0.72019993519 0.77845841560 0.93635063172 1.10640150523 -69.72656090078 0.00475751887   -2 
  25 0.00000449987 0.00071445345 -18.564466623 0.17244202334 0.00092900441 0.00792031639 0.80679756971 0.84021462683 0.79255685598 0.84268265310 0.72022737009 0.77820119086 0.93645624396 1.10640643634 -69.72638363083 0.00193035637   -2 
  26 0.00000449987 0.00071443396 -18.569431238 0.17234425705 0.00092900648 0.00792031760 0.80694885200 0.84010260572 0.79229775113 0.84247583679 0.72026119438 0.77801563241 0.93660308337 1.10647399113 -69.72632507478 0.00192119247   -2 
  27 0.00000449987 0.00071438709 -18.570774468 0.17233503457 0.00092900674 0.00792031776 0.80696166820 0.84008593380 0.79230755126 0.84246072354 0.72025952399 0.77799617635 0.93661438470 1.10647664726 -69.72631622286 0.00202882821   -2 
  28 0.00000449988 0.00071434324 -18.589615111 0.17221296470 0.00092901022 0.00792031969 0.80716958155 0.83997654179 0.79272814925 0.84240310043 0.72023125941 0.77782180548 0.93673287701 1.10650833601 -69.72622921815 0.00187443373   -2 
  29 0.00000449989 0.00071430245 -18.613900070 0.17208903644 0.00092901420 0.00792032190 0.80718785544 0.83999601085 0.79308619436 0.84241263151 0.72019715704 0.77769374875 0.93680884273 1.10651689355 -69.72618617896 0.00261523270   -2 
  30 0.00000449991 0.00071449182 -18.653671249 0.17196430439 0.00092901964 0.00792032554 0.80684435933 0.84033979490 0.79285798296 0.84257548617 0.72016841406 0.77774899313 0.93671766671 1.10643852708 -69.72601377384 0.00698245165   -2 
  31 0.00000449992 0.00071440528 -18.667760673 0.17193093730 0.00092902141 0.00792032682 0.80674560582 0.84040589041 0.79274148411 0.84261172818 0.72015161736 0.77776910012 0.93666716158 1.10639601873 -69.72593237795 0.00349094730   -2 
  32 0.00000449995 0.00071457438 -18.734622051 0.17178155617 0.00092902997 0.00792033345 0.80713203254 0.84016818797 0.79199834421 0.84262015860 0.72006814744 0.77793313420 0.93630224327 1.10611842118 -69.72565377321 0.00262041580   -2 
  33 0.00000449996 0.00071469981 -18.747771317 0.17173674081 0.00092903195 0.00792033488 0.80712160107  0.8400701558 0.79201761156 0.84255597191 0.72004944425 0.77793773422 0.93623618711 1.10606138414 -69.72560395685 0.00541858459   -2 
  34 0.00000450000 0.00071486669 -18.832548737 0.17145937087 0.00092904456 0.00792034412 0.80681164179 0.83935223508 0.79229929330 0.84202475535 0.71989659317 0.77788920145 0.93580055835 1.10566193266 -69.72532395464 0.00280984456   -2 
  35 0.00000450002 0.00071496376 -18.878942230 0.17129127064 0.00092905175 0.00792034929 0.80665663449 0.83911310444 0.79242862207 0.84174509578 0.71979581177 0.77781107983 0.93557572932 1.10543419547 -69.72528688803 0.00395492595   -2 
  36 0.00000450007 0.00071523864 -18.970534762 0.17090339930 0.00092906701 0.00792036011 0.80650961419 0.83918298857 0.79248260581 0.84129322765 0.71954214495 0.77749449683 0.93518298035 1.10496353308 -69.72511175453 0.01009583188   -2 
  37 0.00000450017 0.00071531108 -19.163010204 0.17010543021 0.00092909874 0.00792038266 0.80620691739 0.83938445036 0.79245132853 0.84039450771 0.71898504756 0.77677583687 0.93436990004 1.10396129362 -69.72473806407 0.00517842738   -2 
  38 0.00000450021 0.00071541388 -19.246108044 0.16968998272 0.00092911397 0.00792039333 0.80676603620 0.83935224520 0.79161384707 0.84066837713 0.71874798631 0.77635127648 0.93420177778 1.10361085186 -69.72426629627 0.00828045901   -2 
  39 0.00000450022 0.00071528366 -19.266372095 0.16959386695 0.00092911763 0.00792039592 0.80683986258 0.83931457997 0.79139239392 0.84075280576 0.71869031624 0.77624539047 0.93416732915 1.10352855545 -69.72417070300 0.00278745565   -2 
  40 0.00000450024 0.00071531569 -19.289215182 0.16945191077 0.00092912268 0.00792039931 0.80645776411 0.83916782927 0.79118382597 0.84106013542 0.71868265259 0.77616193882 0.93424400137 1.10353385592 -69.72405948531 0.00132730752   -2 
  41 0.00000450024 0.00071533951 -19.290185870 0.16944460304 0.00092912296 0.00792039951 0.80644945835 0.83915722700 0.79118843229 0.84106606520 0.71868332918 0.77616043111 0.93424873074 1.10353506373 -69.72405676441 0.00085659959   -2 
  42 0.00000450024 0.00071533173 -19.295964885 0.16940990774 0.00092912491 0.00792040108 0.80644876178 0.83902687798 0.79132677583 0.84098808002 0.71868178556 0.77616062202 0.93426883633 1.10353067930 -69.72404626201 0.00047784500   -2 
  43 0.00000450025 0.00071532939 -19.297776487 0.16939999262 0.00092912555 0.00792040160 0.80645403031 0.83900265848 0.79136246835 0.84095964420 0.71868004506 0.77616060872 0.93427188557 1.10352710290 -69.72404553956 0.00057992789   -2 
  44 0.00000450025 0.00071534095 -19.303633183 0.16937517006 0.00092912776 0.00792040311 0.80650300153 0.83907071719 0.79139291644 0.84085718050 0.71866510638 0.77615846304 0.93425360499 1.10349483178 -69.72403934648 0.00123015993   -2 
  45 0.00000450026 0.00071531967 -19.306139714 0.16936650531 0.00092912868 0.00792040377 0.80651356899 0.83909836273 0.79139503247 0.84082016225 0.71865800005 0.77615646929 0.93424373949 1.10348035147 -69.72403672167 0.00058785701   -2 
  46 0.00000450027 0.00071534740 -19.316371815 0.16933407253 0.00092913273 0.00792040692 0.80647320965 0.83920233578 0.79129353578 0.84080546355 0.71863803505 0.77615025185 0.93419615670 1.10343546819 -69.72402763297 0.00076918766   -2 
  47 0.00000450028 0.00071535126 -19.321995987 0.16931696313 0.00092913496 0.00792040862 0.80645126125 0.83923644375 0.79123935838 0.84080550567 0.71862717895 0.77614530824 0.93416987811 1.10341109240 -69.72402596836 0.00088701407   -2 
  48 0.00000450032 0.00071544341 -19.352131320 0.16922187371 0.00092914747 0.00792041815 0.80641953656 0.83903812892 0.79104211901 0.84092148896 0.71857729890 0.77609843937 0.93404333226 1.10329521283 -69.72400168127 0.00137558699   -2 
  49 0.00000450033 0.00071542822 -19.356412310 0.16920860144 0.00092914927 0.00792041950 0.80641318981 0.83900569213 0.79102917539 0.84092744016 0.71856833439 0.77608788413 0.93402576894 1.10327760656 -69.72399835667 0.00095711764   -2 
  50 0.00000450037 0.00071545264 -19.387474688 0.16909170265 0.00092916321 0.00792043003 0.80641522506 0.83879885592 0.79114329002 0.84086197755 0.71849518752 0.77597855137 0.93391839734 1.10315926699 -69.72398421790 0.00198553207   -2 
  51 0.00000450038 0.00071549117 -19.391987802 0.16907183345 0.00092916536 0.00792043165 0.80641825235 0.83879222380 0.79116374905 0.84084524284 0.71848499467 0.77596214466 0.93390547211 1.10314325992 -69.72397815846 0.00115310795   -2 
  52 0.00000450041 0.00071548635 -19.412238064 0.16897768316 0.00092917556 0.00792043945 0.80636455222 0.83899144863 0.79122536756 0.84066086978 0.71842724858 0.77587012695 0.93385951822 1.10305724105 -69.72395436991 0.00063080163   -2 
  53 0.00000450041 0.00071547771 -19.410341452 0.16898645089 0.00092917465 0.00792043876 0.80637553722 0.83896605680 0.79120867231 0.84067980459 0.71843302885 0.77587975475 0.93386468149 1.10306528967 -69.72395357289 0.00046137658   -2 
  54 0.00000450041 0.00071548556 -19.409697597 0.16898774908 0.00092917449 0.00792043864 0.80639142939 0.83895328897 0.79118633415 0.84068883526 0.71843637779 0.77588535090 0.93386937036 1.10306808803 -69.72395271224 0.00047062006   -2 
  55 0.00000450041 0.00071548041 -19.409076814 0.16898883716 0.00092917440 0.00792043859 0.80640838752 0.83893765716 0.79115391615 0.84069790387 0.71843983777 0.77589166473 0.93387493160 1.10307023128 -69.72395211431 0.00024283382   -2 
  56 0.00000450041 0.00071547500 -19.409241662 0.16898780822 0.00092917454 0.00792043871 0.80640181887 0.83894209778 0.79115325686 0.84069526944 0.71843929754 0.77589101207 0.93387496970 1.10306967006 -69.72395193616 0.00029057663   -2 
  57 0.00000450041 0.00071547873 -19.409936675 0.16898055325 0.00092917538 0.00792043944 0.80637870572 0.83896466311 0.79114070405 0.84068514572 0.71843845646 0.77589045072 0.93387910154 1.10306864469 -69.72395129004 0.00021717182   -2 
  58 0.00000450042 0.00071547036 -19.411792697 0.16896255457 0.00092917771 0.00792044136 0.80637122507 0.83897692554 0.79109427924 0.84066361195 0.71843445629 0.77588841169 0.93388582608 1.10305888566 -69.72395036447 0.00038885462   -2 
  59 0.00000450042 0.00071547746 -19.412441789 0.16895649897 0.00092917854 0.00792044205 0.80637672002 0.83897353804 0.79108277806 0.84065853229 0.71843270879 0.77588729541 0.93388647407 1.10305487332 -69.72394995922 0.00040515235   -2 
  60 0.00000450044 0.00071546931 -19.415148553 0.16893657085 0.00092918175 0.00792044479 0.80640443201 0.83893408456 0.79105093524 0.84064254719 0.71842228345 0.77587897759 0.93388101078 1.10303271945 -69.72394860507 0.00028343947   -2 
  61 0.00000450045 0.00071549233 -19.419610811 0.16891776974 0.00092918646 0.00792044922 0.80637993036 0.83887884860 0.79109164486 0.84064599604 0.71840041439 0.77585518992 0.93384630413 1.10299096412 -69.72394623875 0.00077064488   -2 
  62 0.00000450046 0.00071548626 -19.421795823 0.16891002478 0.00092918868 0.00792045132 0.80636541262 0.83885627249 0.79110853850 0.84064614746 0.71838937965 0.77584298798 0.93382825204 1.10297026903 -69.72394524244 0.00033199156   -2 
  63 0.00000450050 0.00071550218 -19.432204898 0.16888448393 0.00092919881 0.00792046084 0.80634446654 0.83893633852 0.79110713356 0.84062315847 0.71834448222 0.77578598795 0.93373584781 1.10288844970 -69.72394092901 0.00057051336   -2 
  64 0.00000450050 0.00071551073 -19.431836142 0.16888484925  0.0009291985 0.00792046050 0.80635067617 0.83893022906 0.79110432624 0.84062415986 0.71834787654 0.77578980486 0.93374190059 1.10289430939 -69.72394043096 0.00035905149   -2 
  65 0.00000450049 0.00071550293 -19.431461332 0.16888515150 0.00092919819 0.00792046016 0.80637535727 0.83889680799 0.79108024961 0.84062244072 0.71836034311 0.77580301959 0.93376344689 1.10291501340 -69.72393938398 0.00020271825   -2 
  66 0.00000450049 0.00071550717 -19.431517556 0.16888471070 0.00092919828 0.00792046023 0.80637460766 0.83889767829 0.79107879319 0.84062243684 0.71836160871 0.77580429726 0.93376545591 1.10291732720 -69.72393929474 0.00019007238   -2 
  67 0.00000450050 0.00071550655 -19.432471814 0.16888098358 0.00092919943 0.00792046130 0.80635485956 0.83890544689 0.79105714153 0.84061884386 0.71837573453 0.77581903986 0.93378989670 1.10294230820 -69.72393871846 0.00014060789   -2 
  68 0.00000450050 0.00071550613 -19.432745496 0.16888051592 0.00092919974 0.00792046137 0.80637500819 0.83889936843 0.79106460726 0.84061834890 0.71837305636 0.77581682393 0.93378511006 1.10293698166 -69.72393848626 0.00012739688   -2 
  69 0.00000450050 0.00071550320 -19.432876541 0.16888031095 0.00092919989 0.00792046145 0.80637660587 0.83889866697 0.79106606864 0.84061825130 0.71837264273 0.77581650970 0.93378446501 1.10293618217 -69.72393844602 0.00014368244   -2 
  70 0.00000450053 0.00071550496 -19.439068660 0.16886311865 0.00092920756 0.00792046613 0.80640020910 0.83890621894 0.79112904529 0.84062568312 0.71836729261 0.77581571683 0.93377585745 1.10292254170 -69.72393706239 0.00027117008   -2 
  71 0.00000450058 0.00071550949 -19.452252448 0.16882346361 0.00092922430 0.00792047694 0.80635793186 0.83893391902 0.79113633117 0.84063777555 0.71836903116 0.77582044385 0.93377396003 1.10291530746 -69.72393437663 0.00084295664   -2 
  72 0.00000450059 0.00071552669 -19.454197859 0.16881656666 0.00092922688 0.00792047860 0.80635824270 0.83893615533 0.79113196989 0.84063858237 0.71836959502 0.77582095024 0.93377406175 1.10291500591 -69.72393327408 0.00045428981   -2 
  73 0.00000450063 0.00071553547 -19.463035365 0.16878485248 0.00092923900 0.00792048665 0.80640453744 0.83888859959 0.79103235141 0.84061044243 0.71836354782 0.77580884445 0.93376653383 1.10290838282 -69.72392916975 0.00028168208   -2 
  74 0.00000450065 0.00071553308 -19.465987427 0.16876992580 0.00092924375 0.00792049008 0.80636383268 0.83887629289 0.79101184281 0.84058544774 0.71835067228  0.7757906303 0.93374850939 1.10289455151 -69.72392787438 0.00078673596   -2 
  75 0.00000450067 0.00071555600 -19.469666886 0.16874944149 0.00092924988 0.00792049444 0.80631613740 0.83886342597 0.79099014183 0.84055377720 0.71833337883 0.77576634574 0.93372425670 1.10287467784 -69.72392633542 0.00030946473   -2 
  76 0.00000450068 0.00071556510 -19.471788059 0.16873584628 0.00092925385 0.00792049721 0.80635012655 0.83884896349 0.79099590672 0.84053191400 0.71830922909 0.77573942632 0.93369031150 1.10283469525 -69.72392484677 0.00071887893   -2 
  77 0.00000450069 0.00071555301 -19.472647971 0.16873110820 0.00092925541 0.00792049831 0.80636029990 0.83884249408 0.79099795141 0.84052336740 0.71829895518 0.77572818231 0.93367587537 1.10281716146 -69.72392405284 0.00016096605   -2 
  78 0.00000450070 0.00071555003 -19.474813229 0.16871702856 0.00092925981 0.00792050124 0.80634938746 0.83884768899 0.79101112017 0.84052069593 0.71827461242 0.77570281700 0.93363907702 1.10276237040 -69.72392345628 0.00034880811   -2 
  79 0.00000450070 0.00071555003 -19.474813229 0.16871702856 0.00092925981 0.00792050124 0.80634938746 0.83884768899 0.79101112017 0.84052069593 0.71827461242 0.77570281700 0.93363907702 1.10276237040 -69.72392345628 0.00034880811   -5 
  80 0.00000450070 0.00071555566 -19.474821485 0.16871676965 0.00092925986 0.00792050125 0.80634906517 0.83884798307 0.79101046831 0.84052141324 0.71827527111 0.77570342618 0.93363977427 1.10276305961 -69.72392330875 0.00011716470   -2 
  81 0.00000450070 0.00071555838 -19.475180433 0.16871603809 0.00092926054 0.00792050156 0.80633162165 0.83884346425 0.79099453372 0.84052703016 0.71828214868 0.77570993555 0.93364861953 1.10276819718 -69.72392307036 0.00007385168    0 
-- Found new optimum with likelihood -69.723923070363639 and gradient 0.00007

---- Best joint likelihood found -69.723923070363639 with gradient 0.00007

---- Results for /scratch/40840283/tmp5wq01kdy 
--  Model: C
--        eps_an     theta_bar             a 
-- 0.00000450070 0.00071555838            -1 
--           S_d             b           p_b           S_b 
-- -19.475180433 0.16871603809 0.00092926054 0.00792050156 
--           r 2           r 3           r 4           r 5           r 6           r 7           r 8           r 9 
-- 0.80633162165 0.83884346425 0.79099453372 0.84052703016 0.71828214868 0.77570993555 0.93364861953 1.10276819718 

---- Expected P_neut(i), 0 < i < n (neutral SFS per site) 
E[P_neut(1)] = 0.0007155556
E[P_neut(2)] = 0.0002884878
E[P_neut(3)] = 0.0002000799
E[P_neut(4)] = 0.0001415004
E[P_neut(5)] = 0.0001202892
E[P_neut(6)] = 0.0000856624
E[P_neut(7)] = 0.0000792957
E[P_neut(8)] = 0.0000835109
E[P_neut(9)] = 0.0000876801

---- Expected P_sel(i), 0 < i < n (selected SFS per site) 
E[P_sel(1)] = 0.0005201724
E[P_sel(2)] = 0.0001848635
E[P_sel(3)] = 0.0001196712
E[P_sel(4)] = 0.0000808388
E[P_sel(5)] = 0.0000664169
E[P_sel(6)] = 0.0000460347
E[P_sel(7)] = 0.0000416673
E[P_sel(8)] = 0.0000430484
E[P_sel(9)] = 0.0000444465

---- alpha_dfe = 0.001893

