---- Running command
---- ./polyDFE -d /scratch/40840733/tmpvgia6lul -m C -i /scratch/40840733/tmpa1uw5sr2 1 -v 1 
---- Performing inference using model C

---- Performing inference on /scratch/40840733/tmpvgia6lul
----      with -i /scratch/40840733/tmpa1uw5sr2 1
---- Data /scratch/40840733/tmpvgia6lul does not contain divergence counts. Using option -w.
---- No mutation variability. Using Poisson likelihood.


---- Using provided initial values

-- Starting local optimization
-- Optimizing all parameters
  it        eps_an     theta_bar           S_d             b           p_b           S_b           r 2           r 3           r 4           r 5           r 6           r 7           r 8           r 9          r 10          r 11          r 12          r 13          r 14           ln lk          grad status 
   0 0.00000450123  0.0008663822 -44.346810000     0.1221405    0.01060767    0.09636954     0.6268517     0.6514728     0.6820074     0.5848618     0.7565646     0.6523473     0.6349214     0.7005902     0.6139579     0.6324166     0.6421517     0.7478784       1.22486 -113.8641142237 1.03669283051   -2 
   1 0.00000450123 0.00088203895 -44.280169509 0.12176618267 0.01060840576 0.09636974398 0.62526141994 0.65543726794 0.68292120185 0.58406155994 0.75643928982 0.65344670451 0.63502749852 0.70058865939 0.61416758822 0.63327424884 0.64269453797 0.74812594233 1.22722407834 -112.7605989159 0.38673180607   -2 
   2 0.00000450123 0.00089253458 -44.182630929 0.12145659798 0.01060903720 0.09636971013 0.60799140558 0.67607142251 0.68467395210 0.57626831369 0.75227151789 0.65869383686 0.63395930098 0.69868839162 0.61426437494 0.63784755731 0.64520020896 0.74835794672 1.24002274384 -111.8562957220 0.75789345254   -2 
   3 0.00000450123 0.00088187453 -44.167179492 0.12165266594 0.01060867268 0.09636933961 0.59381693012 0.69171256611 0.68518222148 0.56912983963 0.74799486355 0.66280545535 0.63263078942 0.69660628117 0.61405798866 0.64165538567 0.64717671764 0.74824473098 1.25064756756 -111.0396232080 0.12985466032   -2 
   4 0.00000450124 0.00087991712 -43.964455565 0.12200404414 0.01060801419 0.09636722658 0.60581552834 0.69807145021 0.68496466773 0.55230823265 0.73781823768 0.67400114117 0.62860810280 0.69027451525 0.61335482618 0.65428054335 0.65381963254 0.74784093358 1.28299403502 -110.6687726269 0.06358921622   -2 
   5 0.00000450125 0.00087788502 -43.882157274 0.12219368695 0.01060764386 0.09636617006 0.60427118623 0.69517217347 0.68572578697 0.55158376377 0.73790706230 0.67602582400 0.62820328549 0.68939320192 0.61345672847 0.65778413146 0.65586011047 0.74803862528 1.29018445127 -110.6367453655 0.14178863367   -2 
   6 0.00000450125 0.00088055377 -43.709081901 0.12239917434 0.01060723898 0.09636429346 0.60183802583 0.69047357173 0.68732701614 0.55096331114 0.73859535882 0.67948532217 0.62770472628 0.68810321746 0.61375139580 0.66396097302 0.65950974168 0.74850984186 1.30257362794 -110.5903541697 0.03400652043   -2 
   7 0.00000450125 0.00088004577 -43.726078861 0.12239141832 0.01060725048 0.09636442963 0.60228617720 0.69136240971 0.68702897177 0.55124929890 0.73860872601 0.67887487543 0.62780813710 0.68832945113 0.61372123292 0.66310104186 0.65902214088 0.74845749963 1.30063426452 -110.5886505623 0.02987379866   -2 
   8 0.00000450125 0.00088066514 -43.683466235 0.12247418724 0.01060706497 0.09636376388 0.60304819722 0.69290719069 0.68664331258 0.55251657498 0.73931244832 0.67804411755 0.62806776594 0.68869516306 0.61380491954 0.66293337601 0.65905087914 0.74855222210 1.29903343678 -110.5833845089 0.05167213602   -2 
   9 0.00000450125 0.00087949096 -43.614399676 0.12266706314 0.01060665218 0.09636258033 0.60381815897 0.69473036241 0.68611230904 0.55436281747 0.74036120500 0.67693538520 0.62841816823 0.68916750568 0.61393346022 0.66297800082 0.65927005758 0.74870628213 1.29718140290 -110.5768408735 0.02693733229   -2 
  10 0.00000450125 0.00088012708 -43.404068104 0.12305981973 0.01060581241 0.09635957979 0.60412978439 0.69583381569 0.68634490246 0.55756833690 0.74261251063 0.67601502494 0.62921508539 0.69005701770 0.61443492377 0.66451063985 0.66062753816 0.74932168473 1.29674005227 -110.5682694455 0.06175344178   -2 
  11 0.00000450125 0.00087876485 -43.193604054 0.12350458257 0.01060487601 0.09635647662 0.60415611867 0.69640647568 0.68666748516 0.56045187463 0.74467290510 0.67529634778 0.62997217072 0.69088694030 0.61493872463 0.66614374471 0.66203800124 0.74994544224 1.29668832146 -110.5606101954 0.03459366368   -2 
  12 0.00000450125 0.00088012312 -42.965118721 0.12382771304 0.01060419663 0.09635356334 0.60411799072 0.69529778059 0.68789079340 0.56092910733 0.74545354701 0.67613725599 0.63060098015 0.69150697360 0.61553774830 0.66792304676 0.66347106943 0.75069095806 1.29895009438 -110.5502501644 0.08518480110   -2 
  13 0.00000450126 0.00087855077 -42.176151807 0.12512169028 0.01060152206 0.09634308017 0.60355473696 0.69093960072 0.69196793846 0.56172573180 0.74755831706 0.67936145505 0.63265233316 0.69350484679 0.61759074817 0.67412968096 0.66844426159 0.75326614879 1.30729652076 -110.5189053255 0.04045936905   -2 
  14 0.00000450126 0.00087900970 -42.152551432 0.12503593579 0.01060168634 0.09634304953 0.60490536770 0.69525470444 0.68996738052 0.56007771504 0.74612256086 0.67945943684 0.63220752566 0.69309046424 0.61738854335 0.67289256813 0.66755521392 0.75306421097 1.30679518703 -110.5022776222 0.05440742192   -2 
  15 0.00000450126 0.00087808093 -42.137418913 0.12505349255 0.01060165079 0.09634287172 0.60508808343 0.69608349950 0.68951067804 0.55963743842 0.74575261651 0.67951465216 0.63209974190 0.69298925648 0.61735063609 0.67261777516 0.66736155529 0.75303265972 1.30674800597 -110.4988316540 0.01834822766   -2 
  16 0.00000450126 0.00087853568 -41.554241550 0.12540580387 0.01060089948 0.09633654283 0.60492473207 0.69800675649 0.68852891642 0.55547364542 0.74322586107 0.68198671311 0.63184422252 0.69280411069 0.61789490265 0.67128264128 0.66665098782 0.75388078256 1.31009338109 -110.4845444312 0.04716060783   -2 
  17 0.00000450126 0.00087764495 -41.404286621 0.12553062648 0.01060064003 0.09633482903 0.60477313242 0.69808495653 0.68836032619 0.55462772566 0.74271322895 0.68250278080 0.63178087636 0.69275542764 0.61801739635 0.67098520518 0.66649232471 0.75407794088 1.31084360063 -110.4812096978 0.03321884289   -2 
  18 0.00000450126 0.00087819709 -39.511493299 0.12699973163 0.01059756961 0.09631289284 0.60339778420 0.69252436247 0.68955426197 0.55043675166 0.74081860458 0.68659205450 0.63166153375 0.69276228330 0.61949884188 0.66890971497 0.66553331337 0.75640581176 1.31830267276 -110.4462500940 0.05178530915   -2 
  19 0.00000450126 0.00087665549 -39.041939762 0.12746394983 0.01059661645 0.09630708039 0.60313259593 0.69167177048 0.68972295607 0.55027867759 0.74082345845 0.68697951608 0.63164665254 0.69276768808 0.61975630006 0.66860126970 0.66539633911 0.75684323537 1.31942898325 -110.4380482197 0.07794365240   -2 
  20 0.00000450128 0.00087342430 -29.816730046 0.13796367584 0.01057590501 0.09617671074 0.60200049607 0.68277164943 0.69401822191 0.55645368060 0.74707784209 0.69037750382 0.63240006916 0.69390444079 0.62495092815 0.66473319500 0.66411427005 0.76573838186 1.33853871761 -110.2497575864 0.13445484634   -2 
  21 0.00000450128 0.00086891763 -28.607685472 0.13991951487 0.01057226085 0.09615615230 0.60193496672 0.68387702066 0.69412372809 0.55773618272 0.74813481106 0.69037664205 0.63273414474 0.69430516107 0.62561890637 0.66476313822 0.66430590781 0.76687778509 1.34035902257 -110.2078209213 0.16167953367   -2 
  22 0.00000450128 0.00086717494 -24.002282524 0.14859964458 0.01055672252 0.09606887359 0.60448851241 0.69871273256 0.69426575473 0.56475394598 0.75387335705 0.68959875145 0.63561426978 0.69753498290 0.62846066938 0.66771904693 0.66704165660 0.77136840194 1.34540206758 -109.9988582418 0.18817412042   -2 
  23 0.00000450129 0.00086264776 -23.116103888 0.15079677909 0.01055296082 0.09604966324 0.60485039325 0.70188363184 0.69425921081 0.56620885257 0.75510116343 0.68942816160 0.63647023811 0.69848761948 0.62908181017 0.66885835779 0.66798807361 0.77228489466 1.34614554671 -109.9496412378 0.06647675630   -2 
  24 0.00000450129 0.00085658169 -20.586945432 0.15865380170 0.01054002716 0.09598896467 0.60733713809 0.71052859719 0.69653047020 0.57072236604 0.76011746076 0.69055086671 0.64180061157 0.70434382984 0.63181487413 0.67695253346 0.67434423470 0.77552414835 1.34822715743 -109.8906868811 0.17112627072   -2 
  25 0.00000450130 0.00085741160 -19.418967343 0.16278263130 0.01053350706 0.09595839260 0.60881821360 0.71422005539 0.69821295737 0.57300810647 0.76290635977 0.69158244483 0.64487894977 0.70772944767 0.63341621323 0.68162614838 0.67803488777 0.77736118108 1.34976919738 -109.8509196960 0.10381615912   -2 
  26 0.00000450130 0.00085503615 -19.478330754 0.16312556199 0.01053298328 0.09595896274 0.60801437368 0.70990123091 0.69932667949 0.57247049004 0.76311833850 0.69298933687 0.64573285874 0.70871520536 0.63401601229 0.68304802809 0.67928447083 0.77791794041 1.35142823505 -109.8022667724 0.16763702536   -2 
  27 0.00000450130 0.00085911708 -19.612014401 0.16388596652 0.01053183203 0.09596030836 0.60671495044 0.69911995748 0.70292307081 0.57124201304 0.76413193469 0.69732622884 0.64844835249 0.71183269971 0.63594926092 0.68742513255 0.68314072461 0.77975398688 1.35671214239 -109.7015697040 0.04712778800   -2 
  28 0.00000450131 0.00085858885 -19.895209669 0.16705191155 0.01052700938 0.09596017652 0.60788643766 0.70600881207 0.70415063185 0.56902092945 0.76559520593 0.70632848548 0.65521342611 0.71986380161 0.64143427784 0.70021361167 0.69478996068 0.78528866976 1.37008653295 -109.6038014279 0.08706225526   -2 
  29 0.00000450132 0.00085991116 -19.923272597 0.16737527046 0.01052652365 0.09596016380 0.60829724130 0.70695712943 0.70443141397 0.56898545868 0.76593297259 0.70733474369 0.65602894810 0.72082994524 0.64213297845 0.70173408385 0.69620038311 0.78602155324 1.37174012923 -109.5956892846 0.02757623611   -2 
  30 0.00000450132 0.00085804363 -19.934159968 0.16793840025 0.01052570709 0.09595968557 0.61265341939 0.70916040891 0.70684193389 0.57366907386 0.76958532205 0.70720792830 0.65758905730 0.72271567832 0.64450397270 0.70471096950 0.69966348509 0.78916546831 1.37596682005 -109.5764115111 0.02004782983   -2 
  31 0.00000450132 0.00085838769 -19.916513260 0.16797682726 0.01052567984 0.09595948763 0.61221507809 0.70955062770 0.70765052207 0.57499552437 0.77068239572 0.70714943706 0.65795288367 0.72312285570 0.64515963962 0.70513812680 0.70031974158 0.79012560708 1.37704091010 -109.5735087779 0.03911561663   -2 
  32 0.00000450132 0.00085756066 -19.896818510 0.16804807015 0.01052561042 0.09595923100 0.61150097542 0.70982998903 0.70843041992 0.57633482017 0.77178428188 0.70706617178 0.65830689549 0.72351469711 0.64584060581 0.70551207586 0.70095487254 0.79114596305 1.37811872232 -109.5705972492 0.00768827852   -2 
  33 0.00000450133 0.00085736737 -19.753638048 0.16833059372 0.01052546219 0.09595756624 0.61062568855 0.70898741985 0.70848851214 0.57698444968 0.77272713934 0.70755804720 0.65893947165 0.72407761007 0.64740606661 0.70499630244 0.70136112727 0.79391957566 1.38011546289 -109.5675231202 0.01653409453   -2 
  34 0.00000450133 0.00085689482 -19.688670362 0.16849469189 0.01052534519 0.09595675924 0.61043763664 0.70870479879 0.70845394771 0.57715842577 0.77302370402 0.70775880821 0.65918276121 0.72429184754 0.64804311839 0.70475372827 0.70150392243 0.79507367764 1.38089602736 -109.5668592012 0.01904714542   -2 
  35 0.00000450134 0.00085669167 -19.446059499 0.16917283978 0.01052482056 0.09595362652 0.61096307061 0.70845446707 0.70827078053 0.57735758027 0.77362982653 0.70845267899 0.65992603134 0.72495184332 0.65004228279 0.70393302596 0.70189972853 0.79878655790 1.38326694127 -109.5636501140 0.02967991915   -2 
  36 0.00000450135 0.00085571112 -19.284512440 0.16970539083 0.01052436359 0.09595142235 0.61142353623 0.70848323335 0.70814574322 0.57737244473 0.77387759344 0.70886951744 0.66035907631 0.72534168244 0.65124341280 0.70343178492 0.70213052223 0.80105971431 1.38465708224 -109.5616870539 0.02281816884   -2 
  37 0.00000450136 0.00085524797 -18.946114319 0.17096541573 0.01052321952 0.09594656375 0.61279672094 0.70960398007 0.70825256926 0.57717112757 0.77403261015 0.70965959350 0.66109634531 0.72605636170 0.65317782722 0.70276765357 0.70257664046 0.80482392790 1.38691919200 -109.5577777194 0.02913721451   -2 
  38 0.00000450137 0.00085421691 -18.786790989 0.17167655220 0.01052252702 0.09594411027 0.61317333819 0.71031330378 0.70846464761 0.57704011387 0.77400730148 0.70998286546 0.66137205199 0.72635559105 0.65381813113 0.70266212791 0.70279034029 0.80611945143 1.38771358565 -109.5554973744 0.03508660901   -2 
  39 0.00000450139 0.00085411549 -18.227532226 0.17430805671 0.01051996559 0.09593523958 0.61394150759 0.71334645864 0.70995144974 0.57674951635 0.77398825988 0.71113941559 0.66227034757 0.72744252498 0.65534681409 0.70304803467 0.70366524416 0.80929249532 1.39000807919 -109.5466049908 0.04483382254   -2 
  40 0.00000450140 0.00085266445 -17.877156607 0.17612346465 0.01051818395 0.09592942534 0.61393038292 0.71483332266 0.71097124316 0.57668674751 0.77407231810 0.71185635431 0.66281770048 0.72814751106 0.65605407896 0.70359227147 0.70428531738 0.81078102274 1.39133154334 -109.5415867036 0.04125942957   -2 
  41 0.00000450144 0.00085281985 -17.103725594 0.18027187576 0.01051421088 0.09591627170 0.61321075346 0.71671610189 0.71356764913 0.57723364950 0.77500434101 0.71361229476 0.66416629819 0.72995062357 0.65704090536 0.70580406961 0.70600036838 0.81272189660 1.39437832430 -109.5295342581 0.05887087812   -2 
  42 0.00000450147 0.00085095351 -16.380954884 0.18449438703 0.01051024079 0.09590336741 0.61227445948 0.71755434117 0.71583306423 0.57800070279 0.77616793252 0.71531123107 0.66550563077 0.73176015132 0.65780042819 0.70829578816 0.70779130968 0.81410690519 1.39741450367 -109.5203747743 0.04193092427   -2 
  43 0.00000450150 0.00085109273 -15.686076535 0.18862565187 0.01050653046 0.09589071878 0.61204534620 0.71610384224 0.71716653028 0.57960625950 0.77835413575 0.71712373127 0.66709077183 0.73385435447 0.65828953488 0.71168757590 0.71002076957 0.81443165738 1.40117751652 -109.5084312855 0.06554992605   -2 
  44 0.00000450152 0.00084926892 -15.211471930 0.19164311616 0.01050386437 0.09588174057 0.61194809314 0.71455713179 0.71767204778 0.58088408548 0.78007184463 0.71837414409 0.66824987035 0.73537706019 0.65857881653 0.71429180915 0.71170880553 0.81439935410 1.40403152378 -109.5004671778 0.02763383262   -2 
  45 0.00000450152 0.00084987149 -15.200517149 0.19155886004 0.01050399899 0.09588175251 0.61247781974 0.71434921933 0.71696688074 0.58120208436 0.78048880288 0.71840376036 0.66841785751 0.73554116806 0.65861047410 0.71470357182 0.71200002961 0.81405459240 1.40467665202 -109.4974403600 0.04302072079   -2 
  46 0.00000450153 0.00084872874 -15.173920609 0.19131778866 0.01050437525 0.09588188189 0.61397460870 0.71349522528 0.71436208257 0.58223236798 0.78182711052 0.71840602947 0.66894426582 0.73604443046 0.65867624836 0.71611039943 0.71299158829 0.81274817857 1.40684148723 -109.4897186889 0.01230103521   -2 
  47 0.00000450153 0.00084846800 -15.166260663 0.19102658754 0.01050476957 0.09588233071 0.61286049230 0.71422631786 0.71416025312 0.58283895059 0.78255329150 0.71842192263 0.66938663298 0.73645914316 0.65877565091 0.71738892103 0.71395139188 0.81148880874 1.40864724200 -109.4871394822 0.00617835391   -2 
  48 0.00000450153 0.00084807189 -15.169684953 0.19098120275 0.01050482757 0.09588257050 0.61313508023 0.71430377013 0.71463324955 0.58284751774 0.78251025284 0.71839374092 0.66949475996 0.73655852000 0.65879801282 0.71788417551 0.71435184659 0.81089899162 1.40914031513 -109.4866844741 0.01612373152   -2 
  49 0.00000450153 0.00084812650 -15.172992650 0.19092370086 0.01050490219 0.09588283837 0.61347945601 0.71440899968 0.71516390944 0.58285888411 0.78247031840 0.71838046895 0.66961562280 0.73667128892 0.65883038390 0.71841218122 0.71478293100 0.81028628095 1.40966318109 -109.4861865347 0.00243448583   -2 
  50 0.00000450153 0.00084813860 -15.173876233 0.19091655890 0.01050491141 0.09588289150 0.61352842334 0.71442641785 0.71524577279 0.58285949908 0.78246339910 0.71838292982 0.66963664441 0.73669143282 0.65883814948 0.71850313580 0.71485946945 0.81018289469 1.40974705561 -109.4861764789 0.00239410071   -2 
  51 0.00000450154 0.00084807375 -15.181335921 0.19093407707 0.01050488729 0.09588316086 0.61353419391 0.71446669678 0.71537459938 0.58284242986 0.78243878790 0.71845214176 0.66970715161 0.73676603394 0.65889209174 0.71880329215 0.71514312986 0.80986699020 1.40993683363 -109.4861158766 0.00502741790   -2 
  52 0.00000450154 0.00084817553 -15.186006991 0.19094386057 0.01050487426 0.09588333683 0.61353224344 0.71449728192 0.71542949081 0.58283682053 0.78243415579 0.71850366811 0.66975054009 0.73681300518 0.65892956634 0.71897472023 0.71531008718 0.80969720116 1.41003892446 -109.4860746670 0.00232393079   -2 
  53 0.00000450154 0.00084822058 -15.196010452 0.19097607864 0.01050483246 0.09588369726 0.61346946861 0.71452507738 0.71539112298 0.58283453613 0.78245005955 0.71860917705 0.66981389602 0.73688648743 0.65900325132 0.71921209732 0.71556453892 0.80948825463 1.41013694034 -109.4860309584 0.00181363858   -2 
  54 0.00000450154 0.00084828537 -15.202538402 0.19099401347 0.01050480986 0.09588394720 0.61344277255 0.71453356295 0.71532617996 0.58284184821 0.78247543617 0.71867394740 0.66984566881 0.73692584646 0.65905024511 0.71931779685 0.71569200166 0.80941543487 1.41016153468 -109.4860174674 0.00190641635   -2 
  55 0.00000450154 0.00084825019 -15.206213014 0.19099990845 0.01050480347 0.09588410461 0.61344922516 0.71451995074 0.71525852362 0.58285334586 0.78250047197 0.71869587067 0.66984839351 0.73693332723 0.65907102300 0.71931218629 0.71571005497 0.80945172780 1.41012695074 -109.4860000737 0.00354018167   -2 
  56 0.00000450155 0.00084838034 -15.219376061 0.19100667863 0.01050480121 0.09588471572 0.61350877153 0.71448211032 0.71501711779 0.58290785431 0.78260895331 0.71877339441 0.66985421474 0.73695718278 0.65914822281 0.71925157548 0.71574389420 0.80964425088 1.40998080240 -109.4859383893 0.00170938485   -2 
  57 0.00000450155 0.00084841842 -15.233158407 0.19098770460 0.01050483558 0.09588543724 0.61353381053 0.71446324056 0.71488825942 0.58295715394 0.78269706326 0.71881547447 0.66984248988 0.73696114564 0.65921117152 0.71911673146 0.71570806526 0.80992011218 1.40980496964 -109.4859088451 0.00244325920   -2 
  58 0.00000450155 0.00084850296 -15.239291998 0.19095993749 0.01050487807 0.09588581887 0.61353016682 0.71447753954 0.71491320767 0.58297290615 0.78271841679 0.71881729154 0.66983306478 0.73695628384 0.65923030279 0.71903595265 0.71566622421 0.81006278962 1.40973330941 -109.4858842894 0.00419086929   -2 
  59 0.00000450157 0.00084848474 -15.267103636 0.19082368691 0.01050508588 0.09588758122 0.61346036524 0.71453713386 0.71511449119 0.58301648686 0.78276183171 0.71878606379 0.66977645058 0.73691464723 0.65929058582 0.71865060043 0.71544004953 0.81069526724 1.40941760528 -109.4857756982 0.00204764060   -2 
  60 0.00000450157 0.00084854093 -15.269255463 0.19078248386 0.01050514657 0.09588782562 0.61349689705 0.71454145215 0.71516960389 0.58299198590 0.78271283433 0.71875561988 0.66976909093 0.73689993298 0.65926532116 0.71863591407 0.71540369887 0.81068265704 1.40944017553 -109.4857501686 0.00455567926   -2 
  61 0.00000450157 0.00084837628 -15.279567471 0.19059006086 0.01050543114 0.09588898858 0.61364284683 0.71452728447 0.71540633107 0.58284922363 0.78243858753 0.71858617152 0.66972434518 0.73681470754 0.65911900464 0.71858078610 0.71522201560 0.81055486689 1.40955980230 -109.4856266200 0.00207547644   -2 
  62 0.00000450158 0.00084844178 -15.282240553 0.19053853642 0.01050550851 0.09588930933 0.61361556006 0.71452635139 0.71538863329 0.58282201960 0.78239199798 0.71854911410 0.66971025240 0.73678896730 0.65907107241 0.71858228663 0.71517966645 0.81047152185 1.40957967034 -109.4856043669 0.00399491131   -2 
  63 0.00000450159 0.00084840698 -15.296978622 0.19029266567 0.01050588207 0.09589096494 0.61338556771 0.71448489949 0.71519272587 0.58268244574 0.78216585337 0.71835549859 0.66962337180 0.73664203721 0.65881039650 0.71859340782 0.71496135440 0.80999082787 1.40963443475 -109.4855007491 0.00189277570   -2 
  64 0.00000450160 0.00084843388 -15.314379518 0.19011527280 0.01050616546 0.09589259350 0.61332792582 0.71432252952 0.71484668909 0.58258308174 0.78204675478 0.71819262954 0.66948215733 0.73645856253 0.65855800589 0.71855532114 0.71476000571 0.80947161416 1.40939334342 -109.4854403143 0.00386306111   -2 
  65 0.00000450160 0.00084852584 -15.321827455 0.19004350411 0.01050628106 0.09589327915 0.61331960802 0.71425797700 0.71471297797 0.58254559228 0.78200477534 0.71812871729 0.66942028832 0.73638090051 0.65845603627 0.71853354959 0.71467800302 0.80925907917 1.40927043034 -109.4854186174 0.00196904488   -2 
  66 0.00000450162 0.00084866711 -15.351234296 0.18990531281 0.01050653081 0.09589553142 0.61340031590 0.71405523177 0.71450782015 0.58245434043 0.78193531303 0.71796159470 0.66915025142 0.73609461419 0.65818705754 0.71832446500 0.71443788054 0.80868442768 1.40844241322 -109.4853322512 0.00242190141   -2 
  67 0.00000450162 0.00084877038 -15.358339052 0.18987546103 0.01050658564 0.09589606214 0.61338529329 0.71404885779 0.71451932960 0.58244051519 0.78192396693 0.71793620394 0.66909392270 0.73603883104 0.65814529378 0.71826300407 0.71439351536 0.80859551553 1.40824249115 -109.4853119696 0.00373764766   -2 
  68 0.00000450164 0.00084886968 -15.385810659 0.18977696626 0.01050677235 0.09589804402 0.61325372573 0.71405550922 0.71462087626 0.58238960755 0.78187237541 0.71785173811 0.66889063132 0.73584273119 0.65801608646 0.71801282922 0.71424104707 0.80832844272 1.40749028784 -109.4852307897 0.00155825056   -2 
  69 0.00000450164 0.00084890975 -15.395046483 0.18974128723 0.01050683860 0.09589871659 0.61321254613 0.71406296093 0.71465865268 0.58237431282 0.78185358054 0.71782812571 0.66883045585 0.73578540313 0.65798187055 0.71792923329 0.71419561556 0.80826041902 1.40726007019 -109.4852291134 0.00176242126   -2 
  70 0.00000450165 0.00084899503 -15.404125447 0.18968044817 0.01050694116 0.09589945331 0.61322194297 0.71409647709 0.71469897567 0.58237274601 0.78182102557 0.71784197916 0.66884204987 0.73580155531 0.65802207797 0.71785709992 0.71419824800 0.80836953385 1.40724226300 -109.4851936365 0.00559584470   -2 
  71 0.00000450168 0.00084891279 -15.459517329 0.18932703906 0.01050754073 0.09590387172 0.61325731907 0.71425543888 0.71489715543 0.58235439155 0.78160508037 0.71792220445 0.66893006448 0.73591595626 0.65828184389 0.71742916040 0.71422588412 0.80908145943 1.40720861357 -109.4849879797 0.00182124224   -2 
  72 0.00000450169 0.00084886017 -15.462571208 0.18931549637 0.01050756522 0.09590411577 0.61329940551 0.71420144060 0.71482636001 0.58235887141 0.78163414120 0.71791148521 0.66893777713 0.73591916832 0.65827953479 0.71745433438 0.71423059020 0.80909113037 1.40725998643 -109.4849688262 0.00359755065   -2 
  73 0.00000450169 0.00084892248 -15.468709587 0.18928761762 0.01050762278 0.09590463866 0.61340536291 0.71408831273 0.71466593675 0.58237471814 0.78171469516 0.71788861634 0.66895827893 0.73592832355 0.65827108100 0.71752789922 0.71424410111 0.80910276282 1.40739312004 -109.4849306756 0.00103478107   -2 
  74 0.00000450169 0.00084895555 -15.472765128 0.18927842821 0.01050765419 0.09590503171 0.61327825915 0.71413081536 0.71462215362 0.58238524227 0.78178439832 0.71785468822 0.66896436789 0.73591934790 0.65822730834 0.71765791251 0.71425281760 0.80903059941 1.40751861713 -109.4849093769 0.00066112561   -2 
  75 0.00000450169 0.00084895213 -15.474499874 0.18927562755 0.01050766685 0.09590520683 0.61325442984 0.71414331429 0.71461708988 0.58238609650 0.78180187947 0.71784010186 0.66896381921 0.73591284223 0.65820624920 0.71771170858 0.71425455538 0.80899410750 1.40756082281 -109.4849088278 0.00102267343   -2 
  76 0.00000450170 0.00084898354 -15.476991392 0.18927035591 0.01050768814 0.09590547536 0.61325261684 0.71415755007 0.71462237028 0.58238576679 0.78181838062 0.71782082311 0.66896159484 0.73590255858 0.65817500303 0.71778825366 0.71425616752 0.80893812414 1.40761387553 -109.4849050666 0.00122086427   -2 
  77 0.00000450170 0.00084897109 -15.480776426 0.18926379894 0.01050771892 0.09590588528 0.61327444931 0.71416562428 0.71463666066 0.58238176786 0.78182916203 0.71779409990 0.66895549461 0.73588568488 0.65812918071 0.71789299181 0.71425635657 0.80885480774 1.40767600563 -109.4848997533 0.00092715212   -2 
  78 0.00000450170 0.00084899070 -15.482565859 0.18925843470 0.01050773815 0.09590610078 0.61330355416 0.71416382321 0.71465035791 0.58237977652 0.78182609586 0.71778673905 0.66895241366 0.73587893111 0.65811053145 0.71793417094 0.71425591808 0.80881860377 1.40769314469 -109.4848973148 0.00086739302   -2 
  79 0.00000450170 0.00084897572 -15.484305040 0.18925277172 0.01050775837 0.09590632005 0.61333595122 0.71415449902 0.71466528154 0.58237694158 0.78181411517 0.71778453092 0.66894869595 0.73587337379 0.65809658543 0.71796095193 0.71425432066 0.80878929397 1.40769382838 -109.4848951679 0.00062513641   -2 
  80 0.00000450171 0.00084898904 -15.485736847 0.18924435784 0.01050778238 0.09590653348 0.61336260411 0.71414533276 0.71468142380 0.58237587065 0.78179666496 0.71779140901 0.66894639678 0.73587190013 0.65809174719 0.71796708599 0.71425256232 0.80877391968 1.40767701564 -109.4848935493 0.00081758003   -2 
  81 0.00000450171 0.00084897106 -15.488209347 0.18922908207 0.01050782523 0.09590691132 0.61339126809 0.71412871275 0.71470513845 0.58237397263 0.78176199242 0.71780794523 0.66894230440 0.73587101290 0.65808900065 0.71796180362 0.71424845876 0.80875606214 1.40763292737 -109.4848909660 0.00087109407   -2 
  82 0.00000450171 0.00084899450 -15.492550190 0.18919651924 0.01050791170 0.09590762353 0.61341174943 0.71411323542 0.71474017963 0.58237356503 0.78170406601 0.71784404618 0.66893703332 0.73587355839 0.65809320233 0.71793220212 0.71424099760 0.80873842553 1.40754103356 -109.4848865487 0.00133913779   -2 
  83 0.00000450172 0.00084897216 -15.498544345 0.18915276294 0.01050802956 0.09590860511 0.61340912208 0.71409886169 0.71477174142 0.58237197196 0.78163186078 0.71788936798 0.66892898798 0.73587637242 0.65810159215 0.71788077263 0.71422920604 0.80872120468 1.40741125037 -109.4848805627 0.00125795337   -2 
  84 0.00000450173 0.00084900885 -15.505957690 0.18909533427 0.01050818217 0.09590985252 0.61337815389 0.71410155366 0.71478611379 0.58237056232 0.78156490271 0.71793579409 0.66891929748 0.73587915271 0.65811498277 0.71780652998 0.71421329276 0.80870949572 1.40725678211 -109.4848735473 0.00138889140   -2 
  85 0.00000450174 0.00084899537 -15.512195910 0.18904986633 0.01050830646 0.09591089250 0.61333813197 0.71410814025 0.71477356781 0.58236608087 0.78152602264 0.71795905553 0.66890870486 0.73587693071 0.65812415228 0.71774016199 0.71419730796 0.80870309137 1.40713634859 -109.4848681387 0.00123228630   -2 
  86 0.00000450176 0.00084904376 -15.520157736 0.18899167609 0.01050846775 0.09591224511 0.61329200353 0.71412608994 0.71472121396 0.58235611732 0.78151262882 0.71795911542 0.66889174410 0.73586604792 0.65813125008 0.71765212232 0.71417266852 0.80870027416 1.40700787797 -109.4848607287 0.00159408843   -2 
  87 0.00000450177 0.00084903516 -15.528332072 0.18893696308 0.01050862609 0.09591361524 0.61325422977 0.71413538743 0.71464830069 0.58234001972 0.78151509794 0.71793621572 0.66886972776 0.73584651849 0.65813175002 0.71756321002 0.71414325053 0.80869662831 1.40689346388 -109.4848531541 0.00143099846   -2 
  88 0.00000450179 0.00084909754 -15.542040540 0.18884657373 0.01050889232 0.09591593587 0.61323461345 0.71413699654 0.71451612574 0.58230638184 0.78154452277 0.71786303480 0.66882666619 0.73580100864 0.65812064317 0.71742090873 0.71408769193 0.80868808922 1.40673595785 -109.4848426543 0.00144780355   -2 
  89 0.00000450180 0.00084908463 -15.549640374 0.18880208419 0.01050903207 0.09591720777 0.61324995910 0.71411383022 0.71445356824 0.58228114452 0.78156357105 0.71779883407 0.66879646110 0.73576415942 0.65810158268 0.71735268599 0.71405126708 0.80867586823 1.40667348907 -109.4848352715 0.00186715491   -2 
  90 0.00000450182 0.00084914706 -15.561328415 0.18873298596 0.01050925048 0.09591919340 0.61329876923 0.71406722484 0.71437987258 0.58224006924 0.78159453272 0.71768463780 0.66874640887 0.73569932018 0.65806161336 0.71725944090 0.71399121017 0.80865071249 1.40660190984 -109.4848239587 0.00110215575   -2 
  91 0.00000450183 0.00084913863 -15.568574188 0.18869534123 0.01050938013 0.09592042503 0.61332120798 0.71402261552 0.71438323979 0.58221115486 0.78159410551 0.71759965463 0.66870898298 0.73564613459 0.65801680599 0.71722655555 0.71394725602 0.80861884943 1.40659072822 -109.4848157758 0.00183989085   -2 
  92 0.00000450184 0.00084919635 -15.575880891 0.18865545298 0.01050951628 0.09592169983 0.61333958105 0.71398226017 0.71441009341 0.58218348955 0.78158599548 0.71751303660 0.66867028821 0.73558904763 0.65796402180 0.71720537161 0.71390087329 0.80858010633 1.40659475654 -109.4848074779 0.00117350720   -2 
  93 0.00000450185 0.00084921146 -15.585802650 0.18860405211 0.01050969862 0.09592344062 0.61332630945 0.71393934437 0.71447014356 0.58214820889 0.78155050922 0.71740372734 0.66861623640 0.73550750835 0.65787987614 0.71719773019 0.71383481296 0.80851348576 1.40661422165 -109.4847961523 0.00105910423   -2 
  94 0.00000450185 0.00084923578 -15.585630359 0.18860319869 0.01050970026 0.09592344214 0.61331235721 0.71395472606 0.71447248305 0.58215243508 0.78154069876 0.71741624922 0.66861834473 0.73550981551 0.65787725845 0.71720796951 0.71383552236 0.80850848202 1.40661735910 -109.4847932870 0.00126918999   -2 
  95 0.00000450186 0.00084922054 -15.585313188 0.18860214426 0.01050970705 0.09592349300 0.61324412065 0.71401203268 0.71447683813 0.58216745372 0.78149079212 0.71746773347 0.66862418986 0.73551588650 0.65786128440 0.71725280500 0.71383534480 0.80848162491 1.40662567398 -109.4847854430 0.00042372038   -2 
  96 0.00000450186 0.00084922152 -15.585410483 0.18860001587 0.01050972553 0.09592367622 0.61329060536 0.71399940393 0.71447536309 0.58217639761 0.78144604506 0.71751169333 0.66862628553 0.73551708358 0.65783548818 0.71730756642 0.71383023916 0.80844092162 1.40662876198 -109.4847820444 0.00057411419   -2 
  97 0.00000450186 0.00084921193 -15.585450907 0.18859996836 0.01050972837 0.09592370813 0.61329342642 0.71399755883 0.71447503185 0.58217733677 0.78144067758 0.71751717297 0.66862646200 0.73551711154 0.65783166718 0.71731544049 0.71382938325 0.80843487313 1.40662905937 -109.4847816760 0.00023771150   -2 
  98 0.00000450186 0.00084921276 -15.585699057 0.18859720184 0.01050975411 0.09592396992 0.61326878181 0.71400155097 0.71448077526 0.58218238512 0.78143394542 0.71753989931 0.66862945564 0.73551936514 0.65781203042 0.71736151578 0.71382572820 0.80840126440 1.40663419309 -109.4847807165 0.00017469570   -2 
  99 0.00000450186 0.00084921514 -15.585688096 0.18859730779 0.01050975318 0.09592396019 0.61327140784 0.71400133997 0.71448028879 0.58218188473 0.78143516082 0.71753778677 0.66862924307 0.73551920459 0.65781334685 0.71735847696 0.71382595036 0.80840340549 1.40663395107 -109.4847806814 0.00009061911    0 
-- Found new optimum with likelihood -109.484780681436263 and gradient 0.00009

---- Best joint likelihood found -109.484780681436263 with gradient 0.00009

---- Results for /scratch/40840733/tmpvgia6lul 
--  Model: C
--        eps_an     theta_bar             a 
-- 0.00000450186 0.00084921514            -1 
--           S_d             b           p_b           S_b 
-- -15.585688096 0.18859730779 0.01050975318 0.09592396019 
--           r 2           r 3           r 4           r 5           r 6           r 7           r 8           r 9          r 10          r 11          r 12          r 13          r 14 
-- 0.61327140784 0.71400133997 0.71448028879 0.58218188473 0.78143516082 0.71753778677 0.66862924307 0.73551920459 0.65781334685 0.71735847696 0.71382595036 0.80840340549 1.40663395107 

---- Expected P_neut(i), 0 < i < n (neutral SFS per site) 
E[P_neut(1)] = 0.0008492117
E[P_neut(2)] = 0.0002603987
E[P_neut(3)] = 0.0002021129
E[P_neut(4)] = 0.0001516864
E[P_neut(5)] = 0.0000988793
E[P_neut(6)] = 0.0001106009
E[P_neut(7)] = 0.0000870491
E[P_neut(8)] = 0.0000709763
E[P_neut(9)] = 0.0000694017
E[P_neut(10)] = 0.0000558627
E[P_neut(11)] = 0.0000553815
E[P_neut(12)] = 0.0000505167
E[P_neut(13)] = 0.0000528093
E[P_neut(14)] = 0.0000853274

---- Expected P_sel(i), 0 < i < n (selected SFS per site) 
E[P_sel(1)] = 0.0006560004
E[P_sel(2)] = 0.0001780514
E[P_sel(3)] = 0.0001286041
E[P_sel(4)] = 0.0000918785
E[P_sel(5)] = 0.0000577177
E[P_sel(6)] = 0.0000626852
E[P_sel(7)] = 0.0000481457
E[P_sel(8)] = 0.0000384453
E[P_sel(9)] = 0.0000369146
E[P_sel(10)] = 0.0000292378
E[P_sel(11)] = 0.0000285689
E[P_sel(12)] = 0.0000257187
E[P_sel(13)] = 0.0000265638
E[P_sel(14)] = 0.0000424469

---- alpha_dfe = 0.022620

