---- Running command
---- ./polyDFE -d /scratch/40840290/tmpmp_l5k86 -m C -i /scratch/40840290/tmpqhfewa_f 1 -v 1 
---- Performing inference using model C

---- Performing inference on /scratch/40840290/tmpmp_l5k86
----      with -i /scratch/40840290/tmpqhfewa_f 1
---- Data /scratch/40840290/tmpmp_l5k86 does not contain divergence counts. Using option -w.
---- No mutation variability. Using Poisson likelihood.


---- Using provided initial values

-- Starting local optimization
-- Optimizing all parameters
  it        eps_an     theta_bar           S_d             b           p_b           S_b           r 2           r 3           r 4           r 5           r 6           r 7           r 8           r 9           ln lk          grad status 
   0 0.00000449946   0.000731729 -15.495060000     0.1773756  0.0009289272   0.007920217      0.756295     0.8118638     0.8203224     0.7703739     0.7596918     0.7652355     0.8437457      1.011566 -68.86666760188 0.35905987234   -2 
   1 0.00000449945 0.00072127705 -15.463437632 0.17739790220 0.00092892766 0.00792021667 0.75979678629 0.81619542681 0.81907798745 0.75572631558 0.75969214434 0.75414170486 0.83739735918 1.00716270329 -68.28796122671 0.58133737693   -2 
   2 0.00000449944 0.00072798592 -15.203109459 0.17538221850 0.00092895377 0.00792021583 0.78146045840 0.84021746936 0.81751416548 0.69591786989 0.76185898934 0.70737627070 0.81093138551 0.98965846948 -66.31063671797 0.18399184838   -2 
   3 0.00000449943 0.00072912906 -14.950782498 0.17242368460 0.00092898965 0.00792021599 0.75414667391 0.82825925779 0.81534553388 0.67172490891 0.76152526750 0.67694299248 0.79196043350 0.97638333117 -65.69709480362 0.29108155387   -2 
   4 0.00000449943 0.00073524447 -14.857361928 0.17120326074 0.00092900433 0.00792021614 0.74722628637 0.82374479378 0.81426802506 0.66568120326 0.76104409586 0.66815398683 0.78622037706 0.97218712132 -65.56545862710 0.12033947010   -2 
   5 0.00000449942 0.00073625903 -14.651269625 0.16781253120 0.00092904343 0.00792021653 0.74892614706 0.79740833328 0.79826248181 0.66990156257 0.74981686188 0.65691345778 0.77422243299 0.95891236040 -65.27606986858 0.06661173641   -2 
   6 0.00000449942 0.00073745747 -14.646550893 0.16741953900 0.00092904721 0.00792021677 0.74753121652 0.80336271858 0.79823583928 0.67138332079 0.74810894523 0.65870573432 0.77437631187 0.95798871748 -65.24404034642 0.10869787130   -2 
   7 0.00000449942 0.00073536491 -14.644636601 0.16703293727 0.00092905077 0.00792021693 0.74586994588 0.80872579374 0.79773232133 0.67295674276 0.74591001365 0.66044749610 0.77424451493 0.95659664565 -65.21733972375 0.03711417397   -2 
   8 0.00000449942 0.00073383452 -14.636959423 0.16651731559 0.00092905573 0.00792021708 0.74610407751 0.81044853609 0.79697173949 0.67452577750 0.74364098841 0.66179522714 0.77375183822 0.95486119660 -65.20935460981 0.06538289936   -2 
   9 0.00000449942 0.00073414084 -14.620961853 0.16568413416 0.00092906394 0.00792021729 0.74727979686 0.81172385533 0.79607754708 0.67672464553 0.74064412924 0.66358889649 0.77302884595 0.95246031704 -65.19703556716 0.03931134587   -2 
  10 0.00000449942 0.00073269203 -14.609630753 0.16485921114 0.00092907183 0.00792021740 0.74857866888 0.80968057649 0.79529188084 0.67827525138 0.73810284986 0.66484210805 0.77206450584 0.95001454954 -65.18729076907 0.04548463769   -2 
  11 0.00000449942 0.00073327230 -14.602607305 0.16436699993 0.00092907655 0.00792021744 0.74921527590 0.80808911410 0.79507177717 0.67885948456 0.73705309399 0.66533440723 0.77153980506 0.94881890487 -65.18255256225 0.02819959820   -2 
  12 0.00000449942 0.00073273080 -14.601374970 0.16367929354 0.00092908266 0.00792021748 0.74862568178 0.80447397530 0.79491402513 0.67856358856 0.73631765166 0.66525721907 0.77057159177 0.94724443463 -65.17671536805 0.03203876353   -2 
  13 0.00000449942 0.00073345329 -14.601953564 0.16331982928 0.00092908578 0.00792021747 0.74807675342 0.80300800346 0.79488539409 0.67809299242 0.73622762520 0.66497569309 0.77007378872 0.94659009864 -65.17410406318 0.02604106164   -2 
  14 0.00000449942 0.00073333230 -14.616229592 0.16260240156 0.00092909124 0.00792021722 0.74570877440 0.80069785593 0.79445590249 0.67596092951 0.73649188969 0.66350919441 0.76873001234 0.94523742571 -65.16906856305 0.02741487764   -2 
  15 0.00000449942 0.00073403142 -14.622572828 0.16243880554 0.00092909229 0.00792021713 0.74543597597 0.80088857756 0.79421381835 0.67527836300 0.73662638939 0.66295291600 0.76838663644 0.94499497926 -65.16700674232 0.02865259487   -2 
  16 0.00000449942 0.00073389286 -14.669335800 0.16187917293 0.00092909444 0.00792021660 0.74445410067 0.80294487541 0.79240452132 0.67170275212 0.73710526778 0.65983681771 0.76662958531 0.94387682834 -65.15987137750 0.01215648186   -2 
  17 0.00000449942 0.00073397266 -14.665997243 0.16197111687 0.00092909385 0.00792021671 0.74489232878 0.80254522787 0.79269550597 0.67237239435 0.73695248277 0.66029402165 0.76690648941 0.94406793313 -65.15948393251 0.01089121463   -2 
  18 0.00000449942 0.00073368186 -14.672715220 0.16201168062 0.00092909312 0.00792021672 0.74529785743 0.80240368734 0.79272857568 0.67264557346 0.73679848684 0.66031825883 0.76695585230 0.94412517841 -65.15902775349 0.01397256618   -2 
  19 0.00000449942 0.00073385969 -14.691313815 0.16205885932 0.00092909166 0.00792021664 0.74628407083 0.80232070691 0.79280241218 0.67319691184 0.73648634684 0.66025321390 0.76703303765 0.94426914790 -65.15820765552 0.00877083921   -2 
  20 0.00000449942 0.00073358791 -14.747860526 0.16209801884 0.00092908819 0.00792021655 0.74678861994 0.80288325396 0.79285786380 0.67387795056 0.73604106477 0.65976140502 0.76705733235 0.94456094174 -65.15699005579 0.02363331068   -2 
  21 0.00000449942 0.00073417802 -14.829444084 0.16210092310 0.00092908370 0.00792021639 0.74732889111 0.80381027980 0.79302328679 0.67477838952 0.73553603342 0.65908752449 0.76712034769 0.94501749264 -65.15530284926 0.01388639518   -2 
  22 0.00000449942 0.00073436454 -14.979959722 0.16195289818 0.00092907679 0.00792021584 0.74622475033 0.80470543519 0.79339520134 0.67542139554 0.73539224852 0.65822496970 0.76725592685 0.94571358663 -65.15259859067 0.02450289133   -2 
  23 0.00000449942 0.00073510561 -15.054635320 0.16181693210 0.00092907397 0.00792021561 0.74576540236 0.80496957483 0.79359882159 0.67558380816 0.73546439453 0.65790607527 0.76734011067 0.94603201480 -65.15127505565 0.01798299486   -2 
  24 0.00000449942 0.00073606116 -15.490571843 0.16065888301 0.00092906119 0.00792021454 0.74394871266 0.80315832592 0.79394204070 0.67433405339 0.73683993272 0.65710198749 0.76758833707 0.94690439895 -65.14371361492 0.03245071417   -2 
  25 0.00000449942 0.00073731834 -15.739809479 0.15990657848 0.00092905501 0.00792021397 0.74355370955 0.80215529924 0.79399333929 0.67351241219 0.73757896160 0.65677816021 0.76766465628 0.94721137393 -65.14099457494 0.02906998691   -2 
  26 0.00000449942 0.00073768392 -16.424150510 0.15750844474 0.00092904220 0.00792021258 0.74527217972 0.79959560406 0.79264827307 0.67063438206 0.73862920617 0.65639695280 0.76713905861 0.94646048504 -65.13056692182 0.04537182724   -2 
  27 0.00000449942 0.00073889688 -16.728711307 0.15632694097 0.00092903810 0.00792021197 0.74626478556 0.79902073888 0.79198402639 0.66949816483 0.73882596404 0.65632092160 0.76678106068 0.94585239997 -65.12590588637 0.03549890190   -2 
  28 0.00000449942 0.00073951263 -18.539807169 0.14909642087 0.00092902258 0.00792020837 0.74967387740 0.79954862004 0.78695524502 0.66413622424 0.73666474854 0.65606302117 0.76310014136 0.93937691426 -65.10190931100 0.04691122816   -2 
  29 0.00000449942 0.00074202726 -20.206500034 0.14258193747 0.00092901675 0.00792020553 0.74574162554 0.80136112257 0.78450869243 0.66230074804 0.73215720771 0.65507309216 0.75883156444 0.93235443047 -65.06735270130 0.09367603433   -2 
  30 0.00000449943 0.00074169144 -21.626551356 0.13770031530 0.00092901162 0.00792020323 0.74210089053 0.80209270856 0.78257286622 0.66100153359 0.72825390627 0.65399882768 0.75525758368 0.92663186471 -65.04966174347 0.04307058881   -2 
  31 0.00000449942 0.00074065672 -21.405888538 0.13844663714 0.00092901198 0.00792020339 0.74313052428 0.79968318365 0.78302940836 0.66158065609 0.72816541838 0.65328265543 0.75532551143 0.92719761258 -65.04093236101 0.05837218624   -2 
  32 0.00000449942 0.00074164658 -21.171883619 0.13915405377 0.00092901327 0.00792020349 0.74450120454 0.79667573474 0.78374063314 0.66246932850 0.72782795743 0.65218461932 0.75523199687 0.92771783885 -65.03181259384 0.01972687208   -2 
  33 0.00000449942 0.00074147166 -21.020033938 0.13946830688 0.00092901523 0.00792020340 0.74299178891 0.79445406644 0.78414812088 0.66365792246 0.72615116982 0.64984322037 0.75410089215 0.92717383055 -65.02666399874 0.03699500767   -2 
  34 0.00000449942 0.00074219075 -20.991037316 0.13948207170 0.00092901605 0.00792020340 0.74273270091 0.79430718714 0.78418884547 0.66387360662 0.72578875722 0.64934844283 0.75383430692 0.92701317962 -65.02461366959 0.01527678405   -2 
  35 0.00000449942 0.00074216279 -20.903381527 0.13936545015 0.00092901968 0.00792020279 0.74110890821 0.79565214437 0.78308384385 0.66391045510 0.72380449628 0.64696287278 0.75211045173 0.92547361603 -65.02075502027 0.01027603665   -2 
  36 0.00000449942 0.00074220509 -20.917818718 0.13936460000 0.00092901924 0.00792020285 0.74156130316 0.79536452504 0.78321355823 0.66381425041 0.72414052008 0.64736238201 0.75236276771 0.92567013213 -65.02052286136 0.00820847238   -2 
  37 0.00000449942 0.00074189847 -20.919467384 0.13931420191 0.00092901956 0.00792020273 0.74190157939 0.79523358199 0.78302881824 0.66354773952 0.72413726647 0.64736018653 0.75225103180 0.92548204875 -65.02013770938 0.01384907406   -2 
  38 0.00000449942 0.00074197480 -20.920222122 0.13917542610 0.00092902063 0.00792020236 0.74262408798 0.79506791490 0.78267190642 0.66299876832 0.72412445879 0.64733399309 0.75199539081 0.92506638775 -65.01946903920 0.00665259924   -2 
  39 0.00000449942 0.00074169158 -20.920888003 0.13864591864 0.00092902454 0.00792020058 0.74189616179 0.79509432006 0.78181462413 0.66152130453 0.72377493891 0.64691016348 0.75091545211 0.92349921024 -65.01809613064 0.01031799961   -2 
  40 0.00000449942 0.00074185667 -20.921220758 0.13857042681 0.00092902507 0.00792020032 0.74179065522 0.79507496970 0.78174041730 0.66138164813 0.72371244836 0.64684057215 0.75077592596 0.92330572432 -65.01794467465 0.00486545547   -2 
  41 0.00000449942 0.00074187925 -20.932919965 0.13836288940 0.00092902572 0.00792019955 0.74108181633 0.79440389035 0.78176812889 0.66152989754 0.72320610582 0.64638633081 0.75031354608 0.92278817220 -65.01752755845 0.00406856625   -2 
  42 0.00000449942 0.00074198262 -20.935915585 0.13834892823 0.00092902559 0.00792019933 0.74116325537 0.79436127953 0.78175745051 0.66158713104 0.72313686946 0.64632427928 0.75028038787 0.92276623657 -65.01747142581 0.00542275900   -2 
  43 0.00000449942 0.00074190329 -20.953100159 0.13831307299 0.00092902452 0.00792019838 0.74156533525 0.79416198405 0.78164976635 0.66185098439 0.72279538937 0.64602000174 0.75013318369 0.92268161209 -65.01726547719 0.00262575116   -2 
  44 0.00000449942 0.00074189329 -20.994378553 0.13825671507 0.00092902186 0.00792019634 0.74166783725 0.79427275651 0.78153132737 0.66223913625 0.72234976965 0.64555785470 0.74997277285 0.92266101389 -65.01710204154 0.00603574026   -2 
  45 0.00000449942 0.00074204274 -21.009735132 0.13823083905 0.00092902091 0.00792019560 0.74165319265 0.79434210671 0.78151602317 0.66234631509 0.72223654056 0.64542449257 0.74993381012 0.92266753286 -65.01702575337 0.00486163236   -2 
  46 0.00000449941 0.00074217389 -21.093791477 0.13810412225 0.00092901564 0.00792019170 0.74102902972 0.79464003013 0.78151690770 0.66252617019 0.72197873068 0.64498476409 0.74982491364 0.92272182320 -65.01668021480 0.00553284312   -2 
  47 0.00000449941 0.00074248612 -21.141463501 0.13800844952 0.00092901285 0.00792018950 0.74101680595 0.79454765325 0.78154119572 0.66234350642 0.72207602107 0.64496482568 0.74982313035 0.92272845730 -65.01641095098 0.01388423945   -2 
  48 0.00000449940 0.00074296350 -21.591920466 0.13716719963 0.00092898642 0.00792016901 0.74098325640 0.79316293589 0.78156153428 0.66026319590 0.72311221170 0.64498797377 0.74977960313 0.92261880301 -65.01409990573 0.00705710187   -2 
  49 0.00000449941 0.00074273316 -21.502958512 0.13729423675 0.00092899184 0.00792017298 0.74106364736 0.79374377264 0.78139216574 0.66087725181 0.72271603657 0.64502510141 0.74972025420 0.92249478778 -65.01381637930 0.00408353008   -2 
  50 0.00000449940 0.00074286873 -21.519997243 0.13722092315 0.00092899114 0.00792017205 0.74117013108 0.79380467418 0.78132847885 0.66091743109 0.72265849114 0.64509677738 0.74968110739 0.92238143287 -65.01368269380 0.00991543037   -2 
  51 0.00000449940 0.00074244552 -21.651125790 0.13666417593 0.00092898565 0.00792016485 0.74179815376 0.79427303117 0.78066595146 0.66132811431 0.72202339901 0.64566124956 0.74928600110 0.92133620086 -65.01268695093 0.00534338272   -2 
  52 0.00000449940 0.00074259463 -21.763870829 0.13617500770 0.00092898096 0.00792015864 0.74118685302 0.79425216966 0.78063815213 0.66160665517 0.72156467603 0.64589052452 0.74895822988 0.92062980966 -65.01214030079 0.01060357949   -2 
  53 0.00000449940 0.00074242443 -21.806228699 0.13600851385 0.00092897906 0.00792015632 0.74093036405 0.79415640527 0.78063074277 0.66165495893 0.72140211439 0.64592114144 0.74882880621 0.92038675584 -65.01194186598 0.00555562484   -2 
  54 0.00000449939 0.00074283444 -22.060007867 0.13517046089 0.00092896607 0.00792014290 0.74038003880 0.79239932534 0.78083972745 0.66086689851 0.72084197517 0.64503082489 0.74805102765 0.91958128040 -65.01083060815 0.00862290166   -2 
  55 0.00000449939 0.00074273748 -22.154834911 0.13489615138 0.00092896095 0.00792013805 0.74027925579 0.79194380294 0.78074449464 0.66049547300 0.72063939544 0.64462264856 0.74775047216 0.91930399178 -65.01056968050 0.01150736570   -2 
  56 0.00000449938 0.00074340356 -22.582536503 0.13371488829 0.00092893777 0.00792011660 0.74029582518 0.79075262382 0.77993594632 0.65875066259 0.71979922557 0.64267668696 0.74642767226 0.91816409538 -65.00933683446 0.01095471678   -2 
  57 0.00000449937 0.00074347773 -22.884464553 0.13295678658 0.00092892117 0.00792010179 0.74015459510 0.79052089717 0.77909416199 0.65766058882 0.71920362530 0.64139105388 0.74553151071 0.91735982649 -65.00869655746 0.01445552922   -2 
  58 0.00000449936 0.00074401573 -23.146829498 0.13231838873 0.00092890682 0.00792008909 0.73999197776 0.79067658398 0.77831176864 0.65688359655 0.71871005246 0.64039287607 0.74480752235 0.91667966839 -65.00806789137 0.01087953937   -2 
  59 0.00000449936 0.00074405039 -23.393386329 0.13178095527 0.00092889303 0.00792007744 0.73958645375 0.79109242393 0.77751758180 0.65645559617 0.71824309852 0.63968770331 0.74420202506 0.91602004460 -65.00747858890 0.01107879343   -2 
  60 0.00000449935 0.00074444572 -23.560566928 0.13143117793 0.00092888367 0.00792006971 0.73932452581 0.79143215674 0.77706373348 0.65638648129 0.71795392310 0.63939219717 0.74386429276 0.91558560225 -65.00709069086 0.01008039372   -2 
  61 0.00000449934 0.00074455116 -23.913995350 0.13077299083 0.00092886344 0.00792005371 0.73875427968 0.79182756232 0.77631819902 0.65666071768 0.71736870835 0.63917421025 0.74329346360 0.91466278829 -65.00638272485 0.01374228112   -2 
  62 0.00000449934 0.00074490205 -23.961476808 0.13068893209 0.00092886068 0.00792005161 0.73887759449  0.7916837659 0.77639181169 0.65681375805 0.71733307672 0.63929463734 0.74328720786 0.91457293349 -65.00589051608 0.01399352334   -2 
  63 0.00000449934 0.00074485167 -24.176514401 0.13040041394 0.00092884743 0.00792004229 0.73963008096 0.79023813632 0.77706539093 0.65767646717 0.71722284630 0.64019643080 0.74340176090 0.91420274913 -65.00402591279 0.00505333391   -2 
  64 0.00000449934 0.00074467518 -24.222199658 0.13037413490 0.00092884409 0.00792004020 0.73938191211 0.79056313853 0.77732300464 0.65775979386 0.71736840582 0.64059975826 0.74360733075 0.91432538834 -65.00371337445 0.01197143208   -2 
  65 0.00000449934 0.00074485865 -24.267637295 0.13034202456 0.00092884076 0.00792003804 0.73919575960 0.79098251343 0.77760413740 0.65784121989 0.71754988859 0.64103245791 0.74384708161 0.91449209763 -65.00338524808 0.00318203730   -2 
  66 0.00000449934 0.00074491589 -24.289269954 0.13033269762 0.00092883904 0.00792003696 0.73923391260 0.79116977814 0.77768990729 0.65785110892 0.71765144040 0.64122616317 0.74397543016 0.91460331844 -65.00334467428 0.00516635934   -2 
  67 0.00000449934 0.00074480073 -24.322702944 0.13032824200 0.00092883625 0.00792003530 0.73939532224 0.79139712677 0.77775782214 0.65783563040 0.71780974812 0.64149420356 0.74417462716 0.91479452478 -65.00325518751 0.00369813774   -2 
  68 0.00000449934 0.00074486102 -24.340652453 0.13032571604 0.00092883463 0.00792003431 0.73961351235 0.79145191089 0.77775458021 0.65782052340 0.71790516874 0.64160245242 0.74428850530 0.91492910597 -65.00320292333 0.00323761647   -2 
  69 0.00000449933 0.00074480402 -24.350778789 0.13032783472 0.00092883362 0.00792003370 0.73974750619 0.79142316944 0.77772470591 0.65780766872 0.71795391705 0.64163000263 0.74434624210 0.91501209001 -65.00317631759 0.00176557052   -2 
  70 0.00000449933 0.00074485554 -24.357073768 0.13032777092 0.00092883284 0.00792003315 0.73983200558 0.79133678657 0.77768478250 0.65780796994 0.71798426817 0.64159123275 0.74437799140 0.91508631056 -65.00316026087 0.00203683582   -2 
  71 0.00000449933 0.00074483652 -24.362384400 0.13032915162 0.00092883209 0.00792003261 0.73985860130 0.79123997136 0.77764086877 0.65780904065 0.71800197828 0.64152913733 0.74439582646 0.91514972519 -65.00314778582 0.00158892730   -2 
  72 0.00000449933 0.00074491436 -24.369989487 0.13032661266 0.00092883086 0.00792003171 0.73981401906 0.79110958180 0.77758146591 0.65781982607 0.71801699819 0.64138818517 0.74440830822 0.91524766046 -65.00313100382 0.00174040180   -2 
  73 0.00000449933 0.00074490599 -24.373886849 0.13032505253 0.00092883016 0.00792003123 0.73975276511 0.79106294981 0.77755270223 0.65782171179 0.71801280746 0.64130406254 0.74440357586 0.91528509349 -65.00312265707 0.00144198447   -2 
  74 0.00000449933 0.00074496204 -24.378407181 0.13031812939 0.00092882923 0.00792003065 0.73965520279 0.79106138430 0.77753156009 0.65782037355 0.71799113582 0.64119038469 0.74438171846 0.91530854098 -65.00311265067 0.00116945751   -2 
  75 0.00000449933 0.00074494665 -24.380728262 0.13031313174 0.00092882869 0.00792003031 0.73960863881 0.79108380203 0.77752344769 0.65781076153 0.71796488415 0.64113149923 0.74435640667 0.91529628109 -65.00310790347 0.00124513142   -2 
  76 0.00000449933 0.00074497874 -24.384568874 0.13029892249 0.00092882769 0.00792002964 0.73956750756 0.79115293068 0.77751965285 0.65778584701 0.71790439187 0.64103530782 0.74429707194 0.91524482301 -65.00309996493 0.00111824387   -2 
  77 0.00000449933 0.00074494789 -24.387356019 0.13028698027 0.00092882689 0.00792002905 0.73957664774 0.79118624493 0.77751558584 0.65775891597 0.71785228057 0.64098140965 0.74424414461 0.91518238123 -65.00309410431 0.00144290541   -2 
  78 0.00000449933 0.00074496399 -24.391132638 0.13026620565 0.00092882572 0.00792002812 0.73962465651 0.79121910776 0.77751449912 0.65772059328 0.71778093007 0.64092263419 0.74416819068 0.91508315912 -65.00308638960 0.00088717664   -2 
  79 0.00000449933 0.00074493186 -24.393345466 0.13025281545 0.00092882501 0.00792002767 0.73965266716 0.79117865934 0.77750904365 0.65770130212 0.71775448468 0.64092495437 0.74413184465 0.91502132813 -65.00308134329 0.00147435675   -2 
  80 0.00000449933 0.00074494632 -24.397033245 0.13022686783 0.00092882374 0.00792002680 0.73969933931 0.79109951170 0.77750268416 0.65767390636 0.71772035742 0.64094619176 0.74407671611 0.91491832652 -65.00307375815 0.00080057784   -2 
  81 0.00000449933 0.00074493965 -24.402354014 0.13019343595 0.00092882181 0.00792002541 0.73959287328 0.79101002205 0.77747434764 0.65766055642 0.71772658310 0.64102650107 0.74404729311 0.91482862805 -65.00306278038 0.00088346034   -2 
  82 0.00000449933 0.00074495533 -24.402999638 0.13018961697 0.00092882157 0.00792002522 0.73958491267 0.79100865172 0.77746993477 0.65765995145 0.71772903615 0.64103518961 0.74404673693 0.91482355353 -65.00306161352 0.00046461063   -2 
  83 0.00000449933 0.00074494379 -24.409325025 0.13017219964 0.00092881945 0.00792002353 0.73955988080 0.79109199637 0.77739706040 0.65765225321 0.71775362850 0.64107390895 0.74407058080 0.91484732929 -65.00305605646 0.00050127824   -2 
  84 0.00000449933 0.00074495792 -24.416134928 0.13015983087 0.00092881712 0.00792002211 0.73961471833 0.79111392234 0.77738058225 0.65764973294 0.71776736284 0.64108439357 0.74409556033 0.91488384992 -65.00305191510 0.00143889868   -2 
  85 0.00000449933 0.00074492410 -24.426718108 0.13014330490 0.00092881354 0.00792001990 0.73968715237 0.79113090152 0.77736343406 0.65764538346 0.71778391365 0.64109461525 0.74413053387 0.91493735985 -65.00304950133 0.00076543239   -2 
  86 0.00000449932 0.00074497005 -24.440056768 0.13012821126 0.00092880884 0.00792001667 0.73959301142 0.79106008901 0.77749283191 0.65767124467 0.71778178463 0.64107046774 0.74414698822 0.91496878329 -65.00303491990 0.00105425148   -2 
  87 0.00000449932 0.00074495640 -24.442124601 0.13012666112 0.00092880811 0.00792001620 0.73958110876 0.79104943171 0.77750580640 0.65767342158 0.71777875973 0.64106479431 0.74414609986 0.91496916776 -65.00303329512 0.00053731756   -2 
  88 0.00000449932 0.00074497995 -24.461318320 0.13011173817 0.00092880104 0.00792001207 0.73968058277 0.79104818038 0.77745539663 0.65766695931 0.71770237779 0.64097688784 0.74406241459 0.91487157365 -65.00302038339 0.00089060818   -2 
  89 0.00000449932 0.00074500777 -24.465855319 0.13010650671 0.00092879933 0.00792001107 0.73968857343 0.79105327139 0.77744309409 0.65766498556 0.71768805180 0.64095953745 0.74404400170 0.91484906455 -65.00301852548 0.00095435411   -2 
  90 0.00000449931 0.00074503832 -24.492641926 0.13007053750 0.00092878912 0.00792000519 0.73957322146 0.79108292641 0.77735736701 0.65763829918 0.71762584646 0.64088126472 0.74394417094 0.91472301322 -65.00300251487 0.00154263628   -2 
  91 0.00000449931 0.00074509204 -24.505254635 0.13005047612 0.00092878426 0.00792000232 0.73952522032 0.79109057618 0.77732317216 0.65762469246 0.71760183401 0.64084998674 0.74390164759 0.91466844193 -65.00299765830 0.00091177312   -2 
  92 0.00000449928 0.00074523358 -24.623566850 0.12980764506 0.00092873786 0.00791997394 0.73929570471 0.79070963464 0.77712991182 0.65739718737 0.71748071697 0.64070181265 0.74362193981 0.91429116238 -65.00294388192 0.00186375519   -2 
  93 0.00000449928 0.00074523358 -24.623566850 0.12980764506 0.00092873786 0.00791997394 0.73929570471 0.79070963464 0.77712991182 0.65739718737 0.71748071697 0.64070181265 0.74362193981 0.91429116238 -65.00294388192           NAN   -8 
  94 0.00000449928 0.00074526204 -24.623447391 0.12980352038 0.00092873783 0.00791997388 0.73933992940 0.79073429609 0.77713642304 0.65739807297 0.71747774830 0.64070466008 0.74362947982 0.91430107454 -65.00293532687 0.00195884065   -2 
  95 0.00000449928 0.00074516187 -24.623445236 0.12978535606 0.00092873750 0.00791997353 0.73955325372 0.79085477702 0.77715966350 0.65739457393 0.71745109877 0.64071618633 0.74366871268 0.91435518346 -65.00290923306 0.00078040091   -2 
  96 0.00000449928 0.00074517718 -24.623463092 0.12978713215 0.00092873752 0.00791997355 0.73951304193 0.79083876132 0.77715992481 0.65739715436 0.71745638799 0.64071625638 0.74366584736 0.91435108050 -65.00290821419 0.00062897551   -2 
  97 0.00000449928 0.00074513571 -24.623693155 0.12977728922 0.00092873718 0.00791997312 0.73948499682 0.79086996641 0.77719029998 0.65741143864 0.71746104588 0.64073163784 0.74369544182 0.91438941221 -65.00290400933 0.00153271862   -2 
  98 0.00000449928 0.00074514686 -24.623831011 0.12976605817 0.00092873684 0.00791997270 0.73946916547 0.79090243855 0.77722252815 0.65742773346 0.71746803482 0.64074847668 0.74372654279 0.91442952176 -65.00289733860 0.00050547002   -2 
  99 0.00000449928 0.00074511217 -24.624412875 0.12975204380 0.00092873621 0.00791997205 0.73947560388 0.79091923433 0.77725066674 0.65744631616 0.71747646833 0.64077001258 0.74376668577 0.91448055426 -65.00289530100 0.00049181356   -2 
 100 0.00000449928 0.00074511209 -24.624761407 0.12974623202 0.00092873587 0.00791997172 0.73949142562 0.79091994170 0.77725720741 0.65745318859 0.71748061223 0.64077860575 0.74378202287 0.91449985954 -65.00289459619 0.00044612475   -2 
 101 0.00000449928 0.00074509580 -24.625340886 0.12974149697 0.00092873542 0.00791997129 0.73951324485 0.79091179855 0.77725559587 0.65745746990 0.71748416525 0.64078560784 0.74379407061 0.91451437401 -65.00289386183 0.00027934947   -2 
 102 0.00000449928 0.00074509550 -24.625865405 0.12973861843 0.00092873505 0.00791997099 0.73952942479 0.79090486605 0.77725103356 0.65745925991 0.71748691869 0.64078950119 0.74380005311 0.91452072307 -65.00289360903 0.00020644697   -2 
 103 0.00000449928 0.00074509012 -24.628007966 0.12973462244 0.00092873375 0.00791997003 0.73954671414 0.79088538168 0.77722452628 0.65745620901 0.71749262079 0.64079296333 0.74380165769 0.91452094674 -65.00289300960 0.00047148694   -2 
 104 0.00000449928 0.00074510234 -24.628600384 0.12973366363 0.00092873339 0.00791996978 0.73954519299 0.79088488476 0.77722023352 0.65745515185 0.71749377151 0.64079304987 0.74380051704 0.91451856806 -65.00289251905 0.00041713908   -2 
 105 0.00000449928 0.00074512690 -24.634547209 0.12972971751 0.00092872987 0.00791996713 0.73947100847 0.79089328740 0.77719173500 0.65743751372 0.71749388556 0.64078347609 0.74377546514 0.91447584821 -65.00288934148 0.00036512763   -2 
 106 0.00000449928 0.00074512253 -24.637509736 0.12972786000 0.00092872812 0.00791996576 0.73946363190 0.79088829107 0.77718569354 0.65742743131 0.71748705366 0.64077485417 0.74376026747 0.91445259944 -65.00288845043 0.00081236705   -2 
 107 0.00000449928 0.00074512253 -24.637509736 0.12972786000 0.00092872812 0.00791996576 0.73946363190 0.79088829107 0.77718569354 0.65742743131 0.71748705366 0.64077485417 0.74376026747 0.91445259944 -65.00288845043           NAN   -8 
 108 0.00000449928 0.00074513524 -24.637544137 0.12972731079 0.00092872808 0.00791996571 0.73947076218 0.79088817052 0.77718801158 0.65742783851 0.71748642506 0.64077452887 0.74376020606 0.91445310171 -65.00288760075 0.00034817452   -2 
 109 0.00000449928 0.00074512549 -24.638216030 0.12972553174 0.00092872763 0.00791996548 0.73951454470 0.79087524415 0.77720053039 0.65742673238 0.71747580976 0.64076823950 0.74375564673 0.91445225528 -65.00288632987 0.00016852371   -2 
 110 0.00000449928 0.00074513157 -24.638999483 0.12972295436 0.00092872709 0.00791996513 0.73951722733 0.79087863142 0.77721218799 0.65742859969 0.71746986593 0.64076438777 0.74375369313 0.91445568083 -65.00288600385 0.00047885493   -2 
 111 0.00000449928 0.00074511740 -24.642716706 0.12971234349 0.00092872461 0.00791996356 0.73951641758 0.79089105392 0.77725830425 0.65743545610 0.71744304360 0.64074661701 0.74374405763 0.91446784591 -65.00288446329 0.00024786873   -2 
 112 0.00000449928 0.00074511740 -24.642716706 0.12971234349 0.00092872461 0.00791996356 0.73951641758 0.79089105392 0.77725830425 0.65743545610 0.71744304360 0.64074661701 0.74374405763 0.91446784591 -65.00288446329 0.00024786873   -5 
 113 0.00000449928 0.00074513093 -24.643273205 0.12971139864 0.00092872423 0.00791996311 0.73951211775 0.79088714802 0.77723265270 0.65743405919 0.71745179004 0.64075040010 0.74374605153 0.91446399848 -65.00288386302 0.00059282616   -2 
 114 0.00000449928 0.00074513093 -24.643273205 0.12971139864 0.00092872423 0.00791996311 0.73951211775 0.79088714802 0.77723265270 0.65743405919 0.71745179004 0.64075040010 0.74374605153 0.91446399848 -65.00288386302           NAN   -8 
 115 0.00000449928 0.00074512183 -24.643362406 0.12971155602 0.00092872418 0.00791996308 0.73951043449 0.79088576937 0.77723052623 0.65743342648 0.71745191658 0.64075034767 0.74374580308 0.91446348501 -65.00288346211 0.00016387612   -2 
 116 0.00000449928 0.00074512183 -24.643362406 0.12971155602 0.00092872418 0.00791996308 0.73951043449 0.79088576937 0.77723052623 0.65743342648 0.71745191658 0.64075034767 0.74374580308 0.91446348501 -65.00288346211           NAN   -8 
 117 0.00000449928 0.00074512183 -24.643362406 0.12971155602 0.00092872418 0.00791996308 0.73951043449 0.79088576937 0.77723052623 0.65743342648 0.71745191658 0.64075034767 0.74374580308 0.91446348501 -65.00288346211 0.00016387612   -8 
 118 0.00000449928 0.00074512183 -24.643362406 0.12971155602 0.00092872418 0.00791996308 0.73951043449 0.79088576937 0.77723052623 0.65743342648 0.71745191658 0.64075034767 0.74374580308 0.91446348501 -65.00288346211 0.00016387612   -8 
-- Local optimization: reached maximum number of likelihood evaluations allowed.
-- Found new optimum with likelihood -65.002883462115932 and gradient 0.00016

---- Best joint likelihood found -65.002883462115932 with gradient 0.00016

---- Results for /scratch/40840290/tmpmp_l5k86 
--  Model: C
--        eps_an     theta_bar             a 
-- 0.00000449928 0.00074512183            -1 
--           S_d             b           p_b           S_b 
-- -24.643362406 0.12971155602 0.00092872418 0.00791996308 
--           r 2           r 3           r 4           r 5           r 6           r 7           r 8           r 9 
-- 0.73951043449 0.79088576937 0.77723052623 0.65743342648 0.71745191658 0.64075034767 0.74374580308 0.91446348501 

---- Expected P_neut(i), 0 < i < n (neutral SFS per site) 
E[P_neut(1)] = 0.0007451188
E[P_neut(2)] = 0.0002755118
E[P_neut(3)] = 0.0001964348
E[P_neut(4)] = 0.0001447826
E[P_neut(5)] = 0.0000979736
E[P_neut(6)] = 0.0000890984
E[P_neut(7)] = 0.0000682059
E[P_neut(8)] = 0.0000692736
E[P_neut(9)] = 0.0000757126

---- Expected P_sel(i), 0 < i < n (selected SFS per site) 
E[P_sel(1)] = 0.0005525100
E[P_sel(2)] = 0.0001842086
E[P_sel(3)] = 0.0001243849
E[P_sel(4)] = 0.0000884539
E[P_sel(5)] = 0.0000582896
E[P_sel(6)] = 0.0000519067
E[P_sel(7)] = 0.0000390491
E[P_sel(8)] = 0.0000390744
E[P_sel(9)] = 0.0000421550

---- alpha_dfe = 0.001712

