---- Running command
---- ./polyDFE -d /scratch/38995620/tmp6veaqusw -m C -i /scratch/38995620/tmpjvva1po9 1 -v 1 
---- Performing inference using model C

---- Performing inference on /scratch/38995620/tmp6veaqusw
----      with -i /scratch/38995620/tmpjvva1po9 1
---- Data /scratch/38995620/tmp6veaqusw does not contain divergence counts. Using option -w.
---- No mutation variability. Using Poisson likelihood.


---- Using provided initial values

-- Starting local optimization
-- Optimizing all parameters
  it     theta_bar           S_d             b           r 2           r 3           r 4           r 5           r 6           r 7           r 8           r 9          r 10          r 11          r 12          r 13          r 14          r 15          r 16          r 17          r 18          r 19           ln lk          grad status 
   0  0.0008889703 -275.47030000     0.3631272      1.108895      1.085894       1.17146       1.22055     0.9183284      1.078414     0.8619392      1.201028      1.044525     0.9376269     0.9625282      1.367893       1.02253       1.02738     0.9952897      1.232454      1.175055      1.245369 -161.3621551522 1.25636052672   -2 
   1 0.00089541338 -272.94680315 0.35131301020 1.09847671301 1.10666422648 1.17410395229 1.22020910756 0.91969900174 1.08401486325 0.85700569743 1.20473241101 1.04482780486 0.93540118484 0.95997206566 1.36641889187 1.02312627805 1.02917651522 0.99383131261 1.23176904563 1.17505513045 1.24502394973 -158.5102965295 1.29087246888   -2 
   2 0.00086075628 -270.93545610 0.33916131857 1.06838003298 1.15095954953 1.17635377129 1.21605627408 0.92137214350 1.09584816482 0.84396799203 1.21211800173   1.044392833 0.92907078458 0.95286936074 1.36140375713 1.02382053719 1.03289890011 0.98959314122 1.22921026226 1.17430559859 1.24339057721 -154.8833688790 0.54053957593   -2 
   3 0.00087302735 -273.48450494 0.34430753065 1.04722417575 1.23036972601 1.18548139650 1.21233807741 0.92696905375 1.12330252290 0.81754145969 1.23029566964 1.04500408482 0.91626368188 0.93824475757 1.35228936515 1.02648324847 1.04241135292 0.98091291455 1.22468832594 1.17370429646 1.24083468785 -152.4676459963 0.48557714464   -2 
   4 0.00086918835 -274.50545017 0.34685130087 1.04437173776 1.24627632613 1.18737170008 1.21124805441 0.92836515476 1.13061384779 0.81023865290 1.23521304164 1.04510393775 0.91258778152 0.93403928307 1.34963428995 1.02720285850 1.04513126779 0.97835814428 1.22332600787 1.17348107086 1.24004077021 -152.2056480449 0.26633270351   -2 
   5 0.00086833938 -276.93155392 0.34747153047 1.08298337953 1.25886202191 1.19934618072 1.21244103764 0.93829820550 1.17225123017 0.77044322602 1.26571522428 1.04764297050 0.89173152777 0.90964211422 1.33603008094 1.03303463198 1.06373542282 0.96312747354 1.21613272329 1.17329155105 1.23623568063 -151.1028582028 0.28081404844   -2 
   6 0.00086345264 -277.66855974 0.34749215190 1.09134176660 1.25890805396 1.20241210322 1.21321229967 0.94112485143 1.18362040241 0.75971320564 1.27434615028 1.04849924776 0.88590574378 0.90277233633 1.33233949930 1.03483012142 1.06931960319 0.95874178890 1.21412804069 1.17332041127 1.23520177012 -150.9900858454 0.20623229220   -2 
   7 0.00086159536 -277.74616076 0.34358806761 1.09127449687 1.24923563538 1.20608146999 1.21713081689 0.94492066403 1.19431453226 0.74922853152 1.28413684507 1.05050255802 0.87983890435 0.89525982464 1.32942072688 1.03773575082 1.07696576136 0.95368821022 1.21237723198 1.17401653693 1.23455980758 -150.8023088167 0.21074713660   -2 
   8 0.00085836916 -278.14685694 0.34328594553 1.08819975670 1.24361194084 1.20690839254 1.21892943572 0.94626332651 1.19730884603 0.74567984864 1.28752023458 1.05141191566 0.87761539188 0.89241326318 1.32853775660 1.03900065193 1.08016507084 0.95167042489 1.21176876653 1.17439185573 1.23438386460 -150.7383524032 0.15988536873   -2 
   9 0.00086342391 -279.40928685 0.34331460377 1.07619611987 1.22875980949 1.20824977324 1.22482075181 0.94951330000 1.20139243725 0.73903892663 1.29474851933 1.05433822471 0.87293760897 0.88602769361 1.32761375285 1.04270169601 1.08879159960 0.94682719392 1.21079253065 1.17585475849 1.23442979677 -150.6106758570 0.09303952359   -2 
  10 0.00086319193 -279.79228431 0.34392798458 1.07444678484 1.22725601005 1.20754564070 1.22518650249 0.94959616769 1.20069068226 0.73855743204 1.29504901312 1.05470678433 0.87237679886 0.88518409191 1.32759705291 1.04323870405 1.09005900893 0.94607042876 1.21065333345 1.17608074046 1.23443535698 -150.5975562405 0.07994172205   -2 
  11 0.00086664491 -280.59473588 0.34474447437 1.07169591439 1.22574257684 1.20486740714 1.22544892656 0.94927396871 1.19710552685 0.73832072371 1.29462854907 1.05556441030 0.87133375716 0.88341410210 1.32786928350 1.04455960373 1.09311114204 0.94425319570 1.21040274998 1.17669650332 1.23451117149 -150.5748338710 0.06614256232   -2 
  12 0.00086655684 -281.94378866 0.34476629561 1.06840852038 1.22482518926 1.19792920775 1.22381340854 0.94734147035 1.18732350246 0.73898077725 1.29151267197 1.05668084879 0.86957166999 0.88022513880 1.32837041800 1.04680819210 1.09860430055 0.94059110610 1.20975059147 1.17770417860 1.23446927304 -150.5426668795 0.14107502322   -2 
  13 0.00086900941 -283.17296585 0.34370473765 1.06606143828 1.22443581078 1.19089385119 1.22187687897 0.94515382545 1.17678767547 0.73988653634 1.28789841375 1.05780176105 0.86774546682 0.87686640847 1.32892645433 1.04919098393 1.10447759216 0.93664027820 1.20903698203 1.17877432864 1.23440687002 -150.5092709030 0.05506668530   -2 
  14 0.00086735857 -283.79094021 0.34275012348 1.06699805984 1.22413400446 1.18923239209 1.21999095323 0.94367265697 1.17254290539 0.74045611016 1.28543026393 1.05767528904 0.86695031624 0.87544923372 1.32878148312 1.04981371357 1.10647472174 0.93476369788 1.20845978612 1.17895370500 1.23410524192 -150.4967866165 0.05732037118   -2 
  15 0.00086777881 -284.08614699 0.34222876697 1.06803124596 1.22414853828 1.18918587487 1.21906705921 0.94297896289 1.17105491766 0.74075767649 1.28422399750 1.05746186969 0.86663965738 0.87489248989 1.32863254448 1.04996140005 1.10714641271 0.93394381948 1.20815672624 1.17895717578 1.23391222014 -150.4919770576 0.04368543637   -2 
  16 0.00086741612 -285.63608630 0.34195849206 1.07201987403 1.22399330074 1.19125138976 1.21556580838 0.94049024176 1.16780298173 0.74178350851 1.27980432484 1.05600253259 0.86572082045 0.87331840583 1.32764111589 1.04980180670 1.10830234103 0.93130057570 1.20688843959 1.17855804198 1.23295271007 -150.4791658083 0.03894152662   -2 
  17 0.00086831558 -286.12835505 0.34185906937 1.07253063003 1.22409677886 1.19222371827 1.21486860396 0.93992537261 1.16750673178 0.74206725295 1.27869344261 1.05548802896 0.86552383827 0.87298246466 1.32730023162 1.04962569426 1.10837582633 0.93061693337 1.20650632476 1.17837069788 1.23263575119 -150.4762091740 0.04296571040   -2 
  18 0.00086898238 -287.91789190 0.34202268642 1.07209900059 1.22419590409 1.19538726783 1.21314012926 0.93837509622 1.16762484448 0.74284730490 1.27547858632 1.05364753398 0.86498085460 0.87210641755 1.32604450741 1.04877595734 1.10805498115 0.92859722021 1.20522538390 1.17759458386 1.23151579538 -150.4681099654 0.03944400093   -2 
  19 0.00087002108 -289.81712831 0.34112741376 1.07005334329 1.22420024708 1.19820555220 1.21214059746 0.93711861980 1.16885940032 0.74356409450 1.27252656655 1.05150552219 0.86448517835 0.87135278608 1.32453591441 1.04755829561 1.10714363313 0.92651834237 1.20375299185 1.17655593440 1.23016440430 -150.4596504191 0.06193000529   -2 
  20 0.00086945483 -291.83799280 0.34032930690 1.06766312368 1.22388401652 1.20035512536 1.21129630713 0.93595398389 1.17023889274 0.74418040136 1.26973726415 1.04931397587 0.86398269787 0.87062846729 1.32294364848 1.04622787917 1.10603521609 0.92446278153 1.20222772308 1.17542826447 1.22874363238 -150.4534254718 0.03268283131   -2 
  21 0.00086986717 -291.25674987 0.34039536066 1.06911424378 1.22354207941 1.19761882945 1.21221474327 0.93676075707 1.17001175183 0.74369688203 1.27138821383 1.05012044937 0.86418232042 0.87099944915 1.32341066883 1.04648607792 1.10599823445 0.92530531876 1.20270089615 1.17565445608 1.22912804421 -150.4491682865 0.04861374711   -2 
  22 0.00086920249 -290.94760335 0.34057422590 1.07003870933 1.22306494334 1.19502778757 1.21301152203 0.93744240375 1.16991820540 0.74324004303 1.27277019207 1.05068567405 0.86432143482 0.87129811278  1.3236855789 1.04657705693 1.10579453660 0.92594773976 1.20300219126 1.17573910288 1.22934734064 -150.4456730991 0.01960252933   -2 
  23 0.00086950436 -291.03279114 0.34034822163 1.06991680694 1.22268822199 1.19250935516 1.21407460545 0.93824141356 1.17042620999 0.74268724433 1.27423368682 1.05093401461 0.86443249695 0.87162442367 1.32365326254 1.04627905215 1.10502316154 0.92642203999 1.20303546486 1.17550858353 1.22926354765 -150.4432810494 0.03193968045   -2 
  24 0.00086914638 -291.20817163 0.34032491891 1.06956799804 1.22239452850 1.19094881496 1.21471686655 0.93874319752 1.17081113589 0.74229296730 1.27516695845 1.05102672781 0.86448896939 0.87183490193 1.32355983470 1.04600366335 1.10440209577 0.92670487625 1.20300047245 1.17529019029 1.22914545351 -150.4418064889 0.01765855580   -2 
  25 0.00086994302 -291.96260360 0.34019210756 1.06836385798 1.22218058989 1.18934194953 1.21568693054 0.93961666996 1.17189393602 0.74145030712 1.27682855234 1.05091154203 0.86456015447 0.87226173783 1.32309736058 1.04511838685 1.10267536022 0.92713940378 1.20269347026 1.17457137896 1.22864091095 -150.4393145434 0.02747083220   -2 
  26 0.00086976826 -292.42222988 0.34018489612 1.06777480988 1.22203666433 1.18886054315 1.21596490290 0.93994281537 1.17237516833 0.74103124638 1.27750377319 1.05078029898 0.86456844601 0.87244738543 1.32280383176 1.04462490419 1.10175793429 0.92731147826 1.20248771035 1.17416349143 1.22833672874 -150.4381494862 0.02242149093   -2 
  27 0.00087058149 -295.16914882 0.33920469281 1.06618175917 1.22164728343 1.18915124574 1.21616155898 0.94098890106 1.17461207657 0.73887767498 1.28009752719 1.04965558700 0.86447883244 0.87330682737 1.32089610231 1.04166561690 1.09648607662 0.92797090531 1.20106809628 1.17166525025 1.22637650839 -150.4322726481 0.03610985488   -2 
  28 0.00087015209 -296.25354471 0.33894329368 1.06595310546 1.22142810032 1.18945887269 1.21592959614 0.94115539841 1.17517402529 0.73814808227 1.28071528272 1.04918304713 0.86440001048 0.87355096702 1.32016310708 1.04058805228 1.09461643122 0.92813916329 1.20050612435 1.17073558814 1.22562702071 -150.4301846542 0.03237701764   -2 
  29 0.00087066085 -299.99389428 0.33758589264 1.06740402951 1.22095932257 1.19146787641 1.21423968527 0.94094139748 1.17608146005 0.73604087726 1.28150893018 1.04747063797 0.86400349375 0.87412134374 1.31769752542 1.03708905187 1.08870090857 0.92844302553 1.19852096708 1.16762515404 1.22304921667 -150.4230611666 0.02946122929   -2 
  30 0.00087041285 -301.48773551 0.33723028047 1.06804175284 1.22077120831 1.19211226660 1.21341298455 0.94061258484 1.17603148854 0.73538520715 1.28136070324 1.04681333298 0.86380095242 0.87422535964 1.31679945264 1.03586639347 1.08669362936 0.92845782339 1.19776185251 1.16649760822 1.22208842895 -150.4214194384 0.02813111424   -2 
  31 0.00087133363 -304.02254610 0.33652531691 1.06932845875 1.22071457694 1.19291061360 1.21184726301 0.93957583746 1.17509901478 0.73468168018 1.28013154316 1.04576719155 0.86336905367 0.87415055992 1.31546363351 1.03412757630 1.08396884663 0.92826120664 1.19652163224 1.16478147289 1.22056417355 -150.4181592455 0.03538083347   -2 
  32 0.00087125533 -306.31080588 0.33605828941 1.06991652029 1.22057856261 1.19314927310 1.21041737303 0.93840728304 1.17379046352 0.73427783182 1.27850679579 1.04487615010 0.86291867056 0.87391375455 1.31438013650 1.03279872826 1.08199103663 0.92794228076 1.19545079904 1.16338902255 1.21928317667 -150.4152630583 0.03649077114   -2 
  33 0.00087293900 -311.94392424 0.33432528935 1.07022867188 1.22035940711 1.19282051240 1.20718468222 0.93517894067 1.16974912525 0.73377834786 1.27354251432 1.04281774573 0.86168773126 0.87298432071 1.31197618578 1.02999650267 1.07806346132 0.92685656778 1.19288529158 1.16023463355 1.21627794297 -150.4083672494 0.04654663912   -2 
  34 0.00087300426 -315.90941006 0.33325053561 1.06939426418 1.21983388295 1.19190636121 1.20514880746 0.93290555885 1.16674113187 0.73358363255 1.26986168214 1.04144008306 0.86076125784 0.87216231575 1.31040041395 1.02827922268 1.07580241855 0.92595573056 1.19114426386 1.15819447687 1.21427976856 -150.4037184948 0.04420305559   -2 
  35 0.00087477076 -321.63057158 0.33132588736 1.06706533521 1.21867317361 1.18968825559 1.20279139011 0.92975000109 1.16231692183 0.73353030081 1.26439033331 1.03956463623 0.85932121262 0.87070548388 1.30829190080 1.02616600596 1.07327446742 0.92442314929 1.18869764113 1.15548422127 1.21153226302 -150.3970090278 0.03957534843   -2 
  36 0.00087477076 -321.63057158 0.33132588736 1.06706533521 1.21867317361 1.18968825559 1.20279139011 0.92975000109 1.16231692183 0.73353030081 1.26439033331 1.03956463623 0.85932121262 0.87070548388 1.30829190080 1.02616600596 1.07327446742 0.92442314929 1.18869764113 1.15548422127 1.21153226302 -150.3970090278           NAN   -8 
  37 0.00087434972 -321.68295588 0.33148341054 1.06661686689 1.21827182401 1.18922531551 1.20296417548 0.92982154072 1.16232382866 0.73356484311 1.26437713056 1.03957073191 0.85924789564 0.87056305535 1.30830599507 1.02629336889 1.07356216557 0.92430012006 1.18869661679 1.15556121781 1.21156595723 -150.3947753269 0.03895830376   -2 
  38 0.00087618312 -321.82267312 0.33182281796 1.06303055817 1.21485450473 1.18489587648 1.20512372431 0.93076191328 1.16262700450 0.73402084303 1.26443855829 1.03976342624 0.85854472035 0.86911334853 1.30859954564 1.02774687851 1.07674048204 0.92304042326 1.18877596042 1.15646973898 1.21201084423 -150.3827278036 0.02285201644   -2 
  39 0.00087552541 -321.75409807 0.33145225006 1.06239588073 1.21355993742 1.18299133858 1.20557662578 0.93101983668 1.16250744836 0.73418602305 1.26423160033 1.03972319166 0.85801513205 0.86812114815 1.30860283296 1.02855160744 1.07863642973 0.92215540638 1.18871573122 1.15695221751 1.21219467591 -150.3796578380 0.02428634364   -2 
  40 0.00087576099 -321.72499582 0.33131623363 1.06252589553 1.21340274897 1.18261707707 1.20560678781 0.93106385144 1.16244375963 0.73422704784 1.26414682680 1.03969631898 0.85783802112 0.86779445948 1.30858806138 1.02880235880 1.07924239918 0.92185726259 1.18868683471 1.15710266603 1.21224690961 -150.3788798965 0.01953333723   -2 
  41 0.00087555193 -321.83280702 0.33137203396 1.06474991855 1.21340091137 1.18107625009 1.20475406939 0.93096907266 1.16159470649 0.73437888809 1.26320635570 1.03928430452 0.85636921717 0.86518283083 1.30824095177 1.03058652894 1.08377651177 0.91942682569 1.18832022735 1.15815084583 1.21252633130 -150.3745765644 0.01412428683   -2 
  42 0.00087598863 -321.87333238 0.33140273569 1.06464703025 1.21386327714 1.18153511931 1.20452844525 0.93089386183 1.16146607441 0.73438340601 1.26305414658 1.03919695015 0.85609817207 0.86469313997 1.30815731314 1.03090368043 1.08462003416 0.91892447455 1.18823493961 1.15834826705 1.21257032875 -150.3737946695 0.02462497497   -2 
  43 0.00087599059 -322.00346436 0.33159657928 1.06409030979 1.21476910596 1.18263222707 1.20402396434 0.93069458757 1.16120035811 0.73436550778 1.26274398655 1.03900429532 0.85556935308 0.86374525327 1.30796450361 1.03148599412 1.08621433603 0.91792898320 1.18804795075 1.15871249767 1.21263596187 -150.3723888095 0.01041867092   -2 
  44 0.00087575600 -322.00024390 0.33139816308 1.06368194820 1.21501039854 1.18336332053 1.20386460888 0.93057440016 1.16114392996 0.73432984766 1.26265726774 1.03891772477 0.85536482616 0.86336728590 1.30786497188 1.03169207747 1.08683480838 0.91746475067 1.18794888639 1.15885645942 1.21264803849 -150.3718583994 0.00331267759   -2 
  45 0.00087569089 -322.01314108 0.33140161520 1.06369238155 1.21492702539 1.18343240557 1.20388448238 0.93055582870 1.16116217278 0.73431613141 1.26266940290 1.03891012079 0.85535901102 0.86335128388 1.30785110069 1.03168887237 1.08685361856 0.91741411098 1.18793362802 1.15886193758 1.21264213180 -150.3718346504 0.00442945372   -2 
  46 0.00087571918 -322.07496558 0.33136938639 1.06385596556 1.21443824515 1.18382917091 1.20405297045 0.93046138232 1.16130239440 0.73423663836 1.26277142300 1.03887840759 0.85534685683 0.86328870911 1.30778077633 1.03165427489 1.08692324919 0.91713123557 1.18784986505 1.15888995884 1.21260833504 -150.3717360754 0.00160306717   -2 
  47 0.00087574561 -322.09727322 0.33139518554 1.06380799951 1.21456758146 1.18372603475 1.20405818671 0.93046366566 1.16131516590 0.73422689331 1.26278785605 1.03887937839 0.85535893282 0.86330374048 1.30777585583 1.03163273126 1.08689163545 0.91710543644 1.18783992743 1.15888487542 1.21259999922 -150.3717211363 0.00190437404   -2 
  48 0.00087577970 -322.10678531 0.33139197191 1.06379672609 1.21461266115 1.18369010229 1.20406684953 0.93046270669 1.16132665405 0.73421961796 1.26280016043 1.03887937705 0.85536536467 0.86331025114 1.30777158370 1.03162024708 1.08687683865 0.91708302753 1.18783227914 1.15888317850 1.21259467419 -150.3717159972 0.00162265709   -2 
  49 0.00087573653 -322.20344051 0.33134666307 1.06371995303 1.21480506979 1.18345026512 1.20414148643 0.93042870466 1.16143128620 0.73413771269 1.26290954895 1.03886625522 0.85541601951 0.86335470518 1.30771358493 1.03149668979 1.08674765203 0.91683385961 1.18774465096 1.15886641133 1.21253577462 -150.3716884231 0.00191319771   -2 
  50 0.00087577143 -322.19588294 0.33134977061 1.06375387619 1.21474124851 1.18350819603 1.20413026531 0.93043176113 1.16141760213 0.73414608672 1.26289588754 1.03886694101 0.85540989751 0.86334862741 1.30771878261 1.03150928494 1.08676231751 0.91685488495 1.18775229639 1.15886826960 1.21254102247 -150.3716817748 0.00198406861   -2 
  51 0.00087576256 -322.19855900 0.33136300473 1.06380535895 1.21461355476 1.18360023593 1.20411032753 0.93043057042 1.16139844665 0.73415123420 1.26287807879 1.03886448580 0.85540225241 0.86334010912 1.30771934038 1.03151761031 1.08677487978 0.91686245645 1.18775454475 1.15886870983 1.21254245795 -150.3716722420 0.00111733291   -2 
  52 0.00087577863 -322.20774017 0.33135352353 1.06383110885 1.21454302436 1.18365406356 1.20410321335 0.93042659544 1.16139361567 0.73414739876 1.26287450559 1.03886122214 0.85540081356 0.86333693973 1.30771398240 1.03151228624 1.08677336161 0.91684126814 1.18774709251 1.15886771166 1.21253752130 -150.3716682161 0.00149297099   -2 
  53 0.00087575315 -322.22938703 0.33134437571 1.06384844032 1.21445182806 1.18371815546 1.20409220620 0.93041727327 1.16138784551 0.73413729837 1.26287098413 1.03885423296 0.85539951183 0.86333260900 1.30770171737 1.03149817893 1.08676530366 0.91679668403 1.18773074891 1.15886464379 1.21252640798 -150.3716630439 0.00113741620   -2 
  54 0.00087577840 -322.28800411 0.33131446968 1.06384632083 1.21435933192 1.18380401449 1.20408039942 0.93039563287 1.16138598760 0.73410839195 1.26287342086 1.03883826805 0.85540090199 0.86332642336 1.30766987995 1.03145633370 1.08673687020 0.91667326155 1.18768627319 1.15885646488 1.21249613526 -150.3716544399 0.00232622045   -2 
  55 0.00087575771 -322.39992349 0.33128476721 1.06381462419 1.21424225169 1.18391000031 1.20405713679 0.93035555418 1.16138085119 0.73405585053 1.26287569151 1.03880817151 0.85540255355 0.86331517240 1.30761142130 1.03138012915 1.08668325885 0.91645456280 1.18760611851 1.15884010283 1.21244090597 -150.3716401587 0.00222055948   -2 
  56 0.00087586755 -322.64705032 0.33122434118 1.06373852183 1.21415811893 1.18402036660 1.20401547035 0.93027536074 1.16137088608 0.73394540420 1.26287938776 1.03874404541 0.85540551828 0.86329190137 1.30748719048 1.03121609872 1.08656450181 0.91598954937 1.18743452059 1.15880251578 1.21232115478 -150.3716135404 0.00341470305   -2 
  57 0.00087584734 -322.75378793 0.33121350678 1.06369932273 1.21416462843 1.18400452406 1.20399171698 0.93024203032 1.16135909345 0.73390128944 1.26287263093 1.03871520982 0.85540330265 0.86328022991 1.30743486611 1.03114929717 1.08651398285 0.91580686234 1.18736443924 1.15878380781 1.21227069598 -150.3715950016 0.00284973454   -2 
  58 0.00087597774 -323.16764719 0.33111473507 1.06360211153 1.21438746789 1.18372566657 1.20389695717 0.93012441907 1.16129453874 0.73374029016 1.26282250911 1.03859952569 0.85538430053 0.86322930724 1.30723324949 1.03089444348 1.08631334905 0.91512562621 1.18709546713 1.15870055914 1.21207088601 -150.3715361229 0.00209238348   -2 
  59 0.00087593078 -323.23203796 0.33108870299 1.06360480760 1.21440262140 1.18362219656 1.20387063942 0.93010896210 1.16126672971 0.73372230072 1.26279415864 1.03857740390 0.85537189244 0.86321556544 1.30720221136 1.03086079851 1.08628174931 0.91504952627 1.18705810604 1.15867985771 1.21203865354 -150.3715240657 0.00275451085   -2 
  60 0.00087593737 -323.31780871 0.33103297173 1.06363422633 1.21441627789 1.18345519331 1.20383321515 0.93009299915 1.16122019826 0.73370409032 1.26274402982 1.03854615069 0.85534923809 0.86319356034 1.30716204624 1.03082009531 1.08623934187 0.91496707492 1.18701122379 1.15864690086 1.21199458068 -150.3715078063 0.00139904617   -2 
  61 0.00087599996 -323.51941632 0.33098594842 1.06371254187 1.21432080534 1.18307030301 1.20373373358 0.93007453903 1.16107421998 0.73369772307 1.26257610937 1.03847228430 0.85526837083 0.86312783220 1.30708788238 1.03076686638 1.08615773536 0.91493089757 1.18693977716 1.15855209410 1.21190521198 -150.3714860862 0.00144459509   -2 
  62 0.00087598818 -323.48854121 0.33100862892 1.06363568234 1.21430543446 1.18320798237 1.20374796700 0.93007643581 1.16109184878 0.73370571812 1.26259217181 1.03848182942 0.85527204917 0.86313246825 1.30710197446 1.03078538216 1.08617416837 0.91498228476 1.18696007303 1.15855981272 1.21192135578 -150.3714771052 0.00209259907   -2 
  63 0.00087602121 -323.47224557 0.33101272059 1.06359481726 1.21429324130 1.18329081968 1.20375537015 0.93007815409 1.16109831757 0.73371244248 1.26259588653 1.03848578105 0.85527049287 0.86313261237 1.30710976685 1.03079772825 1.08618302629 0.91502256081 1.18697278967 1.15856067398 1.21192947944 -150.3714709014 0.00097124551   -2 
  64 0.00087599613 -323.47651630 0.33101130189 1.06358684251 1.21426593400 1.18330477414 1.20374573830 0.93007587224 1.16108393007 0.73371880613 1.26257612680 1.03847958176 0.85525726942 0.86312350282 1.30710813815 1.03080522789 1.08618254099 0.91506794097 1.18697848903 1.15854866582 1.21192727110 -150.3714677364 0.00163075048   -2 
  65 0.00087597458 -323.49898564 0.33098215176 1.06356700004 1.21412472195 1.18338113596 1.20369461915 0.93006571798 1.16100105861 0.73375814959 1.26246029645 1.03844396048 0.85517862913 0.86306948869 1.30709989714 1.03085077580 1.08617996754 0.91534020381 1.18701309502 1.15847680283 1.21191415690 -150.3714538133 0.00216328383   -2 
  66 0.00087600982 -323.50259747 0.33098037178 1.06357255504 1.21412495446 1.18338247953 1.20369188463 0.93006519043 1.16099439987 0.73376198428 1.26245000839 1.03844055000 0.85517064163 0.86306391175 1.30709905401 1.03085535666 1.08617953912 0.91536883534 1.18701654332 1.15846907490 1.21191258759 -150.3714488870 0.00143956817   -2 
  67 0.00087604574 -323.52355130 0.33100525753 1.06358249955 1.21415321354 1.18335218068 1.20368352627 0.93006022360 1.16097849118 0.73376766700 1.26242572805 1.03842990237 0.85514995246 0.86304860424 1.30709289437 1.03086319634 1.08617544002 0.91543641732 1.18702164536 1.15844746410 1.21190576590 -150.3714405301 0.00075162567   -2 
  68 0.00087601463 -323.54374710 0.33099509106 1.06357983863 1.21421037933 1.18328327219 1.20367608448 0.93005078984 1.16096496122 0.73376860665 1.26240323330 1.03841538737 0.85512552789 0.86302917872 1.30708052772 1.03086723541 1.08616638892 0.91551072741 1.18702263443 1.15841877108 1.21189354790 -150.3714356051 0.00181128949   -2 
  69 0.00087602248 -323.56380268 0.33097589218 1.06358271718 1.21427214006 1.18321480651 1.20367123101 0.93004196236 1.16095286982 0.73376972162 1.26238143730 1.03840065680 0.85509992009 0.86300871750 1.30706786677 1.03087168917 1.08615692760 0.91559084386 1.18702388867 1.15838813355 1.21188059875 -150.3714310164 0.00059791876   -2 
  70 0.00087603032 -323.56560381 0.33098511141 1.06358194512 1.21424063266 1.18323920799 1.20367333254 0.93004350137 1.16095655550 0.73376838372 1.26238694193 1.03840270422 0.85510371754 0.86301132848 1.30706883491 1.03086995313 1.08615737089 0.91557959892 1.18702266141 1.15839141328 1.21188138087 -150.3714299690 0.00052781010   -2 
  71 0.00087603978 -323.56742221 0.33098396240 1.06358253360 1.21423279206 1.18324474788 1.20367417961 0.93004357730 1.16095749003 0.73376783376 1.26238786291 1.03840243591 0.85510325889 0.86301073422 1.30706817593 1.03086951052 1.08615671632 0.91558157366 1.18702216879 1.15839015946 1.21188054502 -150.3714295839 0.00046154620   -2 
  72 0.00087604620 -323.60432712 0.33097606790 1.06357006742 1.21412590126 1.18329513645 1.20367636721 0.93003776519 1.16096266471 0.73375757462 1.26239149431 1.03839225621 0.85508872814 0.86299548275 1.30705179327 1.03086117130 1.08614236479 0.91562684848 1.18701252625 1.15836248151 1.21186289599 -150.3714267080 0.00046572018   -2 
  73 0.00087605827 -323.63066332 0.33096211100 1.06356386291 1.21411090828 1.18330022379 1.20367215955 0.93003173434 1.16096135095 0.73375005408 1.26238931104 1.03838299081 0.85507672967 0.86298321596 1.30703854387 1.03085452571 1.08613097913 0.91566090499 1.18700471498 1.15834084732 1.21184889602 -150.3714252566 0.00120513588   -2 
  74 0.00087604024 -323.75652080 0.33091551256 1.06352806386 1.21406669507 1.18329924509 1.20364446690 0.93000078298 1.16094876655 0.73371474742 1.26237341443 1.03833842675 0.85502067425 0.86292610394 1.30697582903 1.03082260949 1.08607761539 0.91581361937 1.18696737629 1.15824108019 1.21178361006 -150.3714192628 0.00110314314   -2 
  75 0.00087609139 -323.81173221 0.33091704311 1.06353829899 1.21410022253 1.18327114407 1.20362981978 0.92998880889 1.16093701988 0.73370240523 1.26236085098 1.03832132928 0.85500040124 0.86290531898 1.30695250024 1.03080939386 1.08605727068 0.91586289087 1.18695184501 1.15820473125 1.21175858701 -150.3714131539 0.00130696294   -2 
  76 0.00087609103 -323.83754371 0.33092081966 1.06354116999 1.21411740381 1.18325233148 1.20362096176 0.92998268154 1.16092924479 0.73369682224 1.26235291888 1.03831328298 0.85499141497 0.86289610342 1.30694170555 1.03080289565 1.08604791226 0.91588180090 1.18694423205 1.15818883959 1.21174715638 -150.3714111747 0.00058531884   -2 
  77 0.00087606857 -323.87368173 0.33089845247 1.06355193056 1.21416667472 1.18319353799 1.20360044316 0.92997236556 1.16090437817 0.73368988759 1.26232814441 1.03830107325 0.85497992195 0.86288398595 1.30692557070 1.03079025922 1.08603303981 0.91588903075 1.18692899774 1.15816814443 1.21172890394 -150.3714080966 0.00067428229   -2 
  78 0.00087607596 -323.87966701 0.33089418242 1.06355437130 1.21417343764 1.18318527201 1.20359780689 0.92997111549 1.16090008927 0.73368911781 1.26232370013 1.03829938218 0.85497850897 0.86288243500 1.30692336833 1.03078816307 1.08603082265 0.91588807074 1.18692642712 1.15816541786 1.21172612125 -150.3714076519 0.00038065344   -2 
  79 0.00087610620 -323.92163741 0.33089629566 1.06355030186 1.21416750064 1.18315341101 1.20358453284 0.92996508904 1.16087040272 0.73368732915 1.26229161039 1.03829102993 0.85497483122 0.86287776242 1.30691361544 1.03077456229 1.08601962484 0.91585507360 1.18690981148 1.15815740611 1.21171212919 -150.3714057679 0.00057107118   -2 
  80 0.00087609984 -323.94507830 0.33089221303 1.06354068213 1.21415298170 1.18313977905 1.20357607531 0.92996072233 1.16085290457 0.73368601954 1.26227218970 1.03828572207 0.85497280247 0.86287518356 1.30690744815 1.03076594814 1.08601281960 0.91583130553 1.18689935654 1.15815339689 1.21170379187 -150.3714047757 0.00099817123   -2 
  81 0.00087612277 -324.09655502 0.33083272655 1.06347980718 1.21404847753 1.18306698125 1.20352358492 0.92993211181 1.16073910832 0.73367758409 1.26214336870 1.03825020832 0.85496015047 0.86285879948 1.30686644255 1.03070743965 1.08596725561 0.91566214598 1.18682806048 1.15812830738 1.21164776301 -150.3713982299 0.00056588701   -2 
  82 0.00087614080 -324.11018834 0.33083149576 1.06348228916 1.21404702749 1.18306889808 1.20351866955 0.92992779497 1.16073452170 0.73367517695 1.26213662764 1.03824584972 0.85495777211 0.86285634351 1.30686118470 1.03070209247 1.08596269094 0.91564811456 1.18682162892 1.15812536263 1.21164247525 -150.3713974779 0.00073071981   -2 
  83 0.00087615077 -324.13464911 0.33083588328 1.06348684536 1.21404708422 1.18307581257 1.20350823728 0.92991812162 1.16072995368 0.73366925443 1.26212793918 1.03823675637 0.85495221715 0.86285090435 1.30685014783 1.03069244311 1.08595398951 0.91562492193 1.18681013648 1.15811926092 1.21163275583 -150.3713963050 0.00033494402   -2 
  84 0.00087613403 -324.15767454 0.33082455057 1.06349454604 1.21406379250 1.18309908415 1.20349430642 0.92990028932 1.16074159243 0.73365540510 1.26213285764 1.03822051513 0.85493984755 0.86283960424 1.30682962377 1.03067936171 1.08594053847 0.91560147173 1.18679498458 1.15810773240 1.21161870105 -150.3713950296 0.00067561684   -2 
  85 0.00087613454 -324.17337856 0.33081506907 1.06350131906 1.21407669041 1.18311602581 1.20348579142 0.92988819629 1.16075109960 0.73364554925 1.26213769883 1.03820918761 0.85493100757 0.86283155057 1.30681518690 1.03067032719 1.08593112375 0.91558553612 1.18678450100 1.15809952886 1.21160886907 -150.3713944467 0.00029814269   -2 
  86 0.00087614724 -324.17886867 0.33081794522 1.06350065790 1.21407645267 1.18311606878 1.20348753559 0.92988678906 1.16075592326 0.73364259944 1.26214232252 1.03820654447 0.85492809653 0.86282888398 1.30681131414 1.03066834064 1.08592862873 0.91558366534 1.18678220924 1.15809676764 1.21160625736 -150.3713940939 0.00036573215   -2 
  87 0.00087614690 -324.18175542 0.33082008994 1.06349870446 1.21407472347 1.18311461044 1.20348846796 0.92988623166 1.16075815562 0.73364103534 1.26214471952 1.03820516930 0.85492649963 0.86282742065 1.30680927745 1.03066734743 1.08592730845 0.91558310118 1.18678106741 1.15809522537 1.21160488598 -150.3713939509 0.00015048506   -2 
  88 0.00087614485 -324.19497553 0.33081271750 1.06348017094 1.21405105044 1.18309139557 1.20350080274 0.92988731070 1.16077404881 0.73363020575 1.26216533618 1.03819662457 0.85491427609 0.86281631705 1.30679563052 1.03066127538 1.08591818934 0.91558546648 1.18677431996 1.15808305004 1.21159542899 -150.3713935369 0.00025209602   -2 
  89 0.00087614845 -324.19460653 0.33081295770 1.06348246357 1.21405301795 1.18309273090 1.20349986817 0.92988725523 1.16077304472 0.73363060756 1.26216428760 1.03819692888 0.85491467509 0.86281665826 1.30679610310 1.03066148705 1.08591847421 0.91558548351 1.18677452778 1.15808338351 1.21159569826 -150.3713934773 0.00013609194   -2 
  90 0.00087615015 -324.19614925 0.33081516305 1.06348738579 1.21405630792 1.18309370447 1.20349665339 0.92988665661 1.16077060174 0.73363027004 1.26216254675 1.03819640483 0.85491408778 0.86281601199 1.30679540988 1.03066112610 1.08591785403 0.91558586109 1.18677400266 1.15808246378 1.21159498113 -150.3713934070 0.00009513044    0 
-- Found new optimum with likelihood -150.371393407099532 and gradient 0.00010

---- Best joint likelihood found -150.371393407099532 with gradient 0.00010

---- Results for /scratch/38995620/tmp6veaqusw 
--  Model: C
--        eps_an     theta_bar             a 
--             0 0.00087615015            -1 
--           S_d             b           p_b           S_b 
-- -324.19614925 0.33081516305             0             1 
--           r 2           r 3           r 4           r 5           r 6           r 7           r 8           r 9          r 10          r 11          r 12          r 13          r 14          r 15          r 16          r 17          r 18          r 19 
-- 1.06348738579 1.21405630792 1.18309370447 1.20349665339 0.92988665661 1.16077060174 0.73363027004 1.26216254675 1.03819640483 0.85491408778 0.86281601199 1.30679540988 1.03066112610 1.08591785403 0.91558586109 1.18677400266 1.15808246378 1.21159498113 

---- Expected P_neut(i), 0 < i < n (neutral SFS per site) 
E[P_neut(1)] = 0.0008761502
E[P_neut(2)] = 0.0004658873
E[P_neut(3)] = 0.0003545652
E[P_neut(4)] = 0.0002591419
E[P_neut(5)] = 0.0002108888
E[P_neut(6)] = 0.0001357867
E[P_neut(7)] = 0.0001452870
E[P_neut(8)] = 0.0000803463
E[P_neut(9)] = 0.0001228715
E[P_neut(10)] = 0.0000909616
E[P_neut(11)] = 0.0000680939
E[P_neut(12)] = 0.0000629964
E[P_neut(13)] = 0.0000880730
E[P_neut(14)] = 0.0000645010
E[P_neut(15)] = 0.0000634285
E[P_neut(16)] = 0.0000501369
E[P_neut(17)] = 0.0000611642
E[P_neut(18)] = 0.0000563697
E[P_neut(19)] = 0.0000558705

---- Expected P_sel(i), 0 < i < n (selected SFS per site) 
E[P_sel(1)] = 0.0003136118
E[P_sel(2)] = 0.0001203702
E[P_sel(3)] = 0.0000781444
E[P_sel(4)] = 0.0000516193
E[P_sel(5)] = 0.0000390376
E[P_sel(6)] = 0.0000237379
E[P_sel(7)] = 0.0000242381
E[P_sel(8)] = 0.0000128850
E[P_sel(9)] = 0.0000190430
E[P_sel(10)] = 0.0000136797
E[P_sel(11)] = 0.0000099692
E[P_sel(12)] = 0.0000090017
E[P_sel(13)] = 0.0000123094
E[P_sel(14)] = 0.0000088332
E[P_sel(15)] = 0.0000085242
E[P_sel(16)] = 0.0000066208
E[P_sel(17)] = 0.0000079455
E[P_sel(18)] = 0.0000072106
E[P_sel(19)] = 0.0000070436

---- alpha_dfe = 0.000000

