---- Running command
---- ./polyDFE -d /scratch/40841218/tmp4xo7l8k9 -m C -i /scratch/40841218/tmp6bmn4w2a 1 -v 1 
---- Performing inference using model C

---- Performing inference on /scratch/40841218/tmp4xo7l8k9
----      with -i /scratch/40841218/tmp6bmn4w2a 1
---- Data /scratch/40841218/tmp4xo7l8k9 does not contain divergence counts. Using option -w.
---- No mutation variability. Using Poisson likelihood.


---- Using provided initial values

-- Starting local optimization
-- Optimizing all parameters
  it        eps_an     theta_bar           S_d             b           p_b           S_b           r 2           r 3           r 4           r 5           r 6           r 7           r 8           r 9          r 10          r 11          r 12          r 13          r 14          r 15          r 16          r 17          r 18          r 19          r 20          r 21          r 22          r 23          r 24           ln lk          grad status 
   0 0.00000450451  0.0008647194 -33.444059999     0.1398527   0.005009714    0.05328228     0.5834314      0.499803     0.5581096     0.5076067      0.557493     0.6522272     0.6050956     0.5227928     0.5765882     0.4982845     0.5150672     0.5206269      0.482151     0.5460091     0.5199818      0.523935     0.5814646     0.6159988     0.7697745     0.7047025     0.6593795      0.914738      1.558127 -188.1645290325 0.71552593020   -2 
   1 0.00000450451 0.00085258087 -33.524054173 0.14010883816 0.00500960293 0.05328233263 0.57856665422 0.50022929423 0.55904926162 0.51005913109 0.55952960713 0.64811446474 0.60241181470 0.52486514787 0.57610517487 0.49998594682 0.51419314530 0.52210095270 0.48366513439 0.54739276309 0.52086472952 0.52467560792 0.58032941537 0.61514582751 0.77287556997 0.70508562762 0.66119188439 0.91307620738 1.55777748163 -187.3616049002 0.75162906064   -2 
   2 0.00000450453 0.00086268865 -34.065416487 0.13935432811 0.00500977155 0.05328335992 0.53283569440 0.51138844469 0.57650757162 0.54675791376 0.59037102338 0.59964589373 0.57059834250 0.55512990332 0.57171307094 0.52467136858 0.50396384852 0.54349607831 0.50542875360 0.56745743812 0.53386436945 0.53567785432 0.56637835977 0.60494828762 0.81723962812 0.71158133275 0.68712123700 0.89298580615 1.55777456118 -181.6354092998 0.44959734520   -2 
   3 0.00000450455 0.00084467951 -34.724986544 0.14046299287 0.00500924014 0.05328412878 0.55537128187 0.51111220833 0.58017726685 0.56453428654 0.60708453486 0.57119674896 0.54903305934 0.57817171030 0.56774420219 0.54523223428 0.49509071970 0.56187950571 0.52492081572 0.58508687961 0.54536784377 0.54545088831 0.55372760912 0.59551711558 0.85713035079 0.71700371959 0.71113199690 0.87497301019 1.55621411457 -179.2438583334 1.00019902221   -2 
   4 0.00000450456 0.00085395789 -34.999051334 0.14059408934 0.00500914466 0.05328454701 0.56891859279 0.51150454004 0.58210705759 0.57251791966 0.61487866944 0.55962162601 0.53990459835 0.58947127538 0.56622004646 0.55549276420 0.49110497558 0.57111569030 0.53477042299 0.59398170300 0.55121021433 0.55043392001 0.54783023736 0.59115421137 0.87728602542 0.71987807947 0.72332679983 0.86666916232 1.55623378775 -178.1410013762 0.19847014588   -2 
   5 0.00000450460 0.00084757764 -35.877911889 0.14249361202 0.00500835582 0.05328569748 0.58519173271 0.51328987279 0.57647707177 0.55277482004 0.60503148068 0.58186763101 0.54768741383 0.59771606117 0.56956434663 0.57026146543 0.48816738431 0.58749189202 0.55418651263 0.61162359391 0.56443766401 0.56235998533 0.53841498304 0.58488324573 0.91487464760 0.72828487864 0.75102931633 0.85572404260 1.56634425716 -177.0595710533 0.41117755744   -2 
   6 0.00000450461 0.00085284568 -36.010136567 0.14263432918 0.00500829382 0.05328592055 0.58670405186 0.51395808707 0.57611800714 0.55002973071 0.60363539925 0.58611712685 0.54945957055 0.59896618269 0.57035216065 0.57269373137 0.48787072612 0.59027233135 0.55752303931 0.61466768218 0.56677349267 0.56448627359 0.53697339082 0.58397014586 0.92126594190 0.72985309753 0.75589882532 0.85415987087 1.56852505402 -176.8916556879 0.19358146933   -2 
   7 0.00000450463 0.00085312498 -36.464058829 0.14324460050 0.00500804182 0.05328668036 0.57295148201 0.51660134845 0.57878809367 0.54688694522 0.60116179295 0.59980538122 0.55743525176 0.59993797997 0.57379139575 0.57766338399 0.48846740216 0.59699343469 0.56614396462 0.62263563573 0.57347015064 0.57079716191 0.53390816529 0.58238008625 0.93705679156 0.73497131255 0.76982371739 0.85178603468 1.57705690236 -176.5186061193 0.07327488073   -2 
   8 0.00000450465 0.00085506937 -36.618647839 0.14341982960 0.00500797714 0.05328701066 0.57148033741 0.51701727651 0.58118458551 0.54974077114 0.60214227239 0.60275561636 0.56078141921 0.59884981934 0.57542185469 0.57785124512 0.48957400563 0.59815563569 0.56807651578 0.62450970275 0.57551743354 0.57289437753 0.53365956161 0.58258044857 0.94003518158 0.73699117598 0.77407006430 0.85245774825 1.58094136094 -176.4780647083 0.17703422766   -2 
   9 0.00000450467 0.00085227671 -36.891650566 0.14387256379 0.00500781003 0.05328754710 0.56975320946 0.51740846770 0.58495465239 0.55477817865 0.60390620844 0.60699770131 0.56614363459 0.59683055200 0.57805407333 0.57783899534 0.49148482177 0.59977337504 0.57096506985 0.62732995062 0.57874337562 0.57624005773 0.53338282636 0.58301442334 0.94432032787 0.74026308109 0.78080230605 0.85376765525 1.58721521132 -176.4132451350 0.08752934824   -2 
  10 0.00000450469 0.00085258410 -37.184017815 0.14434536593 0.00500765215 0.05328822166 0.57455617647 0.51802145803 0.58837059886 0.56123751054 0.60697044166 0.60952356800 0.57150640419 0.59453989847 0.58111148097 0.57712117967 0.49421242265 0.60086527538 0.57341106044 0.62984302726 0.58211327863 0.57988275629 0.53378269660 0.58415054848 0.94735321769 0.74411293873 0.78775449504 0.85642192425 1.59470661840 -176.3512160170 0.13041487442   -2 
  11 0.00000450470 0.00085038850 -37.289219515 0.14456649141 0.00500757818 0.05328845549 0.57637826224 0.51824148386 0.58924123166 0.56323635176 0.60803709115 0.61004374342 0.57310851808 0.59384517680 0.58210758042 0.57682540282 0.49517597053 0.60114411822 0.57411961983 0.63059179495 0.58319332661 0.58107170541 0.53400804473 0.58461143900 0.94814135864 0.74540819033 0.78997323858 0.85744838933 1.59720050119 -176.3325594273 0.04930724886   -2 
  12 0.00000450471 0.00085139615 -37.325330441 0.14460035798 0.00500758834 0.05328866396 0.57850395423 0.51911834953 0.58856973907 0.56328389481 0.60906714326 0.60882445220 0.57290304929 0.59428509950 0.58261546978 0.57663297974 0.49603932619 0.60100116767 0.57399978475 0.63060947922 0.58357142574 0.58159004903 0.53475229781 0.58542000451 0.94754105573 0.74623056801 0.79055376612 0.85892460885 1.59881053883 -176.3174360812 0.09794377142   -2 
  13 0.00000450473 0.00084976561 -37.387157910 0.14472482453 0.00500757787 0.05328897898 0.58114772863 0.52034053370 0.58739352091 0.56311662900 0.61053666294 0.60681368916 0.57239364639 0.59502616787 0.58331213536 0.57632988671 0.49733234559 0.60072478513 0.57372277972 0.63054934758 0.58406863090 0.58230680214 0.53593289659 0.58668146957 0.94646883604 0.74742835748 0.79126998877 0.86120885962 1.60111338906 -176.2986030264 0.03702210492   -2 
  14 0.00000450476 0.00085053383 -37.464281354 0.14468880279 0.00500768931 0.05328972886 0.57930186792 0.52208689616 0.58622874255 0.56205191407 0.61296288193 0.60315772447 0.57063824898 0.59749805397 0.58451525595 0.57614646961 0.49998523849 0.60016144807 0.57281006802 0.63015639722 0.58476758893 0.58347542658 0.53892731192 0.58973038510 0.94378202400 0.74978001256 0.79180913977 0.86648574627 1.60554861483 -176.2752031870 0.04837188506   -2 
  15 0.00000450476 0.00084993899 -37.474266168 0.14470166618 0.00500769648 0.05328981597 0.57901874765 0.52211101415 0.58617536697 0.56193151638 0.61311316969 0.60285106654 0.57044536289 0.59774566363 0.58461209289 0.57613425268 0.50024783142 0.60009727505 0.57269903143 0.63009997664 0.58482318317 0.58358170772 0.53925932891 0.59006314378 0.94348248421 0.75001513741 0.79182696956 0.86704783296 1.60595026539 -176.2730034020 0.02183388405   -2 
  16 0.00000450478 0.00085042671 -37.501017132 0.14465037160 0.00500780048 0.05329037887 0.57776058679 0.52035407968 0.58735970008 0.56160443299 0.61251953335 0.60285914431 0.56965523240 0.59883633437 0.58476939759 0.57631211398 0.50129945651 0.59985224741 0.57207287090 0.62973623841 0.58491391792 0.58391974050 0.54111163440 0.59185460580 0.94203301788 0.75103516779 0.79146589168 0.86986401403 1.60719274291 -176.2658612556 0.01698969882   -2 
  17 0.00000450479 0.00085010749 -37.504888016 0.14466000892 0.00500780984 0.05329045992 0.57784957083 0.52018328800 0.58745139033 0.56158416016 0.61234505928 0.60296637788 0.56959117401 0.59889152419 0.58473865399 0.57633435264 0.50137119341 0.59982198698 0.57199272755 0.62968043559 0.58489731636 0.58392964152 0.54132275875 0.59205174443 0.94187380752 0.75111821111 0.79137634600 0.87014791166 1.60720287049 -176.2652858174 0.02058262880   -2 
  18 0.00000450480 0.00085024014 -37.515407073 0.14466936342 0.00500787153 0.05329086083 0.57879533208 0.51962162979 0.58782582975 0.56158552911 0.61144445534 0.60367947063 0.56939677259 0.59903109260 0.58453791876 0.57646060160 0.50161172289 0.59970645246 0.57164065220 0.62942724643 0.58478873211 0.58393401887 0.54227329686 0.59292770067 0.94121511762 0.75144221414 0.79090716222 0.87135797370 1.60705896055 -176.2630770606 0.00832798241   -2 
  19 0.00000450481 0.00084994746 -37.520023254 0.14468557018 0.00500790915 0.05329112059 0.57892827698 0.51992676537 0.58774078868 0.56168699787 0.61109638681 0.60414624075 0.56945306133 0.59891014672 0.58437168617 0.57653053171 0.50158536294 0.59968044900 0.57150319044 0.62931413284 0.58468959129 0.58387361530 0.54268082017 0.59328447713 0.94102000522 0.75150189539 0.79060798093 0.87176249733 1.60671774843 -176.2624922115 0.02001529933   -2 
  20 0.00000450483 0.00085014164 -37.523358690 0.14468936092 0.00500796239 0.05329144589 0.57906985014 0.52035193139 0.58763789730 0.56183098702 0.61072348964 0.60471504000 0.56954684566 0.59875633299 0.58417640632 0.57662181634 0.50154260961 0.59965992728 0.57134925851 0.62918709778 0.58457109967 0.58379903555 0.54316685370 0.59370827282 0.94081243203 0.75156808079 0.79024871144 0.87223194415 1.60630274807 -176.2618255155 0.00493111904   -2 
  21 0.00000450484 0.00085008132 -37.524754171 0.14468866785 0.00500800827 0.05329171780 0.57875119200 0.52055394883 0.58755522787 0.56192474330 0.61080759260 0.60489886995 0.56968596942 0.59862014387 0.58408869487 0.57667792403 0.50144859891 0.59968481690 0.57131292422 0.62915035462 0.58449763039 0.58373510436 0.54339524046 0.59389499540 0.94081852843 0.75155572291 0.79004113551 0.87236764929 1.60602282961 -176.2616048674 0.00653390290   -2 
  22 0.00000450484 0.00085017007 -37.524637147 0.14468555363 0.00500802146 0.05329178940 0.57869530068 0.52058725542 0.58754158139 0.56194563808 0.61084625294 0.60492878802 0.56972248417 0.59858881798 0.58407216971 0.57669143546 0.50142340822 0.59969362656 0.57130887350 0.62914522995 0.58448114587 0.58371964262 0.54344483240 0.59393461506 0.94082943126 0.75155023519 0.78999433038 0.87239051131 1.60596038973 -176.2615613606 0.00292958414   -2 
  23 0.00000450486 0.00085014058 -37.525109881 0.14468217040 0.00500812054 0.05329237178 0.57859747000 0.52046784222 0.58748160540 0.56199523737 0.61130405880 0.60486454668 0.56996777724 0.59837672032 0.58400493158 0.57675611261 0.50120244444 0.59977154588 0.57133265567 0.62914553854 0.58437238873 0.58359985451 0.54368592124 0.59410811601 0.94100887755 0.75145709065 0.78970698901 0.87237602455 1.60555771959 -176.2614051074 0.00310956147   -2 
  24 0.00000450487 0.00085018553 -37.524955358 0.14468086375 0.00500813136 0.05329243282 0.57861763071 0.52045631151 0.58748304583 0.56199474612 0.61133340318 0.60485186092 0.56998358210 0.59836348912 0.58400243532 0.57676023099 0.50118373118 0.59977853849 0.57133676690 0.62914723570 0.58436399712 0.58358974574 0.54370282888 0.59411932440 0.94102735773 0.75144768699 0.78968482027 0.87236887690 1.60553007010 -176.2613928282 0.00243355858   -2 
  25 0.00000450488 0.00085014793 -37.525060410 0.14468260706 0.00500818094 0.05329272916 0.57876716068 0.52039550538 0.58750084680 0.56196599815 0.61140206110 0.60476757990 0.57002141768 0.59832365299 0.58400001537 0.57676744991 0.50110558850 0.59980443059 0.57135818671 0.62915695130 0.58433038977 0.58354635491 0.54375591146 0.59414909210 0.94110897429 0.75140064227 0.78959978912 0.87231391417 1.60543237445 -176.2613563434 0.00091721022   -2 
  26 0.00000450488 0.00085018022 -37.524867438 0.14468097922 0.00500820455 0.05329286266 0.57875603473 0.52041199539 0.58752160303 0.56195209057 0.61136556037 0.60474096956 0.57000706959 0.59833714043 0.58401135110 0.57676418503 0.50109196210 0.59981052665 0.57136974375 0.62916490196 0.58432677260 0.58353771545 0.54375594134 0.59414396608 0.94113541019 0.75138595566 0.78958958921 0.87228263886 1.60544102753 -176.2613501261 0.00237916715   -2 
  27 0.00000450490 0.00085015885 -37.524740417 0.14467948468 0.00500827017 0.05329324047 0.57871912690 0.52045153596 0.58757305260 0.56191158036 0.61126280494 0.60466593050 0.56996543393 0.59837295467 0.58404139735 0.57675374299 0.50105325485 0.59982626548 0.57140101032 0.62918599870 0.58431585687 0.58351279683 0.54375511380 0.59412866649 0.94120727723 0.75134385918 0.78956024238 0.87219385423 1.60546195528 -176.2613347997 0.00053621639   -2 
  28 0.00000450492 0.00085016254 -37.524622416 0.14467684654 0.00500835475 0.05329372706 0.57875886368 0.52042230274 0.58755349240 0.56189778583 0.61122095935 0.60462655710 0.56993386142 0.59839439358 0.58406090582 0.57674182118 0.50101744893 0.59983676578 0.57142740450 0.62920276273 0.58430375517 0.58348679999 0.54375129584 0.59411026465 0.94126770573 0.75129994750 0.78953016448 0.87210414187 1.60547282529 -176.2613295622 0.00040485892   -2 
  29 0.00000450492 0.00085015380 -37.524671593 0.14467629657 0.00500837583 0.05329384972 0.57875248669 0.52041634141 0.58754546936 0.56189898842 0.61122361590 0.60462590200 0.56993068895 0.59839494424 0.58406195217 0.57673947245 0.50101163415 0.59983744951 0.57143088804 0.62920466696 0.58430122323 0.58348181799 0.54375003945 0.59410634544 0.94127554996 0.75129164839 0.78952436675 0.87208784195 1.60547229641 -176.2613289033 0.00078502927   -2 
  30 0.00000450495 0.00085016924 -37.524714588 0.14467248454 0.00500846676 0.05329437548 0.57872456207 0.52039468813 0.58751314867 0.56190683288 0.61124096238 0.60462779552 0.56992003081 0.59839582508 0.58406523882 0.57673029874 0.50098872251 0.59983990913 0.57144462189 0.62921211066 0.58429102369 0.58346164837 0.54374482435 0.59409027487 0.94130626966 0.75125801266 0.78950090373 0.87202179871 1.60546974583 -176.2613264574 0.00020588557   -2 
  31 0.00000450497 0.00085017400 -37.525112846 0.14467109986 0.00500855408 0.05329488676 0.57873758924 0.52040840439 0.58751665420 0.56190543162 0.61125723145 0.60463950847 0.56992169435 0.59838034100 0.58405348668 0.57672325612 0.50097993617 0.59983303697 0.57144224926 0.62920752388 0.58428280725 0.58344933127 0.54373829088 0.59407839051 0.94130247796 0.75123867820 0.78948566847 0.87198951455 1.60544985748 -176.2613255223 0.00061167141   -2 
  32 0.00000450498 0.00085016575 -37.525338608 0.14467074758 0.00500859360 0.05329511891 0.57874169432 0.52041367031 0.58751815674 0.56190456852 0.61126372903 0.60464436175 0.56992241173 0.59837342330 0.58404815604 0.57672013535 0.50097618217 0.59982985264 0.57144096093 0.62920530285 0.58427914568 0.58344391998 0.54373533420 0.59407312172 0.94130026321 0.75123022064 0.78947894859 0.87197553969 1.60544080672 -176.2613251330 0.00014228901   -2 
  33 0.00000450500 0.00085016681 -37.526008565 0.14466867480 0.00500870258 0.05329575813 0.57872660261 0.52041177149 0.58752572287 0.56190403123 0.61126623574 0.60465050740 0.56992631840 0.59836263734 0.58403837736 0.57671622749 0.50097248873 0.59982305498 0.57143592595 0.62919939064 0.58427267441 0.58343480562 0.54372912732 0.59406319838 0.94128966962 0.75121618972 0.78946724045 0.87195390178 1.60542351688 -176.2613247329 0.00022598864   -2 
  34 0.00000450501 0.00085017055 -37.526161207 0.14466809666 0.00500872837 0.05329590899 0.57872431244 0.52041093800 0.58752697565 0.56190389122 0.61126621620 0.60465145862 0.56992710645 0.59836055019 0.58403638244 0.57671546388 0.50097182040 0.59982158354 0.57143474197 0.62919805555 0.58427129998 0.58343289709 0.54372776180 0.59406106895 0.94128716277 0.75121326069 0.78946476186 0.87194950417 1.60541980789 -176.2613246738 0.00014809772   -2 
  35 0.00000450508 0.00085017540 -37.528318348 0.14466245105 0.00500903864 0.05329773018 0.57872190736 0.52038877431 0.58752375259 0.56189853713 0.61124912438 0.60464826437 0.56993089945 0.59834479601 0.58401860600 0.57670854290 0.50096745418 0.59980599087 0.57141977165 0.62918240423 0.58425754469 0.58341490220 0.54371303556 0.59403977521 0.94125518879 0.75118625992 0.78944047611 0.87191219094 1.60538075443 -176.2613240860 0.00018455890   -2 
  36 0.00000450509 0.00085017969 -37.528637839 0.14466153325 0.00500908330 0.05329799177 0.57872248330 0.52038765685 0.58752199966 0.56189754407 0.61124662490 0.60464675158 0.56993053964 0.59834352047 0.58401690191 0.57670767314 0.50096697113 0.59980415868 0.57141782741 0.62918042541 0.58425589356 0.58341286540 0.54371118759 0.59403727291 0.94125122438  0.7511832816 0.78943768961 0.87190836912 1.60537594003 -176.2613240156 0.00023504717   -2 
  37 0.00000450519 0.00085018247 -37.531675872 0.14465440622 0.00500947428 0.05330028351 0.57872671435 0.52038558588 0.58749980032 0.56188674682 0.61122404848 0.60462806077 0.56992247231 0.59833608922 0.58400528890 0.57670003470 0.50096292951 0.59978955133 0.57140143524 0.62916394949 0.58424258027 0.58339723793 0.54369599351 0.59401764296 0.94121866209 0.75116084822 0.78941589527 0.87188148785 1.60533773685 -176.2613234472 0.00018260031   -2 
  38 0.00000450521 0.00085018800 -37.532300092 0.14465285979 0.00500954936 0.05330072381 0.57872418241 0.52038730953 0.58749731682 0.56188505555 0.61122198238 0.60462437197 0.56991965287 0.59833595954 0.58400453593 0.57669867424 0.50096213316 0.59978768907 0.57139903080 0.62916155927 0.58424070004 0.58339531732 0.54369373052 0.59401509757 0.94121436895 0.75115829261 0.78941304636 0.87187915044 1.60533261038 -176.2613233295 0.00031842007   -2 
  39 0.00000450529 0.00085018964 -37.535233450 0.14464661890 0.00500988288 0.05330268091 0.57870812398 0.52039544404 0.58748783359 0.56187741602 0.61121493191 0.60460769788 0.56990543248 0.59833629032 0.58400245971 0.57669242136 0.50095830982 0.59978024008 0.57138902383 0.62915161204 0.58423291023 0.58338783707 0.54368429495 0.59400505910 0.94119718542 0.75114876792 0.78940173126 0.87187152030 1.60531143018 -176.2613228545 0.00015600946   -2 
  40 0.00000450549 0.00085019112 -37.544090330 0.14463345038 0.00501074673 0.05330776327 0.57872390131 0.52037564564 0.58750837215 0.56186937320 0.61123199367 0.60458822073 0.56986546915 0.59834110338 0.58400986842 0.57667588027 0.50094467887 0.59977409083 0.57137664403 0.62913878932 0.58422213954 0.58338356255 0.54367093309 0.59399818024 0.94118515206 0.75114870087 0.78939191097 0.87188790269 1.60528506144 -176.2613214620 0.00025108234   -2 
  41 0.00000450547 0.00085019424 -37.543116953 0.14463494235 0.00501065076 0.05330719884 0.57872078060 0.52037915663 0.58750513554 0.56187088599 0.61122965255 0.60459158872 0.56987125892 0.59834032550 0.58400891405 0.57667804033 0.50094633119 0.59977503258 0.57137841628 0.62914059278 0.58422359780 0.58338428211 0.54367273650 0.59399930023 0.94118704054 0.75114900853 0.78939337330 0.87188622048 1.60528867913 -176.2613213648 0.00021484163   -2 
  42 0.00000450545 0.00085019128 -37.542487892 0.14463634851 0.00501058269 0.05330679942 0.57871596291 0.52038325548 0.58750102563 0.56187274046 0.61122706829 0.60459582681 0.56987747994 0.59833921801 0.58400790713 0.57668000778 0.50094765255 0.59977606379 0.57138029458 0.62914245331 0.58422502456 0.58338516360 0.54367452007 0.59400067723 0.94118926335 0.75114969663 0.78939498962 0.87188525131 1.60529216519 -176.2613212475 0.00018215779   -2 
  43 0.00000450545 0.00085019408 -37.542206441 0.14463705698 0.00501055050 0.05330661051 0.57871325635 0.52038623003 0.58749834648 0.56187432369 0.61122549865 0.60459926745 0.56988198446 0.59833842612 0.58400732311 0.57668133329 0.50094843956 0.59977691947 0.57138172814 0.62914385193 0.58422606473 0.58338594228 0.54367581152 0.59400184775 0.94119119704 0.75115048928 0.78939628864 0.87188521483 1.60529489209 -176.2613211837 0.00012854120   -2 
  44 0.00000450544 0.00085019164 -37.542172641 0.14463776729 0.00501053746 0.05330653400 0.57871162865 0.52038851557 0.58749585621 0.56187599989 0.61122408362 0.60460323918 0.56988666758 0.59833745635 0.58400677664 0.57668254562 0.50094899762 0.59977793694 0.57138335659 0.62914540254 0.58422717755 0.58338696408 0.54367721554 0.59400336971 0.94119360932 0.75115173558 0.78939786281 0.87188581718 1.60529738666 -176.2613211262 0.00017233813   -2 
  45 0.00000450544 0.00085019402 -37.542206645 0.14463871142 0.00501052539 0.05330646393 0.57871068483 0.52039198646 0.58749245693 0.56187898646 0.61122215330 0.60461019410 0.56989461912 0.59833592990 0.58400603638 0.57668463037 0.50094989976 0.59977983776 0.57138628843 0.62914819210 0.58422917673 0.58338889312 0.54367971781 0.59400620564 0.94119809140 0.75115418475 0.78940076963 0.87188742002 1.60530208686 -176.2613210470 0.00011504725   -2 
  46 0.00000450544 0.00085019050 -37.542512132 0.14463962986 0.00501053510 0.05330652239 0.57871381547 0.52039280816 0.58749160711 0.56188154911 0.61122139064 0.60461677695 0.56990199841 0.59833463898 0.58400566535 0.57668668548 0.50095066437 0.59978210508 0.57138963362 0.62915136899 0.58423146000 0.58339133421 0.54368259403 0.59400972758 0.94120353013 0.75115741636 0.78940433778 0.87189004428 1.60530773815 -176.2613209605 0.00023585920   -2 
  47 0.00000450545 0.00085019311 -37.542888003 0.14464039332 0.00501055146 0.05330661968 0.57871841948 0.52039341251 0.58749179950 0.56188442226 0.61122118348 0.60462394057 0.56990999023 0.59833349396 0.58400551523 0.57668906395 0.50095157295 0.59978481285 0.57139352502 0.62915507987 0.58423415120 0.58339425042 0.54368595088 0.59401388609 0.94120988766 0.75116130653 0.78940855091 0.87189337511 1.60531437515 -176.2613208557 0.00011572302   -2 
  48 0.00000450546 0.00085018962 -37.543476534 0.14464101099 0.00501058609 0.05330682548 0.57872267495 0.52039258362 0.58749526111 0.56188665911 0.61122288449 0.60462959669 0.56991649783 0.59833327778 0.58400614790 0.57669158944 0.50095261828 0.59978798398 0.57139785945 0.62915925318 0.58423727711 0.58339776920 0.54368982382 0.59401881410 0.94121733470 0.75116607556 0.78941349767 0.87189797035 1.60532175766 -176.2613207761 0.00018917026   -2 
  49 0.00000450546 0.00085019145 -37.544021616 0.14464128256 0.00501062210 0.05330703829 0.57872605960 0.52039199114 0.58749933579 0.56188850757 0.61122513825 0.60463389617 0.56992150979 0.59833359371 0.58400708445 0.57669387209 0.50095363619 0.59979090621 0.57140174086 0.62916301529 0.58424014365 0.58340101740 0.54369333066 0.59402330813 0.94122402294 0.75117050589 0.78941804055 0.87190243760 1.60532868943 -176.2613207081 0.00013297067   -2 
  50 0.00000450548 0.00085018713 -37.544799024 0.14464128246 0.00501068149 0.05330738713 0.57872584752 0.52039189014 0.58750576785 0.56188964028 0.61122960567 0.60463566645 0.56992400573 0.59833552915 0.58400924216 0.57669638407 0.50095500357 0.59979435089 0.57140603430 0.62916725692 0.58424356235 0.58340498141 0.54369743865 0.59402865288 0.94123139512 0.75117593744 0.78942352499 0.87190840563 1.60533699443 -176.2613206025 0.00024908398   -2 
  51 0.00000450550 0.00085018887 -37.545866626 0.14464092494 0.00501076830 0.05330789627 0.57872534674 0.52039250060 0.58751479660 0.56189113171 0.61123625851 0.60463724575 0.56992646749 0.59833877830 0.58401261406 0.57669983514 0.50095700037 0.59979910437 0.57141182868 0.62917302438 0.58424828400 0.58341046743 0.54370306240 0.59403597260 0.94124139898 0.75118345600 0.78943109787 0.87191684664 1.60534859762 -176.2613204759 0.00010146361   -2 
  52 0.00000450554 0.00085018498 -37.547331335 0.14463916639 0.00501093176 0.05330885203 0.57872308285 0.52040161959 0.58751237514 0.56188981634 0.61124309025 0.60462617448 0.56991446647 0.59834773973 0.58401944302 0.57670168653 0.50095978449 0.59980229101 0.57141441393 0.62917603623 0.58425200599 0.58341507565 0.54370719442 0.59404141578 0.94124636340 0.75118978506 0.78943717046 0.87192577135 1.60535824843 -176.2613202058 0.00026738302   -2 
  53 0.00000450555 0.00085018813 -37.547726355 0.14463854886 0.00501097899 0.05330912791 0.57872315873 0.52040393254 0.58751164688 0.56188955118 0.61124479125 0.60462318660 0.56991109562 0.59835021538 0.58402132751 0.57670214352 0.50096055948 0.59980308919 0.57141499457 0.62917674704 0.58425296084 0.58341626487 0.54370824179 0.59404278845 0.94124749332 0.75119143190 0.78943873008 0.87192813760 1.60536066678 -176.2613201337 0.00009509595    0 
-- Found new optimum with likelihood -176.261320133779009 and gradient 0.00010

---- Best joint likelihood found -176.261320133779009 with gradient 0.00010

---- Results for /scratch/40841218/tmp4xo7l8k9 
--  Model: C
--        eps_an     theta_bar             a 
-- 0.00000450555 0.00085018813            -1 
--           S_d             b           p_b           S_b 
-- -37.547726355 0.14463854886 0.00501097899 0.05330912791 
--           r 2           r 3           r 4           r 5           r 6           r 7           r 8           r 9          r 10          r 11          r 12          r 13          r 14          r 15          r 16          r 17          r 18          r 19          r 20          r 21          r 22          r 23          r 24 
-- 0.57872315873 0.52040393254 0.58751164688 0.56188955118 0.61124479125 0.60462318660 0.56991109562 0.59835021538 0.58402132751 0.57670214352 0.50096055948 0.59980308919 0.57141499457 0.62917674704 0.58425296084 0.58341626487 0.54370824179 0.59404278845 0.94124749332 0.75119143190 0.78943873008 0.87192813760 1.60536066678 

---- Expected P_neut(i), 0 < i < n (neutral SFS per site) 
E[P_neut(1)] = 0.0008501846
E[P_neut(2)] = 0.0002460108
E[P_neut(3)] = 0.0001474799
E[P_neut(4)] = 0.0001248734
E[P_neut(5)] = 0.0000955421
E[P_neut(6)] = 0.0000866119
E[P_neut(7)] = 0.0000734346
E[P_neut(8)] = 0.0000605663
E[P_neut(9)] = 0.0000565232
E[P_neut(10)] = 0.0000496527
E[P_neut(11)] = 0.0000445732
E[P_neut(12)] = 0.0000354926
E[P_neut(13)] = 0.0000392266
E[P_neut(14)] = 0.0000347008
E[P_neut(15)] = 0.0000356613
E[P_neut(16)] = 0.0000310454
E[P_neut(17)] = 0.0000291774
E[P_neut(18)] = 0.0000256810
E[P_neut(19)] = 0.0000265818
E[P_neut(20)] = 0.0000400121
E[P_neut(21)] = 0.0000304125
E[P_neut(22)] = 0.0000305083
E[P_neut(23)] = 0.0000322315
E[P_neut(24)] = 0.0000568727

---- Expected P_sel(i), 0 < i < n (selected SFS per site) 
E[P_sel(1)] = 0.0006472711
E[P_sel(2)] = 0.0001677488
E[P_sel(3)] = 0.0000945882
E[P_sel(4)] = 0.0000768717
E[P_sel(5)] = 0.0000570509
E[P_sel(6)] = 0.0000504865
E[P_sel(7)] = 0.0000419621
E[P_sel(8)] = 0.0000340285
E[P_sel(9)] = 0.0000312936
E[P_sel(10)] = 0.0000271350
E[P_sel(11)] = 0.0000240772
E[P_sel(12)] = 0.0000189712
E[P_sel(13)] = 0.0000207659
E[P_sel(14)] = 0.0000182079
E[P_sel(15)] = 0.0000185587
E[P_sel(16)] = 0.0000160333
E[P_sel(17)] = 0.0000149609
E[P_sel(18)] = 0.0000130796
E[P_sel(19)] = 0.0000134525
E[P_sel(20)] = 0.0000201277
E[P_sel(21)] = 0.0000152114
E[P_sel(22)] = 0.0000151764
E[P_sel(23)] = 0.0000159505
E[P_sel(24)] = 0.0000280056

---- alpha_dfe = 0.010551

