---- Running command
---- ./polyDFE -d /scratch/40841142/tmpwfb2qaxd -m C -i /scratch/40841142/tmp83kq19rz 1 -v 1 
---- Performing inference using model C

---- Performing inference on /scratch/40841142/tmpwfb2qaxd
----      with -i /scratch/40841142/tmp83kq19rz 1
---- Data /scratch/40841142/tmpwfb2qaxd does not contain divergence counts. Using option -w.
---- No mutation variability. Using Poisson likelihood.


---- Using provided initial values

-- Starting local optimization
-- Optimizing all parameters
  it        eps_an     theta_bar           S_d             b           p_b           S_b           r 2           r 3           r 4           r 5           r 6           r 7           r 8           r 9          r 10          r 11          r 12          r 13          r 14          r 15          r 16          r 17          r 18          r 19           ln lk          grad status 
   0 0.00000449744  0.0008503307 -68.014330000     0.1127644   0.003905648    0.03800569     0.5669393     0.5649833     0.5475162     0.4995644     0.5648594     0.6039999     0.4662727     0.5802472     0.5323765     0.5838853     0.5587549     0.5490204     0.5681745     0.5012596     0.6027202     0.6738647     0.7739941      1.427315 -145.8245332437 0.93462134083   -2 
   1 0.00000449743 0.00083574357 -68.028952265 0.11290616550 0.00390560512 0.03800566653 0.56650698750 0.56337087537 0.54563498921 0.50091709677 0.56453674139 0.60377181370 0.46654482239 0.58090862174 0.52962610331 0.58299971141 0.56067646839 0.54912539382 0.56774206301 0.50184031891 0.60272018443 0.67273689264 0.77286715590 1.42327974019 -144.9576138604 0.53007908932   -2 
   2 0.00000449742 0.00085200096 -67.274848715 0.11065872271 0.00390622148 0.03800556065 0.57374936664 0.55527858638 0.53251972296 0.51780418250 0.56477635913 0.60481200210 0.47104430353 0.58992642765 0.50448722378 0.57608614011 0.58199740361 0.55162223074 0.56481157143 0.50878880288 0.60409549245 0.66303170782 0.76350705556 1.38866732479 -142.5319304729 1.22619594721   -2 
   3 0.00000449739 0.00083113944 -65.896816588 0.10698631711 0.00390724279 0.03800526389 0.58408197457 0.53605787121 0.50333179453 0.55562693710 0.56396962111 0.60583581443 0.48066332758 0.60979449287 0.45086088808 0.55991243399 0.63271918613 0.55677950471 0.55759695580 0.52463737544 0.60669439249 0.64067183574 0.74172253855 1.31080002045 -138.3114079286 0.27426286232   -2 
   4 0.00000449738 0.00082703348 -65.629498957 0.10686604132 0.00390725825 0.03800507677 0.56345256060 0.54914509106 0.51337701859 0.54580012432 0.56263425885 0.60431102648 0.48094629066 0.61023709605 0.44054067702 0.55618810990 0.64194254707 0.55725904991 0.55503543560 0.52875052488 0.60665140792 0.63383781648 0.73513520858 1.29753821994 -137.4297307256 0.47217958278   -2 
   5 0.00000449737 0.00083370061 -65.500056712 0.10668244872 0.00390730600 0.03800501692 0.55919873909 0.55310485898 0.51670582035 0.54272622052 0.56231468695 0.60391406851 0.48105203149 0.61036891367 0.43734446609 0.55505866994 0.64490010858 0.55744291756 0.55423258551 0.53013477019 0.60666585576 0.63164256635 0.73303619835 1.29358881217 -137.1912350344 0.14880796377   -2 
   6 0.00000449736 0.00083276535 -65.046453525 0.10683456269 0.00390722151 0.03800463153 0.57138895682 0.55405521414 0.52509929826 0.52819240854 0.55921814940 0.60034305663 0.47980372509 0.60812334981 0.42376022211 0.54944249822 0.65481074515 0.55715229772 0.54966921689 0.53581469434 0.60571507916 0.62058698965 0.72235715375 1.27673506036 -136.7746605392 0.07603367685   -2 
   7 0.00000449736 0.00083110638 -64.936607754 0.10684847288 0.00390720706 0.03800453858 0.57069978199 0.55255237775 0.52461708404 0.52746425706 0.55891083664 0.59992166800 0.47951689498 0.60763212033 0.42144950425 0.54850243410 0.65618194584 0.55704157274 0.54875995662 0.53692181639 0.60548089180 0.61836358522 0.72026058878 1.27430789377 -136.7452420786 0.15141884313   -2 
   8 0.00000449734 0.00083395008 -64.284351373 0.10665404057 0.00390720885 0.03800404649 0.56656405410 0.54472751565 0.52138060909 0.52500087448 0.55767431765 0.59807731163 0.47811202841 0.60520785547 0.40976324196 0.54379144080 0.66320539878 0.55651933489 0.54408170362 0.54283052660 0.60430862951 0.60685076347 0.70944102483 1.26239824393 -136.6275672093 0.11642636777   -2 
   9 0.00000449734 0.00083548362 -64.275969506 0.10661413031 0.00390722014 0.03800404670 0.56663582996 0.54510871307 0.52128571846 0.52526539699 0.55770063935 0.59811983842 0.47811409550 0.60522939047 0.40997732960 0.54387499343 0.66295598666 0.55649913567 0.54413155414 0.54272436959 0.60429874324 0.60698217187 0.70957485535 1.26268109973 -136.6151914560 0.04482481828   -2 
  10 0.00000449734 0.00083508273 -64.081740878 0.10641164694 0.00390725109 0.03800388211 0.56454279031 0.54895681234 0.51754908996 0.52915353866 0.55719427873 0.59778766016 0.47737358243 0.60444805310 0.41081059527 0.54388325665 0.65944919295 0.55563155171 0.54353816470 0.54201391656 0.60347258946 0.60611029905 0.70887510906 1.26413932311 -136.5822810608 0.02417939529   -2 
  11 0.00000449734 0.00083437180 -64.022204385 0.10640563359 0.00390724266 0.03800381802 0.56548766225 0.54777419116 0.51766852565 0.52907326189 0.55707716555 0.59766052902 0.47719827986 0.60424485742 0.41075934202 0.54376573875 0.65891132823 0.55540984755 0.54329899556 0.54192663433 0.60323583032 0.60568513154 0.70849703717 1.26407331286 -136.5780806145 0.04768360587   -2 
  12 0.00000449734 0.00083493967 -63.949992918 0.10636983388 0.00390724204 0.03800374874 0.56637958163 0.54675300250 0.51778075754 0.52906535276 0.55697967521 0.59755326969 0.47702354882 0.60404710590 0.41072408332 0.54365696987 0.65833122407 0.55518001926 0.54305218878 0.54183642149 0.60298914965 0.60523951116 0.70810603709 1.26405591023 -136.5744361990 0.01777442739   -2 
  13 0.00000449733 0.00083471009 -63.358166457 0.10613863804 0.00390721024 0.03800314208 0.56499447792 0.54460396460 0.51727399571 0.52973987431 0.55616306865 0.59669236163 0.47561280980 0.60246992597 0.41060149999 0.54281630604 0.65348575046 0.55327020534 0.54106439162 0.54095260443 0.60093330617 0.60170626253 0.70501931240 1.26403235010 -136.5618740648 0.03556296699   -2 
  14 0.00000449733 0.00083522450 -63.220402226 0.10608028486 0.00390720392 0.03800300019 0.56470647315 0.54432224861 0.51714389562 0.52985055959 0.55598598792 0.59650398823 0.47531023917 0.60213240642 0.41056992878 0.54262773615 0.65245475503 0.55284978182 0.54062554811 0.54075015305 0.60047661736 0.60092817088 0.70433932878 1.26399892180 -136.5603569136 0.01873592126   -2 
  15 0.00000449732 0.00083498105 -62.860603853 0.10604161503 0.00390714321 0.03800257582 0.56386452557 0.54578383056 0.51637732165 0.52930630545 0.55545110901 0.59592868293 0.47467394611 0.60140476625 0.41036728836 0.54207759000 0.65062258716 0.55187128763 0.53959760916 0.54014015622 0.59936740520 0.59918013231 0.70278601600 1.26325415138 -136.5556284756 0.01852475952   -2 
  16 0.00000449732 0.00083525719 -62.822443328 0.10603987603 0.00390713541 0.03800252823 0.56388572351 0.54594653044 0.51631231506 0.52921404713 0.55541057236 0.59588253200 0.47463516533 0.60136017215 0.41034016927 0.54202693313 0.65053736427 0.55179576908 0.53951609820 0.54007949081 0.59927533715 0.59904526245 0.70266544910 1.26314283064 -136.5552081980 0.01209689945   -2 
  17 0.00000449732 0.00083504910 -62.599027029 0.10613940338 0.00390704673 0.03800219704 0.56457920312 0.54669145273 0.51593986126 0.52827165184 0.55520350667 0.59563183833 0.47458175158 0.60128378542 0.41009114768 0.54172654271 0.65085586796 0.55151667825 0.53919666301 0.53969652323 0.59887058637 0.59858074109 0.70222961671 1.26205563702 -136.5533481321 0.01013207942   -2 
  18 0.00000449732 0.00083541255 -62.500372145 0.10619041152 0.00390700261 0.03800204020 0.56463067060 0.54662534617 0.51595045876 0.52801588603 0.55520801268 0.59561860169 0.47465008493 0.60135871398 0.40999043976 0.54165296787 0.65127481135 0.55150411448 0.53916453752 0.53957180706 0.59880117416 0.59855840655 0.70220380829 1.26163457083 -136.5527218530 0.02420139918   -2 
  19 0.00000449731 0.00083531488 -61.917163328 0.10655484912 0.00390671676 0.03800107949 0.56452670519 0.54586234669 0.51605882725 0.52658667836 0.55524696349 0.59555697986 0.47508987328 0.60183739204 0.40937925059 0.54123041808 0.65393060158 0.55148406072 0.53902892422 0.53883867646 0.59844177254 0.59853326441 0.70214154259 1.25911340076 -136.5491361041 0.01112936951   -2 
  20 0.00000449730 0.00083577779 -61.587561672 0.10671719602 0.00390656377 0.03800052881 0.56382627243 0.54562941503 0.51624751746 0.52711627783 0.55538494795 0.59571419474 0.47530453537 0.60207330338 0.40923474129 0.54124510625 0.65493661205 0.55167528020 0.53918186095 0.53869291688 0.59852759324 0.59884389780 0.70242143248 1.25882422940 -136.5472849901 0.03331248594   -2 
  21 0.00000449729 0.00083534974 -61.254786825 0.10690028919 0.00390640124 0.03799996066 0.56312275776 0.54539569422 0.51640859213 0.52771812485 0.55550954366 0.59586600790 0.47550381905 0.60228918958 0.40910219383 0.54127340608 0.65588235723 0.55187716710 0.53934908176 0.53856417296 0.59863254128 0.59917882231 0.70272246034 1.25861642231 -136.5453044262 0.01451745074   -2 
  22 0.00000449729 0.00083486847 -60.717945430 0.10718848299 0.00390613907 0.03799903699 0.56275349688 0.54527473665 0.51660123910 0.52879866642 0.55570046938 0.59612189887 0.47577036936 0.60257749564 0.40897836071 0.54139911201 0.65705948562 0.55223727310 0.53966948349 0.53846465340 0.59888229591 0.59977766603 0.70326884807 1.25871030390 -136.5437575962 0.03173675953   -2 
  23 0.00000449727 0.00083491197 -59.867678175 0.10763330764 0.00390572530 0.03799756286 0.56257625838 0.54523336276 0.51689869341 0.53049161044 0.55601498554 0.59654392735 0.47618026889 0.60302488605 0.40882581135 0.54163736240 0.65879176037 0.55282510042 0.54020032126 0.53835740586 0.59931403877 0.60074910630 0.70416110778 1.25904489307 -136.5414279903 0.02625398529   -2 
  24 0.00000449723 0.00083261637 -57.688150963 0.10888827002 0.00390460608 0.03799364435 0.56564734992 0.54634523929 0.51727810760 0.53345350977 0.55673135615 0.59755011724 0.47697689848 0.60392442282 0.40886407247 0.54254060355 0.66152586302 0.55436061898 0.54166904163 0.53856730142 0.60067398053 0.60327417954 0.70652725676 1.26152348787 -136.5307630051 0.05325130922   -2 
  25 0.00000449723 0.00083333376 -57.600071898 0.10892433145 0.00390456555 0.03799348869 0.56576805448 0.54649488612 0.51733021557 0.53341044098 0.55679346093 0.59761646700 0.47701032524 0.60397408056 0.40891794882 0.54261453195 0.66150752221 0.55442853696 0.54173961073 0.53863330081 0.60075524527 0.60336787489 0.70662643457 1.26177753422 -136.5278708038 0.02617105111   -2 
  26 0.00000449722 0.00083333701 -57.042832631 0.10931508221 0.00390424578 0.03799242602 0.56444554196 0.54835741063 0.51784822025 0.52973572140 0.55743208407 0.59815539865 0.47706512311 0.60428297237 0.41011180959 0.54359858345 0.65885040105 0.55482554920 0.54227070638 0.53999478547 0.60162619327 0.60369215358 0.70717069332 1.26573620689 -136.5116633913 0.01656067578   -2 
  27 0.00000449722 0.00083321675 -56.925173799 0.10940187913 0.00390417639 0.03799219840 0.56424881050 0.54864688458 0.51794105889 0.52900014930 0.55755729124 0.59826097773 0.47707297677 0.60434496896 0.41037832787 0.54381046584 0.65825729479 0.55490529616 0.54238143147 0.54030169471 0.60181471675 0.60375012359 0.70727942957 1.26658788542 -136.5111121190 0.01682029705   -2 
  28 0.00000449721 0.00083318915 -56.613289714 0.10963649364 0.00390398705 0.03799158103 0.56560435208 0.54738638918 0.51790139369 0.52822057572 0.55770775393 0.59839855962 0.47705713823 0.60447298909 0.41127922009 0.54440225630 0.65633276062 0.55504280714 0.54263807381 0.54140037684 0.60236689121 0.60371570531 0.70745095499 1.26888612120 -136.5063965534 0.01177537922   -2 
  29 0.00000449721 0.00083285375 -56.555113389 0.10968128811 0.00390394988 0.03799146087 0.56548665036 0.54718563782 0.51785881814 0.52852152799 0.55768720294 0.59839042756 0.47706034872 0.60449114354 0.41142937493 0.54447880354 0.65610122112 0.55505353503 0.54267101207 0.54160972847 0.60245767764 0.60368090574 0.70746049062 1.26913140933 -136.5057222944 0.02424446803   -2 
  30 0.00000449721 0.00083317759 -56.281890043 0.10984291803 0.00390379215 0.03799091255 0.56490461083 0.54645992340 0.51771054395 0.53018519172 0.55760845654 0.59837493594 0.47710360775 0.60460176185 0.41210262250 0.54481919446 0.65519095241 0.55511131800 0.54282596196 0.54256753502 0.60287476346 0.60352350344 0.70751050222 1.27015487527 -136.5028964587 0.00839635141   -2 
  31 0.00000449720 0.00083260854 -55.943891280 0.11005482403 0.00390358786 0.03799021376 0.56514009141 0.54783825779 0.51770493851 0.53147034606 0.55746206227 0.59828683128 0.47717714849 0.60465883515 0.41246677052 0.54489448275 0.65535073687 0.55512484620 0.54290587849 0.54330840153 0.60316007879 0.60333174201 0.70750593236 1.26998197283 -136.5007611093 0.01786650525   -2 
  32 0.00000449720 0.00083280280 -55.879882223 0.11008822052 0.00390355152 0.03799008381 0.56522318542 0.54805991654 0.51773134544 0.53164537185 0.55745814513 0.59829022233 0.47719965290 0.60468033560 0.41252246475 0.54490831718 0.65542083977 0.55513449571 0.54292451002 0.54343087687 0.60321128062 0.60330711925 0.70751373868 1.26994677332 -136.5003978636 0.00971965563   -2 
  33 0.00000449717 0.00083179475 -54.585423497 0.11090447155 0.00390275352 0.03798735543 0.56718084470 0.54906059915 0.51917795662 0.53109112928 0.55828022181 0.59907710391 0.47792163927 0.60542387736 0.41289391018 0.54501646225 0.65869975387 0.55556462292 0.54337444580 0.54496398077 0.60401174426 0.60327580788 0.70797647957 1.26871259722 -136.4936201428 0.01888621084   -2 
  34 0.00000449712 0.00083080003 -52.584634078 0.11220708153 0.00390148325 0.03798300484 0.56567157401 0.54866186880 0.52064761345 0.53029584091 0.55988060400 0.60068071255 0.47917774804 0.60687450649 0.41336330301 0.54554900316 0.66338076711 0.55656858235 0.54432160267 0.54687541767 0.60532023265 0.60379598109 0.70914951942 1.26866705584 -136.4842876905 0.03741954002   -2 
  35 0.00000449712 0.00083124442 -52.261099798 0.11241158835 0.00390127773 0.03798229083 0.56550003432 0.54859884962 0.52080524810 0.53024307694 0.56012376772 0.60093442571 0.47937666469 0.60711280833 0.41344100744 0.54566189535 0.66405049888 0.55674846072 0.54448934927 0.54715642611 0.60553635955 0.60391603295 0.70936602399 1.26880565289 -136.4827486778 0.01928492866   -2 
  36 0.00000449702 0.00083014001 -48.201474827 0.11542443915 0.00389847082 0.03797279190 0.56558495341 0.54678404372 0.51756337919 0.53273378294 0.56131785867 0.60281700981 0.48109605488 0.60953110339 0.41426131548 0.54800994456 0.66698743075 0.55948198128 0.54697908314 0.54890416406 0.60810235269 0.60691258592 0.71299624390 1.27691834070 -136.4629344609 0.02503015632   -2 
  37 0.00000449696 0.00082759651 -45.775879877 0.11743235668 0.00389664919 0.03796666493 0.56672517206 0.54915852293 0.51812027654 0.53416468181 0.56133873334 0.60315757610 0.48161814119 0.61040643027 0.41485432995 0.54957777675 0.66626161492 0.56106994434 0.54849010415 0.54933454359 0.60953112596 0.60916732251 0.71533799872 1.28307240789 -136.4498703542 0.08988849019   -2 
  38 0.00000449690 0.00082738658 -43.611689648 0.11929180664 0.00389495989 0.03796093821 0.56790801182 0.55154168879 0.51892051079 0.53551995659 0.56142232125 0.60351627942 0.48211610565 0.61124183257 0.41544313924 0.55107391693 0.66551421414 0.56256824298 0.54992125342 0.54973206285 0.61088380689 0.61131713397 0.71755636577 1.28891100633 -136.4373428764 0.02139878409   -2 
  39 0.00000449686 0.00082687620 -42.277762954 0.12046662027 0.00389385617 0.03795718409 0.56638866219 0.55122797937 0.52232669346 0.53557639329 0.56250574026 0.60433636879 0.48252417756 0.61186797642 0.41622023313 0.55206031947 0.66478229503 0.56341938159 0.55084547999 0.55003390286 0.61182236781 0.61284917903 0.71898432860 1.29189571208 -136.4287843080 0.01540817321   -2 
  40 0.00000449687 0.00082677431 -42.421448055 0.12034249496 0.00389397341 0.03795758740 0.56661657542 0.55120803632 0.52193655683 0.53554278628 0.56241354004 0.60426509969 0.48248462677 0.61180344750 0.41614935490 0.55194755817 0.66487779503 0.56331889918 0.55074189611 0.55000824458 0.61172180209 0.61268103762 0.71882340607 1.29151176615 -136.4284996885 0.00953423414   -2 
  41 0.00000449687 0.00082696149 -42.459297934 0.12030809064 0.00389399423 0.03795766323 0.56708008466 0.55092000270 0.52179661240 0.53538816757 0.56258468514 0.60438884634 0.48251970955 0.61182985998 0.41622903354 0.55189823474 0.66501541937 0.56325406705 0.55070632225 0.55005616253 0.61171673593 0.61264029517 0.71875963459 1.29107262724 -136.4278936633 0.01479813174   -2 
  42 0.00000449687 0.00082677983 -42.486787027 0.12029149820 0.00389400422 0.03795770834 0.56739344822 0.55067314859 0.52169304048 0.53524913775 0.56273293024 0.60449515733 0.48254956873 0.61185192708 0.41630299927 0.55185722986 0.66512819917 0.56319854126 0.55067767295 0.55009852365 0.61171531089 0.61261083721 0.71870816018 1.29069331412 -136.4275674382 0.00490379262   -2 
  43 0.00000449687 0.00082668425 -42.480771963 0.12029903961 0.00389397767 0.03795762996 0.56701367558 0.55064476061 0.52181020112 0.53512489321 0.56297636211 0.60468384034 0.48262167551 0.61192401085 0.41646887948 0.55184432603 0.66527883130 0.56315057070 0.55067669069 0.55019069106 0.61176177996 0.61263586380 0.71869194010 1.29025494996 -136.4272703694 0.01005455608   -2 
  44 0.00000449687 0.00082682762 -42.476962257 0.12029908103 0.00389396521 0.03795759003  0.5668880813 0.55063966332 0.52186596724 0.53507240057 0.56309104963 0.60477418711 0.48265764765 0.61196046038 0.41655022674 0.55183978965 0.66535296139 0.56312880626 0.55067750606 0.55023676059 0.61178576442 0.61264939505 0.71868570949 1.29005001682 -136.4271491678 0.00347466977   -2 
  45 0.00000449686 0.00082673559 -42.457987895 0.12033020292 0.00389388663 0.03795736327 0.56720129336 0.55058594974 0.52195297939 0.53488427014 0.56343834581 0.60506242885 0.48278861028 0.61208190216 0.41691482381 0.55180304473 0.66565306165 0.56301364613 0.55066856985 0.55044444500 0.61188627456 0.61270217006 0.71864004533 1.28912489555 -136.4268896821 0.00167624099   -2 
  46 0.00000449686 0.00082667963 -42.426317165 0.12037969608 0.00389376219 0.03795700224 0.56724319972 0.55084821789 0.52190634478 0.53508722543 0.56341217128 0.60511575529 0.48289338473 0.61218772440 0.41724047332 0.55182448773 0.66589446638 0.56296121979 0.55069797661 0.55067458134 0.61201948291 0.61279172538 0.71864695467 1.28872960691 -136.4267979600 0.00150760415   -2 
  47 0.00000449685 0.00082666962 -42.390758774 0.12043013078 0.00389362820 0.03795661116 0.56723443669 0.55091142828 0.52191964453 0.53527456542 0.56335698025 0.60512545856 0.48297378614 0.61227696680 0.41748278753 0.55187503833 0.66606964071 0.56295753686 0.55074710720 0.55087465988 0.61214874523 0.61288884356 0.71868814845 1.28865806878 -136.4267556677 0.00236081590   -2 
  48 0.00000449685 0.00082661764 -42.386081565 0.12043733428 0.00389361043 0.03795655969 0.56723354067 0.55088783597 0.52192924683 0.53527877941 0.56335434388 0.60512344378 0.48297772922 0.61228266536 0.41749393671 0.55188396473 0.66607678080 0.56296450444 0.55075506463 0.55089019743 0.61216119417 0.61289993703 0.71869767831 1.28869618559 -136.4267424441 0.00319340742   -2 
  49 0.00000449685 0.00082664245 -42.326951484 0.12050679619 0.00389340225 0.03795594377 0.56728665763 0.55054676966 0.52209253468 0.53526924214 0.56336198979 0.60510725175 0.48300929278 0.61234096739 0.41755252871 0.55200723580 0.66611294153 0.56308357601 0.55086226868 0.55103956477 0.61229884522 0.61303224199 0.71883543400 1.28934620873 -136.4266078264 0.00228031676   -2 
  50 0.00000449682 0.00082653473 -42.137919062 0.12071116241 0.00389275361 0.03795401385 0.56714982937 0.55083417125 0.52223458042 0.53502696162 0.56353488624 0.60513883473 0.48301093211 0.61241019235 0.41738658246 0.55232906906 0.66600854375 0.56349625947 0.55116416111 0.55124937967 0.61258404203 0.61335581040 0.71926571742 1.29137321712 -136.4262962821 0.00295191115   -2 
  51 0.00000449682 0.00082658752 -42.095351763 0.12075334889 0.00389261096 0.03795358737 0.56723196471 0.55090220621 0.52222116613 0.53504599487 0.56357259310 0.60517327227 0.48302038788 0.61243035337 0.41735078620 0.55237612287 0.66600483987 0.56356643046 0.55121632167 0.55127306198 0.61262820457 0.61341037237 0.71934399269 1.29161849776 -136.4262418977 0.00671077900   -2 
  52 0.00000449680 0.00082634556 -41.937675862 0.12092004407 0.00389207482 0.03795199031 0.56754768092 0.55112431969 0.52213591383 0.53515709164 0.56370229781 0.60531128872 0.48305856231 0.61250365390 0.41721871486 0.55252994477 0.66600209060 0.56380815977 0.55139690173 0.55134359591 0.61277660489 0.61359864172 0.71961908397 1.29237153565 -136.4260397383 0.00361582705   -2 
  53 0.00000449677 0.00082634279 -41.680998427 0.12117146331 0.00389121149 0.03794940668 0.56767209537 0.55124333377 0.52210842247 0.53557028799 0.56391193954 0.60562931887 0.48320002505 0.61269611128 0.41710971222 0.55270638388 0.66615795579 0.56410448456 0.55163951005 0.55142262373 0.61297436480 0.61385354698 0.71999661151 1.29278777592 -136.4257833639 0.01318713355   -2 
  54 0.00000449672 0.00082590392 -41.278914630 0.12157983959 0.00388984103 0.03794531117 0.56777785410 0.55138158249 0.52208006358 0.53621226703 0.56422933968 0.60612323774 0.48342767679 0.61300177173 0.41695415133 0.55297383482 0.66641944919 0.56455643276 0.55201372132 0.55154452954 0.61328046799 0.61424813745 0.72058029692 1.29335300034 -136.4254109707 0.00536012635   -2 
  55 0.00000449668 0.00082594145 -40.929965509 0.12192020099 0.00388864556 0.03794172511 0.56734570562 0.55125223509 0.52250666418 0.53639113988 0.56440646289 0.60640772465 0.48370502334 0.61334016994 0.41711135339 0.55315715831 0.66687205281 0.56479479782 0.55227015367 0.55170826497 0.61353834137 0.61454103261 0.72096886023 1.29325510873 -136.4248629616 0.01201477007   -2 
  56 0.00000449666 0.00082573309 -40.813914680 0.12204002035 0.00388824100 0.03794051519 0.56721540507 0.55119872156 0.52264793653 0.53641690867 0.56445179422 0.60648327875 0.48379601111 0.61344929227 0.41718032541 0.55321287001 0.66702923528 0.56486205285 0.55234896411 0.55176575994 0.61362198506 0.61463350816 0.72108774374 1.29319429103 -136.4246872860 0.00560224474   -2 
  57 0.00000449660 0.00082548107 -40.332483332 0.12252698657 0.00388654592 0.03793543665 0.56762299280 0.55111221031 0.52318117063 0.53602256511 0.56447835138 0.60651067144 0.48415960784 0.61386180836 0.41777658849 0.55338819467 0.66779439474 0.56495182921 0.55257624392 0.55208620421 0.61395168781 0.61494268730 0.72140950301 1.29268732345 -136.4239999409 0.00358001335   -2 
  58 0.00000449657 0.00082526929 -40.087800524 0.12277122793 0.00388565808 0.03793277371 0.56779605150 0.55140972421 0.52308048042 0.53586907405 0.56449351314 0.60644800453 0.48428220242 0.61399779882 0.41820212700 0.55347642691 0.66813690625 0.56492589867 0.55264629145 0.55231253751 0.61412096367 0.61506640169 0.72148680367 1.29271423541 -136.4237979923 0.00512892001   -2 
  59 0.00000449657 0.00082534281 -40.071716323 0.12278421509 0.00388559936 0.03793259562 0.56778938124 0.55143765512 0.52305903413 0.53587949188 0.56450167605 0.60644845545 0.48428598185 0.61400283828 0.41823366028 0.55348478349 0.66815254798 0.56492339023 0.55264979900 0.55233221117 0.61413341418 0.61507378621 0.72148875691 1.29275366248 -136.4237550317 0.00370041467   -2 
  60 0.00000449656 0.00082528542 -40.000610960 0.12284506195 0.00388531624 0.03793174233 0.56753884490 0.55156093586 0.52282454158 0.53606847658 0.56457393659 0.60646868061 0.48425610287 0.61397736187 0.41839518354 0.55353258266 0.66815158619 0.56489754786 0.55264911944 0.55245216581 0.61419197410 0.61509351922 0.72146303948 1.29321128709 -136.4236053723 0.00213559729   -2 
  61 0.00000449655 0.00082532696 -39.991580318 0.12285128119 0.00388527614 0.03793162106 0.56754534330 0.55155159606 0.52280028588 0.53610836659 0.56458778479 0.60647765214 0.48424450587 0.61396686223 0.41841418504 0.55354090124 0.66813611212 0.56489395588 0.55264678438 0.55247245698 0.61419977281 0.61509382796 0.72145460881 1.29332021839 -136.4235920716 0.00313127372   -2 
  62 0.00000449655 0.00082525548 -39.955652376 0.12288197457 0.00388510184 0.03793109961 0.56761298639 0.55145963730 0.52270885508 0.53628364515 0.56464368664 0.60651800369 0.48418117454 0.61390769932 0.41848587333 0.55357506928 0.66804322037 0.56487630269 0.55263104784 0.55256106860 0.61422934837 0.61508886268 0.72140858972 1.29383690006 -136.4235399696 0.00107596447   -2 
  63 0.00000449655 0.00082528304 -39.959187846 0.12287956711 0.00388510851 0.03793112029 0.56762606811 0.55146911532 0.52276431820 0.53624734611 0.56463554637 0.60651984456 0.48418474662 0.61391295699 0.41846989838 0.55357373665 0.66803928212 0.56488128117 0.55263176204 0.55255583273 0.61422654217 0.61508774223 0.72141039522 1.29381442910 -136.4235335080 0.00204225054   -2 
  64 0.00000449655 0.00082525581 -39.963752195 0.12287833596 0.00388511225 0.03793113423 0.56764207675 0.55147715467 0.52284269917 0.53619699780 0.56462380453 0.60652292375 0.48418726722 0.61391796951 0.41844693965 0.55357225020 0.66802877485 0.56488790308 0.55263178918 0.55255039088 0.61422267217 0.61508526696 0.72141088128 1.29379678398 -136.4235252115 0.00045838238   -2 
  65 0.00000449655 0.00082526827 -39.964387516 0.12287900096 0.00388508752 0.03793106228 0.56765434301 0.55146919974 0.52288135683 0.53619097027 0.56462663727 0.60653719853 0.48418085628 0.61391588083 0.41843024505 0.55357844114 0.66800082967 0.56489527377 0.55263038072 0.55256026287 0.61422419521 0.61508227245 0.72140474122 1.29387524070 -136.4235226449 0.00111294389   -2 
  66 0.00000449655 0.00082525226 -39.964847584 0.12288021280 0.00388506616 0.03793100060 0.56766055886 0.55146221827 0.52290765533 0.53618768450 0.56462892770 0.60654813705 0.48417530659 0.61391368830 0.41841716313 0.55358339618 0.66797800845 0.56490095273 0.55262905245 0.55256853788 0.61422543881 0.61507972227 0.72139946097 1.29393989809 -136.4235208036 0.00038767625   -2 
  67 0.00000449654 0.00082525731 -39.964211575 0.12288320842 0.00388499092 0.03793078235 0.56765030305 0.55146485493 0.52290990702 0.53620991863 0.56464333949 0.60657443061 0.48416288557 0.61390981678 0.41839182187 0.55359997506 0.66792526854 0.56491635931 0.55262716618 0.55259696905 0.61423283928 0.61507517445 0.72138657320 1.29412463607 -136.4235179029 0.00042513619   -2 
  68 0.00000449654 0.00082525048 -39.964098885 0.12288367073 0.00388498341 0.03793076064 0.56764964939 0.55146556971 0.52290695443 0.53621184046 0.56464418767 0.60657538638 0.48416227663 0.61390967512 0.41839055428 0.55360114119 0.66792242429 0.56491737961 0.55262710236 0.55259921784 0.61423352506 0.61507495487 0.72138573502 1.29413604748 -136.4235176633 0.00032701803   -2 
  69 0.00000449654 0.00082525525 -39.962628676 0.12288588340 0.00388492595 0.03793059225 0.56765433425 0.55147704222 0.52287230200 0.53622657708 0.56464951352 0.60657587691 0.48416220423 0.61391156978 0.41838824123 0.55360848578 0.66791508561 0.56492339881 0.55262815737 0.55261401822 0.61423930794 0.61507530340 0.72138270539 1.29418645850 -136.4235164718 0.00028722772   -2 
  70 0.00000449654 0.00082525096 -39.962359138 0.12288637807 0.00388491578 0.03793056265 0.56765459500 0.55147808050 0.52286760588 0.53622825209 0.56465002221 0.60657541025 0.48416243127 0.61391195741 0.41838832080 0.55360945743 0.66791484083 0.56492418404 0.55262839107 0.55261618816 0.61424023447 0.61507545923 0.72138241942 1.29419184492 -136.4235163731 0.00017052640   -2 
  71 0.00000449653 0.00082525511 -39.957778402 0.12289166098 0.00388477237 0.03793014495 0.56765826712 0.55147934444 0.52284012694 0.53623653843 0.56465227921 0.60656255548 0.48417200189 0.61392102719 0.41839976274 0.55361851426 0.66793361688 0.56493140964 0.55263391600 0.55263910166 0.61425256487 0.61508121233 0.72138531611 1.29420125262 -136.4235154969 0.00044357261   -2 
  72 0.00000449653 0.00082524764 -39.956183505 0.12289370180 0.00388472186 0.03792999821 0.56765824077 0.55147896349 0.52283351377 0.53623838629 0.56465271469 0.60655843088 0.48417515555 0.61392391125 0.41840376020 0.55362129100 0.66794020541 0.56493365666 0.55263578355 0.55264647567 0.61425662130 0.61508319766 0.72138642225 1.29420248749 -136.4235152137 0.00031737534   -2 
  73 0.00000449651 0.00082524572 -39.936933809 0.12291519165 0.00388413150 0.03792828497 0.56765155095 0.55147165437 0.52283203688 0.53624445058 0.56465702662 0.60652795842 0.48420938557 0.61395467123 0.41845022495 0.55364795009 0.66801735824 0.56495632801 0.55265804582 0.55271936495 0.61429979551 0.61510766260 0.72140430961 1.29418634945 -136.4235122706 0.00055490575   -2 
  74 0.00000449651 0.00082523338 -39.933489084 0.12291932719 0.00388402493 0.03792797579 0.56765093917 0.55147125101 0.52283633152 0.53624449033 0.56465780500 0.60652572376 0.48421416326 0.61395897150 0.41845736184 0.55365179074 0.66802876734 0.56495982468 0.55266174642 0.55273018221 0.61430652898 0.61511183387 0.72140770709 1.29418340586 -136.4235117213 0.00056891640   -2 
  75 0.00000449647 0.00082521377 -39.900880190 0.12295566488 0.00388303048 0.03792508741 0.56766658650 0.55148546961 0.52291699935 0.53624210388 0.56467010532 0.60653811289 0.48424868594 0.61399150458 0.41851387438 0.55368154956 0.66811500574 0.56498932802 0.55269519118 0.55281196797 0.61436184506 0.61515030971 0.72144311091 1.29416484906 -136.4235067731 0.00051176584   -2 
  76 0.00000449646 0.00082519311 -39.893086666 0.12296478647 0.00388279149 0.03792439364 0.56767144967 0.55149253456 0.52293202583 0.53624416370 0.56467540712 0.60655084161 0.48425297009 0.61399669864 0.41852235387 0.55368680782 0.66812604232 0.56499547606 0.55270258021 0.55282378211 0.61437189017 0.61515911413 0.72145278832 1.29417051724 -136.4235057434 0.00094265270   -2 
  77 0.00000449641 0.00082516126 -39.844181777 0.12301946757 0.00388130297 0.03792007152 0.56771119773 0.55154693774 0.52301749704 0.53626581904 0.56471565173 0.60664883874 0.48427432153 0.61402699751 0.41856664827 0.55371793223 0.66817907044 0.56503356821 0.55274864517 0.55288406128 0.61442976695 0.61521437083 0.72151669425 1.29422919418 -136.4234992491 0.00069627511   -2 
  78 0.00000449639 0.00082512473 -39.823412020 0.12304326041 0.00388066717 0.03791822481 0.56771492651 0.55156169382 0.52302608360 0.53628372041 0.56473664791 0.60669313335 0.48428036595 0.61403986758 0.41857687640 0.55373085296 0.66818815700 0.56505011387 0.55276801349 0.55289732014 0.61444982316 0.61523789074 0.72154661094 1.29428009712 -136.4234961759 0.00154827159   -2 
  79 0.00000449629 0.00082507832 -39.739965652 0.12313626782 0.00387812119 0.03791082548 0.56773060398 0.55161829929 0.52304611347 0.53636269503 0.56482460420 0.60687052277 0.48430476092 0.61409389142 0.41861325550 0.55378404603 0.66821858821 0.56511787207 0.55284638338 0.55294365869 0.61452832384 0.61533297024 0.72166920496 1.29450449195 -136.4234831448 0.00085562211   -2 
  80 0.00000449628 0.00082508547 -39.727799981 0.12314938555 0.00387775054 0.03790974770 0.56773285851 0.55162146296 0.52304448418 0.53637409122 0.56483625081 0.60688920706 0.48430927004 0.61410306822 0.41861695824 0.55379259210 0.66822226223 0.56512826205 0.55285778757 0.55294823736 0.61453899846 0.61534679798 0.72168742850 1.29454327757 -136.4234818649 0.00087406661   -2 
  81 0.00000449628 0.00082508547 -39.727799981 0.12314938555 0.00387775054 0.03790974770 0.56773285851 0.55162146296 0.52304448418 0.53637409122 0.56483625081 0.60688920706 0.48430927004 0.61410306822 0.41861695824 0.55379259210 0.66822226223 0.56512826205 0.55285778757 0.55294823736 0.61453899846 0.61534679798 0.72168742850 1.29454327757 -136.4234818649           NAN   -8 
  82 0.00000449628 0.00082507093 -39.727760350 0.12314970727 0.00387774688 0.03790973740 0.56773068101 0.55161507320 0.52303926489 0.53637310828 0.56483429978 0.60688089379 0.48431001077 0.61410402358 0.41861513779 0.55379318988 0.66822122153 0.56512860732 0.55285759971 0.55294582410 0.61453802103 0.61534659655 0.72168758640 1.29454864343 -136.4234805499 0.00092311930   -2 
  83 0.00000449628 0.00082509941 -39.726267016 0.12314883236 0.00387769203 0.03790957724 0.56771660879 0.55153303060 0.52296933564 0.53636393144 0.56481021105 0.60676177120 0.48432383451 0.61412205083 0.41858922122 0.55380467124 0.66820874095 0.56513598512 0.55285667749 0.55291100644 0.61452529313 0.61534542385 0.72169243590 1.29463704808 -136.4234699223 0.00033342845   -2 
  84 0.00000449628 0.00082511002 -39.725837466 0.12314817427 0.00387767615 0.03790953060 0.56771144721 0.55154539114 0.52296994761 0.53635947278 0.56480533433 0.60675123366 0.48432322823 0.61412080508 0.41858328783 0.55380433625 0.66820414456 0.56513544096 0.55285485140 0.55290268982 0.61452109899 0.61534358254 0.72169130756 1.29464468526 -136.4234691777 0.00076151013   -2 
  85 0.00000449628 0.00082510074 -39.724946716 0.12314739294 0.00387763818 0.03790941936 0.56769812319 0.55157244436 0.52297130774 0.53634837695 0.56479351090 0.60672763356 0.48432110867 0.61411694621 0.41856926906 0.55380293210 0.66819287399 0.56513364834 0.55285016684 0.55288303819 0.61451091135 0.61533884934 0.72168809717 1.29465990309 -136.4234676711 0.00020128156   -2 
  86 0.00000449627 0.00082510360 -39.723677780 0.12314611686 0.00387757883 0.03790924621 0.56771626596 0.55156340529 0.52297606992 0.53634167324 0.56478621736 0.60672034136 0.48431628735 0.61410967216 0.41855395805 0.55379898830 0.66818009297 0.56512969006 0.55284340083 0.55286010107 0.61449800895 0.61533171100 0.72168213221 1.29466466716 -136.4234668584 0.00040606590   -2 
  87 0.00000449627 0.00082509768 -39.723356684 0.12314592785 0.00387756212 0.03790919749 0.56771881604 0.55156047337 0.52297688909 0.53634007089 0.56478445848 0.60671883980 0.48431493094 0.61410767320 0.41854998394 0.55379783543 0.66817675001 0.56512854118 0.55284154456 0.55285406729 0.61449455615 0.61532974097 0.72168042694 1.29466532732 -136.4234666750 0.00018380908   -2 
  88 0.00000449627 0.00082510154 -39.721261764 0.12314403429 0.00387745010 0.03790887447 0.56769675487 0.55154506459 0.52297680344 0.53633859905 0.56478166886 0.60672169393 0.48430805482 0.61409822163 0.41853092304 0.55379124550 0.66816162192 0.56512187472 0.55283141514 0.55282290711 0.61447630355 0.61531866557 0.72167062617 1.29466179029 -136.4234659616 0.00011789841   -2 
  89 0.00000449627 0.00082510294 -39.721385870 0.12314418859 0.00387745541 0.03790888999 0.56769925860 0.55154720060 0.52297596428 0.53633874052 0.56478197013 0.60672157569 0.48430852321 0.61409893988 0.41853259253 0.55379159952 0.66816293315 0.56512222768 0.55283209102 0.55282542069 0.61447766659 0.61531937987 0.72167122299 1.29466092516 -136.4234659362 0.00011357342   -2 
  90 0.00000449627 0.00082510083 -39.721490707 0.12314453950 0.00387745599 0.03790889198 0.56770266199 0.55155083627 0.52297347587 0.53633883947 0.56478236424 0.60672152230 0.48430890259 0.61409968273 0.41853485770 0.55379169848 0.66816463662 0.56512231321 0.55283266414 0.55282852433 0.61447913401 0.61531992797 0.72167160966 1.29465781353 -136.4234658988 0.00007458786    0 
-- Found new optimum with likelihood -136.423465898892346 and gradient 0.00007

---- Best joint likelihood found -136.423465898892346 with gradient 0.00007

---- Results for /scratch/40841142/tmpwfb2qaxd 
--  Model: C
--        eps_an     theta_bar             a 
-- 0.00000449627 0.00082510083            -1 
--           S_d             b           p_b           S_b 
-- -39.721490707 0.12314453950 0.00387745599 0.03790889198 
--           r 2           r 3           r 4           r 5           r 6           r 7           r 8           r 9          r 10          r 11          r 12          r 13          r 14          r 15          r 16          r 17          r 18          r 19 
-- 0.56770266199 0.55155083627 0.52297347587 0.53633883947 0.56478236424 0.60672152230 0.48430890259 0.61409968273 0.41853485770 0.55379169848 0.66816463662 0.56512231321 0.55283266414 0.55282852433 0.61447913401 0.61531992797 0.72167160966 1.29465781353 

---- Expected P_neut(i), 0 < i < n (neutral SFS per site) 
E[P_neut(1)] = 0.0008250974
E[P_neut(2)] = 0.0002342051
E[P_neut(3)] = 0.0001516945
E[P_neut(4)] = 0.0001078761
E[P_neut(5)] = 0.0000885065
E[P_neut(6)] = 0.0000776669
E[P_neut(7)] = 0.0000715150
E[P_neut(8)] = 0.0000499504
E[P_neut(9)] = 0.0000562993
E[P_neut(10)] = 0.0000345333
E[P_neut(11)] = 0.0000415395
E[P_neut(12)] = 0.0000459420
E[P_neut(13)] = 0.0000358681
E[P_neut(14)] = 0.0000325818
E[P_neut(15)] = 0.0000304095
E[P_neut(16)] = 0.0000316883
E[P_neut(17)] = 0.0000298653
E[P_neut(18)] = 0.0000330816
E[P_neut(19)] = 0.0000562257

---- Expected P_sel(i), 0 < i < n (selected SFS per site) 
E[P_sel(1)] = 0.0006268929
E[P_sel(2)] = 0.0001611607
E[P_sel(3)] = 0.0000989971
E[P_sel(4)] = 0.0000679779
E[P_sel(5)] = 0.0000543464
E[P_sel(6)] = 0.0000467247
E[P_sel(7)] = 0.0000423037
E[P_sel(8)] = 0.0000291264
E[P_sel(9)] = 0.0000324213
E[P_sel(10)] = 0.0000196683
E[P_sel(11)] = 0.0000234255
E[P_sel(12)] = 0.0000256766
E[P_sel(13)] = 0.0000198825
E[P_sel(14)] = 0.0000179246
E[P_sel(15)] = 0.0000166125
E[P_sel(16)] = 0.0000171981
E[P_sel(17)] = 0.0000161095
E[P_sel(18)] = 0.0000177416
E[P_sel(19)] = 0.0000299903

---- alpha_dfe = 0.007484

