---- Running command
---- ./polyDFE -d /scratch/38996038/tmpuxkimbwr -m C -i /scratch/38996038/tmppnly6l8d 1 -v 1 
---- Performing inference using model C

---- Performing inference on /scratch/38996038/tmpuxkimbwr
----      with -i /scratch/38996038/tmppnly6l8d 1
---- Data /scratch/38996038/tmpuxkimbwr does not contain divergence counts. Using option -w.
---- No mutation variability. Using Poisson likelihood.


---- Using provided initial values

-- Starting local optimization
-- Optimizing all parameters
  it     theta_bar           S_d             b           r 2           r 3           r 4           r 5           r 6           r 7           r 8           r 9          r 10          r 11          r 12          r 13          r 14          r 15          r 16          r 17          r 18          r 19           ln lk          grad status 
   0   0.003173891 -107.30439999     0.3296192     0.9469638     0.9230956     0.9466103     0.9502794     0.8771146     0.9116737     0.9146468     0.9159601     0.9612144     0.8649103      0.980338     0.9128444     0.9628696     0.9582216      1.012621      1.209005      1.301762      1.559119 -260.9150373171 1.10079267597   -2 
   1 0.00311235749 -106.38421142 0.32338421248 0.95053260694 0.95555870743 0.93294332194 0.92453542098 0.87519728204 0.93265409018 0.91563775275 0.91596104467 0.97053788178 0.85829756469 0.98927711578 0.90299258587 0.94596287911 0.95770663384 1.02178747143 1.20288245733 1.29144848440 1.56715893849 -256.9516570070 1.87804904799   -2 
   2 0.00312764553 -106.07564421 0.32156020424 0.95274514147 0.96441227576 0.92992723844 0.91787350886 0.87495414807 0.93922798486 0.91617697682 0.91617174973 0.97360861251 0.85640757366 0.99223069521 0.90007138250 0.94086223952 0.95767257994 1.02481525782 1.20113517109 1.28840476775 1.56990633800 -255.9776370118 0.82731049646   -2 
   3 0.00315165677 -106.59502715 0.32848679813 0.95690077133 0.97406798131 0.92493560399 0.90175070504 0.87431837314 0.95946590688 0.91785057905 0.91678903429 0.98395451885 0.84969148219 1.00254294949 0.88952343209 0.92247701798 0.95744622727 1.03586163355 1.19466366923 1.27722056151 1.57967042761 -254.2414397865 0.47431929937   -2 
   4 0.00315268798 -106.05589641 0.32760256628 0.95054740718 0.95380513310 0.93051633695 0.89670008362 0.87565873901 0.98294008792 0.92140590698 0.91893126623 0.99980255136 0.84046688078 1.01940653388 0.87371081201 0.89413231310 0.95789426884 1.05522358467 1.18522232351 1.26018232363 1.59693360612 -252.9767176708 0.22382751344   -2 
   5 0.00314554279 -105.99553290 0.32760948606 0.95091151918 0.95408719964 0.93067540616 0.89851530184 0.87557441285 0.98165147307 0.92132933919 0.91891169384 1.00009498416 0.83995559444 1.02013867038 0.87264332834 0.89213037394 0.95788253130 1.05660904751 1.18450056742 1.25890130417 1.59797882028 -252.9240265185 0.43556421120   -2 
   6 0.00314047460 -105.49314402 0.32650457509 0.95439543406 0.95720772499 0.93193408182 0.90933733804 0.87538172518 0.97388045422 0.92102768549 0.91895156012 1.00142221821 0.83752855726 1.02390724778 0.86725794249 0.88186951929 0.95793996715 1.06402438781 1.18089056846 1.25237741076 1.60360292035 -252.6791149056 0.16473434534   -2 
   7 0.00314588486 -105.47110671 0.32795130310 0.95421212500 0.95862960500 0.93231441126 0.91233233181 0.87554381505 0.97053890271 0.92096662631 0.91905812825 1.00144827327 0.83696762547 1.02498090740 0.86550762084 0.87825785868 0.95806397164 1.06690002295 1.17970947857 1.25011305790 1.60571142380 -252.6240512882 0.05520870098   -2 
   8 0.00314642192 -105.30558492 0.32784332429 0.95169568781 0.95788753417 0.93213912196 0.91006525451 0.87607354487 0.96994461597 0.92118732091 0.91935735955 1.00080605708 0.83750699888 1.02477773851 0.86552533831 0.87758333016 0.95836677093 1.06802854979 1.17975396234 1.24982997661 1.60647921226 -252.6104867518 0.04395639335   -2 
   9 0.00314870901 -105.15607171 0.32824011007 0.95209588553 0.95717087527 0.93165386475 0.90823155343 0.87627966719 0.96921723064 0.92121779158 0.91949657735 1.00001380302 0.83796771779 1.02444235849 0.86544742291 0.87674527258 0.95860886581 1.06917505882 1.17968432263 1.24939286629 1.60714805645 -252.6037731282 0.07069643338   -2 
  10 0.00314821840 -105.11003581 0.32837469916 0.95220073138 0.95696547678 0.93149200280 0.90772674845 0.87631418339 0.96899069283 0.92121063687 0.91952440004 0.99969026349 0.83809998439 1.02432946816 0.86541566981 0.87647720370 0.95867691965 1.06952405997 1.17965333928 1.24924703316 1.60734156153 -252.6025917519 0.03178638821   -2 
  11 0.00314717570 -105.00140148 0.32815134357 0.95239647165 0.95722113201 0.93142658553 0.90802168413 0.87616269249 0.96887600158 0.92112334706 0.91947167679 0.99941263380 0.83817106514 1.02419655919 0.86535301651 0.87617497405 0.95871745965 1.06984680207 1.17958620319 1.24906114504 1.60747401846 -252.6003530775 0.03783313002   -2 
  12 0.00314647741 -104.97898852 0.32816062609 0.95241235460 0.95727875775 0.93141093709 0.90811787507 0.87611474319 0.96884875850 0.92109501122 0.91945216705 0.99934991681 0.83818545334 1.02415853930 0.86533344311 0.87609105356 0.95872560448 1.06993040451 1.17956474403 1.24900759339 1.60750384842 -252.5999105203 0.02624335322   -2 
  13 0.00314687563 -104.77284485 0.32856661992 0.95260110897 0.95791514500 0.93146343140 0.90927168633 0.87570570020 0.96872581736 0.92086420788 0.91928936560 0.99891643828 0.83832989539 1.02383591064 0.86516220081 0.87529453251 0.95882371702 1.07076137039 1.17938139048 1.24851393579 1.60782249973 -252.5968529216 0.01699827497   -2 
  14 0.00314722916 -104.69673918 0.32862393661 0.95255197402 0.95792605343 0.93152996191 0.90949214784 0.87566520901 0.96875152405 0.92084270991 0.91927549865 0.99886352098 0.83838211028 1.02378077995 0.86513228524 0.87509163817 0.95886788574 1.07100829666 1.17935356779 1.24840168535 1.60794019571 -252.5964784271 0.03572375927   -2 
  15 0.00314647003 -104.42550360 0.32887907801 0.95224017717 0.95778725361 0.93176199476 0.91014351729 0.87556607449 0.96887089132 0.92078871190 0.91924086917 0.99872427754 0.83856714361 1.02360587427 0.86503498987 0.87438786457 0.95903011152 1.07188144132 1.17926629887 1.24801905768 1.60836461322 -252.5951253189 0.01758145149   -2 
  16 0.00314654023 -104.19314911 0.32905390739 0.95218385002 0.95751197235 0.93190920654 0.91020693946 0.87567509764 0.96906035572 0.92086119672 0.91930187946 0.99878741458 0.83872325064 1.02358607589 0.86502159869 0.87397373900 0.95918764865 1.07250909793 1.17927671123 1.24783873002 1.60873159378 -252.5943717701 0.04036506190   -2 
  17 0.00314575097 -103.99770216 0.32925018897 0.95213731267 0.95726027987 0.93200482862 0.91017075763 0.87579125146 0.96922675172 0.92093798389 0.91936544127 0.99886841262 0.83885424757 1.02358871487 0.86502050922 0.87364908399 0.95932468387 1.07302590747 1.17929851748 1.24770740403 1.60904425480 -252.5936886898 0.02086058635   -2 
  18 0.00314593988 -103.69169345 0.32960693528 0.95231666306 0.95712274637 0.93204315489 0.90971339996 0.87613325352 0.96953424938 0.92118197965 0.91956904856 0.99919130529 0.83905963128 1.02375396086 0.86511267310 0.87339028388 0.95956788732 1.07368291341 1.17944927601 1.24770041373 1.60954570239 -252.5926500163 0.03336350220   -2 
  19 0.00314542330 -103.58360395 0.32976070344 0.95235969880 0.95711473417 0.93203592650 0.90951563735 0.87626637531 0.96964233910 0.92128225680 0.91965412035 0.99932816609 0.83913203217 1.02383574848 0.86515963790 0.87333676530 0.95965880012 1.07389299916 1.17952093199 1.24772878303 1.60972559316 -252.5922617453 0.01921501526   -2 
  20 0.00314517676 -103.28775369 0.33008292730 0.95245111520 0.95757000584 0.93197626114 0.90893482263 0.87670906986 0.96993989997 0.92166787818 0.91999589792 0.99988649664 0.83933142595 1.02424900570 0.86541163291 0.87353837719 0.95994091313 1.07424376209 1.17987173914 1.24807836949 1.61022342281 -252.5912983878 0.02457552499   -2 
  21 0.00314465964 -103.21782770 0.33016887087 0.95244573594 0.95769615055 0.93196625159 0.90882671575 0.87681339099 0.97000713245 0.92176989119 0.92008957149 1.00004287494 0.83938029695 1.02437183799 0.86548937404 0.87363466729 0.96001425783 1.07429913015 1.17997813926 1.24820053970 1.61034560205 -252.5910730362 0.01918142900   -2 
  22 0.00314385930 -102.94484832 0.33039382121 0.95243033123 0.95829300825 0.93203912818 0.90870722406 0.87720994408 0.97026538424 0.92222361915 0.92052485407 1.00076456428 0.83958574243 1.02498234046 0.86589318768 0.87428587292 0.96033491389 1.07435470054 1.18052196057 1.24889750901 1.61084429476 -252.5902564332 0.02068966859   -2 
  23 0.00314304527 -102.84562476 0.33052450438 0.95246024166 0.95843523117 0.93212969184 0.90883184921 0.87733818953 0.97036164293 0.92240883627 0.92071393576 1.00106002164 0.83967564839 1.02526554091 0.86609197637 0.87465087352 0.96047746025 1.07431883106 1.18078869070 1.24926056814 1.61105433232 -252.5898560228 0.03614689380   -2 
  24 0.00314204684 -102.43361467 0.33100287876 0.95276853715 0.95893784800 0.93264127414 0.90962188853 0.87785056234 0.97078266218 0.92319479710 0.92152986406 1.00229399736 0.84007428969 1.02649803027 0.86697380610 0.87630506510 0.96109960957 1.07411561808 1.18197131575 1.25088663217 1.61196380737 -252.5881195640 0.01689340515   -2 
  25 0.00314148441 -102.35809981 0.33112212912 0.95288284837 0.95892672055 0.93279107500 0.90988459647 0.87792745959 0.97088184384 0.92333646091 0.92168847129 1.00250013362 0.84017208837 1.02674432764 0.86716859484 0.87667629200 0.96124055074 1.07407484129 1.18223543634 1.25125125928 1.61217184076 -252.5878847275 0.02333866176   -2 
  26 0.00314144290 -102.26913581 0.33123749316 0.95307563668 0.95886986573 0.93301008550 0.91026711062 0.87800880692 0.97101880434 0.92349641378 0.92187507984 1.00271323282 0.84030450546 1.02703422051 0.86741195787 0.87713825904 0.96142135852 1.07403592174 1.18256745831 1.25170779718 1.61244240682 -252.5875813260 0.01019704498   -2 
  27 0.00314111731 -102.24625403 0.33127232866 0.95313909052 0.95880231441 0.93311085433 0.91045495374 0.87801526191 0.97108603470 0.92352672754 0.92192416549 1.00272293879 0.84037060756 1.02711297027 0.86750344287 0.87730749332 0.96149842569 1.07404434959 1.18269642186 1.25188125209 1.61256349740 -252.5874866470 0.01332199231   -2 
  28 0.00314111097 -102.22429160 0.33128609809 0.95321272229 0.95873562856 0.93322934680 0.91067227088 0.87801690705 0.97116987518 0.92354848654 0.92196923819 1.00270314467 0.84045148685 1.02718399033 0.86760236761 0.87748561017 0.96158721142 1.07406888593 1.18283790250 1.25206839359 1.61270638504 -252.5873919248 0.00690130673   -2 
  29 0.00314085722 -102.21920179 0.33129158144 0.95322077388 0.95871822387 0.93330711584 0.91082604795 0.87800469928 0.97124621087 0.92353763019 0.92198123649 1.00262217113 0.84052893925 1.02720179373 0.86767304000 0.87760317694 0.96166319903 1.07412055632 1.18294418072 1.25220245439 1.61283470794 -252.5873315330 0.01088735362   -2 
  30 0.00314087367 -102.21556754 0.33128470249 0.95323156250 0.95872531637 0.93338755582 0.91098306982 0.87799269925 0.97133378483 0.92352131437 0.92198993731 1.00251719292 0.84061827336 1.02721190798 0.86774865467 0.87772439486 0.96174893362 1.07418858782 1.18305941105 1.25234515883 1.61298114557 -252.5872713716 0.00596067450   -2 
  31 0.00314072387 -102.22378677 0.33129138348 0.95322423202 0.95879961213 0.93342853898 0.91107959794 0.87798165180 0.97142479528 0.92348840324 0.92198220544 1.00236084272 0.84072351760 1.02719107579 0.86782166823 0.87782896761 0.96184639671 1.07429425816 1.18317646594 1.25248262453 1.61315090991 -252.5872083444 0.00949647510   -2 
  32 0.00314082164 -102.23036988 0.33128766262 0.95323061520 0.95886520815 0.93345118568 0.91113224549 0.87797800858 0.97148837124 0.92346565581 0.92197581090 1.00224760274 0.84079969428 1.02717240265 0.86787215644 0.87789800079 0.96191677099 1.07437596998 1.18325838756 1.25257707123 1.61327389516 -252.5871692333 0.00504324753   -2 
  33 0.00314071393 -102.24656570 0.33128463384 0.95325853965   0.958951266 0.93343158931 0.91110525055 0.87798605559 0.97154224532 0.92343886512 0.92196028376 1.00211077770 0.84088809936 1.02713066653 0.86792070154 0.87795130211 0.96199938744 1.07449493054 1.18334285334 1.25266727099 1.61341830654 -252.5871254911 0.00802206299   -2 
  34 0.00314080831 -102.25664414 0.33127266161 0.95328531052 0.95900105143 0.93341595938 0.91107452338 0.87799572222 0.97157019709 0.92342576505 0.92195141953 1.00203453566 0.84094000447 1.02710367699 0.86794750210 0.87797710891 0.96204851511 1.07457043791 1.18339067906 1.25271651084 1.61350392508 -252.5870993229 0.00459526585   -2 
  35 0.00314069740 -102.27830674 0.33124611492 0.95332148149 0.95902847328 0.93337087076 0.91096762791 0.87802201717 0.97158398089 0.92341418738 0.92193588601 1.00194070970 0.84100817427 1.02705197920 0.86797490713 0.87798776700 0.96211679689 1.07469620696 1.18344640690 1.25276607760 1.61362069184 -252.5870633693 0.00618759023   -2 
  36 0.00314077203 -102.28881001 0.33122712573 0.95333800465 0.95903121850 0.93335234169 0.91091423095 0.87803671112 0.97158433396 0.92341224230 0.92192969595 1.00190671792 0.84103578570 1.02702798031 0.86798429599 0.87798632943 0.96214577717 1.07475436608 1.18346751672 1.25278262581 1.61366938321 -252.5870474682 0.00444361391   -2 
  37 0.00314072944 -102.32170947 0.33118817972 0.95333448535 0.95896835272 0.93331228061 0.91077205468 0.87807246266 0.97154777469 0.92341741176 0.92191431926 1.00187188708 0.84107670640 1.02696663479 0.86798665911 0.87794887177 0.96219717318 1.07488590125 1.18348954126 1.25278561064 1.61374987651 -252.5870078269 0.00642073582   -2 
  38 0.00314085479 -102.33843076 0.33116521252 0.95332965630 0.95893429505 0.93329844370 0.91071028263 0.87808829284 0.97152426672 0.92342181543 0.92190722308 1.00186450298 0.84109042558 1.02693747717 0.86798356776 0.87792426869 0.96221749736 1.07494578637 1.18349384943 1.25277932002 1.61377972936 -252.5869898231 0.00486301457   -2 
  39 0.00314094885 -102.38769383 0.33112725344 0.95327186090 0.95882970715 0.93327750664 0.91059753193 0.87810496369 0.97143316208 0.92343120265 0.92188450899 1.00188805095 0.84108834478 1.02686516820 0.86795158428 0.87783154355 0.96223865441 1.07506288686 1.18346779648 1.25272162814 1.61379721119 -252.5869442685 0.00684597121   -2 
  40 0.00314113064 -102.41059666 0.33110301903 0.95324955921 0.95879152241 0.93327243678 0.91056259150 0.87810562504 0.97138745760 0.92343398106 0.92187291795 1.00190622759 0.84107841944 1.02683307987 0.86793131593 0.87778277700 0.96224049848 1.07510633695 1.18344692929 1.25268553483 1.61379037503 -252.5869230115 0.00584553793   -2 
  41 0.00314129828 -102.50462254 0.33101677774 0.95315979041 0.95868986259 0.93325196286 0.91051171833 0.87805358314 0.97118913349 0.92342134304 0.92181252307 1.00199680485 0.84098599706 1.02671075499 0.86781949979 0.87756301528 0.96219775061 1.07520236876 1.18331273139 1.25249105593 1.61367116777 -252.5868401642 0.00883705522   -2 
  42 0.00314152260 -102.54653268 0.33096537333 0.95314026565 0.95866494561 0.93324182489 0.91050568468 0.87802031762 0.97110262759 0.92340950485 0.92178225038 1.00203773341 0.84093462825 1.02665685432 0.86776329453 0.87746015516 0.96216811811 1.07522866365 1.18324225258 1.25239391271 1.61359893171 -252.5868039809 0.00770580924   -2 
  43 0.00314155055 -102.64423198 0.33084824817 0.95313479050 0.95865496123 0.93319635344 0.91052928855 0.87790601161 0.97091652637 0.92335290627 0.92169739308 1.00211133810 0.84078516054 1.02653448105 0.86761577866 0.87721717798 0.96206358064 1.07522401864 1.18304788125 1.25214243521 1.61336967429 -252.5867112201 0.00720395144   -2 
  44 0.00314170081 -102.68259962 0.33079523235 0.95315185947 0.95866731385 0.93317426814 0.91054649618 0.87785351303 0.97085430467 0.92332153971 0.92166004172 1.00212847554 0.84071828970 1.02648784367 0.86755312628 0.87712195438 0.96201097297 1.07519986632 1.18296225955 1.25203636734 1.61326059319 -252.5866828033 0.00686209288   -2 
  45 0.00314167643 -102.73821307 0.33073205152 0.95318543601 0.95869898179 0.93312744870 0.91057531973 0.87776396412 0.97078941201 0.92325618800 0.92159770997 1.00212465359 0.84060924582 1.02642434088 0.86745670453 0.87699215392 0.96191366001 1.07511787654 1.18282462352 1.25187520756 1.61306978583 -252.5866377576 0.00615088341   -2 
  46 0.00314183060 -102.77187627 0.33069041009 0.95321099292 0.95872470601 0.93309561969 0.91059338168 0.87770548405 0.97076910237 0.92320523722 0.92155559480 1.00210234612 0.84053591245 1.02638876544 0.86739454668 0.87691863830 0.96184048142 1.07503696418 1.18273192801 1.25177215758 1.61293257365 -252.5866138747 0.00630878274   -2 
  47 0.00314186346 -102.82006230 0.33064568347 0.95322381524 0.95874895374 0.93304266676 0.91060831253 0.87761944275 0.97076576062 0.92311744417 0.92148980049 1.00203708615 0.84042545712 1.02634219572 0.86730390514 0.87682636129 0.96171908294 1.07487913067 1.18259135728 1.25162352690 1.61271311510 -252.5865775494 0.00633784003   -2 
  48 0.00314208649 -102.85376421 0.33060766761 0.95321621614 0.95875343374 0.93300583381 0.91060847887 0.87756086576 0.97078416148 0.92304495868 0.92143941908 1.00196486573 0.84034277510 1.02631242253 0.86723765167 0.87677090052 0.96161811702 1.07473104951 1.18248391406 1.25151581929 1.61253718704 -252.5865484080 0.00717393095   -2 
  49 0.00314219166 -102.90533462 0.33055927688 0.95316340186 0.95872605788 0.93294653113 0.91058600616 0.87747604257 0.97082685538 0.92292490479 0.92135831001 1.00182357616 0.84021557453 1.02626884021 0.86713666847 0.87669996320 0.96145107379 1.07446987952 1.18231536561 1.25135321398 1.61225328481 -252.5865051308 0.00568748759   -2 
  50 0.00314238760 -102.92581197 0.33052823957 0.95312055430 0.95868408949 0.93292420749 0.91055390152 0.87744896530 0.97085290058 0.92286935575 0.92132146006 1.00174068673 0.84016282154 1.02625129326 0.86709469425 0.87668301394 0.96136925154 1.07432833028 1.18224065662 1.25128682955 1.61212146710 -252.5864904312 0.00721359701   -2 
  51 0.00314247990 -102.95981706 0.33048417310 0.95302761665 0.95858491389 0.93288372758 0.91047814311 0.87740924377 0.97089317777 0.92277434565 0.92125748092 1.00158281826 0.84007790561 1.02622053535 0.86702641193 0.87666496739 0.96122751206 1.07407480137 1.18211619856 1.25118032601 1.61189832007 -252.5864542183 0.00303558143   -2 
  52 0.00314249675 -102.93292247 0.33051447515 0.95309929172 0.95845101779 0.93287550828 0.91029500773 0.87749313059 0.97076151828 0.92282410026 0.92126612717 1.00150375512 0.84016867131 1.02620359747 0.86708344556 0.87678331427 0.96125499772 1.07404180918 1.18219037456 1.25128701974 1.61200438468 -252.5863844167 0.00307274076   -2 
  53 0.00314243167 -102.93047447 0.33051720795 0.95306637181 0.95846239390 0.93287306091 0.91029111715 0.87749461719 0.97075685277 0.92282397174 0.92126458540 1.00149179319 0.84017467914 1.02620120669 0.86708725869 0.87679613884 0.96125297498 1.07402877399 1.18219427781 1.25129538295 1.61200783476 -252.5863758128 0.00506766882   -2 
  54 0.00314247813 -102.92271738 0.33051613058 0.95298279638 0.95850330572 0.93286953612 0.91028846492 0.87749802696 0.97074938206 0.92282344727 0.92126102939 1.00146070640 0.84019053433 1.02619569955 0.86709761015 0.87683134554 0.96124690051 1.07399200073 1.18220458568 1.25131799846 1.61201631684 -252.5863569231 0.00167987029   -2 
  55 0.00314247813 -102.92271738 0.33051613058 0.95298279638 0.95850330572 0.93286953612 0.91028846492 0.87749802696 0.97074938206 0.92282344727 0.92126102939 1.00146070640 0.84019053433 1.02619569955 0.86709761015 0.87683134554 0.96124690051 1.07399200073 1.18220458568 1.25131799846 1.61201631684 -252.5863569231           NAN   -8 
  56 0.00314253343 -102.91966279 0.33052946755 0.95302702304 0.95850270456 0.93286362294 0.91030066202 0.87748816682 0.97075458669 0.92281607355 0.92125580891 1.00144033551 0.84019248028 1.02619100578 0.86709926155 0.87684669251 0.96123874241 1.07396576507 1.18220456307 1.25132451546 1.61201126993 -252.5863495326 0.00275160349   -2 
  57 0.00314253343 -102.91966279 0.33052946755 0.95302702304 0.95850270456 0.93286362294 0.91030066202 0.87748816682 0.97075458669 0.92281607355 0.92125580891 1.00144033551 0.84019248028 1.02619100578 0.86709926155 0.87684669251 0.96123874241 1.07396576507 1.18220456307 1.25132451546 1.61201126993 -252.5863495326           NAN   -8 
  58 0.00314249680 -102.91943248 0.33053027088 0.95302460843 0.95850233380 0.93286318092 0.91030114225 0.87748751731 0.97075479691 0.92281554574 0.92125540523 1.00143912206 0.84019260131 1.02619067258 0.86709936458 0.87684783697 0.96123810917 1.07396376395 1.18220453916 1.25132498695 1.61201086778 -252.5863477621 0.00124574571   -2 
  59 0.00314244335 -102.91191929 0.33052254806 0.95300685683 0.95850851240 0.93286493898 0.91031662801 0.87748125792 0.97076373308 0.92281030660 0.92125212288 1.00143212039 0.84019731619 1.02618783380 0.86710340662 0.87687108065 0.96122883377 1.07392926828 1.18220689347 1.25133663503 1.61200775011 -252.5863420838 0.00151539490   -2 
  60 0.00314237562 -102.89669989 0.33054080765 0.95299322166 0.95851518831 0.93286651100 0.91034636046 0.87746709168 0.97078300428 0.92279770330 0.92124414001 1.00139664271 0.84020822896 1.02617999534 0.86711301051 0.87692768984 0.96120590504 1.07384503360 1.18221239131 1.25136485024 1.61199990818 -252.5863229775 0.00495094024   -2 
  61 0.00314242965 -102.88156277 0.33055701971 0.95298859910 0.95852291565 0.93286966182 0.91037418179 0.87745537540 0.97080190620 0.92278696781 0.92123757385 1.00136326848 0.84021919999 1.02617346843 0.86712272945 0.87698231691 0.96118460292 1.07376529195 1.18221840546 1.25139260777 1.61199359796 -252.5863138587 0.00138722093   -2 
  62 0.00314244127 -102.87545083 0.33057450314 0.95300654063 0.95851588846 0.93287013074 0.91036996093 0.87745808969 0.97080464074 0.92278806576 0.92123862158 1.00135719333 0.84022369595 1.02617413175 0.86712720959 0.87700147498 0.96117934264 1.07374164085 1.18222256024 1.25140398390 1.61199517843 -252.5863102665 0.00145746760   -2 
  63 0.00314246368 -102.87362482 0.33057701027 0.95301215508 0.95851398254 0.93287084670 0.91036703084 0.87746050085 0.97080479469 0.92278970498 0.92123991510 1.00135746121 0.84022494705 1.02617523499 0.86712854204 0.87700535455 0.96117907707 1.07373840113 1.18222413843 1.25140684742 1.61199680414 -252.5863094867 0.00120683110   -2 
  64 0.00314241488 -102.85826586 0.33059140633 0.95304215240 0.95848960841 0.93287607793 0.91032363559 0.87749226437 0.97079843274 0.92281356513 0.92125762296 1.00138361433 0.84023447638 1.02619070926 0.86713977111 0.87702559584 0.96118608125 1.07373777559 1.18224003019 1.25142779341 1.61201911561 -252.5863041123 0.00120352596   -2 
  65 0.00314238673 -102.84672483 0.33059401697 0.95300702846 0.95850839756 0.93288447752 0.91031032887 0.87751646149 0.97079663745 0.92283642251 0.92127597573 1.00141298859 0.84024219584 1.02620866346 0.86714939040 0.87703031607 0.96120087843 1.07376325064 1.18225576119 1.25144203399 1.61204536431 -252.5862990690 0.00196140381   -2 
  66 0.00314235826 -102.84491033 0.33059689881 0.95300084909 0.95851205247 0.93288551693 0.91030960921 0.87751997279 0.97079645639 0.92284031936 0.92127924234 1.00141888771 0.84024352321 1.02621207154 0.86715111251 0.87703043272 0.96120408088 1.07376935364 1.18225872881 1.25144439971 1.61205049123 -252.5862980359 0.00121688259   -2 
  67 0.00314238576 -102.83703150 0.33061990380 0.95300073088 0.95853541585 0.93289127974 0.91032762580 0.87752998517 0.97080133072 0.92285783622 0.92129585872 1.00145494124 0.84025068956 1.02623133169 0.86716036002 0.87702543675 0.96122537488 1.07381340912 1.18227553854 1.25145538759 1.61208048897 -252.5862934706 0.00119601653   -2 
  68 0.00314239305 -102.83593715 0.33061767245 0.95300872352 0.95853456468 0.93289262167 0.91033314992 0.87752933797 0.97080373169 0.92285858863 0.92129718026 1.00145445260 0.84025171376 1.02623346132 0.86716151315 0.87702448440 0.96122823819 1.07381932447 1.18227757876 1.25145655179 1.61208401607 -252.5862924091 0.00181708669   -2 
  69 0.00314232693 -102.83330762 0.33061353177 0.95302963331 0.95852910675 0.93289526067 0.91034879492 0.87752615147 0.97081062781 0.92285963192 0.92130018318 1.00145069805 0.84025441285 1.02623896011 0.86716457791 0.87702143357 0.96123623033 1.07383603031 1.18228306263 1.25145948951 1.61209350529 -252.5862899012 0.00056385361   -2 
  70 0.00314231830 -102.83265849 0.33061834134 0.95302913914 0.95852938265 0.93289839850 0.91035801368 0.87752453275 0.97081706936 0.92286013032 0.92130205592 1.00145364485 0.84025688942 1.02624302436 0.86716715129 0.87701997550 0.96124207221 1.07384741908 1.18228729587 1.25146209502 1.61210034131 -252.5862892063 0.00144245336   -2 
  71 0.00314234564 -102.83134578 0.33062401568 0.95302920159 0.95853139195 0.93290402131 0.91037269699 0.87752258214 0.97082762829 0.92286126964 0.92130535068 1.00145883420 0.84026112024 1.02624974868 0.86717150306 0.87701790964 0.96125163303 1.07386578342 1.18229436033 1.25146658570 1.61211166076 -252.5862881403 0.00062960391   -2 
  72 0.00314231870 -102.82905058 0.33061981078 0.95302733002 0.95853606286 0.93290734953 0.91037757486 0.87752423705 0.97083477810 0.92286337294 0.92130861503 1.00144938027 0.84026533103 1.02625506140 0.86717582889 0.87701751869 0.96126003246 1.07388033855 1.18230106702 1.25147150865 1.61212178993 -252.5862872914 0.00077574048   -2 
  73 0.00314230611 -102.82877156 0.33062012645 0.95302719485 0.95853659495 0.93290760691 0.91037776158 0.87752457517 0.97083569866 0.92286370034 0.92130911270 1.00144816832 0.84026599234 1.02625587242 0.86717651439 0.87701751559 0.96126132408 1.07388255694 1.18230213516 1.25147231259 1.61212336249 -252.5862871483 0.00043849956   -2 
  74 0.00314231816 -102.82653724 0.33062886772 0.95303567679 0.95854117987 0.93290939929 0.91037403905 0.87753074609 0.97084157832 0.92286819070 0.92131448486 1.00145028957 0.84027226347 1.02626335831 0.86718303526 0.87701910661 0.96127212930 1.07390049521 1.18231199308 1.25148041931 1.61213745893 -252.5862862309 0.00053203839   -2 
  75 0.00314232513 -102.82443946 0.33063085839 0.95303895375 0.95854414099 0.93291143332 0.91037246240 0.87753540142 0.97084543588 0.92287171476 0.92131833247 1.00145604779 0.84027670022 1.02626848231 0.86718766614 0.87702080314 0.96127953596 1.07391221289 1.18231892349 1.25148637627 1.61214726999 -252.5862858534 0.00122745519   -2 
  76 0.00314225148 -102.81161248 0.33064365043 0.95305115851 0.95855936364 0.93292325346 0.91036363495 0.87756293817 0.97086759097 0.92289302880 0.92134140259 1.00149435739 0.84030348540 1.02629932154 0.86721576099 0.87703153339 0.96132420985 1.07398260018 1.18236101101 1.25152274155 1.61220664406 -252.5862834129 0.00047785424   -2 
  77 0.00314225438 -102.80966151 0.33064371673 0.95304723509 0.95855995172 0.93292697400 0.91037217450 0.87756354011 0.97086896773 0.92289548333 0.92134376312 1.00149669291 0.84030581127 1.02630211077 0.86721847162 0.87703446273 0.96132722181 1.07398599319 1.18236494374 1.25152696906 1.61221171149 -252.5862830038 0.00104020991   -2 
  78 0.00314222657 -102.80619875 0.33064565251 0.95303875923 0.95856004929 0.93293364931 0.91038947049 0.87756364719 0.97087079748 0.92289969857 0.92134778026 1.00150089351 0.84030969175 1.02630676660 0.86722315381 0.87704018137 0.96133200906 1.07399068995 1.18237172061 1.25153456138 1.61222024157 -252.5862823359 0.00052461226   -2 
  79 0.00314223229 -102.80362974 0.33065372743 0.95304784154 0.95856061251 0.93293736970 0.91040562818 0.87756106712 0.97087072720 0.92290251257 0.92135004236 1.00150131115 0.84031130894 1.02630899482 0.86722569769 0.87704643435 0.96133255677 1.07398742825 1.18237513184 1.25153997984 1.61222382913 -252.5862815599 0.00048579196   -2 
  80 0.00314223809 -102.80315739 0.33065413865 0.95304954726 0.95856126550 0.93293780728 0.91040743181 0.87756083037 0.97087080213 0.92290293289 0.92135036723 1.00150110261 0.84031149078 1.02630923967 0.86722600823 0.87704745449 0.96133246525 1.07398653555 1.18237551592 1.25154073857 1.61222419342 -252.5862814909 0.00046292222   -2 
  81 0.00314223809 -102.80315739 0.33065413865 0.95304954726 0.95856126550 0.93293780728 0.91040743181 0.87756083037 0.97087080213 0.92290293289 0.92135036723 1.00150110261 0.84031149078 1.02630923967 0.86722600823 0.87704745449 0.96133246525 1.07398653555 1.18237551592 1.25154073857 1.61222419342 -252.5862814909 0.00046292222   -5 
  82 0.00314223034 -102.80303523 0.33065394168 0.95304938651 0.95856144904 0.93293750649 0.91040695641 0.87756083727 0.97087093493 0.92290293289 0.92135036723 1.00150311713 0.84031142591 1.02630916050 0.86722596127 0.87704772735 0.96133221843 1.07398588517 1.18237541949 1.25154079237 1.61222401721 -252.5862814233 0.00034359093   -2 
  83 0.00314222911 -102.80249378 0.33065255768 0.95304991217 0.95856252771 0.93293686433 0.91040570261 0.87756109867 0.97087141169 0.92290320094 0.92135052452 1.00150574291 0.84031128716 1.02630896680 0.86722589648 0.87704876584 0.96133144519 1.07398366988 1.18237520719 1.25154111474 1.61222356330 -252.5862813019 0.00037183694   -2 
  84 0.00314222911 -102.80249378 0.33065255768 0.95304991217 0.95856252771 0.93293686433 0.91040570261 0.87756109867 0.97087141169 0.92290320094 0.92135052452 1.00150574291 0.84031128716 1.02630896680 0.86722589648 0.87704876584 0.96133144519 1.07398366988 1.18237520719 1.25154111474 1.61222356330 -252.5862813019 0.00037183694   -5 
  85 0.00314222489 -102.80246734 0.33065281024 0.95304973135 0.95856252771 0.93293675668 0.91040550209 0.87756109091 0.97087137435 0.92290320753 0.92135050840 1.00150593116 0.84031124927 1.02630890001 0.86722586567 0.87704889903 0.96133129944 1.07398333773 1.18237515489 1.25154113593 1.61222346507 -252.5862812711 0.00021902926   -2 
  86 0.00314222030 -102.80188926 0.33065390441 0.95304837213 0.95856393299 0.93293629639 0.91040374198 0.87756145512 0.97087177146 0.92290334683 0.92135072370 1.00151161675 0.84031095811 1.02630870103 0.86722569397 0.87705067985 0.96132979439 1.07397963894 1.18237477059 1.25154163846 1.61222264059 -252.5862812015 0.00056451549   -2 
  87 0.00314222824 -102.80108394 0.33065464525 0.95304773966 0.95856586324 0.93293596666 0.91040185570 0.87756200836 0.97087241848 0.92290362438 0.92135107548 1.00151784377 0.84031066433 1.02630863048 0.86722554751 0.87705292527 0.96132800076 1.07397515630 1.18237437149 1.25154233516 1.61222174536 -252.5862810399 0.00022919846   -2 
  88 0.00314222824 -102.80108394 0.33065464525 0.95304773966 0.95856586324 0.93293596666 0.91040185570 0.87756200836 0.97087241848 0.92290362438 0.92135107548 1.00151784377 0.84031066433 1.02630863048 0.86722554751 0.87705292527 0.96132800076 1.07397515630 1.18237437149 1.25154233516 1.61222174536 -252.5862810399 0.00022919846   -5 
  89 0.00314222492 -102.80102787 0.33065475695 0.95304773966 0.95856565086 0.93293594557 0.91040184042 0.87756199240 0.97087241848 0.92290365150 0.92135109317 1.00151733154 0.84031065374 1.02630863048 0.86722554147 0.87705306161 0.96132791510 1.07397486797 1.18237433962 1.25154238081 1.61222169572 -252.5862810248 0.00016964707   -2 
  90 0.00314222041 -102.79914314 0.33065481000 0.95305193936 0.95856369166 0.93293717978 0.91040247572 0.87756265621 0.97087371963 0.92290497358 0.92135178048 1.00151260611 0.84031062129 1.02630966466 0.86722573116 0.87705687519 0.96132583534 1.07396781293 1.18237404557 1.25154396172 1.61222101765 -252.5862808700 0.00045082694   -2 
  91 0.00314221106 -102.79810430 0.33065553088 0.95305372555 0.95856243651 0.93293772665 0.91040276181 0.87756297326 0.97087447647 0.92290570263 0.92135214976 1.00150996630 0.84031058791 1.02631022580 0.86722583045 0.87705910055 0.96132461860 1.07396369848 1.18237386623 1.25154487631 1.61222061724 -252.5862808028 0.00027199084   -2 
  92 0.00314221848 -102.79506505 0.33066169081 0.95305145087 0.95856311770 0.93293949115 0.91040391246 0.87756465927 0.97087775855 0.92290824235 0.92135373736 1.00150268424 0.84031092383 1.02631177490 0.86722654184 0.87706620700 0.96132137690 1.07395209056 1.18237399286 1.25154826951 1.61222035593 -252.5862805351 0.00026967169   -2 
  93 0.00314222142 -102.79496529 0.33066148845 0.95305125578 0.95856335657 0.93293947066 0.91040402028 0.87756473235 0.97087782432 0.92290829709 0.92135381999 1.00150310057 0.84031100852 1.02631186222 0.86722661261 0.87706629466 0.96132144451 1.07395218614 1.18237410165 1.25154838609 1.61222052264 -252.5862805136 0.00018227897   -2 
  94 0.00314222142 -102.79496529 0.33066148845 0.95305125578 0.95856335657 0.93293947066 0.91040402028 0.87756473235 0.97087782432 0.92290829709 0.92135381999 1.00150310057 0.84031100852 1.02631186222 0.86722661261 0.87706629466 0.96132144451 1.07395218614 1.18237410165 1.25154838609 1.61222052264 -252.5862805136 0.00018227897   -5 
  95 0.00314221791 -102.79491964 0.33066143040 0.95305080745 0.95856344189 0.93293936897 0.91040402949 0.87756473235 0.97087779345 0.92290828619 0.92135383598 1.00150310057 0.84031108042 1.02631189901 0.86722667373 0.87706628988 0.96132154774 1.07395242253 1.18237420089 1.25154844862 1.61222068644 -252.5862805008 0.00016707062   -2 
  96 0.00314221791 -102.79491964 0.33066143040 0.95305080745 0.95856344189 0.93293936897 0.91040402949 0.87756473235 0.97087779345 0.92290828619 0.92135383598 1.00150310057 0.84031108042 1.02631189901 0.86722667373 0.87706628988 0.96132154774 1.07395242253 1.18237420089 1.25154844862 1.61222068644 -252.5862805008 0.00016707062   -5 
  97 0.00314221995 -102.79484513 0.33066121606 0.95305064344 0.95856372278 0.93293928528 0.91040405980 0.87756477458 0.97087775957 0.92290829815 0.92135392955 1.00150344266 0.84031117969 1.02631195958 0.86722675038 0.87706628988 0.96132168619 1.07395269721 1.18237433089 1.25154855017 1.61222089278 -252.5862804890 0.00018889046   -2 
  98 0.00314221995 -102.79484513 0.33066121606 0.95305064344 0.95856372278 0.93293928528 0.91040405980 0.87756477458 0.97087775957 0.92290829815 0.92135392955 1.00150344266 0.84031117969 1.02631195958 0.86722675038 0.87706628988 0.96132168619 1.07395269721 1.18237433089 1.25154855017 1.61222089278 -252.5862804890 0.00018889046   -5 
  99 0.00314221716 -102.79481690 0.33066125209 0.95305015242 0.95856379287 0.93293920176 0.91040407493 0.87756476931 0.97087773422 0.92290828920 0.92135396457 1.00150369865 0.84031122732 1.02631200492 0.86722679102 0.87706627677 0.96132175214 1.07395289137 1.18237440452 1.25154860358 1.61222101564 -252.5862804790 0.00013320383   -2 
 100 0.00314221599 -102.79435841 0.33066069184 0.95304740711 0.95856510178 0.93293857863 0.91040435742 0.87756486788 0.97087726061 0.92290818895 0.92135455315 1.00150656519 0.84031188896 1.02631228663 0.86722731767 0.87706621819 0.96132270204 1.07395510861 1.18237536679 1.25154927858 1.61222254897 -252.5862804371 0.00017169052   -2 
 101 0.00314221599 -102.79435841 0.33066069184 0.95304740711 0.95856510178 0.93293857863 0.91040435742 0.87756486788 0.97087726061 0.92290818895 0.92135455315 1.00150656519 0.84031188896 1.02631228663 0.86722731767 0.87706621819 0.96132270204 1.07395510861 1.18237536679 1.25154927858 1.61222254897 -252.5862804371 0.00017169052   -5 
 102 0.00314221426 -102.79435392 0.33066090174 0.95304740711 0.95856498196 0.93293854293 0.91040431863 0.87756485437 0.97087717391 0.92290818130 0.92135456812 1.00150656519 0.84031191909 1.02631229955 0.86722734117 0.87706621035 0.96132276647 1.07395523554 1.18237541399 1.25154930843 1.61222262798 -252.5862804297 0.00010773990   -2 
 103 0.00314221778 -102.79417004 0.33066214428 0.95304818349 0.95856419343 0.93293817593 0.91040420687 0.87756481544 0.97087724486 0.92290815925 0.92135480506 1.00150656519 0.84031231922 1.02631252793 0.86722771130 0.87706618775 0.96132336924 1.07395657648 1.18237599910 1.25154971929 1.61222357348 -252.5862804044 0.00018016767   -2 
 104 0.00314222048 -102.79402556 0.33066250748 0.95304852039 0.95856394771 0.93293804541 0.91040420963 0.87756483385 0.97087724468 0.92290814992 0.92135491902 1.00150758028 0.84031255629 1.02631268669 0.86722791871 0.87706618512 0.96132372870 1.07395733607 1.18237634562 1.25154996743 1.61222412861 -252.5862803945 0.00014303794   -2 
 105 0.00314222048 -102.79402556 0.33066250748 0.95304852039 0.95856394771 0.93293804541 0.91040420963 0.87756483385 0.97087724468 0.92290814992 0.92135491902 1.00150758028 0.84031255629 1.02631268669 0.86722791871 0.87706618512 0.96132372870 1.07395733607 1.18237634562 1.25154996743 1.61222412861 -252.5862803945 0.00014303794   -5 
 106 0.00314221720 -102.79397073 0.33066243646 0.95304869298 0.95856404625 0.93293807477 0.91040426279 0.87756484866 0.97087728033 0.92290816250 0.92135496210 1.00150758028 0.84031260183 1.02631268669 0.86722796240 0.87706618144 0.96132382143 1.07395750468 1.18237642696 1.25155002520 1.61222425199 -252.5862803861 0.00019879700   -2 
 107 0.00314221277 -102.79381132 0.33066212420 0.95304914551 0.95856447027 0.93293817642 0.91040439326 0.87756489996 0.97087740379 0.92290823782 0.92135509576 1.00150848544 0.84031274150 1.02631272241 0.86722809393 0.87706619811 0.96132406456 1.07395796702 1.18237666200 1.25155019609 1.61222459900 -252.5862803763 0.00023839758   -2 
 108 0.00314221473 -102.79370045 0.33066187490 0.95304932444 0.95856483227 0.93293827329 0.91040449795 0.87756498148 0.97087747653 0.92290830140 0.92135520001 1.00150888836 0.84031285254 1.02631277844 0.86722819333 0.87706623269 0.96132424409 1.07395827215 1.18237682817 1.25155032645 1.61222484818 -252.5862803598 0.00009324760    0 
-- Found new optimum with likelihood -252.586280359843499 and gradient 0.00009

---- Best joint likelihood found -252.586280359843499 with gradient 0.00009

---- Results for /scratch/38996038/tmpuxkimbwr 
--  Model: C
--        eps_an     theta_bar             a 
--             0 0.00314221473            -1 
--           S_d             b           p_b           S_b 
-- -102.79370045 0.33066187490             0             1 
--           r 2           r 3           r 4           r 5           r 6           r 7           r 8           r 9          r 10          r 11          r 12          r 13          r 14          r 15          r 16          r 17          r 18          r 19 
-- 0.95304932444 0.95856483227 0.93293827329 0.91040449795 0.87756498148 0.97087747653 0.92290830140 0.92135520001 1.00150888836 0.84031285254 1.02631277844 0.86722819333 0.87706623269 0.96132424409 1.07395827215 1.18237682817 1.25155032645 1.61222484818 

---- Expected P_neut(i), 0 < i < n (neutral SFS per site) 
E[P_neut(1)] = 0.0031422147
E[P_neut(2)] = 0.0014973428
E[P_neut(3)] = 0.0010040055
E[P_neut(4)] = 0.0007328731
E[P_neut(5)] = 0.0005721373
E[P_neut(6)] = 0.0004595829
E[P_neut(7)] = 0.0004358151
E[P_neut(8)] = 0.0003624970
E[P_neut(9)] = 0.0003216773
E[P_neut(10)] = 0.0003146956
E[P_neut(11)] = 0.0002400403
E[P_neut(12)] = 0.0002687413
E[P_neut(13)] = 0.0002096167
E[P_neut(14)] = 0.0001968522
E[P_neut(15)] = 0.0002013791
E[P_neut(16)] = 0.0002109130
E[P_neut(17)] = 0.0002185460
E[P_neut(18)] = 0.0002184800
E[P_neut(19)] = 0.0002666293

---- Expected P_sel(i), 0 < i < n (selected SFS per site) 
E[P_sel(1)] = 0.0015499342
E[P_sel(2)] = 0.0005565529
E[P_sel(3)] = 0.0003209981
E[P_sel(4)] = 0.0002123755
E[P_sel(5)] = 0.0001542874
E[P_sel(6)] = 0.0001171389
E[P_sel(7)] = 0.0001060616
E[P_sel(8)] = 0.0000848342
E[P_sel(9)] = 0.0000727741
E[P_sel(10)] = 0.0000691003
E[P_sel(11)] = 0.0000513196
E[P_sel(12)] = 0.0000560861
E[P_sel(13)] = 0.0000427942
E[P_sel(14)] = 0.0000393826
E[P_sel(15)] = 0.0000395398
E[P_sel(16)] = 0.0000406950
E[P_sel(17)] = 0.0000414843
E[P_sel(18)] = 0.0000408397
E[P_sel(19)] = 0.0000491231

---- alpha_dfe = 0.000000

