---- Running command
---- ./polyDFE -d /scratch/38995914/tmpi91hqmit -m C -i /scratch/38995914/tmpuad3rrjz 1 -v 1 
---- Performing inference using model C

---- Performing inference on /scratch/38995914/tmpi91hqmit
----      with -i /scratch/38995914/tmpuad3rrjz 1
---- Data /scratch/38995914/tmpi91hqmit does not contain divergence counts. Using option -w.
---- No mutation variability. Using Poisson likelihood.


---- Using provided initial values

-- Starting local optimization
-- Optimizing all parameters
  it        eps_an     theta_bar           S_d             b           r 2           r 3           r 4           r 5           r 6           r 7           r 8           r 9          r 10          r 11          r 12          r 13          r 14          r 15          r 16          r 17          r 18          r 19           ln lk          grad status 
   0    0.01346766  0.0008961823 -245.56979999     0.3789762      1.115224      1.093897      1.181135      1.231855     0.9243195      1.082592     0.8650157       1.20686      1.044504     0.9301775     0.9573576      1.358432      1.004809      0.982138     0.9355796      1.145759      1.008393     0.8705163 -163.5843275723 1.21147968979   -2 
   1 0.01347553255 0.00091227436 -244.98932244 0.37738688747 1.11311688250 1.09038642720 1.18183952701 1.23701378344 0.92658505119 1.08289745600 0.86548700211 1.20581805350 1.04574930071 0.93115880875 0.95736333343 1.35957949675 1.00507666247 0.98240985959 0.93511708000 1.14658105660 1.00899938605 0.87149780821 -162.2940591720 0.56174688528   -2 
   2 0.01354645572 0.00093965170 -244.99402420 0.38497095913 1.07740313537 1.04938318296 1.17886188770 1.27580575216 0.94336358174 1.08143213800 0.86732851738 1.19258874218 1.05442540250 0.93817093831 0.95554351521 1.36688318676 1.00578791119 0.98333795504 0.92958773602 1.15238379356 1.01327782952 0.87960789695 -160.2283907506 1.02112179286   -2 
   3 0.01358273096 0.00093345636 -245.24428087 0.38976708900 1.06015552832 1.02960288474 1.17563460147 1.29278989573 0.95089016820 1.07985463092 0.86775706850 1.18527034174 1.05825694281 0.94134512502 0.95423568844 1.36993207921 1.00578216583 0.98346200799 0.92648781662 1.15504477206 1.01525389373 0.88359745702 -159.1961160702 0.39826806881   -2 
   4 0.01364986888 0.00092354533 -241.92403980 0.38165737278 1.05050747588 1.00832919032 1.16876060296 1.31271643445 0.96167212638 1.07609625712 0.86782698643 1.17195782912 1.06418110814 0.94655794218 0.95134662044 1.37444426764 1.00520193557 0.98304897054 0.92031662120 1.15979347402 1.01889031571 0.89082562389 -158.4024018629 0.18541957711   -2 
   5 0.01369214817 0.00092876622 -240.62990125 0.38214476900 1.05757110434 1.00576702639 1.16497737119 1.31773673796 0.96666319363 1.07333054480 0.86751486695 1.16348386623 1.06753043610 0.94980931428 0.94915294585 1.37697388395 1.00451486362 0.98241968673 0.91579834276 1.16320053189 1.02158006702 0.89612519030 -158.2364498359 0.38963589510   -2 
   6 0.01381343458 0.00092648104 -237.82135727 0.38751400280 1.07538848107 0.99952535924 1.15377524993 1.32905409966 0.97977529587 1.06506660734 0.86626825970 1.13956191501 1.07656074496 0.95877478161 0.94268147200 1.38365464708 1.00228698396 0.98036366660 0.90281312863 1.17274630859 1.02910592958 0.91135460722 -157.8306366959 0.15895685353   -2 
   7 0.01392891865 0.00091751905 -233.62857450 0.38473790728 1.06924206824 1.00821842745 1.15476235583 1.32920835320 0.98642926326 1.06116425590 0.86585756360 1.12505638033 1.08328816143 0.96619765809 0.93791868156 1.38922262722 1.00057040592 0.97862285803 0.89191908453 1.18133334123 1.03548773451 0.92543433282 -157.5759196291 0.21637417251   -2 
   8 0.01396233883 0.00092082735 -232.49017765 0.38465408418 1.06778244015 1.01138748908 1.15630732720 1.32892965448 0.98790819338 1.06066620085 0.86594358709 1.12195965147 1.08515026205 0.96832701116 0.93678261130 1.39090714242 1.00020156366 0.97822388158 0.88893859500 1.18386198686 1.03738630284 0.92964674322 -157.5054964553 0.20757684768   -2 
   9 0.01408261597 0.00092440053 -229.57700248 0.39073964698 1.06119888425 1.02158692839 1.16306098288 1.32571561866 0.99120111870 1.05978911554 0.86634298067 1.11317646259 1.09103619202 0.97550564509 0.93303009254 1.39651360899 0.99890062996 0.97679405072 0.87847622352 1.19268858234 1.04410668889 0.94502024784 -157.2992011291 0.09977997965   -2 
  10 0.01412274799 0.00092051216 -228.19046812 0.39129979823 1.06205378737 1.02144648284 1.16516084756 1.32434572885 0.99074199452 1.06052790874 0.86669799015 1.11284942888 1.09219243622 0.97732249306 0.93230660665 1.39794903572 0.99863907260 0.97645210501 0.87542186660 1.19516673801 1.04617498446 0.95000226989 -157.2586097665 0.20162171549   -2 
  11 0.01428192537 0.00091609885 -222.10283220 0.39071056021 1.06883910795 1.02010050461 1.17409293470 1.32012028630 0.98863141228 1.06449582549 0.86852348625 1.11350432853 1.09660337834 0.98438273398 0.93001374215 1.40373297852 0.99793930842 0.97538469475 0.86387856441 1.20489712183 1.05440342254 0.96988011603 -157.1086073450 0.12194996564   -2 
  12 0.01443276657 0.00091928738 -217.04905006 0.39535506653 1.07509365932 1.01821919493 1.18054186371 1.31990606533 0.98673302896 1.06964190087 0.87095556383 1.11763768907 1.10025628344 0.99051089377 0.92906096221 1.40917022197 0.99800355815 0.97499898225 0.85398338782 1.21381533678 1.06212593730 0.98904896662 -157.0037900809 0.20904222086   -2 
  13 0.01449618693 0.00091731606 -215.06278059 0.39809277765 1.07649293624 1.01736808421 1.18248897605 1.32030015781 0.98598860307 1.07182702445 0.87201666370 1.11976267685 1.10163355536 0.99290625620 0.92883390673 1.41134170141 0.99812294209 0.97491371848 0.85003093324 1.21742878572 1.06527776021 0.99708187395 -156.9572825682 0.08304934270   -2 
  14 0.01470058883 0.00091335499 -206.55809620 0.40133775287 1.06617295891 1.02102175165 1.17945147349 1.33569314017 0.98783187076 1.08107076183 0.87753714899 1.13509362944 1.10495834005 0.99841400970 0.93238492043 1.41814555521 1.00129541185 0.97697696407 0.84118409009 1.22750521448 1.07429137660 1.02183408942 -156.8242513913 0.07281527568   -2 
  15 0.01472767013 0.00091499796 -205.18495258 0.40242289394 1.06732579537 1.02217371345 1.17888772890 1.33831448874 0.98891258385 1.08229586480 0.87854735259 1.13791620256 1.10536642821 0.99882668441 0.93358318042 1.41908714034 1.00223855534 0.97766500688 0.84071931310 1.22861178309 1.07540381888 1.02498323696 -156.8081055794 0.12288033390   -2 
  16 0.01478775585 0.00091350409 -202.07756996 0.40651825733 1.07139029399 1.02479363894 1.17722873361 1.34404570230 0.99197281767 1.08476305015 0.88094756345 1.14474979150 1.10611617200 0.99929819031 0.93693572506 1.42106021219 1.00481742630 0.97956754756 0.84042234520 1.23070878793 1.07769208144 1.03171042308 -156.7645571472 0.08292311668   -2 
  17 0.01485503855 0.00091209931 -197.47804948 0.40860281451 1.07860883844 1.02853030848 1.17718693510 1.35027754006 0.99704050212 1.08747400681 0.88417609460 1.15329277139 1.10722226319 0.99935593053 0.94219257444 1.42356753482 1.00885126719 0.98262565687 0.84185248829 1.23254985452 1.07995933094 1.03849167351 -156.7231225047 0.14571699135   -2 
  18 0.01491293093 0.00090691447 -193.50347913 0.41078668318 1.08397978373 1.03154811336 1.17775576762 1.35515802400 1.00164421764 1.08972169342 0.88702881793 1.16064065143 1.10826432876 0.99930712012 0.94705369305 1.42579562552 1.01259038204 0.98548083536 0.84357168833 1.23398103515 1.08178862716 1.04405136736 -156.6887051931 0.06581028337   -2 
  19 0.01498866836 0.00090296681 -187.14324778 0.41315627010 1.08497481180 1.03614074764 1.18628020157 1.35995882284 1.00970584176 1.09350199273 0.89185128120 1.17013950854 1.11150348690 0.99972584311 0.95581063810 1.43051413939 1.01962110374 0.99110670746 0.84941211342 1.23565266419 1.08383188630 1.04963283477 -156.6437357764 0.11899038359   -2 
  20 0.01502105464 0.00089983531 -184.47543224 0.41550236221 1.08432343814 1.03788674338 1.19082214721 1.36160380254 1.01326437615 1.09526432026 0.89405791355 1.17398294795 1.11327484171 1.00007812189 0.95991699289 1.43290192029 1.02298578564 0.99385292195 0.85257301520 1.23637853994 1.08466785809 1.05168388660 -156.6197300909 0.10845137672   -2 
  21 0.01507547950 0.00090043466 -179.73749855 0.42046428248 1.08301441082 1.04098068481 1.20043995813 1.36426269670 1.01956270385 1.09887828136 0.89821201547 1.18007315412 1.11733333761 1.00127510763 0.96759914502 1.43799481613 1.02946554297 0.99927644755 0.85933965559 1.23783264765 1.08614049997 1.05447173314 -156.5776776220 0.04121076960   -2 
  22 0.01508486552 0.00089951580 -178.55609268 0.42207848239 1.08318409916 1.04085902728 1.20223143190 1.36434452267 1.02023503726 1.10005026001 0.89917889116 1.18013300299 1.11919605999 1.00231626553 0.96942177415 1.44001099204 1.03128014099 1.00098332650 0.86204814909 1.23838074092 1.08646328405 1.05395674467 -156.5702205935 0.07634942884   -2 
  23 0.01510532070 0.00090000731 -175.46288006 0.42510306533 1.08456426212 1.04038659249 1.20630432906 1.36454286560 1.02138819155 1.10324613773 0.90157995087 1.17940074444 1.12445669555 1.00548862381 0.97387433367 1.44560148155 1.03593206229 1.00547470460 0.86948689025 1.23994799418 1.08728511944 1.05186644248 -156.5513264933 0.06109618789   -2 
  24 0.01512764501 0.00089708258 -171.48765428 0.42777777834 1.08644600686 1.03966463140 1.20965569074 1.36483381719 1.02193298756 1.10731621863 0.90439869490 1.17731474472 1.13160394114 1.01018820818 0.97910497562 1.45313495992 1.04177774452 1.01134813003 0.87966327107 1.24219838241 1.08831898357 1.04806051827 -156.5329669731 0.04514354223   -2 
  25 0.01512688917 0.00089735674 -171.32144340 0.42732403837 1.08663858205 1.04013650503 1.20891642478 1.36528501048 1.02172474703 1.10742003683 0.90439151481 1.17703166018 1.13189333108 1.01061102451 0.97901451311 1.45347936547 1.04187462285 1.01155553783 0.88015232657 1.24245642016 1.08840292316 1.04752426642 -156.5286286978 0.05406990915   -2 
  26 0.01512329720 0.00089559850 -171.07812465 0.42667165753 1.08674081834 1.04143437798 1.20618635636 1.36653582966 1.02091632957 1.10749972250 0.90419485362 1.17609570193 1.13249994345 1.01178983480 0.97845553158 1.45424921136 1.04192318993 1.01198067949 0.88136422811 1.24319207511 1.08861459290 1.04584507165 -156.5203109159 0.03585991064   -2 
  27 0.01511682437 0.00089715643 -171.22316135 0.42746059662 1.08708631412 1.04265673675 1.20388903238 1.36790156568 1.02013439591 1.10746383442 0.90387817132 1.17523445707 1.13289082568 1.01302166434 0.97753282355 1.45485010688 1.04171474243 1.01222889457 0.88238703177 1.24404646727 1.08888794005 1.04396836940 -156.5117304768 0.03689848252   -2 
  28 0.01511413051 0.00089697419 -171.29509240 0.42774946331 1.08705517813 1.04297008720 1.20307050856 1.36832703024 1.01981315497 1.10741181972 0.90372946045 1.17487976401 1.13300711299 1.01349688518 0.97712831417 1.45504980943 1.04160176490 1.01230416161 0.88278200565 1.24438026473 1.08898992072 1.04317977876 -156.5100632693 0.02428087058   -2 
  29 0.01509754001 0.00089623455 -171.45627504 0.42680275074 1.08649836341 1.04365459668 1.20015858377 1.37013132840 1.01819333483 1.10704397619 0.90283225806 1.17295520877 1.13350978432 1.01626318278 0.97455005892 1.45606380076 1.04078156313 1.01262036112 0.88508327733 1.24639908439 1.08961776624 1.03819982130 -156.5025643044 0.02354656732   -2 
  30 0.01509266300 0.00089672231 -171.52991451 0.42664687515 1.08646682966 1.04361259470 1.19986177167 1.37037709243 1.01785472299 1.10694474502 0.90260631123 1.17249195529 1.13361251341 1.01697848422 0.97384866509 1.45630453842 1.04054723620 1.01269097782 0.88572200322 1.24695297691 1.08980245054 1.03677961279 -156.5013827678 0.03123023350   -2 
  31 0.01507092114 0.00089728032 -172.02214364 0.42682702635 1.08613463302 1.04266952677 1.19948373643 1.37059060499 1.01654662062 1.10641129576 0.90162249151 1.17057040943 1.13388763337 1.01987531074 0.97081359956 1.45715210701 1.03947491920 1.01291562581 0.88845868118 1.24927880850 1.09058716994 1.03052013493 -156.4960936598 0.01541775727   -2 
  32 0.01505945974 0.00089755504 -172.27537445 0.42671496063 1.08599513620 1.04199204550 1.19977507934 1.37024653310 1.01603858718 1.10610916001 0.90114822837 1.16968617405 1.13393012297 1.02120846816 0.96929160661 1.45746489947 1.03890212402 1.01298777032 0.88986047978 1.25043341646 1.09098911827 1.02718761491 -156.4952632652 0.01647413004   -2 
  33 0.01505492631 0.00089719375 -172.36255907 0.42609507514 1.08595064549 1.04145170723 1.20087155334 1.36895359137 1.01631138162 1.10591742045 0.90107983568 1.16968316699 1.13364258483 1.02114145936 0.96891104226 1.45718373497 1.03864851791 1.01287944009 0.89028252635 1.25066802980 1.09110506772 1.02571147847 -156.4933407586 0.01656857805   -2 
  34 0.01505347078 0.00089692397 -172.43583207 0.42609075891 1.08591806460 1.04126702624 1.20129949930 1.36835947078 1.01648320892 1.10583571445 0.90108247636 1.16975677180 1.13347750933 1.02096721687 0.96885030194 1.45699318557 1.03856188122 1.01281181538 0.89037142856 1.25067930743 1.09112792850 1.02522266619 -156.4928010285 0.01981067819   -2 
  35 0.01504837686 0.00089752743 -172.72788707 0.42610521083 1.08603859890 1.04079417769 1.20299944743 1.36612036903 1.01731364541 1.10557064243 0.90118011134 1.17022260235 1.13278661648 1.02005673538 0.96879597139 1.45615750048 1.03826956141 1.01252471276 0.89059845196 1.25060812844 1.09119841158 1.02348157275 -156.4909503931 0.00758759883   -2 
  36 0.01504521775 0.00089750911 -173.11502161 0.42591558951 1.08573986315 1.04103767034 1.20290055161 1.36491863137 1.01815822455 1.10526222082 0.90138535406 1.17099940308 1.13176427144 1.01820183915 0.96919972057 1.45477102329 1.03795610090 1.01204751701 0.89037262621 1.25002826169 1.09111784532 1.02179680417 -156.4899137899 0.02326050820   -2 
  37 0.01504336553 0.00089790233 -173.35421613 0.42566187762 1.08561227674 1.04123484862 1.20275273701 1.36428387055 1.01868243865 1.10507475929 0.90152280345 1.17150908990 1.13110422420 1.01697129255 0.96948548447 1.45386406303 1.03775473100 1.01173250676 0.89020143220 1.24962730192 1.09105943431 1.02071081930 -156.4892271723 0.00900449365   -2 
  38 0.01504294894 0.00089774291 -173.65632171 0.42522430718 1.08549216862 1.04123934793 1.20178501945 1.36447935501 1.01879651801 1.10483939879 0.90157979606 1.17188280020 1.13038729567 1.01549416411 0.96985302245 1.45280417678 1.03749182348 1.01131924149 0.88981714507 1.24897555574 1.09090525886 1.01954860085 -156.4884748684 0.00971201801   -2 
  39 0.01504305662 0.00089788394 -173.84960631 0.42498245626 1.08546817872 1.04120151710 1.20115636947 1.36474127087 1.01876609424 1.10470180021 0.90159030826 1.17205278075 1.12998228874 1.01462621069 0.97007141606 1.45218682480 1.03732986503 1.01106451752 0.88955573860 1.24855550215 1.09079771056 1.01887410673 -156.4882660210 0.01033693164   -2 
  40 0.01504418045 0.00089803937 -174.13430563 0.42494503904 1.08544370397 1.04098228439 1.20036081149 1.36528591308 1.01843790074 1.10452688983 0.90151517622 1.17206253265 1.12957843183 1.01369531250 0.97028892407 1.45152480392 1.03712060121 1.01074409714 0.88917122965 1.24799104123 1.09062358088 1.01815539619 -156.4878110416 0.01174620520   -2 
  41 0.01504500189 0.00089833183 -174.24727884 0.42489161018 1.08545453322 1.04086944705 1.20009456525 1.36554132855 1.01823107040 1.10446013962 0.90145964948 1.17200729334 1.12944973693 1.01337036560 0.97035908342 1.45129431991 1.03703404972 1.01061290157 0.88899813381 1.24775078996 1.09054027728 1.01789688358 -156.4876258354 0.00707987395   -2 
  42 0.01505045144 0.00089854022 -174.62413314 0.42471996085 1.08522407238 1.04019356099 1.19966337644 1.36621264198 1.01699750093 1.10420043817 0.90104275287 1.17130459783 1.12927662851 1.01278209841 0.97037136452 1.45083682998 1.03672227102 1.01017598049 0.88832633649 1.24690841482 1.09015615176 1.01734147975 -156.4870587867 0.01220135857   -2 
  43 0.01505467248 0.00089886061 -174.87663161 0.42449738304 1.08507143040 1.03974913754 1.19943635881 1.36660767731 1.01611229627 1.10401530726 0.90072808247 1.17076359605 1.12918069684 1.01242734381 0.97035154009 1.45054949257 1.03650007885 1.00986578352 0.88784248008 1.24631249684 1.08987121251 1.01697823556 -156.4868091427 0.00860211400   -2 
  44 0.01506059510 0.00089869896 -175.11620921 0.42409039083 1.08478452363 1.03944758131 1.19944506412 1.36637799964 1.01522170951 1.10376268556 0.90030287645 1.17001179804 1.12914591078 1.01231741775 0.97016872754 1.45036815761 1.03624460178 1.00952596431 0.88730551291 1.24569538636 1.08950318988 1.01672021844 -156.4863626814 0.00931967934   -2 
  45 0.01506328074 0.00089889254 -175.20800109 0.42394513534 1.08472068825 1.03942544633 1.19951585640 1.36610730957 1.01494405625 1.10365653023 0.90012447477 1.16969514576 1.12914912642 1.01235575293 0.97005117416 1.45033585114 1.03614359967 1.00939536770 0.88709621732 1.24547023170 1.08934456422 1.01666177202 -156.4861879370 0.01120638651   -2 
  46 0.01507766681 0.00089920589 -175.72212704 0.42364466829 1.08435135104 1.03946176609 1.19989493939 1.36416563544 1.01377029684 1.10305698686 0.89918563231 1.16804423654 1.12916456619 1.01275167915 0.96930870858 1.45023764162 1.03561805512 1.00873841143 0.88605089775 1.24438343454 1.08849634088 1.01647324531 -156.4853154667 0.00477407896   -2 
  47 0.01508159614 0.00089935845 -175.85267538 0.42357321956 1.08429897553 1.03947440320 1.19993037017 1.36366848950 1.01356637803 1.10289845589 0.89895588129 1.16765036006 1.12915371507 1.01288096739 0.96909031644 1.45021342063 1.03548026941 1.00857255748 0.88578830074 1.24411918080 1.08826734468 1.01644272720 -156.4852652655 0.00447518401   -2 
  48 0.01508691825 0.00089933363 -175.97674784 0.42356210856 1.08440426437 1.03940357625 1.19947093223 1.36329676932 1.01397819171 1.10270219452 0.89881052045 1.16747885285 1.12901554570 1.01313975424 0.96870344903 1.45015713863 1.03531848002 1.00842128263 0.88556736927 1.24394686961 1.08796532857 1.01650588622 -156.4850551543 0.01221714377   -2 
  49 0.01509357026 0.00089958443 -176.11142683 0.42346296464 1.08456428682 1.03933489619 1.19891483834 1.36290658670 1.01453899056 1.10247475144 0.89865310736 1.16730852838 1.12884054033 1.01346661839 0.96822363966 1.45009089024 1.03512343254 1.00824365271 0.88530832927 1.24375335388 1.08759329854 1.01659139595 -156.4848082112 0.00437116453   -2 
  50 0.01509746908 0.00089946831 -176.15769077 0.42330974229 1.08443432793 1.03926687680 1.19872306011 1.36291801250 1.01485608086 1.10237895908 0.89862462060 1.16732316007 1.12870746748 1.01360966067 0.96796272075 1.45002330168 1.03501603706 1.00816267342 0.88520694015 1.24369135859 1.08738033311 1.01663790350 -156.4846994828 0.00277347780   -2 
  51 0.01509949714 0.00089955525 -176.17864019 0.42328621073 1.08433457890 1.03924287801 1.19875110509 1.36305847576 1.01497369594 1.10236052246 0.89864841383 1.16739343484 1.12862967199 1.01364877694 0.96784897742 1.44997512685 1.03496581308 1.00813547382 0.88518447527 1.24368935638 1.08727551121 1.01665593263 -156.4846646925 0.00527733729   -2 
  52 0.01510396815 0.00089955901 -176.23145513 0.42329938222 1.08410097766 1.03917729267 1.19883267507 1.36337700667 1.01519740652 1.10232267148 0.89870734041 1.16755795242 1.12845229699 1.01371622130 0.96760512731 1.44985865794 1.03485408152 1.00807663462 0.88514285063 1.24369063883 1.08704523216 1.01669134740 -156.4846018402 0.00194717395   -2 
  53 0.01510325602 0.00089955836 -176.21950968 0.42329458440 1.08419092921 1.03919534306 1.19883048723 1.36331288119 1.01513250544 1.10233473484 0.89870158718 1.16753363724 1.12848421392 1.01369369496 0.96765411986 1.44987596928 1.03487386222 1.00808798542 0.88515488227 1.24369439585 1.08708580389 1.01668300877 -156.4845951279 0.00178699393   -2 
  54 0.01510322561 0.00089951919 -176.21494311 0.42330187540 1.08426516948 1.03920554723 1.19884717696 1.36328882073 1.01508030300 1.10234470638 0.89870734785 1.16753584288 1.12849101120 1.01367215639 0.96767324098 1.44987383064 1.03487775496 1.00809112602 0.88516466229 1.24370120748 1.08709360315 1.01667804104 -156.4845878364 0.00170900339   -2 
  55 0.01510354442 0.00089950700 -176.20630348 0.42330614562 1.08440669342 1.03923085055 1.19889949518 1.36327180984 1.01498532312 1.10236819434 0.89872814365 1.16755863242 1.12849414260 1.01362981238 0.96769831036 1.44986200166 1.03487915297 1.00809573375 0.88518507864 1.24371903563 1.08709312020 1.01667050695 -156.4845797446 0.00123677703   -2 
  56 0.01510490863 0.00089955574 -176.20641273 0.42330948063 1.08436647984 1.03925321209 1.19897482970 1.36335644224 1.01496028562 1.10239421860 0.89876900079 1.16762710875 1.12846796401 1.01360418341 0.96767991661 1.44983425399 1.03486294389 1.00809609583 0.88520306162 1.24374455172 1.08704604787 1.01667660765 -156.4845676984 0.00329144248   -2 
  57 0.01510832013 0.00089953681 -176.21083434 0.42333925206 1.08425433516 1.03929355384 1.19914077509 1.36354981768 1.01489946450 1.10245223707 0.89886589710 1.16779053644 1.12840037932 1.01354048778 0.96763120740 1.44976264039 1.03482088468 1.00809481732 0.88524539502 1.24380483349 1.08692665405 1.01668879548 -156.4845419612 0.00150332901   -2 
  58 0.01511039208 0.00089948220 -176.20296234 0.42329277336 1.08432637741 1.03929012765 1.19913919550 1.36357670510 1.01489785379 1.10247114768 0.89890405422 1.16785308146 1.12837418072 1.01351757257 0.96760542357 1.44973344925 1.03480085439 1.00808876471 0.88526295243 1.24383112327 1.08686058088 1.01669451104 -156.4845258261 0.00145163971   -2 
  59 0.01511150036 0.00089944695 -176.20297724 0.42329687798 1.08436630287 1.03928646730 1.19912574048 1.36357673591 1.01490255086 1.10247824912 0.89892026808 1.16787897906 1.12836368186 1.01350858631 0.96759295419 1.44972120903 1.03479156225 1.00808587212 0.88527102120 1.24384340422 1.08682679173 1.01669290105 -156.4845209245 0.00197357749   -2 
  60 0.01511679138 0.00089947229 -176.20244081 0.42332052743 1.08456444936 1.03928638361 1.19906480896 1.36357258295 1.01494009829 1.10251488624 0.89899447482 1.16799489429 1.12832556127 1.01347483553 0.96753982336 1.44967529331 1.03475287762 1.00807375938 0.88530900042 1.24390183169 1.08667067134 1.01668870540 -156.4845008075 0.00118594145   -2 
  61 0.01513058448 0.00089949086 -176.20039490 0.42337570688 1.08446713569 1.03936228765 1.19901324014 1.36355343960 1.01506997261 1.10259308734 0.89913450081 1.16819741860 1.12829233119 1.01343104288 0.96744272650 1.44962121899 1.03468334619 1.00805635750 0.88539194371 1.24402614565 1.08629258537 1.01665216763 -156.4844666385 0.00330404200   -2 
  62 0.01513637022 0.00089953888 -176.19506056 0.42337233395 1.08442826885 1.03939381460 1.19900465231 1.36355118714 1.01512245700 1.10262419974 0.89918847815 1.16827398399 1.12828310028 1.01341609136 0.96740595836 1.44960335930 1.03465661473 1.00804943055 0.88542484303 1.24407467899 1.08613799256 1.01663138881 -156.4844524560 0.00220534060   -2 
  63 0.01514631202 0.00089947088 -176.18081285 0.42333667785 1.08435414826 1.03941404712 1.19901613973 1.36354822829 1.01518847148 1.10265828130 0.89925423908 1.16836126270 1.12827715549 1.01339791322 0.96735386221 1.44958206068 1.03461552960 1.00803198139 0.88546990701 1.24413706539 1.08588476269 1.01656986041 -156.4844302985 0.00130109058   -2 
  64 0.01517176709  0.0008994553 -176.14467031 0.42334299301 1.08460393267 1.03928026147 1.19927433644 1.36363007433 1.01516398838 1.10262010460 0.89922241172 1.16826009088 1.12835288482 1.01342121878 0.96732490528 1.44962188626 1.03456127036 1.00795083834 0.88549405012 1.24413183234 1.08535827281 1.01622783159 -156.4843721121 0.00328571334   -2 
  65 0.01518336371 0.00089941047 -176.13110144 0.42336596752 1.08469460644 1.03922698910 1.19938120429 1.36366645916 1.01514886596 1.10260068478 0.89920316471 1.16820768613 1.12838817153 1.01343326654 0.96731507540 1.44964158121 1.03453820708 1.00791283772 0.88550064024 1.24412289615 1.08512343540 1.01606382497 -156.4843578499 0.00213906766   -2 
  66 0.01520257707 0.00089951243 -176.11367780 0.42346240831 1.08465948229 1.03928658184 1.19947002765 1.36375441541 1.01511563293 1.10257695682 0.89914671860 1.16809351528 1.12846293783 1.01347330156 0.96733664271 1.44970111675 1.03452346453 1.00784741835 0.88547483132 1.24405688840 1.08478574925 1.01571719286 -156.4843169574 0.00237677210   -2 
  67 0.01523821018 0.00089951106 -176.06090830 0.42352070906 1.08440886289 1.03950233400 1.19946863524 1.36389510739 1.01505379753 1.10254453960 0.89902480777 1.16787557196 1.12859762783 1.01355888818 0.96741196995 1.44982092362 1.03451675981 1.00771874659 0.88537504058 1.24386355828 1.08422308182 1.01496384776 -156.4842583847 0.00360021922   -2 
  68 0.01524368739 0.00089954589 -176.04815806 0.42350335273 1.08439720674 1.03953213748 1.19945343479 1.36390989815 1.01504898409 1.10254388793 0.89900833855 1.16784914685 1.12861526500 1.01357202321 0.96742680609 1.44983834754  1.0345179604 1.00769760306 0.88535287146 1.24382488509 1.08414614653 1.01483386471 -156.4842421183 0.00260772920   -2 
  69 0.01525520965 0.00089944319 -176.01945623 0.42346079405 1.08443938461 1.03954339837 1.19934669658 1.36388898234 1.01504732949 1.10254778362 0.89897747085 1.16781417644 1.12863122451 1.01359282795 0.96746427735 1.44986045124 1.03452367745 1.00764426776 0.88527736561 1.24370473364 1.08401597017 1.01450283448 -156.4842131291 0.00227718917   -2 
  70 0.01525415757 0.00089952224 -176.02555216 0.42349796145 1.08449774935 1.03951472401 1.19933501790 1.36386769784 1.01506113909 1.10255745943 0.89898944830 1.16784205895 1.12861605358 1.01358729938 0.96746643086 1.44985005959 1.03452726664 1.00764494738 0.88526391608 1.24368962929 1.08405464922 1.01448609675 -156.4841947906 0.00223881508   -2 
  71 0.01525380051 0.00089950993 -176.02855796 0.42351743950 1.08451947670 1.03949470900 1.19932216020 1.36385098410 1.01506797233 1.10256185976 0.89899516824 1.16785727034 1.12860564526 1.01358325455 0.96746805844 1.44984257707 1.03452896373 1.00764365679 0.88525263663 1.24367573887 1.08407544601 1.01446435618 -156.4841887001 0.00137931007   -2 
  72 0.01525231390  0.0008995152 -176.02229644 0.42349710144 1.08466904753 1.03935455356 1.19921430536 1.36371924331 1.01513775833 1.10261197240 0.89904965140 1.16800270631 1.12851440920 1.01355069389 0.96749389842 1.44978011408 1.03454962581 1.00762647311 0.88512932426 1.24352210609 1.08425978887 1.01420566309 -156.4841604843 0.00204421836   -2 
  73 0.01525203334 0.00089948418 -176.02214317 0.42349957195 1.08467191769 1.03933227565 1.19919359446 1.36369323392 1.01515048059 1.10262135993 0.89906074615 1.16803327594 1.12849348807 1.01354285471 0.96749955277 1.44976520095 1.03455393095 1.00762168340 0.88509937691 1.24348506718 1.08430243673 1.01414136409 -156.4841551723 0.00153861653   -2 
  74 0.01525099220 0.00089953254 -176.01627957 0.42348359491 1.08448381660 1.03934660916 1.19915960243 1.36363063554 1.01520829653 1.10266869698 0.89911782089 1.16818627685 1.12839202155 1.01350460461 0.96753513777 1.44969198911 1.03458107970 1.00759970093 0.88492450037 1.24327446130 1.08454731024 1.01375638066 -156.4841267648 0.00225360382   -2 
  75 0.01525065171 0.00089951974 -176.01606799 0.42348954149 1.08441393793 1.03935376601 1.19914877185 1.36361035366 1.01522398847 1.10268182190 0.89913585411 1.16823626537 1.12835537290 1.01348987034 0.96754694161 1.44966440092 1.03458987930 1.00759049629 0.88485948326 1.24319657457 1.08463712174 1.01361088298 -156.4841215204 0.00098378138   -2 
  76 0.01525097928 0.00089954279 -176.01991521 0.42351506409 1.08448607564 1.03937503766 1.19917556858 1.36364610056 1.01519139577 1.10265741376 0.89911697624 1.16819122686 1.12837025259 1.01349044024 0.96753954866 1.44966933087 1.03458357497 1.00759117966 0.88486457663 1.24320688811 1.08462657442 1.01360822075 -156.4841153032 0.00077387534   -2 
  77 0.01525158607 0.00089950336 -176.01919180 0.42350737487 1.08453449559 1.03940781780 1.19921569782 1.36370002529 1.01514083677 1.10261989022 0.89908867549 1.16812518242 1.12838843309 1.01348801754 0.96752962377 1.44967206924 1.03457465755 1.00758811293 0.88485647822 1.24320506696 1.08462789258 1.01354943460 -156.4841103412 0.00146351357   -2 
  78 0.01525201857 0.00089950542 -176.01780558 0.42349693664 1.08456313481 1.03943120437 1.19924386907 1.36373728262 1.01510928697 1.10259660409 0.89907063133 1.16808246457 1.12840140404 1.01348696678 0.96752359476 1.44967486674 1.03456928076 1.00758631970 0.88485032712 1.24320337294 1.08463019432 1.01350692394 -156.4841077360 0.00055582429   -2 
  79 0.01525235031 0.00089953136 -176.02026789 0.42351125499 1.08450754675 1.03942658929 1.19924095841 1.36373530978 1.01511426711 1.10260041857 0.89906999164 1.16808004947 1.12840616238 1.01348869969 0.96752391648 1.44967833124 1.03456981576 1.00758436200 0.88484256721 1.24319772282 1.08463881889 1.01348309723 -156.4841053098 0.00044253875   -2 
  80 0.01525331942 0.00089953164 -176.01940281 0.42349937943 1.08442939663 1.03941066961 1.19922826398 1.36372582780 1.01511610488 1.10260039735 0.89906272654 1.16806363494 1.12841585869 1.01349029795 0.96752157635 1.44968278806 1.03456740312 1.00757309959 0.88482000100 1.24318016962 1.08465787864 1.01341146752 -156.4841028194 0.00051331835   -2 
  81 0.01526147926 0.00089956541 -176.02615112 0.42350690135 1.08447658889 1.03927693474 1.19909942359 1.36360888884 1.01506682785 1.10254839384 0.89898314178 1.16790484135 1.12845522263 1.01348081813 0.96748683430 1.44967898787 1.03452925478 1.00751288912 0.88462942401 1.24302383747 1.08479344019 1.01275993488 -156.4840859999 0.00125620145   -2 
  82 0.01526172360 0.00089958061 -176.02571947 0.42350231397 1.08447621043 1.03928188741 1.19910212754 1.36360988233 1.01506580325 1.10254719060 0.89898196015 1.16790311120 1.12845455751 1.01348001651 0.96748575444 1.44967780044 1.03452799810 1.00751085744 0.88462517106 1.24302021991 1.08479482943 1.01274379065 -156.4840844954 0.00068554198   -2 
  83 0.01526283404 0.00089955258 -176.02707480 0.42349110846 1.08442609280 1.03935754681 1.19915124267 1.36363558228 1.01505904091 1.10253786193 0.89898233955 1.16791477504 1.12843105444 1.01346851378 0.96747756636 1.44965775766 1.03451793931 1.00749877596 0.88461612611 1.24300929945 1.08477543903 1.01270471600 -156.4840798901 0.00091145904   -2 
  84 0.01526333227 0.00089956141 -176.02768392 0.42348675382 1.08441369166 1.03938933238 1.19917370478 1.36364872065 1.01505707007 1.10253474019 0.89898343089 1.16792171676 1.12842048618 1.01346365190 0.96747425339 1.44964901908 1.03451370573 1.00749398672 0.88461301012 1.24300512403 1.08476551473 1.01268769030 -156.4840787730 0.00064240852   -2 
  85 0.01526389589 0.00089956512 -176.03133764 0.42350186060 1.08442962554 1.03940237491 1.19918922888 1.36366079135 1.01505601201 1.10253270801 0.89898609275 1.16793221971 1.12840782298 1.01345808429 0.96747082044 1.44963879337 1.03450895255 1.00748994318 0.88461183897 1.24300143261 1.08474978507 1.01267731902 -156.4840768625 0.00071644160   -2 
  86 0.01526430007 0.00089957907 -176.03287484 0.42350610932 1.08444550892 1.03940819937 1.19919895304 1.36366960293 1.01505641479 1.10253231428 0.89898854987 1.16794030607 1.12839962637 1.01345436126 0.96746885167 1.44963228858 1.03450598812 1.00748762006 0.88461146578 1.24299922614 1.08473817920 1.01266808994 -156.4840761361 0.00051678430   -2 
  87 0.01526559889 0.00089954964 -176.03319876 0.42348844667 1.08448686287 1.03939129072 1.19920775993 1.36368654379 1.01505990692 1.10253417184 0.89899715103 1.16796460322 1.12837783756 1.01344431719 0.96746420195 1.44961470412 1.03449744739 1.00748111870 0.88461206026 1.24299296202 1.08469879523 1.01264322375 -156.4840733953 0.00047201255   -2 
  88 0.01526625910 0.00089956021 -176.03409618 0.42348565783 1.08449674175 1.03938527203 1.19921031183 1.36369383146 1.01506348453 1.10253697616 0.89900196734 1.16797618342 1.12837006628 1.01344105574 0.96746292169 1.44960850680 1.03449453088 1.00747764406 0.88461282883 1.24299066822 1.08467955958 1.01263164090 -156.4840726622 0.00083638346   -2 
  89 0.01527238553 0.00089957890 -176.04851900 0.42349895095 1.08453979753 1.03932845904 1.19922015210 1.36374709263 1.01509554079 1.10256174546 0.89904400775 1.16807616594 1.12830258014 1.01341112926 0.96745071903 1.44955368746 1.03446811426 1.00744010054 0.88461937159 1.24296901960 1.08450116119 1.01252504972 -156.4840666963 0.00078850048   -2 
  90 0.01527372347 0.00089955287 -176.04954789 0.42349031028 1.08450962616 1.03933951972 1.19921632311 1.36374310181 1.01509793739 1.10256442939 0.89904843941 1.16808480387 1.12829667084 1.01340671259 0.96744881536 1.44954718218 1.03446333018 1.00743180466 0.88461895274 1.24296363526 1.08446549453 1.01250034811 -156.4840640229 0.00134663025   -2 
  91 0.01527528341 0.00089955752 -176.04929302 0.42347323897 1.08447408498 1.03936142070 1.19921313477 1.36373647054 1.01510050099 1.10256774241 0.89905264591 1.16809134810 1.12829365453 1.01340312459 0.96744739264 1.44954245621 1.03445857959 1.00742327207 0.88461814270 1.24295761922 1.08442572616 1.01247111987 -156.4840609553 0.00061955379   -2 
  92 0.01527773232 0.00089957193 -176.05139871 0.42346809249 1.08442561349 1.03940257311 1.19920401179 1.36371443059 1.01509997773 1.10256907635 0.89905394811 1.16808850698 1.12829630245 1.01339956228 0.96744523579 1.44953945889 1.03445211773 1.00740969573 0.88461480543 1.24294663830 1.08436803333 1.01241479292 -156.4840592342 0.00117439156   -2 
  93 0.01527922825 0.00089956484 -176.05421203 0.42347647701 1.08440471539 1.03942276423 1.19919592429 1.36369704956 1.01509714644 1.10256757984 0.89905240225 1.16808180971 1.12829952637 1.01339753942 0.96744353739 1.44953824283 1.03444804757 1.00740104808 0.88461167529 1.24293876162 1.08433439525 1.01237918679 -156.4840568934 0.00093122297   -2 
  94 0.01528073784 0.00089959905 -176.05644392 0.42348677785 1.08442177964 1.03943296097 1.19918935567 1.36367949322 1.01509127787 1.10256355316 0.89904734425 1.16806688403 1.12830744676 1.01339665291 0.96744211490 1.44954006288 1.03444455901 1.00739337391 0.88460660729 1.24292926075 1.08430515784 1.01234391744 -156.4840540504 0.00096711883   -2 
  95 0.01528261407 0.00089960915 -176.05937154 0.42350150238 1.08445016236 1.03943477442 1.19917938074 1.36365629420 1.01508105723 1.10255595615 0.89903857471 1.16804376489 1.12831793901 1.01339548144 0.96743974413 1.44954227802 1.03443972659 1.00738271705 0.88459892477 1.24291577933 1.08427050773 1.01229499607 -156.4840522095 0.00088872449   -2 
  96 0.01528331450 0.00089957456 -176.05722284 0.42348756164 1.08446591863 1.03941734043 1.19917748149 1.36365245562 1.01507473342 1.10254997359 0.89903190174 1.16802921180 1.12832309017 1.01339532645 0.96743826094 1.44954358399 1.03443745108 1.00737994074 0.88459359597 1.24290791963 1.08426182531 1.01227345427 -156.4840490940 0.00109509400   -2 
  97 0.01528356891 0.00089957990 -176.05575389 0.42347910332 1.08447402388 1.03941064151 1.19917901474 1.36365391475 1.01507293860 1.10254813446 0.89902940806 1.16802376277 1.12832565287 1.01339589335 0.96743794196 1.44954477370 1.03443694344 1.00737842694 0.88459140316 1.24290494639 1.08425970378 1.01226690170 -156.4840478599 0.00034245932   -2 
  98 0.01528356891 0.00089957990 -176.05575389 0.42347910332 1.08447402388 1.03941064151 1.19917901474 1.36365391475 1.01507293860 1.10254813446 0.89902940806 1.16802376277 1.12832565287 1.01339589335 0.96743794196 1.44954477370 1.03443694344 1.00737842694 0.88459140316 1.24290494639 1.08425970378 1.01226690170 -156.4840478599 0.00034245932   -5 
  99 0.01528377442 0.00089958134 -176.05643731 0.42348673304 1.08447339198 1.03939984515 1.19918270776 1.36366066275 1.01507056011 1.10254558059 0.89902575816 1.16801691748 1.12832829777 1.01339686439 0.96743751952 1.44954639362 1.03443650671 1.00737777105 0.88458772638 1.24290093944 1.08426103380 1.01224943101 -156.4840472995 0.00057835873   -2 
 100 0.01528406971 0.00089959446 -176.05652958 0.42349209548 1.08447413240 1.03938663755 1.19918850761 1.36367057921 1.01506791384 1.10254240064 0.89902088815 1.16800773844 1.12833226373 1.01339853114 0.96743703843 1.44954894195 1.03443609342 1.00737664519 0.88458256540 1.24289544929 1.08426298750 1.01222585997 -156.4840466717 0.00037871429   -2 
 101 0.01528410834 0.00089959076 -176.05550681 0.42348552712 1.08447311631 1.03938846370 1.19918765149 1.36366959013 1.01506816173 1.10254216806 0.89902063878 1.16800731927 1.12833229989 1.01339826197 0.96743697610 1.44954888640 1.03443600054 1.00737583368 0.88458198067 1.24289491880 1.08426307014 1.01223017145 -156.4840463573 0.00031519746   -2 
 102 0.01528418497 0.00089958330 -176.05509496 0.42348344736 1.08447138548 1.03938816373 1.19918701291 1.36366937138 1.01506778230 1.10254135307 0.89901963436 1.16800557836 1.12833268082 1.01339840795 0.96743678708 1.44954897617 1.03443577988 1.00737572322 0.88458068350 1.24289357375 1.08426329687 1.01222804790 -156.4840462084 0.00023830256   -2 
 103 0.01528470814 0.00089958472 -176.05319814 0.42347734173 1.08446758677 1.03938605904 1.19918780365 1.36367310214 1.01506594838 1.10253688902 0.89901330532 1.16799422086 1.12833663257 1.01339972157 0.96743556940 1.44955114547 1.03443548890 1.00737343260 0.88457209895 1.24288488111 1.08426441436 1.01220984490 -156.4840457555 0.00058314999   -2 
 104 0.01528470814 0.00089958472 -176.05319814 0.42347734173 1.08446758677 1.03938605904 1.19918780365 1.36367310214 1.01506594838 1.10253688902 0.89901330532 1.16799422086 1.12833663257 1.01339972157 0.96743556940 1.44955114547 1.03443548890 1.00737343260 0.88457209895 1.24288488111 1.08426441436 1.01220984490 -156.4840457555 0.00058314999   -5 
 105 0.01528474767 0.00089957972 -176.05368639 0.42348088453 1.08446698079 1.03938517098 1.19918736543 1.36367275401 1.01506559097 1.10253642359 0.89901278266 1.16799337608 1.12833668937 1.01339965081 0.96743538694 1.44955107912 1.03443530968 1.00737330503 0.88457144377 1.24288414311 1.08426441846 1.01220736379 -156.4840454215 0.00035117145   -2 
 106 0.01528497819 0.00089959263 -176.05450233 0.42348940897 1.08446953472 1.03938388479 1.19918824179 1.36367394665 1.01506485387 1.10253514234 0.89901064897 1.16798977480 1.12833803524 1.01339983820 0.96743483198 1.44955182357 1.03443494942 1.00737382211 0.88456806016 1.24288055904 1.08426489183 1.01219334494 -156.4840449118 0.00024104861   -2 
 107 0.01528590678 0.00089959321 -176.05162174 0.42348027161 1.08446894298 1.03937777032 1.19918859242 1.36367605855 1.01506404872 1.10253036069 0.89900267327 1.16797637148 1.12834196019 1.01340082462 0.96743243563 1.44955356967 1.03443317356 1.00737164799 0.88455431822 1.24286590135 1.08426696475 1.01215154157 -156.4840439287 0.00083810118   -2 
 108 0.01528689892 0.00089957822 -176.04959363 0.42347682245 1.08446568143 1.03937050063 1.19918753708 1.36367676747 1.01506240044 1.10252484813 0.89899403403 1.16796200735 1.12834557216 1.01340168373 0.96742960649 1.44955485002 1.03443098187 1.00736860792 0.88453960817 1.24285012544 1.08426858478 1.01210719682 -156.4840426931 0.00049911463   -2 
 109 0.01528689892 0.00089957822 -176.04959363 0.42347682245 1.08446568143 1.03937050063 1.19918753708 1.36367676747 1.01506240044 1.10252484813 0.89899403403 1.16796200735 1.12834557216 1.01340168373 0.96742960649 1.44955485002 1.03443098187 1.00736860792 0.88453960817 1.24285012544 1.08426858478 1.01210719682 -156.4840426931 0.00049911463   -5 
 110 0.01528705145 0.00089959388 -176.05123960 0.42348930548 1.08446717845 1.03937427896 1.19918763734 1.36367624283 1.01506223685 1.10252511634 0.89899414810 1.16796237838 1.12834543960 1.01340177545 0.96742942911 1.44955471005 1.03443065163 1.00736678735 0.88453804595 1.24284868013 1.08426794642 1.01210547367 -156.4840417148 0.00020007688   -2 
 111 0.01528797561 0.00089958914 -176.05131212 0.42349513135 1.08446286644 1.03938489830 1.19918441611 1.36367072608 1.01505793585 1.10252492260 0.89899360587 1.16796294788 1.12834353098 1.01340278453 0.96742747778 1.44955214480 1.03442739275 1.00735350532 0.88452800863 1.24283886308 1.08426141184 1.01206016316 -156.4840409377 0.00087019866   -2 
 112 0.01528797561 0.00089958914 -176.05131212 0.42349513135 1.08446286644 1.03938489830 1.19918441611 1.36367072608 1.01505793585 1.10252492260 0.89899360587 1.16796294788 1.12834353098 1.01340278453 0.96742747778 1.44955214480 1.03442739275 1.00735350532 0.88452800863 1.24283886308 1.08426141184 1.01206016316 -156.4840409377 0.00087019866   -5 
 113 0.01528800660 0.00089959793 -176.05079288   0.423492142 1.08446438727 1.03938533869 1.19918517779 1.36367147009 1.01505826596 1.10252522408 0.89899379315 1.16796321267 1.12834370289 1.01340290789 0.96742757320 1.44955232717 1.03442746326 1.00735360091 0.88452781594 1.24283869366 1.08426125238 1.01205928341 -156.4840403665 0.00026433786   -2 
 114 0.01528837063 0.00089959047 -176.04925053 0.42348343666 1.08446463803 1.03938149994 1.19918540547 1.36367167974 1.01505843777 1.10252500661 0.89899370688 1.16796297270 1.12834303132 1.01340074769 0.96742708208 1.44955137949 1.03442662087 1.00735059719 0.88452449841 1.24283497609 1.08425816756 1.01203446942 -156.4840399388 0.00038596838   -2 
 115 0.01528843564 0.00089958699 -176.04963894 0.42348621173 1.08446414735 1.03938065239 1.19918506962 1.36367138673 1.01505806994 1.10252480297 0.89899358684 1.16796280520 1.12834281654 1.01340054125 0.96742690075 1.44955111306 1.03442630187 1.00734999390 0.88452388758 1.24283426950 1.08425765526 1.01203207736 -156.4840397493 0.00031592067   -2 
 116 0.01528874004 0.00089959949 -176.05043985 0.42349340953 1.08446574104 1.03937986903 1.19918567263 1.36367214586 1.01505814460 1.10252490416 0.89899362504 1.16796283806 1.12834246460 1.01340039324 0.96742651550 1.44955067112 1.03442547023 1.00734958349 0.88452130804 1.24283143609 1.08425519700 1.01202263540 -156.4840393328 0.00024830115   -2 
 117 0.01528874004 0.00089959949 -176.05043985 0.42349340953 1.08446574104 1.03937986903 1.19918567263 1.36367214586 1.01505814460 1.10252490416 0.89899362504 1.16796283806 1.12834246460 1.01340039324 0.96742651550 1.44955067112 1.03442547023 1.00734958349 0.88452130804 1.24283143609 1.08425519700 1.01202263540 -156.4840393328 0.00024830115   -5 
 118 0.01528898278 0.00089958888 -176.04947854 0.42348767165 1.08446341154 1.03937845713 1.19918500971 1.36367158076 1.01505715762 1.10252445925 0.89899332794 1.16796249170 1.12834194822 1.01339983991 0.96742603407 1.44954985326 1.03442452945 1.00734733153 0.88451901962 1.24282896654 1.08425247717 1.01201078457 -156.4840389879 0.00031471304   -2 
 119 0.01528916680 0.00089959197 -176.04891896 0.42348482907 1.08446338525 1.03937848917 1.19918520920 1.36367184669 1.01505703723 1.10252442511 0.89899328391 1.16796248923 1.12834174900 1.01339965436 0.96742581938 1.44954951709 1.03442395424 1.00734575774 0.88451736722 1.24282729235 1.08425057581 1.01200337238 -156.4840388157 0.00033965264   -2 
 120 0.01529043653 0.00089959785 -176.04728492 0.42347944916 1.08446166916 1.03937676681 1.19918491264 1.36367194929 1.01505599186 1.10252339572 0.89899250039 1.16796187563 1.12833986008 1.01339751761 0.96742381728 1.44954658398 1.03441971909 1.00733279496 0.88450589935 1.24281542655 1.08423748485 1.01195002940 -156.4840382058 0.00110835993   -2 
 121 0.01529719994 0.00089956829 -176.04324187 0.42347949569 1.08444432918 1.03936213392 1.19917796204 1.36366717089 1.01504770204 1.10251550169 0.89898685214 1.16795653315 1.12832814651 1.01338492069 0.96741193525 1.44952906681 1.03439638996 1.00726400474 0.88444441032 1.24275125614 1.08416672894 1.01166851513 -156.4840328353 0.00173615399   -2 
 122 0.01531454516 0.00089963837 -176.03296216 0.42348406316 1.08442749817 1.03933995221 1.19916988108 1.36366354495 1.01503184631 1.10249936328 0.89897482623 1.16794585692 1.12830120060 1.01335498702 0.96738342532 1.44948752435 1.03433906480 1.00709312203 0.88428933136 1.24258975809 1.08398581358 1.01095538079 -156.4840191289 0.00229864015   -2 
 123 0.01533767297 0.00089967032 -176.02389696 0.42351718087 1.08440055751 1.03930870482 1.19915363817 1.36365262690 1.01500878379 1.10247522251 0.89895708145 1.16792879837 1.12826370183 1.01331356956 0.96734436750 1.44943001401 1.03426195465 1.00686823997 0.88408387006 1.24237466649 1.08374283793 1.01001145602 -156.4840068950 0.00052201829   -2 
 124 0.01533767297 0.00089967032 -176.02389696 0.42351718087 1.08440055751 1.03930870482 1.19915363817 1.36365262690 1.01500878379 1.10247522251 0.89895708145 1.16792879837 1.12826370183 1.01331356956 0.96734436750 1.44943001401 1.03426195465 1.00686823997 0.88408387006 1.24237466649 1.08374283793 1.01001145602 -156.4840068950 0.00052201829   -5 
 125 0.01533775112 0.00089966372 -176.02497034 0.42352165239 1.08440581287 1.03931369045 1.19915283776 1.36365065013 1.01500931611 1.10247443939 0.89895640405 1.16792720713 1.12826345372 1.01331347744 0.96734397919 1.44942909085  1.0342618443 1.00687240067 0.88408589764 1.24237546809 1.08373934706 1.01001853026 -156.4840063768 0.00060750825   -2 
 126 0.01533805164 0.00089968033 -176.02697179 0.42352617802 1.08442991636 1.03933595452 1.19915358276 1.36364688277 1.01501309195 1.10247309214 0.89895485699 1.16792256121 1.12826374722 1.01331346224 0.96734326624 1.44942690463 1.03426223176 1.00688837869 0.88409404276 1.24237922915 1.08372615817 1.01003875042 -156.4840050229 0.00063187662   -2 
 127 0.01533805164 0.00089968033 -176.02697179 0.42352617802 1.08442991636 1.03933595452 1.19915358276 1.36364688277 1.01501309195 1.10247309214 0.89895485699 1.16792256121 1.12826374722 1.01331346224 0.96734326624 1.44942690463 1.03426223176 1.00688837869 0.88409404276 1.24237922915 1.08372615817 1.01003875042 -156.4840050229 0.00063187662   -5 
 128 0.01533809271 0.00089966994 -176.02721162 0.42352618882 1.08442877208 1.03933662627 1.19915323980 1.36364622548 1.01501335101 1.10247278151 0.89895455431 1.16792190335 1.12826365127 1.01331336508 0.96734305217 1.44942648225 1.03426223176 1.00689000791 0.88409497032 1.24237950514 1.08372440981 1.01004221445 -156.4840046222 0.00040313120   -2 
 129 0.01533849536 0.00089965633 -176.02684988 0.42351134886 1.08443187475 1.03934913560 1.19915689484 1.36364650261 1.01501849740 1.10247270986 0.89895351455 1.16791802638 1.12826475857 1.01331377933 0.96734232154 1.44942482862 1.03426305374 1.00691461714 0.88410492179 1.24238358376 1.08370779504 1.01006911987 -156.4840035496 0.00047870353   -2 
 130 0.01533940489 0.00089964433 -176.03195583 0.42351829902 1.08444158560 1.03937153337 1.19916492153 1.36364840258 1.01502776994 1.10247337336 0.89895187555 1.16791048621 1.12826775317 1.01331483226 0.96734113923 1.44942189301 1.03426494359 1.00696661859 0.88412747110 1.24239292099 1.08367041311 1.01013732464 -156.4840014818 0.00123954541   -2 
 131 0.01534114965 0.00089966307 -176.04028076 0.42352381346 1.08446612613 1.03941461019 1.19918332043 1.36365578351 1.01504663825 1.10247649915 0.89894996658 1.16789796355 1.12827468834 1.01331745632 0.96733965942 1.44941781382 1.03426913229 1.00706509700 0.88417081649 1.24241125729 1.08359954035 1.01026898688 -156.4839984396 0.00049718466   -2 
 132 0.01534164892 0.00089966360 -176.04104990 0.42351625645 1.08446968034 1.03941724122 1.19918786620 1.36365983151 1.01505156639 1.10247876832 0.89895056849 1.16789679476 1.12827719640 1.01331848372 0.96733988341 1.44941790691 1.03427068279 1.00708985239 0.88418228707 1.24241572190 1.08357985146 1.01030610687 -156.4839978017 0.00064272257   -2 
 133 0.01534202191 0.00089964785 -176.04169671 0.42351154903 1.08446854450 1.03941286226 1.19918964070 1.36366266309 1.01505393493 1.10248064726 0.89895134035 1.16789683022 1.12827898659 1.01331919656 0.96734018521 1.44941827246 1.03427175760 1.00710622138 0.88419021356 1.24241835636 1.08356527328 1.01033186153 -156.4839971514 0.00025573432   -2 
 134 0.01534211189 0.00089965234 -176.04144104 0.42350978359 1.08446789103 1.03940498943 1.19918969643 1.36366508919 1.01505397561 1.10248242538 0.89895269356 1.16789926467 1.12828000711 1.01332007341 0.96734095569 1.44941972862 1.03427227979 1.00710675534 0.88419130032 1.24241829849 1.08356269068 1.01033496110 -156.4839969958 0.00030415631   -2 
 135 0.01534244531 0.00089964956 -176.04136251 0.42351008445 1.08446108560 1.03937017451 1.19918732819 1.36367290905 1.01505274514 1.10248891895 0.89895801707 1.16790940885 1.12828354463 1.01332310541 0.96734398711 1.44942544306 1.03427408317 1.00710503358 0.88419427396 1.24241707124 1.08355349132 1.01034332074 -156.4839965829 0.00017326614   -2 
 136 0.01534249231 0.00089965306 -176.04127631 0.42351029222 1.08446098385 1.03936815531 1.19918691389 1.36367355051 1.01505244977 1.10248978884 0.89895881682 1.16791097096 1.12828400211 1.01332342643 0.96734447676 1.44942633973 1.03427428788 1.00710397902 0.88419444457 1.24241678429 1.08355231897 1.01034373955 -156.4839965411 0.00012834108   -2 
 137 0.01534267936 0.00089965670 -176.04128050 0.42351417477 1.08446012830 1.03936522799 1.19918384723 1.36367360169 1.01505043035 1.10249230017 0.89896156314 1.16791668516 1.12828523485 1.01332425330 0.96734600606 1.44942951851 1.03427481475 1.00709775631 0.88419438754 1.24241517866 1.08354752651 1.01034361355 -156.4839964624 0.00014068547   -2 
 138 0.01534316207 0.00089965358 -176.04007152 0.42351681669 1.08445799649 1.03936607634 1.19917655736 1.36367124260 1.01504441962 1.10249691090 0.89896768071 1.16792966225 1.12828763491 1.01332584607 0.96734978837 1.44943655420 1.03427530457 1.00708051606 0.88419329737 1.24241045824 1.08353560791 1.01033130090 -156.4839963521 0.00038155502   -2 
 139 0.01534411707 0.00089965824 -176.03691768 0.42351752978 1.08445620129 1.03936975759 1.19916429412 1.36366741802 1.01503329555 1.10250581685 0.89897954931 1.16795468365 1.12829240467 1.01332900801 0.96735728163 1.44945028760 1.03427633459 1.00704670083 0.88419106075 1.24240120418 1.08351243988 1.01030710685 -156.4839960497 0.00015889962   -2 
 140 0.01534400206 0.00089965546 -176.03722613 0.42351693577 1.08445692865 1.03936963921 1.19916737230 1.36366811580 1.01503537808 1.10250398026 0.89897747561 1.16795028352 1.12829151294 1.01332839920 0.96735609704 1.44944795322 1.03427612587 1.00705212117 0.88419120078 1.24240228402 1.08351543431 1.01031005341 -156.4839960200 0.00013205806   -2 
 141 0.01534386849 0.00089965317 -176.03735914 0.42351487225 1.08445946619 1.03937058226 1.19917392076 1.36366962962 1.01503948233 1.10250071425 0.89897407819 1.16794296419 1.12829005881 1.01332757529 0.96735427264 1.44944422729 1.03427591112 1.00705886769 0.88419120262 1.24240364011 1.08351937820 1.01031580789 -156.4839959799 0.00008984747    0 
-- Found new optimum with likelihood -156.483995979977522 and gradient 0.00009

---- Best joint likelihood found -156.483995979977522 with gradient 0.00009

---- Results for /scratch/38995914/tmpi91hqmit 
--  Model: C
--        eps_an     theta_bar             a 
-- 0.01534386849 0.00089965317            -1 
--           S_d             b           p_b           S_b 
-- -176.03735914 0.42351487225             0             1 
--           r 2           r 3           r 4           r 5           r 6           r 7           r 8           r 9          r 10          r 11          r 12          r 13          r 14          r 15          r 16          r 17          r 18          r 19 
-- 1.08445946619 1.03937058226 1.19917392076 1.36366962962 1.01503948233 1.10250071425 0.89897407819 1.16794296419 1.12829005881 1.01332757529 0.96735427264 1.44944422729 1.03427591112 1.00705886769 0.88419120262 1.24240364011 1.08351937820 1.01031580789 

---- Expected P_neut(i), 0 < i < n (neutral SFS per site) 
E[P_neut(1)] = 0.0008865830
E[P_neut(2)] = 0.0004811646
E[P_neut(3)] = 0.0003079173
E[P_neut(4)] = 0.0002663346
E[P_neut(5)] = 0.0002425279
E[P_neut(6)] = 0.0001508818
E[P_neut(7)] = 0.0001410604
E[P_neut(8)] = 0.0001006572
E[P_neut(9)] = 0.0001162296
E[P_neut(10)] = 0.0001015070
E[P_neut(11)] = 0.0000833964
E[P_neut(12)] = 0.0000729620
E[P_neut(13)] = 0.0001009425
E[P_neut(14)] = 0.0000677790
E[P_neut(15)] = 0.0000632383
E[P_neut(16)] = 0.0000530921
E[P_neut(17)] = 0.0000695227
E[P_neut(18)] = 0.0000608092
E[P_neut(19)] = 0.0000609088

---- Expected P_sel(i), 0 < i < n (selected SFS per site) 
E[P_sel(1)] = 0.0003302658
E[P_sel(2)] = 0.0001212994
E[P_sel(3)] = 0.0000634066
E[P_sel(4)] = 0.0000481958
E[P_sel(5)] = 0.0000399417
E[P_sel(6)] = 0.0000230786
E[P_sel(7)] = 0.0000203136
E[P_sel(8)] = 0.0000137906
E[P_sel(9)] = 0.0000152554
E[P_sel(10)] = 0.0000128311
E[P_sel(11)] = 0.0000102034
E[P_sel(12)] = 0.0000086701
E[P_sel(13)] = 0.0000116861
E[P_sel(14)] = 0.0000077006
E[P_sel(15)] = 0.0000071359
E[P_sel(16)] = 0.0000059943
E[P_sel(17)] = 0.0000077793
E[P_sel(18)] = 0.0000073756
E[P_sel(19)] = 0.0000099036

---- alpha_dfe = 0.000000

