---- Running command
---- ./polyDFE -d /scratch/38995603/tmpr4x0m589 -m C -i /scratch/38995603/tmpooa4awb5 1 -v 1 
---- Performing inference using model C

---- Performing inference on /scratch/38995603/tmpr4x0m589
----      with -i /scratch/38995603/tmpooa4awb5 1
---- Data /scratch/38995603/tmpr4x0m589 does not contain divergence counts. Using option -w.
---- No mutation variability. Using Poisson likelihood.


---- Using provided initial values

-- Starting local optimization
-- Optimizing all parameters
  it     theta_bar           S_d             b           r 2           r 3           r 4           r 5           r 6           r 7           r 8           r 9          r 10          r 11          r 12          r 13          r 14          r 15          r 16          r 17          r 18          r 19           ln lk          grad status 
   0  0.0008889703 -275.47030000     0.3631272      1.108895      1.085894       1.17146       1.22055     0.9183284      1.078414     0.8619392      1.201028      1.044525     0.9376269     0.9625282      1.367893       1.02253       1.02738     0.9952897      1.232454      1.175055      1.245369 -162.8649900294 0.98301780824   -2 
   1 0.00089968677 -274.22943140 0.35907691104 1.10640144579 1.08853015516 1.16737889773 1.22131546118 0.92079691639 1.07981176811 0.86413826145 1.20424782123 1.04180101545 0.93794030964 0.96284811073 1.36478528742 1.02572010956 1.02754838561 0.99463325816 1.23052790988 1.17412445581 1.24362236078 -161.8883124466 0.63457404450   -2 
   2 0.00087944759 -269.24567143 0.34759748294 1.06179575595 1.10275820008 1.11555908064 1.22050630878 0.94290158394 1.08982381187 0.88509115391 1.23450669510 1.00995881428 0.93899600517 0.96408794777 1.32816246978 1.05850567779 1.02742927211 0.98588348847 1.20764551150 1.16213749963 1.22284698212 -158.7648838043 0.60757038722   -2 
   3 0.00090154933 -267.30676599 0.35117410946 1.04373112296 1.11248127349 1.07528808197 1.21965796511 0.96427698258 1.09944822527 0.90658667172 1.26501522323 0.97832878034 0.94009501770 0.96539328042 1.29131974595 1.09397434433 1.02732974603 0.97666187646 1.18382755121 1.14952011525 1.20104692625 -156.7517372800 0.93992602499   -2 
   4 0.00090484752 -266.67589698 0.35981018263 1.02979444814 1.11725146548 1.04026015077 1.21706843239 0.98325922263 1.10733344550 0.92661114204 1.29308185814 0.94854138675 0.94066835311 0.96619106161 1.25631373092 1.12856921411 1.02683729810 0.96747078600 1.16076639633 1.13702338004 1.17984419409 -155.4256721136 0.35294886333   -2 
   5 0.00089071711 -265.50171133 0.35835423957 1.06163187413 1.09904058336 1.06126674822 1.21257968285 0.97617277874 1.10289711106 0.92454250196 1.28812916618 0.94519175411 0.93942644949 0.96506003486 1.25130542484 1.13244655349 1.02568295404 0.96469072132 1.15526793701 1.13340202996 1.17430339591 -154.5669953515 0.55046454765   -2 
   6 0.00089466175 -264.59739343 0.35673280334 1.07570198562 1.09269734069 1.07115681759 1.21130890823 0.97366183839 1.10142729107 0.92428414292 1.28682373682 0.94314215998 0.93905112290 0.96473332300 1.24836768574 1.13543613124 1.02528502035 0.96324371648 1.15219695123 1.13148445375 1.17122430081 -154.2455378168 0.19447789466   -2 
   7 0.00090005994 -264.12643719 0.36252792774 1.08197011223 1.08796876697 1.08876641302 1.20995544083 0.97060339936 1.09952663058 0.92680292379 1.28789116182 0.93375019308 0.93841124753 0.96424056273 1.23571644938 1.14966120880 1.02433582856 0.95784572398 1.14014996753 1.12425202838 1.15927408139 -153.9187514232 0.20600661684   -2 
   8 0.00090486444 -261.42565133 0.36165498992 1.07661552089 1.08828378457 1.10446321763 1.20973961781 0.96845461423 1.09824567833 0.93108927293 1.29087462683 0.92101686277 0.93786500946 0.96387398584 1.21854289211 1.17029178157 1.02325955714 0.95042530894 1.12350562913 1.11427482893 1.14266477804 -153.6320845519 0.45436022667   -2 
   9 0.00089819814 -258.33422489 0.36193156840 1.06657220718 1.08854904428 1.12122412593 1.20892727318 0.96566460869 1.09638954554 0.93638301065 1.29443356862 0.90475426850 0.93700709113 0.96325151870 1.19658943643 1.19712838450 1.02173625726 0.94077542936 1.10214081474 1.10133057647 1.12130267620 -153.2809779211 0.12615823686   -2 
  10 0.00089967037 -254.46996242 0.36084227123 1.06233511229 1.09619926303 1.09772599481 1.21015089131 0.96728055724 1.09708793649 0.94039611645 1.29799547185 0.89262414226 0.93663649884 0.96303376812 1.17945154859 1.22090300170 1.02058101506 0.93153624383 1.08210353504 1.08889346365 1.10041462985 -153.0298458124 0.23870685456   -2 
  11 0.00089734080 -253.77757670 0.36175980987 1.06131530866 1.09733337178 1.09116755104 1.21017404437 0.96765631651 1.09717581665 0.94115499461 1.29863259200 0.88984876709 0.93648989497 0.96292388265 1.17548240760 1.22642200261 1.02025188022 0.92924846126 1.07723656151 1.08582236530 1.09528585424 -152.9718097247 0.10379945698   -2 
  12 0.00090111778 -253.30833872 0.36384557913 1.06290700177 1.09640426711 1.08452221967 1.21001016649 0.96834934541 1.09743834047 0.94123563268 1.29875371014 0.88846372403 0.93639202731 0.96284308047 1.17323611543 1.22993697234 1.01999383382 0.92731122308 1.07326275474 1.08321737883 1.09083220927 -152.9282221372 0.04181262370   -2 
  13 0.00090038341 -252.93168162 0.36420066925 1.06371120029 1.09327183897 1.08223706914 1.20919466752 0.96861826339 1.09739015425 0.94036101235 1.29794353548 0.88908321963 0.93624460379 0.96268926005 1.17373917994 1.22935561634 1.01981139358 0.92658751140 1.07204541936 1.08225471423 1.08912946546 -152.9185674428 0.08709774706   -2 
  14 0.00090164788 -252.08272412 0.36412274237 1.06525555268 1.08788537960 1.07868735766 1.20781250876 0.96915439049 1.09735822178 0.93871399387 1.29645232664 0.89045036865 0.93600316915 0.96243180284 1.17496140040 1.22796954085 1.01950703034 0.92535306850 1.07001932191 1.08061075937 1.08618462582 -152.9029199577 0.03040194635   -2 
  15 0.00090120516 -250.95888279 0.36397423075 1.06126738669 1.08508228949 1.07795048429 1.20559397197 0.96909475353 1.09670854467 0.93577613624 1.29366404385 0.89321009985 0.93542023751 0.96181786553 1.17786261155 1.22366461088 1.01890523045 0.92384519686 1.06799290332 1.07863642638 1.08264358886 -152.8901847262 0.05274827211   -2 
  16 0.00090219481 -250.60917334 0.36396464777 1.06026639463 1.08470478177 1.07797858662 1.20498350630 0.96902208519 1.09648051248 0.93487475463 1.29281034012 0.89408575727 0.93522632397 0.96161343872 1.17880467634 1.22222243971 1.01870735884 0.92338714518 1.06740770480 1.07803914084 1.08157158999 -152.8865293664 0.03905773935   -2 
  17 0.00090330851 -250.05137017 0.36501326417 1.05850890133 1.08507131273 1.07849163739 1.20361759695 0.96847474950 1.09568552122 0.93281169095 1.29079028644 0.89596739620 0.93465544273 0.96101984958 1.18089218690 1.21855796779 1.01814758421 0.92233349042 1.06617158998 1.07668289279 1.07919321664 -152.8797349041 0.02123829512   -2 
  18 0.00090299407 -250.10325544 0.36467664626 1.05944256146 1.08546800542 1.07852854496 1.20396635542 0.96841063460 1.09572187555 0.93321206797 1.29116402300 0.89556059674 0.93469583417 0.96106328240 1.18047854599 1.21903335178 1.01819022399 0.92250295067 1.06642242906 1.07690906368 1.07961377147 -152.8785839548 0.02128796753   -2 
  19 0.00090242329 -250.13056733 0.36463351960 1.06007084441 1.08589976243 1.07862529045 1.20414687712 0.96826434387 1.09565079266 0.93337252493 1.29129798106 0.89536102137 0.93466164960 0.96102955273 1.18029801731 1.21906604660 1.01816054380 0.92254895552 1.06653451081 1.07697753628 1.07976227700 -152.8778159318 0.01807925480   -2 
  20 0.00090234047 -250.12210615 0.36459557863 1.06153604711 1.08723366179 1.07909067393 1.20458627339 0.96785922284 1.09542565862 0.93361173120 1.29149217319 0.89506649666 0.93452528030 0.96088996819 1.18009139599 1.21873372190 1.01803238796 0.92257118269 1.06673024223 1.07703019990 1.07991645446 -152.8765607843 0.01390893401   -2 
  21 0.00090215680 -250.12277265 0.36471721033 1.06181259421 1.08772048551 1.07932758252 1.20474600527 0.96769022628 1.09532356001 0.93365973608 1.29152834957 0.89500882231 0.93445203478 0.96081361626 1.18008368072 1.21845983206 1.01796048254 0.92255182677 1.06678939140 1.07701602095 1.07991507672 -152.8761961148 0.01274247542   -2 
  22 0.00090241913 -250.07879030 0.36484776052 1.06196792026 1.08843587336 1.07978965355 1.20502662308 0.96746011366 1.09519100206 0.93370735782 1.29157669426 0.89499868673 0.93433396891 0.96068767778 1.18017106272 1.21790144759 1.01783866807 0.92250209687 1.06687581210 1.07696878555 1.07985823497 -152.8757519065 0.00964481784   -2 
  23 0.00090225811 -249.98774265 0.36495794399 1.06164838273 1.08892090861 1.08028761498 1.20529894005 0.96724231256 1.09506337453 0.93371360205 1.29159807589 0.89507078488 0.93418982375 0.96053096494 1.18037143619 1.21711830376 1.01768312650 0.92241706485 1.06695900119 1.07687904662 1.07972349833 -152.8753734078 0.01421493419   -2 
  24 0.00090238516 -249.84584806 0.36495590592 1.06127049618 1.08931692003 1.08081005615 1.20559225081 0.96704724409 1.09495602589 0.93371616911 1.29162854684 0.89518644792 0.93403939067 0.96036499326 1.18063407952 1.21623029978 1.01751526917 0.92232012228 1.06705157159 1.07677527419 1.07955831497 -152.8749696112 0.00812119536   -2 
  25 0.00090224690 -249.65798815 0.36494482439 1.06083965010 1.08940555392 1.08124352841 1.20583968458 0.96687921716 1.09486382657 0.93369661582 1.29164773011 0.89535981814 0.93386963565 0.96017484426 1.18098122103 1.21516634975 1.01731810343 0.92219604590 1.06715137153 1.07663977677 1.07933427374 -152.8747296552 0.00768224773   -2 
  26 0.00090226712 -249.21918179 0.36508963612 1.06119895329 1.08751962735 1.08073010422 1.20564931512 0.96702456974 1.09496329276 0.93357443349 1.29163419091 0.89587108924 0.93364780797 0.95990333203 1.18179855487 1.21329126051 1.01699610090 0.92193715545 1.06729837617 1.07634478579 1.07879003477 -152.8736286660 0.00635597268   -2 
  27 0.00090239328 -249.19516788 0.36509766502 1.06118508712 1.08753191186 1.08067464768 1.20561574154 0.96704581285 1.09497565152 0.93356727608 1.29163023949 0.89589205270 0.93364659438 0.95989987349 1.18182738699 1.21324644174 1.01698826786 0.92192698561 1.06730108121 1.07633267386 1.07876482705 -152.8735739679 0.00577099476   -2 
  28 0.00090254234 -249.09277318 0.36526895452 1.06092415668 1.08776604803 1.08027104087 1.20533695637 0.96716045050 1.09502751897 0.93350777413 1.29157208926 0.89597877615 0.93364934763 0.95989190448 1.18193590155 1.21310386222 1.01695422299 0.92187007973 1.06729427114 1.07626363742 1.07862464402 -152.8733805746 0.00438813237   -2 
  29 0.00090252434 -248.90753385 0.36526353126 1.06065450169 1.08806301559 1.07982676452 1.20499248052 0.96728721505 1.09507608729 0.93342412424 1.29148005853 0.89606408210 0.93366188434 0.95989235244 1.18203253251 1.21301083937 1.01691976314 0.92179784939 1.06726990203 1.07617487213 1.07844494178 -152.8732376878 0.00377190812   -2 
  30 0.00090245623 -248.88057295 0.36527296796 1.06064555057 1.08806904584 1.07978994222 1.20495395727 0.96729658692 1.09507655607 0.93341027761 1.29146320880 0.89607140165 0.93366335124 0.95989242879 1.18203941155 1.21300672230 1.01691485925 0.92178650836 1.06726354064 1.07616088686 1.07841751149 -152.8732202238 0.00295890474   -2 
  31 0.00090235835 -248.64351325 0.36528911593 1.06091205334 1.08792445001 1.07978058643 1.20481339470 0.96732930137 1.09506415269 0.93331640892 1.29134647759 0.89610493057 0.93368587016 0.95990650707 1.18205857967 1.21305891912 1.01689019555 0.92170465823 1.06720763408 1.07605904602 1.07821238036 -152.8731203544 0.00378797229   -2 
  32 0.00090231513 -248.39865584 0.36544524702 1.06112285063 1.08775446424 1.07987656876 1.20475334693 0.96734942653 1.09505021276 0.93322841098 1.29123957224 0.89613444998 0.93371680733 0.95992939273 1.18207034050 1.21314984600 1.01687121373 0.92161910093 1.06714664516 1.07595216090 1.07799132024 -152.8730355088 0.00588216625   -2 
  33 0.00090241702 -248.26268750 0.36551788011 1.06119575055 1.08769362130 1.07995430836 1.20475672205 0.96736201220 1.09505005432 0.93319190451 1.29119796024 0.89615136250 0.93373738330 0.95994602172 1.18207862574 1.21320822395 1.01686596498 0.92157764665 1.06711767583 1.07590006704 1.07787913501 -152.8729883474 0.00358278378   -2 
  34 0.00090244115 -247.92744609 0.36573325743 1.06090393781 1.08769511424 1.08021767275 1.20493728407 0.96737583421 1.09506953124 0.93315869950 1.29117676754 0.89618611625 0.93379941028 0.96000175267 1.18209672830 1.21339239492 1.01687527126 0.92149870832 1.06706328066 1.07579954224 1.07764120404 -152.8728727405 0.00474079926   -2 
  35 0.00090249185 -247.78506790 0.36576951197 1.06077405157 1.08773285308 1.08031547549 1.20503391711 0.96738279321 1.09508608924 0.93316195759 1.29119153863 0.89620062677 0.93382732197 0.96002802727 1.18210707346 1.21347136004 1.01688574364 0.92147578261 1.06704890253 1.07576978170 1.07756165654 -152.8728331369 0.00426022759   -2 
  36 0.00090236635 -247.61578133 0.36579781775 1.06060564814 1.08780088745 1.08039314381 1.20515965273 0.96738558083 1.09511002568 0.93318465114 1.29123446185 0.89621515857 0.93386114539 0.96006152086 1.18211980152 1.21356737149 1.01690514745 0.92145920439 1.06704025718 1.07574742616 1.07748797250 -152.8727864578 0.00212163550   -2 
  37 0.00090235236 -247.54174757 0.36579362808 1.06063758893 1.08787086562 1.08037416830 1.20522781473 0.96739120631 1.09513738003 0.93322910480 1.29130030374 0.89622338639 0.93388148585 0.96008409952 1.18213391705 1.21361524960 1.01692891174 0.92147287250 1.06705484155 1.07576303528 1.07749427781 -152.8727688253 0.00356680305   -2 
  38 0.00090218722 -247.38326737 0.36583120994 1.06075675317 1.08803427482 1.08029051675 1.20537975431 0.96740391916 1.09520744452 0.93335177997 1.29147853291 0.89624218843 0.93393054805 0.96014010505 1.18217072084 1.21372732817 1.01699313635 0.92151829709 1.06710043453 1.07581598486 1.07753514143 -152.8727293737 0.00334340164   -2 
  39 0.00090217438 -247.15933679 0.36594624472 1.06102427555 1.08828000175 1.08017650179 1.20560906576 0.96744832250 1.09534247614 0.93357353981 1.29179537509 0.89628304539 0.93401795948 0.96024000138 1.18224805719 1.21390733766 1.01711317635 0.92161631486 1.06719747698 1.07593154433 1.07764803607 -152.8726711335 0.00380401753   -2 
  40 0.00090212234 -247.09239020 0.36600556730 1.06108840351 1.08833730726 1.08015457282 1.20567330085 0.96746930882 1.09539082934 0.93364980609 1.29190235863 0.89629989130 0.93404928433 0.96027574871 1.18227876470 1.21396705639 1.01715727203 0.92165503410 1.06723576165 1.07597742248 1.07769677408 -152.8726525583 0.00225521888   -2 
  41 0.00090217323 -246.95645317 0.36611543659 1.06112699313 1.08836406868 1.08024148832 1.20577192451 0.96756562976 1.09552809065 0.93383211232 1.29214882183 0.89636320057 0.93413706296 0.96037387671 1.18238243151 1.21410416299 1.01728035659 0.92177515550 1.06735593511 1.07612052954 1.07786474260 -152.8726186088 0.00315501521   -2 
  42 0.00090206454 -246.80431758 0.36620483940 1.06108943408 1.08833495071 1.08039362741 1.20584623395 0.96769109519 1.09568612617 0.93403164534 1.29241185324 0.89644615075 0.93424270020 0.96049131439 1.18251464219 1.21425671513 1.01742931121 0.92192605197 1.06750747272 1.07630065526 1.07808214680 -152.8725795486 0.00521631139   -2 
  43 0.00090199814 -246.54034310 0.36628475617 1.06103621898 1.08829001219 1.08068045257 1.20596286543 0.96791238070 1.09595290977 0.93435779478 1.29283815242 0.89659405736 0.93442468269 0.96069259005 1.18274659904 1.21451173134 1.01768399251 0.92218646070 1.06777000738 1.07661159048 1.07845951028 -152.8725128597 0.00206889087   -2 
  44 0.00090190267 -246.43968642 0.36630088098 1.06104434818 1.08829152630 1.08078756910 1.20599233949 0.96799520448 1.09604276654 0.93446058668 1.29296644249 0.89665720669 0.93449613906 0.96077091428 1.18284212373 1.21460460692 1.01778349799 0.92229133641 1.06787681062 1.07673694558 1.07861376973 -152.8725031122 0.00160187203   -2 
  45 0.00090188899 -246.39507591 0.36629691109 1.06113496297 1.08835392032 1.08082753024 1.20599395137 0.96803086404 1.09606361211 0.93446707940 1.29296255396 0.89670006045 0.93453402472 0.96081077269 1.18290019899 1.21464113787 1.01783370206 0.92234921866 1.06793816239 1.07680629299 1.07870175185 -152.8724918161 0.00310337730   -2 
  46 0.00090176715 -246.32795502 0.36631939384 1.06129883259 1.08847586173 1.08088290300 1.20598842241 0.96808652825 1.09608607978 0.93445623413 1.29292292147 0.89677805362 0.93459939658 0.96087901174 1.18300384826 1.21469853203 1.01792005298 0.92245132631 1.06804730657 1.07692870738 1.07885843704 -152.8724711397 0.00195954726   -2 
  47 0.00090181512 -246.32323914 0.36633198070 1.06131577397 1.08850780363 1.08088915895 1.20599857440 0.96809440967 1.09608580185 0.93444217254 1.29290075322 0.89679428968 0.93461080129 0.96089017459 1.18302350876 1.21470529210 1.01793318269 0.92246807144 1.06806637810 1.07694878572 1.07888431054 -152.8724631832 0.00181222256   -2 
  48 0.00090182447 -246.32268090 0.36636041954 1.06131493769 1.08854291278 1.08089054051 1.20601313769 0.96810104320 1.09608107072 0.93441667693 1.29286280693 0.89681535876 0.93462438409 0.96090315087 1.18304823264 1.21471105393 1.01794832387 0.92248853822 1.06809026243 1.07697336917 1.07891637171 -152.8724566272 0.00080362975   -2 
  49 0.00090179894 -246.31528515 0.36635064520 1.06122862178 1.08860818663 1.08087924738 1.20608166097 0.96811178460 1.09605711135 0.93431061869 1.29271748071 0.89688401770 0.93466402302 0.96093880041 1.18312476089 1.21471836204 1.01798765364 0.92254761481 1.06816280079 1.07704426694 1.07900974055 -152.8724467850 0.00092010390   -2 
  50 0.00090180991 -246.31439318 0.36634805846 1.06122890676 1.08861024427 1.08087884670 1.20608798597 0.96811274080 1.09605510509 0.93429971995 1.29270333538 0.89689143682 0.93466829015 0.96094263016 1.18313304063 1.21471904682 1.01799188857 0.92255416398 1.06817091978 1.07705212767 1.07902012600 -152.8724459190 0.00057091402   -2 
  51 0.00090181427 -246.31710711 0.36635610458 1.06128641111 1.08856245347 1.08087293322 1.20610144061 0.96811108108 1.09604329716 0.93424168617 1.29263452695 0.89692907748 0.93468872798 0.96096077981 1.18317502564 1.21471860540 1.01801299564 0.92258993256 1.06821602353 1.07709519924 1.07907817394 -152.8724425462 0.00028851591   -2 
  52 0.00090180332 -246.31730554 0.36635231196 1.06128950567 1.08855296550 1.08087347606 1.20609824325 0.96810976415 1.09604259166 0.93423363241 1.29262780516 0.89693555168 0.93469224730 0.96096398182 1.18318248059 1.21471793665 1.01801699651 0.92259768373 1.06822587416 1.07710454225 1.07909108526 -152.8724422239 0.00037442712   -2 
  53 0.00090180420 -246.31726285 0.36634876159 1.06129013860 1.08854922592 1.08087474023 1.20609577107 0.96810912191 1.09604291385 0.93423013666 1.29262599092 0.89693915184 0.93469425852 0.96096583920 1.18318671205 1.21471760337 1.01801942911 0.92260240477 1.06823188827 1.07711023962 1.07909898506 -152.8724420501 0.00017591910   -2 
  54 0.00090180541 -246.32250189 0.36634831867 1.06126762026 1.08854979080 1.08088542316 1.20607298533 0.96810564648 1.09604949677 0.93422659618 1.29263974542 0.89695153089 0.93470141565 0.96097289288 1.18320244454 1.21471478810 1.01803053712 0.92262556329 1.06826142847 1.07713828446 1.07913882312 -152.8724414941 0.00016094563   -2 
  55 0.00090180791 -246.32367840 0.36634793382 1.06126506745 1.08855065374 1.08088743015 1.20606855116 0.96810491130 1.09605101424 0.93422642726 1.29264351571 0.89695401568 0.93470287036 0.96097437364 1.18320568968 1.21471413210 1.01803295487 0.92263079983 1.06826807663 1.07714462235 1.07914788609 -152.8724414550 0.00013390093   -2 
  56 0.00090180613 -246.32792748 0.36634860050 1.06127265356 1.08855604459 1.08088853265 1.20606009282 0.96810214470 1.09605471348 0.93422960981 1.29265751315 0.89695868850 0.93470563182 0.96097726585 1.18321243599 1.21471171720 1.01803913498 0.92264557169 1.06828674809 1.07716260319 1.07917419157 -152.8724413164 0.00017882893   -2 
  57 0.00090180732 -246.32920763 0.36634754518 1.06127761643 1.08855860451 1.08088861325 1.20605884793 0.96810153033 1.09605603236 0.93423142579 1.29266282886 0.89695995668 0.93470645437 0.96097816192 1.18321442225 1.21471093465 1.01804115805 0.92265075049 1.06829324483 1.07716890152 1.07918349002 -152.8724412694 0.00014384919   -2 
  58 0.00090180125 -246.33068442 0.36634582866 1.06128499821 1.08856139248 1.08088736575 1.20606116967 0.96810151837 1.09605713021 0.93423469109 1.29266887853 0.89696031523 0.93470680293 0.96097871093 1.18321549240 1.21471012376 1.01804296532 0.92265621141 1.06829998064 1.07717554110 1.07919356100 -152.8724412028 0.00011927838   -2 
  59 0.00090180168 -246.33102714 0.36634485440 1.06128742661 1.08856261822 1.08088703169 1.20606368615 0.96810202491 1.09605750532 0.93423625368 1.29267068100 0.89696009079 0.93470678594 0.96097879767 1.18321544210 1.21471008496 1.01804337229 0.92265763519 1.06830168218 1.07717727782 1.07919628044 -152.8724411814 0.00008443777    0 
-- Found new optimum with likelihood -152.872441181415127 and gradient 0.00008

---- Best joint likelihood found -152.872441181415127 with gradient 0.00008

---- Results for /scratch/38995603/tmpr4x0m589 
--  Model: C
--        eps_an     theta_bar             a 
--             0 0.00090180168            -1 
--           S_d             b           p_b           S_b 
-- -246.33102714 0.36634485440             0             1 
--           r 2           r 3           r 4           r 5           r 6           r 7           r 8           r 9          r 10          r 11          r 12          r 13          r 14          r 15          r 16          r 17          r 18          r 19 
-- 1.06128742661 1.08856261822 1.08088703169 1.20606368615 0.96810202491 1.09605750532 0.93423625368 1.29267068100 0.89696009079 0.93470678594 0.96097879767 1.18321544210 1.21471008496 1.01804337229 0.92265763519 1.06830168218 1.07717727782 1.07919628044 

---- Expected P_neut(i), 0 < i < n (neutral SFS per site) 
E[P_neut(1)] = 0.0009018017
E[P_neut(2)] = 0.0004785354
E[P_neut(3)] = 0.0003272225
E[P_neut(4)] = 0.0002436864
E[P_neut(5)] = 0.0002175261
E[P_neut(6)] = 0.0001455060
E[P_neut(7)] = 0.0001412038
E[P_neut(8)] = 0.0001053120
E[P_neut(9)] = 0.0001295258
E[P_neut(10)] = 0.0000808880
E[P_neut(11)] = 0.0000766291
E[P_neut(12)] = 0.0000722177
E[P_neut(13)] = 0.0000820789
E[P_neut(14)] = 0.0000782448
E[P_neut(15)] = 0.0000612049
E[P_neut(16)] = 0.0000520034
E[P_neut(17)] = 0.0000566704
E[P_neut(18)] = 0.0000539667
E[P_neut(19)] = 0.0000512222

---- Expected P_sel(i), 0 < i < n (selected SFS per site) 
E[P_sel(1)] = 0.0003284016
E[P_sel(2)] = 0.0001224885
E[P_sel(3)] = 0.0000702591
E[P_sel(4)] = 0.0000467712
E[P_sel(5)] = 0.0000384895
E[P_sel(6)] = 0.0000241641
E[P_sel(7)] = 0.0000222654
E[P_sel(8)] = 0.0000158952
E[P_sel(9)] = 0.0000188247
E[P_sel(10)] = 0.0000113712
E[P_sel(11)] = 0.0000104572
E[P_sel(12)] = 0.0000095943
E[P_sel(13)] = 0.0000106408
E[P_sel(14)] = 0.0000099182
E[P_sel(15)] = 0.0000075985
E[P_sel(16)] = 0.0000063324
E[P_sel(17)] = 0.0000067768
E[P_sel(18)] = 0.0000063446
E[P_sel(19)] = 0.0000059261

---- alpha_dfe = 0.000000

