---- Running command
---- ./polyDFE -d /scratch/40840264/tmpw9e7awdx -m C -i /scratch/40840264/tmpcxzs7sig 1 -v 1 
---- Performing inference using model C

---- Performing inference on /scratch/40840264/tmpw9e7awdx
----      with -i /scratch/40840264/tmpcxzs7sig 1
---- Data /scratch/40840264/tmpw9e7awdx does not contain divergence counts. Using option -w.
---- No mutation variability. Using Poisson likelihood.


---- Using provided initial values

-- Starting local optimization
-- Optimizing all parameters
  it        eps_an     theta_bar           S_d             b           p_b           S_b           r 2           r 3           r 4           r 5           r 6           r 7           r 8           r 9           ln lk          grad status 
   0 0.00000449946   0.000731729 -15.495060000     0.1773756  0.0009289272   0.007920217      0.756295     0.8118638     0.8203224     0.7703739     0.7596918     0.7652355     0.8437457      1.011566 -75.95823743039 1.36195604932   -2 
   1 0.00000449945 0.00070992691 -15.536987207 0.17811098909 0.00092891883 0.00792021672 0.74910642142 0.81373778142 0.82290069271 0.77021113313 0.75824361470 0.76783219023 0.84339479057 1.00468831606 -73.66795604599 0.51521309323   -2 
   2 0.00000449944 0.00071047364 -15.477772210 0.17700914741 0.00092893036 0.00792021649 0.70254107743 0.86960406455 0.88115864570 0.78370554544 0.75108643422 0.81531327836 0.84967862041 0.92715954401 -69.60328081099 0.27440410458   -2 
   3 0.00000449943 0.00069713124 -15.465790613 0.17766535404 0.00092892406 0.00792021548 0.72620401385 0.87037301876 0.89940705866 0.79140661506 0.74707791685 0.85005876579 0.85469693175 0.87344839772 -68.52818546379 0.49868708564   -2 
   4 0.00000449942 0.00070260850 -15.438256214 0.17756048405 0.00092892581 0.00792021522 0.73679764484 0.87089000863 0.90563733179 0.79492276945 0.74646115105 0.86343921018 0.85722238071 0.85520278262 -68.15044267699 0.07043039269   -2 
   5 0.00000449942 0.00070342137 -15.410423457 0.17836160790 0.00092891971 0.00792021486 0.73672490083 0.86274599525 0.89191344135 0.79952125098 0.75224943128 0.87284550478 0.86373838007 0.84482527479 -68.05351715339 0.03766135087   -2 
   6 0.00000449943 0.00070428961 -15.404224830 0.17840757588 0.00092891953 0.00792021479 0.73621146994 0.86294059187 0.89151137184 0.79957876167 0.75265290185 0.87296369415 0.86415523476 0.84462809166 -68.05041783073 0.03424956068   -2 
   7 0.00000449943 0.00070449848 -15.379417085 0.17880653162 0.00092891691 0.00792021449 0.73278640483 0.86413056685 0.88997245879 0.79920881671 0.75428994436 0.87258479437 0.86583798647 0.84419871738 -68.04191023304 0.01342257540   -2 
   8 0.00000449944 0.00070455175 -15.265989336 0.18022552266 0.00092890832 0.00792021213 0.73424332262 0.86488603312 0.89041269534 0.79625278188 0.75661356621 0.86829717313 0.86871652264 0.84530499845 -68.03314799494 0.01761408349   -2 
   9 0.00000449944 0.00070495577 -15.247965394 0.18036154863 0.00092890779 0.00792021190 0.73430075857 0.86492710360 0.89061184284 0.79625678145 0.75676419534 0.86812584859 0.86895044840 0.84549662916 -68.03232663221 0.02057005787   -2 
  10 0.00000449948 0.00070461698 -14.602420114 0.18534021064 0.00092888932 0.00792020258 0.73130433384 0.86316587079 0.89781586916 0.80158737135 0.75877673924 0.86760284067 0.87414788523 0.85239076149 -68.00775213591 0.03667872971   -2 
  11 0.00000449953 0.00070173168 -14.035720379 0.18973036669 0.00092887491 0.00792019421 0.73292318590 0.86439195649 0.89971547567 0.80549557070 0.76000253790 0.86989587005 0.87733944857 0.85737664514 -67.98650510329 0.11276615850   -2 
  12 0.00000449974 0.00069537532 -11.484596613 0.21296151269 0.00092880745 0.00792015235 0.74330260972 0.87276271427 0.90867789461 0.82524052994 0.76661361114 0.88301439849 0.89341820188 0.88251256140 -67.90592713688 0.07793311810   -2 
  13 0.00000449969 0.00069803434 -11.985796948 0.20763567255 0.00092882300 0.00792016137 0.74065740603 0.87153039754 0.90668499424 0.82039536492 0.76557814821 0.88073680580 0.88992235547 0.87669078087 -67.89489143822 0.04256235153   -2 
  14 0.00000449969 0.00069653181 -11.957283525 0.20749302909 0.00092882585 0.00792016137 0.73780944950 0.87404207872 0.90499078579 0.81638694158 0.76754971484 0.88411823007 0.88931444022 0.87403277952 -67.87476608767 0.09693583800   -2 
  15 0.00000449969 0.00069814264 -11.938686284 0.20731738189 0.00092882834 0.00792016140 0.73705999883 0.87526163226 0.90440786745 0.81462004436 0.76857633077 0.88584342074 0.88907973966 0.87275839186 -67.85897671380 0.02602952893   -2 
  16 0.00000449970 0.00069756678 -11.896040209 0.20707132638 0.00092883288 0.00792016140 0.73701476840 0.87519056778 0.90284011252 0.81053986901 0.77054069285 0.88947620318 0.88806032502 0.86903226229 -67.85049134476 0.01707416114   -2 
  17 0.00000449970 0.00069776671 -11.881076890 0.20699058550 0.00092883444 0.00792016138 0.73731289390 0.87479794360 0.90257161251 0.80968558540 0.77095804814 0.89031747188 0.88773611361 0.86793235572 -67.84960520205 0.01620677730   -2 
  18 0.00000449970 0.00069735088 -11.864030947 0.20694766043 0.00092883585 0.00792016134 0.73774038281 0.87385174126 0.90247249272 0.80927034576 0.77108519196 0.89076040174 0.88732727464 0.86677755201 -67.84845051430 0.01691713385   -2 
  19 0.00000449970 0.00069757751 -11.845935054 0.20689671481 0.00092883740 0.00792016141 0.73816167824 0.87297896512 0.90257414090 0.80927021625 0.77103421839 0.89089732002 0.88697013295 0.86581420189 -67.84752459843 0.01300758018   -2 
  20 0.00000449971 0.00069720232 -11.819974820 0.20688966869 0.00092883914 0.00792016147 0.73825244506 0.87192531584 0.90281962605 0.80979318190 0.77059852708 0.89050943785 0.88646725471 0.86467404059 -67.84645723139 0.01674622538   -2 
  21 0.00000449971 0.00069745829 -11.792972748 0.20687985367 0.00092884097 0.00792016158 0.73816349858 0.87130883472 0.90310741627 0.81049827894 0.77007997361 0.88993699587 0.88603939825 0.86375336425 -67.84550586973 0.01419139053   -2 
  22 0.00000449971 0.00069712476 -11.758112979 0.20694461529 0.00092884279 0.00792016169 0.73754748678 0.87113019632 0.90327799673 0.81144624219 0.76924963037 0.88887860703 0.88554083917 0.86285874884 -67.84437617191 0.01436874544   -2 
  23 0.00000449972 0.00069736413 -11.737511201 0.20699479527 0.00092884380 0.00792016173 0.73719714330 0.87140556161 0.90327940496 0.81190465415 0.76879817081 0.88824096437 0.88533928906 0.86256810837 -67.84377500260 0.01156315616   -2 
  24 0.00000449972 0.00069711270 -11.712084998 0.20714387644 0.00092884443 0.00792016175 0.73672827489 0.87210232772 0.90298094956 0.81217564138 0.76825764140 0.88738403006 0.88518256345 0.86254069571 -67.84306664983 0.01114479318   -2 
  25 0.00000449973 0.00069731865 -11.693851614 0.20727263919 0.00092884474 0.00792016177 0.73663779599 0.87266728094 0.90269852620 0.81215885285 0.76799507982 0.88688797432 0.88517896426 0.86276349714 -67.84261571825 0.01165972498   -2 
  26 0.00000449974 0.00069703230 -11.660235442 0.20761227444 0.00092884462 0.00792016189 0.73669740498 0.87346908108 0.90202999372 0.81175426937 0.76766098993 0.88611924825 0.88528818937 0.86349285146 -67.84180601452 0.01233692005   -2 
  27 0.00000449974 0.00069728512 -11.631567466 0.20791327061 0.00092884446 0.00792016192 0.73700363436 0.87377169101 0.90166211928 0.81130061110 0.76760786276 0.88578022064 0.88550465487 0.86428671642 -67.84112886072 0.01556356541   -2 
  28 0.00000449976 0.00069692717 -11.571540759 0.20864207222 0.00092884352 0.00792016203 0.73759465254 0.87371836023 0.90111064266 0.81023182466 0.76772696398 0.88541867150 0.88605467306 0.86609669750 -67.83979994936 0.01436334959   -2 
  29 0.00000449977 0.00069732360 -11.535582830 0.20905988739 0.00092884316 0.00792016207 0.73771736472 0.87323580477 0.90140670483 0.80991346764 0.76811618277 0.88576567603 0.88648913220 0.86710737754 -67.83866523795 0.02324311909   -2 
  30 0.00000449980 0.00069691430 -11.431076029 0.21039785415 0.00092884138 0.00792016224 0.73751361358 0.87136913789 0.90263649810 0.80924184522 0.76945424309 0.88721426481 0.88778312055 0.86992294348 -67.83564392267 0.01294904077   -2 
  31 0.00000449980 0.00069719591 -11.429350600 0.21038540210 0.00092884163 0.00792016220 0.73715280119 0.87257647315 0.90298360042 0.81034519636 0.76959551831 0.88780212203 0.88772553524 0.86916721556 -67.83399760835 0.02550710795   -2 
  32 0.00000449980 0.00069667997 -11.428167832 0.21042167592 0.00092884152 0.00792016217 0.73675274558 0.87367259350 0.90328934447 0.81146919365 0.76973038200 0.88841624799 0.88764840799 0.86834095267 -67.83250702966 0.00747658090   -2 
  33 0.00000449981 0.00069643995 -11.418618308 0.21061322021 0.00092884095 0.00792016196 0.73793452148 0.87371521309 0.90387491720 0.81289784034 0.77018937978 0.88960347163 0.88779253120 0.86722228308 -67.83137003354 0.00447307978   -2 
  34 0.00000449981 0.00069629153 -11.415536446 0.21068660738 0.00092884070 0.00792016203 0.73793560051 0.87364216086 0.90397227796 0.81296050473 0.77031722415 0.88979426077 0.88790609917 0.86716976359 -67.83126136394 0.00847767160   -2 
  35 0.00000449982 0.00069638673 -11.381501146 0.21136088553 0.00092883892 0.00792016273 0.73788016397 0.87313209620 0.90497906400 0.81334947263 0.77161995030 0.89157803550 0.88914790223 0.86698060755 -67.83034310919 0.00624235731   -2 
  36 0.00000449984 0.00069600388 -11.348893280 0.21192872928 0.00092883780 0.00792016347 0.73788263105   0.874177427 0.90476167575 0.81314428079 0.77196935139 0.89185520392 0.88983037549 0.86764780523 -67.82938793876 0.02023134921   -2 
  37 0.00000449986 0.00069612255 -11.297950266 0.21275207119 0.00092883650 0.00792016458 0.73801968018 0.87578416227 0.90449666570 0.81289244356 0.77247123256 0.89222808789 0.89084758903 0.86872902055 -67.82825211396 0.00927870688   -2 
  38 0.00000449986 0.00069637101 -11.294645510 0.21272250421 0.00092883698 0.00792016458 0.73817300263 0.87519577128 0.90473857635 0.81310096934 0.77236878310 0.89211703892 0.89073257657 0.86881252583 -67.82777921832 0.01493743553   -2 
  39 0.00000449986 0.00069615543 -11.288493350 0.21270555046 0.00092883760 0.00792016456 0.73833642267 0.87405168037 0.90512134497 0.81345696968 0.77213900698 0.89186454393 0.89048430992 0.86896718856 -67.82707114450 0.00396827232   -2 
  40 0.00000449987 0.00069615123 -11.252198543 0.21274847787 0.00092884041 0.00792016439 0.73760570263 0.87397317566 0.90531085960 0.81409333113 0.77143000250 0.89103384740 0.88970884149 0.86957134456 -67.82637738378 0.00683495932   -2 
  41 0.00000449987 0.00069599414 -11.249333277 0.21277137655 0.00092884051 0.00792016441 0.73763927242 0.87398360475 0.90524497811 0.81405594608 0.77140000972 0.89099637264 0.88966856633 0.86958189419 -67.82627096637 0.00672060153   -2 
  42 0.00000449988 0.00069590531 -11.223884308 0.21295645247 0.00092884145 0.00792016453 0.73848077323 0.87432422180 0.90459997836 0.81351553483 0.77136882576 0.89092665096 0.88953305034 0.86956452853 -67.82565069686 0.00468285310   -2 
  43 0.00000449988 0.00069611216 -11.213226472 0.21306338389 0.00092884167 0.00792016483 0.73791073400 0.87429597236 0.90485294678 0.81346630812 0.77158124969 0.89116707216 0.88973094364 0.86950932595 -67.82531158854 0.01048256619   -2 
  44 0.00000449989 0.00069598222 -11.206131917 0.21315440016 0.00092884170 0.00792016503 0.73752973282 0.87423058200 0.90499766800 0.81342405387 0.77171553663 0.89132130900 0.88986074291 0.86945996064 -67.82510106677 0.00419329891   -2 
  45 0.00000449992 0.00069564298 -11.138702511 0.21406723661 0.00092884196 0.00792016819 0.73851778177 0.87343941259 0.90537828629 0.81341425145 0.77250286944 0.89231526837 0.89084558821 0.86908565977 -67.82389256889 0.01333802098   -2 
  46 0.00000449993 0.00069580428 -11.114170260 0.21437762056 0.00092884221 0.00792016931 0.73880963601 0.87334100683 0.90552480995 0.81346577084 0.77276835416 0.89265208021 0.89118669306 0.86900558771 -67.82355998831 0.00963272542   -2 
  47 0.00000450009 0.00069492560 -10.742850105 0.21923838374 0.00092884623 0.00792018595 0.73845796259 0.87698964185 0.90705486464 0.81551932586 0.77572000342 0.89655280429 0.89550877906 0.86940324619 -67.81815764407 0.01640045262   -2 
  48 0.00000450011 0.00069452974 -10.712826526 0.21964914615 0.00092884655 0.00792018733 0.73844867525 0.87709648487 0.90718651802 0.81572124627 0.77588343459 0.89677372058 0.89577521054 0.86959968637 -67.81766582288 0.01288433325   -2 
  49 0.00000450025 0.00069361350 -10.399111124 0.22356827720 0.00092885334 0.00792020091 0.73992841581 0.87599773078 0.90937398463 0.81872299695 0.77662102428 0.89778576986 0.89734518917 0.87455358932 -67.81268663323 0.00841126299   -2 
  50 0.00000450034 0.00069316494 -10.228224152 0.22569501171 0.00092885800 0.00792020858 0.73962544970 0.87660296758 0.91021264107 0.81988061239 0.77700231151 0.89823580484 0.89793353618 0.87786576259 -67.81167696458 0.00813287933   -2 
  51 0.00000450032 0.00069314962 -10.259995835 0.22529964637 0.00092885714 0.00792020713 0.73962120838 0.87657837709 0.90999342926 0.81958328587 0.77694447870 0.89816309043 0.89781329210 0.87723594841 -67.81156401259 0.00625481735   -2 
  52 0.00000450031 0.00069339490 -10.294842060 0.22483705444 0.00092885655 0.00792020550 0.73943731852 0.87699723025 0.90955757559 0.81895656558 0.77695491283 0.89814742377 0.89764776221 0.87654452973 -67.81128884545 0.00610825676   -2 
  53 0.00000450030 0.00069333247 -10.302898448 0.22473389072 0.00092885644 0.00792020514 0.73935277622 0.87710920725 0.90942271750 0.81876379864 0.77695602241 0.89813848843 0.89759019953 0.87639882545 -67.81122728981 0.00216770608   -2 
  54 0.00000450030 0.00069339963 -10.307229811 0.22464767089 0.00092885677 0.00792020491 0.73923577427 0.87724899163 0.90926308870 0.81847817472 0.77696564446 0.89812330155 0.89747791912 0.87640357631 -67.81118859307 0.00226084570   -2 
  55 0.00000450030 0.00069337064 -10.308457967 0.22462029824 0.00092885693 0.00792020489 0.73919319698 0.87726950584 0.90920121656 0.81836478988 0.77696279605 0.89810879892 0.89742303867 0.87642442035 -67.81117777941 0.00154957024   -2 
  56 0.00000450031 0.00069341895 -10.309557745 0.22455284924 0.00092885770 0.00792020500 0.73916033963 0.87720290541 0.90907956741 0.81809186024 0.77693679266 0.89804582032 0.89724408585 0.87655829511 -67.81115303868 0.00176210021   -2 
  57 0.00000450031 0.00069339905 -10.309887730 0.22452613705 0.00092885807 0.00792020503 0.73914778532 0.87715003393 0.90903139293 0.81798526688 0.77691720067 0.89800971901 0.89716038560 0.87661901173 -67.81114646388 0.00103569032   -2 
  58 0.00000450031 0.00069342291 -10.309221744 0.22449569046 0.00092885880 0.00792020530 0.73916871304 0.87701611304 0.90902765729 0.81795575024 0.77685978527 0.89793380825 0.89704708622 0.87669570748 -67.81113532950 0.00148718694   -2 
  59 0.00000450031 0.00069339850 -10.308901410 0.22448575010 0.00092885911 0.00792020543 0.73916909005 0.87696213187 0.90902677601 0.81795424608 0.77683147065 0.89789850820 0.89700063278 0.87672168861 -67.81113132189 0.00068260823   -2 
  60 0.00000450032 0.00069340174 -10.307286291 0.22446715441 0.00092886012 0.00792020595 0.73913865360 0.87691750746 0.90904745197 0.81804044334 0.77674528803 0.89780176171 0.89690735229 0.87674504754 -67.81112441000 0.00072081212   -2 
  61 0.00000450032 0.00069338625 -10.306977787 0.22446629518 0.00092886031 0.00792020606 0.73913082498 0.87691991129 0.90904629260 0.81805481142 0.77673118160 0.89778649401 0.89689522986 0.87674230002 -67.81112332402 0.00058977124   -2 
  62 0.00000450032 0.00069338274 -10.305336364 0.22446751562 0.00092886126 0.00792020640 0.73911079240 0.87698435569 0.90903247885 0.81811431375 0.77668389608 0.89773746253 0.89686806995 0.87670388770 -67.81111962857 0.00042302283   -2 
  63 0.00000450033 0.00069336116 -10.304546431 0.22447815355 0.00092886179 0.00792020672 0.73912527992 0.87699350416 0.90901939998 0.81810724987 0.77668654898 0.89774120657 0.89688096921 0.87667279991 -67.81111766058 0.00113010321   -2 
  64 0.00000450035 0.00069336322 -10.301059367 0.22452134165 0.00092886408 0.00792020796 0.73919815629 0.87703367998 0.90897729955 0.81807524772 0.77671003087 0.89777049378 0.89694629573 0.87654625013 -67.81111014270 0.00065227279   -2 
  65 0.00000450034 0.00069336121 -10.301436555 0.22451883890 0.00092886387 0.00792020795 0.73913841207 0.87700391124 0.90901298214 0.81808553961 0.77671693690 0.89777786402 0.89694098582 0.87658771858 -67.81110704087 0.00066355643   -2 
  66 0.00000450034 0.00069337348 -10.301424429 0.22451901399 0.00092886389 0.00792020795 0.73912914045 0.87699834325 0.90902198689 0.81808787708 0.77672016754 0.89778146761 0.89694167008 0.87659702049 -67.81110634171 0.00031277805   -2 
  67 0.00000450035 0.00069337108 -10.300721326 0.22453759422 0.00092886439 0.00792020834 0.73909767686 0.87695334558 0.90906289359 0.81808882666 0.77674759407 0.89781232020 0.89695571265 0.87664928362 -67.81110420908 0.00054263907   -2 
  68 0.00000450035 0.00069338297 -10.300250640 0.22454801016 0.00092886472 0.00792020856 0.73909359599 0.87694007904 0.90907938900 0.81808970361 0.77676170878 0.89782840475 0.89696434035 0.87667602140 -67.81110337594 0.00059417865   -2 
  69 0.00000450037 0.00069335251 -10.296626759 0.22463274202 0.00092886725 0.00792021043 0.73912782521 0.87691494312 0.90913026518 0.81808949732 0.77684348323 0.89792547969 0.89702291119 0.87683649808 -67.81109659770 0.00139167509   -2 
  70 0.00000450039 0.00069337007 -10.293209467 0.22470629556 0.00092886958 0.00792021208 0.73916934551 0.87692127569 0.90917048774 0.81809710871 0.77691332456 0.89800918104 0.89707764442 0.87697171273 -67.81109029025 0.00102131140   -2 
  71 0.00000450039 0.00069334191 -10.293122430 0.22470512083 0.00092886962 0.00792021208 0.73916220650 0.87695767724 0.90915446820 0.81810781055 0.77690079401 0.89799608320 0.89707665900 0.87694887573 -67.81108649522 0.00127927961   -2 
  72 0.00000450040 0.00069334449 -10.292448087 0.22469879565 0.00092886994 0.00792021219 0.73915427033 0.87709962551 0.90910847122 0.81815490851 0.77686125285 0.89795552249 0.89708001643 0.87687064973 -67.81107806138 0.00039296696   -2 
  73 0.00000450040 0.00069334518 -10.292465319 0.22470045823 0.00092886994 0.00792021221 0.73915937146 0.87706438390 0.90911957429 0.81814787884 0.77686799926 0.89796241801 0.89708045463 0.87688158922 -67.81107767448 0.00034152600   -2 
  74 0.00000450040 0.00069335107 -10.292102696 0.22469977572 0.00092887013 0.00792021230 0.73916148019 0.87709081811 0.90911168082 0.81816243763 0.77685744044 0.89795172974 0.89708328011 0.87685766586 -67.81107696358 0.00066608481   -2 
  75 0.00000450040 0.00069333244 -10.291617741 0.22470097660 0.00092887040 0.00792021240 0.73916303222 0.87710435769 0.90910420651 0.81817764661 0.77684477162 0.89793859812 0.89708659792 0.87682720239 -67.81107562146 0.00054318218   -2 
  76 0.00000450041 0.00069332841 -10.289611270 0.22470510264 0.00092887151 0.00792021282 0.73918063525 0.87711356018 0.90909739504 0.81822691471 0.77680924734 0.89790133906 0.89710230511 0.87672732493 -67.81107276000 0.00049372444   -2 
  77 0.00000450041 0.00069331148 -10.288365695 0.22471069092 0.00092887223 0.00792021302 0.73918086262 0.87709153168 0.90910039394 0.81824148804 0.77679595524 0.89788702624 0.89711001408 0.87667999851 -67.81107145490 0.00074239266   -2 
  78 0.00000450042 0.00069331915 -10.286226021 0.22472041202 0.00092887348 0.00792021338 0.73917857527 0.87704737892 0.90911263726 0.81825509225 0.77678283997 0.89787233323 0.89712224074 0.87661634289 -67.81106923217 0.00055611556   -2 
  79 0.00000450043 0.00069330150 -10.284110375 0.22473619160 0.00092887481 0.00792021390 0.73915643546 0.87699969063 0.90912182321 0.81824011846 0.77678292718 0.89787099520 0.89712724440 0.87658395939 -67.81106714888 0.00095437275   -2 
  80 0.00000450044 0.00069332151 -10.282010413 0.22475235777 0.00092887614 0.00792021435 0.73913689486 0.87696725395 0.90912988201 0.81821662705 0.77679037736 0.89787743797 0.89712979708 0.87657004449 -67.81106425740 0.00077859861   -2 
  81 0.00000450047 0.00069330405 -10.276192088 0.22480952411 0.00092887998 0.00792021567 0.73907515390 0.87691046156 0.90912673215 0.81812317865 0.77682007742 0.89790527245 0.89712291087 0.87657320094 -67.81105879067 0.00090009966   -2 
  82 0.00000450047 0.00069332312 -10.275539337 0.22481819298 0.00092888047 0.00792021593 0.73908666969 0.87693174804 0.90911924051 0.81811760671 0.77682476098 0.89791087452 0.89711953868 0.87659078795 -67.81105614843 0.00112231293   -2 
  83 0.00000450049 0.00069329003 -10.272447309 0.22487762389 0.00092888306 0.00792021740 0.73916314023 0.87708270295 0.90905129027 0.81809687944 0.77684457578 0.89793824507 0.89709033499 0.87671960985 -67.81104380574 0.00055042372   -2 
  84 0.00000450052 0.00069324937 -10.269685027 0.22495079756 0.00092888605 0.00792021933 0.73915343594 0.87710407892 0.90913328155 0.81820676307 0.77688926077 0.89800083940 0.89711481333 0.87691498740 -67.81103455789 0.00211838727   -2 
  85 0.00000450054 0.00069327064 -10.267045945 0.22501569726 0.00092888884 0.00792022110 0.73915408604 0.87712514136 0.90921748643 0.81831262902 0.77693427158 0.89806269975 0.89714457534 0.87709367184 -67.81102418048 0.00041378187   -2 
  86 0.00000450054 0.00069327388 -10.266219244 0.22503572636 0.00092888971 0.00792022163 0.73915865904 0.87712891452 0.90924139694 0.81834161794 0.77694892880 0.89808226233 0.89715843093 0.87714184058 -67.81102373614 0.00061536018   -2 
  87 0.00000450056 0.00069325177 -10.264904419 0.22506768337 0.00092889112 0.00792022239 0.73917693045 0.87712665433 0.90926915003 0.81837268418 0.77697335651 0.89811327224 0.89719390176 0.87719293954 -67.81102198262 0.00081668188   -2 
  88 0.00000450056 0.00069325177 -10.264904419 0.22506768337 0.00092889112 0.00792022239 0.73917693045 0.87712665433 0.90926915003 0.81837268418 0.77697335651 0.89811327224 0.89719390176 0.87719293954 -67.81102198262           NAN   -8 
  89 0.00000450056 0.00069326538 -10.264827506 0.22506734541 0.00092889116 0.00792022240 0.73918213292 0.87712890025 0.90926796470 0.81836953138 0.77697504375 0.89811474374 0.89719923763 0.87718650305 -67.81102094420 0.00051758643   -2 
  90 0.00000450056 0.00069325070 -10.263825297 0.22507324091 0.00092889195 0.00792022267 0.73923400100 0.87713778845 0.90922316873 0.81829670533 0.77699486093 0.89813034554 0.89728752338 0.87705780164 -67.81101526046 0.00038026892   -2 
  91 0.00000450056 0.00069326034 -10.263419040 0.22507484034 0.00092889228 0.00792022279 0.73922789891 0.87714045853 0.90922136769 0.81828536259 0.77700055613 0.89813558180 0.89731150352 0.87702281250 -67.81101452197 0.00060636633   -2 
  92 0.00000450057 0.00069324861 -10.262678349 0.22507951046 0.00092889294 0.00792022305 0.73920047057 0.87713942340 0.90922173460 0.81827037185 0.77700831912 0.89814278272 0.89734986939 0.87696337680 -67.81101315981 0.00038401855   -2 
  93 0.00000450057 0.00069325544 -10.262666475 0.22507942005 0.00092889295 0.00792022307 0.73920114380 0.87713861174 0.90922422895 0.81827475315 0.77700724281 0.89814195541 0.89734570420 0.87696904062 -67.81101291187 0.00027070640   -2 
  94 0.00000450057 0.00069325281 -10.262207285 0.22508522002 0.00092889345 0.00792022335 0.73918419419 0.87711622739 0.90924894905 0.81832058975 0.77699279442 0.89813026392 0.89730659328 0.87701023708 -67.81101159184 0.00018429339   -2 
  95 0.00000450057 0.00069325394 -10.262013874 0.22508746594 0.00092889366 0.00792022347 0.73918095397 0.87711148061 0.90925522479 0.81833346604 0.77698861916 0.89812689731 0.89729509936 0.87702270690 -67.81101151226 0.00020337492   -2 
  96 0.00000450059 0.00069323879 -10.259453985 0.22511840162 0.00092889653 0.00792022515 0.73921865611 0.87714893482 0.90923784329 0.81835328324 0.77697291098 0.89811318270 0.89724949621 0.87708127362 -67.81100901551 0.00033763939   -2 
  97 0.00000450059 0.00069323879 -10.259453985 0.22511840162 0.00092889653 0.00792022515 0.73921865611 0.87714893482 0.90923784329 0.81835328324 0.77697291098 0.89811318270 0.89724949621 0.87708127362 -67.81100901551 0.00033763939   -5 
  98 0.00000450060 0.00069324997 -10.259311385 0.22511934439 0.00092889668 0.00792022525 0.73920711936 0.87714512076 0.90924358908 0.81834750139 0.77698006005 0.89812031752 0.89726220315 0.87707496722 -67.81100838990 0.00058872152   -2 
  99 0.00000450060 0.00069324997 -10.259311385 0.22511934439 0.00092889668 0.00792022525 0.73920711936 0.87714512076 0.90924358908 0.81834750139 0.77698006005 0.89812031752 0.89726220315 0.87707496722 -67.81100838990           NAN   -8 
 100 0.00000450060 0.00069324131 -10.259298382 0.22512007832 0.00092889670 0.00792022527 0.73920436115 0.87714319210 0.90924340496 0.81834578295 0.77698085578 0.89812102095 0.89726413973 0.87707327560 -67.81100794584 0.00023656129   -2 
 101 0.00000450060 0.00069324131 -10.259298382 0.22512007832 0.00092889670 0.00792022527 0.73920436115 0.87714319210 0.90924340496 0.81834578295 0.77698085578 0.89812102095 0.89726413973 0.87707327560 -67.81100794584 0.00023656129   -5 
 102 0.00000450060 0.00069324131 -10.259298382 0.22512007832 0.00092889670 0.00792022527 0.73920436115 0.87714319210 0.90924340496 0.81834578295 0.77698085578 0.89812102095 0.89726413973 0.87707327560 -67.81100794584 0.00023656129   -8 
 103 0.00000450060 0.00069324131 -10.259298382 0.22512007832 0.00092889670 0.00792022527 0.73920436115 0.87714319210 0.90924340496 0.81834578295 0.77698085578 0.89812102095 0.89726413973 0.87707327560 -67.81100794584 0.00023656129   -8 
-- Local optimization: reached maximum number of likelihood evaluations allowed.
-- Found new optimum with likelihood -67.811007945844381 and gradient 0.00024

---- Best joint likelihood found -67.811007945844381 with gradient 0.00024

---- Results for /scratch/40840264/tmpw9e7awdx 
--  Model: C
--        eps_an     theta_bar             a 
-- 0.00000450060 0.00069324131            -1 
--           S_d             b           p_b           S_b 
-- -10.259298382 0.22512007832 0.00092889670 0.00792022527 
--           r 2           r 3           r 4           r 5           r 6           r 7           r 8           r 9 
-- 0.73920436115 0.87714319210 0.90924340496 0.81834578295 0.77698085578 0.89812102095 0.89726413973 0.87707327560 

---- Expected P_neut(i), 0 < i < n (neutral SFS per site) 
E[P_neut(1)] = 0.0006932385
E[P_neut(2)] = 0.0002562227
E[P_neut(3)] = 0.0002026901
E[P_neut(4)] = 0.0001575810
E[P_neut(5)] = 0.0001134622
E[P_neut(6)] = 0.0000897728
E[P_neut(7)] = 0.0000889455
E[P_neut(8)] = 0.0000777534
E[P_neut(9)] = 0.0000675610

---- Expected P_sel(i), 0 < i < n (selected SFS per site) 
E[P_sel(1)] = 0.0005271761
E[P_sel(2)] = 0.0001699179
E[P_sel(3)] = 0.0001237497
E[P_sel(4)] = 0.0000908539
E[P_sel(5)] = 0.0000626427
E[P_sel(6)] = 0.0000478721
E[P_sel(7)] = 0.0000460771
E[P_sel(8)] = 0.0000392911
E[P_sel(9)] = 0.0000334064

---- alpha_dfe = 0.001957

