---- Running command
---- ./polyDFE -d /scratch/40841539/tmpyoihz7uv -m C -i /scratch/40841539/tmpj_78sna3 1 -v 1 
---- Performing inference using model C

---- Performing inference on /scratch/40841539/tmpyoihz7uv
----      with -i /scratch/40841539/tmpj_78sna3 1
---- Data /scratch/40841539/tmpyoihz7uv does not contain divergence counts. Using option -w.
---- No mutation variability. Using Poisson likelihood.


---- Using provided initial values

-- Starting local optimization
-- Optimizing all parameters
  it        eps_an     theta_bar           S_d             b           p_b           S_b           r 2           r 3           r 4           r 5           r 6           r 7           r 8           r 9          r 10          r 11          r 12          r 13          r 14          r 15          r 16          r 17          r 18          r 19          r 20          r 21          r 22          r 23          r 24           ln lk          grad status 
   0 0.00000450451  0.0008647194 -33.444059999     0.1398527   0.005009714    0.05328228     0.5834314      0.499803     0.5581096     0.5076067      0.557493     0.6522272     0.6050956     0.5227928     0.5765882     0.4982845     0.5150672     0.5206269      0.482151     0.5460091     0.5199818      0.523935     0.5814646     0.6159988     0.7697745     0.7047025     0.6593795      0.914738      1.558127 -179.7287038954 0.60109965401   -2 
   1 0.00000450450 0.00085053127 -33.630261052 0.14394207496 0.00500819994 0.05328159033 0.58629403998 0.48944447319 0.56529476921 0.51421468081 0.54931468727 0.66300901893 0.60450427269 0.52279256449 0.56928105837 0.50227450660 0.50643646190 0.51856404506 0.48456899652 0.55305834105 0.51689362420 0.52497494295 0.57073441288 0.62020545779 0.77049898601 0.69600997698 0.65179567613 0.91640671765 1.54834177628 -177.7387411091 1.39696230897   -2 
   2 0.00000450448 0.00088378693 -34.110762581 0.16018313638 0.00500266022 0.05327880570 0.60407719042 0.45181334326 0.59929365220 0.54515984573 0.51764504076 0.71313051968 0.60368901142 0.52394949790 0.53997281318 0.52077264620 0.47140643004 0.51049322422 0.49585071225 0.58544074946 0.50429976074 0.53013688024 0.52686167388 0.63956650505 0.77471935242 0.66018020594 0.62042003546 0.92495565573 1.50960647710 -170.3092255405 0.36669490303   -2 
   3 0.00000450448 0.00089409630 -33.596322275 0.16394087841 0.00500161978 0.05327768754 0.56925143252 0.47546128100 0.59064138424 0.54897977480 0.51598164118 0.72556247098 0.60752287477 0.52743676715 0.52892944238 0.53429213559 0.45275249009 0.50767739105 0.50569217811 0.61043873166 0.49749274036 0.53592055440 0.49895893333 0.65630405136 0.78129510766 0.63807008511 0.60020281389 0.93540816630 1.49871494907 -167.9058069997 0.37700600294   -2 
   4 0.00000450448 0.00088758358 -33.514976260 0.16433957326 0.00500151716 0.05327755347 0.56887734747 0.47735005680 0.58892228781 0.54847294465 0.51618605560 0.72560248497 0.60782797326 0.52775722716 0.52788909847 0.53572181631 0.45069567642 0.50735996754 0.50685343907 0.61336188817 0.49667791163 0.53662947125 0.49561934612 0.65834901059 0.78208771786 0.63542145992 0.59772849856 0.93667197099 1.49773127661 -167.7038712732 0.35587999823   -2 
   5 0.00000450449 0.00088385035 -32.354457154 0.16463428080 0.00500174783 0.05327653177 0.59290995580 0.49037524315 0.57411057387 0.54104903427 0.52177960004 0.72046847409 0.61122066158 0.53111005272 0.52120771493 0.54822035996 0.43408073912 0.50532591974 0.51774757810 0.63993947091 0.48995864583 0.54362073106 0.46669075248 0.67763669207 0.79013626984 0.61259982009 0.57605955479 0.94915280340 1.49325207200 -166.3187147636 0.16122821665   -2 
   6 0.00000450451 0.00087887380 -31.024044480 0.16307437903 0.00500264944 0.05327577031 0.58857368383 0.47586937154 0.58226712556 0.53768585501 0.52925614205 0.71242345785 0.61380934188 0.53374693236 0.52230597529 0.55462805308 0.42611355737 0.50558249095 0.52586951288 0.65696346426 0.48628084679 0.54979691801 0.44636876935 0.69260741972 0.79736329504 0.59733154383 0.56047901573 0.95972535536 1.49871422636 -165.6839510202 0.12403394687   -2 
   7 0.00000450451 0.00087968458 -30.812244981 0.16287250329 0.00500278066 0.05327563981 0.58788896895 0.47392367198 0.58356293120 0.53731366655 0.53028512730 0.71130775847 0.61414265193 0.53410723643 0.52258625908 0.55546853595 0.42503962996 0.50565194687 0.52706072120 0.65938343133 0.48575791740 0.55073332028 0.44338227013 0.69484107591 0.79844470302 0.59509485598 0.55816116106 0.96129959235 1.49966166284 -165.6648497622 0.06777927296   -2 
   8 0.00000450454 0.00088359560 -29.760734412 0.16695215866 0.00500186682 0.05327429883 0.58045982970 0.48020617385 0.58526882777 0.54196692165 0.52482130190 0.71212819817 0.61021346119 0.53176519886 0.52844921702 0.54925279726 0.42853957597 0.50685013165 0.52657754720 0.65366324655 0.48578291355 0.55215583330 0.43684084745 0.69610679176 0.79908399502 0.59167172564 0.55259098948 0.96194374193 1.50593314179 -165.4736802092 0.16668074082   -2 
   9 0.00000450454 0.00088138300 -29.581242023 0.16772137862 0.00500169349 0.05327406166 0.57988856958 0.48080944269 0.58532302499 0.54254577690 0.52397412037 0.71223207966 0.60959072264 0.53137208094 0.52938032297 0.54821740631 0.42916174357 0.50704587737 0.52645806820 0.65264329412 0.48580329514 0.55237074251 0.43580446532 0.69625547861 0.79916297943 0.59115373438 0.55170119004 0.96201239959 1.50695046622 -165.4431597930 0.10639715234   -2 
  10 0.00000450458 0.00088089075 -28.126423537 0.17224468294 0.00500085760 0.05327239831 0.58973480319 0.47953357371 0.58418111998 0.54447256674 0.52051291956 0.71385272803 0.60705556980 0.52947198193 0.53525273525 0.54207891783 0.43407401548 0.50867923898 0.52555752449 0.64566424449 0.48647220526 0.55384582156 0.42985088159 0.69688436913 0.79993075178 0.58879077199 0.54660121842 0.96269576813 1.51471489704 -165.2648264266 0.08369684318   -2 
  11 0.00000450460 0.00087909458 -27.555682363 0.17155365345 0.00500130273 0.05327216526 0.58093565119 0.47575255679 0.58453497214 0.54192870696 0.52525545863 0.71526626671 0.61065596362 0.53139589778 0.53437971508 0.54451556071 0.43495644842 0.50943061148 0.52605682251 0.64691379138 0.48746914069 0.55438464672 0.43095629174 0.69723168708 0.80109330205 0.59045009789 0.54774324342 0.96410163407 1.51713976007 -165.1337185685 0.09273057534   -2 
  12 0.00000450460 0.00088038008 -27.460030394 0.17148110070 0.00500136490 0.05327211999 0.58085817237 0.47540823204 0.58453262291 0.54156893110 0.52590619474 0.71539697831 0.61117281194 0.53169020173 0.53418156755 0.54493733115 0.43506194896 0.50953312222 0.52613510408 0.64715342344 0.48762814164 0.55445618140 0.43118561796 0.69727115258 0.80126633636 0.59074721381 0.54797140692 0.96431268555 1.51743209974 -165.1210050216 0.09115264779   -2 
  13 0.00000450464 0.00087500816 -26.320271648 0.17199659240 0.00500170575 0.05327139404 0.58753301628 0.47226468615 0.58300232597 0.53681069425 0.53259670967 0.71544724593 0.61662826352 0.53491533870 0.53093022534 0.55019513112 0.43594951108 0.51047019655 0.52688953402 0.65017516644 0.48947977879 0.55505419991 0.43439179007 0.69737680181 0.80302889202 0.59459495599 0.55107590463 0.96648292586 1.51956506501 -164.9945961935 0.06883572511   -2 
  14 0.00000450478 0.00086948948 -22.912394466 0.18411157710 0.00499988247 0.05326779349 0.58635018858 0.49097159246 0.58634203305 0.54121721072 0.53456057689 0.71503662520 0.62254610595 0.54122623866 0.52414088925 0.56325536688 0.43775244082 0.51306572227 0.52959013380 0.65975067584 0.49521569654 0.55702784536 0.44606704710 0.69830551351 0.80849350032 0.60740792767 0.56235614403 0.97330060330 1.52482690265 -164.6117439098 0.11381332659   -2 
  15 0.00000450498 0.00087042944 -19.279421921 0.20189231625 0.00499730807 0.05326336677 0.58859420546 0.48704710699 0.59306590771 0.55164527576 0.53404494788 0.72251218727 0.62673992431 0.54747271387 0.52442588829 0.57469058164 0.44115909300 0.51786926863 0.53476387911 0.67126057887 0.50265446686 0.56154696434 0.45975351145 0.70314121286 0.81786093837 0.62249921920 0.57617222003 0.98505625176 1.54087246220 -164.2171524984 0.49476781036   -2 
  16 0.00000450517 0.00085785393 -16.150320751 0.22259004925 0.00499453158 0.05325878781 0.58972074875 0.48178555177 0.59939808519 0.56207573687 0.53342498188 0.73037201538 0.63082883862 0.55376007692 0.52527303139 0.58619306514 0.44476127193 0.52294107876 0.54023956607 0.68316708547 0.51041308418 0.56638299908 0.47411327958 0.70842333265 0.82777027533 0.63826190873 0.59065347710 0.99750921459 1.55818130032 -163.8367941890 0.11191461416   -2 
  17 0.00000450531 0.00085794388 -14.637643450 0.23164193208 0.00499386512 0.05325699356 0.58301495847 0.47851772294 0.59371997307 0.55643894346 0.53976676628 0.73970991489 0.63441214898 0.55604619283 0.53882573757 0.58461212580 0.44959997951 0.52901325756 0.54675021052 0.68841369132 0.51525907846 0.57356463622 0.47823048158 0.71903190757 0.83881465125 0.64399123594 0.59676709914 1.01157876814 1.58720708319 -163.5247595181 0.34876935104   -2 
  18 0.00000450537 0.00085132180 -13.969398073 0.23644951917 0.00499346918 0.05325612494 0.57990159416 0.47695163432 0.59076474276 0.55338918276 0.54281451921 0.74395793856 0.63603167011 0.55701123816 0.54577096889 0.58351485318 0.45200906027 0.53202103100 0.54998446337 0.69081738158 0.51759072451 0.57718950216 0.48003202408 0.72443219636 0.84431281664 0.64660076084 0.59961929430 1.01859743608 1.60177279258 -163.3876543813 0.10361951384   -2 
  19 0.00000450539 0.00085227700 -13.884784513 0.23818828842 0.00499320804 0.05325605295 0.58798456814 0.47951982228 0.59209066455 0.55276249473 0.54299153100 0.74217305522 0.63602207255 0.55658949561 0.54856394052 0.58151377628 0.45294964012 0.53304059326 0.55113060224 0.69040209439 0.51791731022 0.57890978139 0.47877804249 0.72720708032 0.84630779084 0.64576551648 0.59918681854 1.02121589456 1.60708678234 -163.2847676363 0.18346036526   -2 
  20 0.00000450540 0.00084929187 -13.857812477 0.23909919014 0.00499305440 0.05325602876 0.59098351173 0.48066688918 0.59273044390 0.55251418073 0.54301433517 0.74123360848 0.63598681942 0.55636243550 0.54984465519 0.58053120681 0.45338801456 0.53350820554 0.55166014732 0.69015278986 0.51804576817 0.57973132312 0.47810303797 0.72853759626 0.84723532298 0.64529390764 0.59891651061 1.02243782799 1.60953312764 -163.2483478054 0.06327311310   -2 
  21 0.00000450540 0.00085109211 -13.864547830 0.23910917040 0.00499306251 0.05325609905 0.58842723107 0.48111175691 0.59355040582 0.55313265086 0.54317591201 0.74124329043 0.63624834131 0.55645464247 0.55031936951 0.58029963391 0.45365037711 0.53378212960 0.55196273933 0.69010071588 0.51812202346 0.58020365501 0.47763076654 0.72927578778 0.84775228762 0.64497201291 0.59868479264 1.02310953604 1.61071463314 -163.2294175754 0.10375428189   -2 
  22 0.00000450541 0.00085018627 -13.878070563 0.23929814102 0.00499303154 0.05325618757 0.58537199070 0.48161570851 0.59451024077 0.55384797805 0.54332730154 0.74111347716 0.63653362495 0.55652481301 0.55099181419 0.57989877550 0.45401054838 0.53415408777 0.55237798640 0.68998143919 0.51821386235 0.58087090443 0.47693396782 0.73032468385 0.84846896240 0.64448520962 0.59833524186 1.02404491009 1.61235283508 -163.2113973017 0.04240301633   -2 
  23 0.00000450542 0.00085119711 -13.880710360 0.23963374882 0.00499298580 0.05325627726 0.58755929776 0.48184734568 0.59486935200 0.55415293272 0.54340989326 0.74083879651 0.63671994639 0.55653311039 0.55178691297 0.57937391085 0.45442084674 0.53457667325 0.55285572891 0.68982797828 0.51832477632 0.58165357066 0.47613191746 0.73155096465 0.84930215121 0.64393082474 0.59794511020 1.02513457779 1.61423150582 -163.1979312361 0.09906830254   -2 
  24 0.00000450543 0.00084954506 -13.891307277 0.24034648941 0.00499287446 0.05325643660 0.59079665031 0.48217080351 0.59541290185 0.55463883222 0.54352156935 0.74031311141 0.63701818149 0.55652767899 0.55318851202 0.57842158211 0.45514893583 0.53532375569 0.55370308140 0.68953714479 0.51851597808 0.58305535475 0.47468010531 0.73374802164 0.85078462355 0.64292246303 0.59723322025 1.02707590181 1.61755458052 -163.1777912299 0.04177752645   -2 
  25 0.00000450550 0.00084959777 -13.901640888 0.24236663244 0.00499269808 0.05325730469 0.58873942161 0.48435118815 0.59844814373 0.55740654060 0.54505735830 0.74061535166 0.63926192507 0.55736819467 0.55932848407 0.57551297069 0.45860319356 0.53894184239 0.55775804275 0.68915257487 0.51975929239 0.58950730983 0.46876143223 0.74367898826 0.85780588475 0.63910902440 0.59456368881 1.03620168346 1.63289278700 -163.1248203003 0.01948675956   -2 
  26 0.00000450551 0.00084884696 -13.891100471 0.24243176166 0.00499273933 0.05325745319 0.58868319345 0.48398232982 0.59804093526 0.55730539477 0.54527613405 0.74131411072 0.63950696019 0.55765738557 0.55948442925 0.57583071988 0.45889011649 0.53925462903 0.55810833789 0.68944726024 0.51999409801 0.59004376398 0.46844131835 0.74439695804 0.85840952826 0.63904430233 0.59451840835 1.03696951166 1.63379872785 -163.1222462850 0.04977220115   -2 
  27 0.00000450554 0.00084899527 -13.848631994 0.24253149856 0.00499291322 0.05325796276 0.58876942948 0.48279927041 0.59670531583 0.55696294294 0.54604528153 0.74378505629 0.64035323034 0.55867993182 0.55991167229 0.57704234077 0.45983211413 0.54028707439 0.55926237819 0.69052029182 0.52080731397 0.59179553397 0.46746912958 0.74670811668 0.86039360552 0.63892705130 0.59443874815 1.03948626408 1.63667996242 -163.1144333630 0.01223406894   -2 
  28 0.00000450554 0.00084860524 -13.839894498 0.24280186591 0.00499289214 0.05325803510 0.58915711010 0.48367678486 0.59743450255 0.55693501013 0.54580507422 0.74316123836 0.64012033250 0.55863711668 0.55943336081 0.57739634837 0.45968341394 0.54012922971 0.55909560777 0.69071060083 0.52086799615 0.59156016966 0.46778192887  0.7462396228 0.86011294082 0.63925809684 0.59467343099 1.03910967927 1.63568638729 -163.1125104101 0.02561491333   -2 
  29 0.00000450555 0.00084889140 -13.834488645 0.24289492944 0.00499289243 0.05325807617 0.58931368209 0.48399662845 0.59770870236 0.55693562971 0.54573344858 0.74297027419 0.64005155218 0.55864328649 0.55924982218 0.57756909736 0.45963912155 0.54008375131 0.55904795114 0.69081425808 0.52091011331 0.59149119947 0.46790494278 0.74608250726 0.86003249469 0.63940269088 0.59477692027 1.03899871910 1.63533703749 -163.1118004115 0.00990912258   -2 
  30 0.00000450560 0.00084829634 -13.751144421 0.24384989651 0.00499302667 0.05325884107 0.58894877279 0.48470836470 0.59863849203 0.55700389885 0.54568870735 0.74295479306 0.64002499339 0.55929930117 0.55773229178 0.58000234721 0.45965106872 0.54014926991 0.55913966975 0.69252955253 0.52181374865 0.59159147771 0.46894054973 0.74551122119 0.86019839064 0.64107637837 0.59600078492 1.03910758520 1.63343276360 -163.1077428213 0.02538101816   -2 
  31 0.00000450562 0.00084852897 -13.724241932 0.24412507587 0.00499307584 0.05325908480 0.58890186068 0.48485114279 0.59885613614 0.55704175867 0.54570377903 0.74300667444 0.64004657068 0.55950668948 0.55731822739 0.58072428293 0.45966904654 0.54018594670 0.55918487873 0.69305242745 0.52209607185 0.59164240120 0.46925250261 0.74537179849 0.86027801309 0.64158677136 0.59637682708 1.03917867475 1.63295159627 -163.1069513428 0.01589304637   -2 
  32 0.00000450571 0.00084767370 -13.588687393 0.24548465881 0.00499335206 0.05326038576 0.58917705630 0.48401911157 0.59844818276 0.55730068790 0.54608867329 0.74391733838 0.64048723450 0.56046057843 0.55615562950 0.58356006669 0.45993814440 0.54056886383 0.55961675405 0.69534986707 0.52346175291 0.59215515057 0.47060903503 0.74522746698 0.86103473227 0.64389766748 0.59812813795 1.04002288607 1.63220018662 -163.1025722151 0.02530739200   -2 
  33 0.00000450572 0.00084793104 -13.564392919 0.24570678020 0.00499340596 0.05326061870 0.58925093290 0.48387628125 0.59834957403 0.55735826754 0.54617657227 0.74410301241 0.64058980395 0.56061276116 0.55604638647 0.58396377112 0.45999995284 0.54065206734 0.55970854176 0.69570802107 0.52368897004 0.59226354801 0.47082719007 0.74525174889 0.86119520865 0.64427182609 0.59841788876 1.04020980986 1.63223056501 -163.1018483090 0.01564483012   -2 
  34 0.00000450586 0.00084691703 -13.370902836 0.24768131102 0.00499384244 0.05326262793 0.58939171599 0.48265387243 0.59686179280 0.55779814980 0.54705566762 0.74574089081 0.64169539840 0.56144327704 0.55679640135 0.58539606780 0.46071775050 0.54155740817 0.56068629383 0.69770024107 0.52527235120 0.59343155887 0.47222486151 0.74628272174 0.86292104320 0.64671495694 0.60043761249 1.04233891738 1.63522614830 -163.0965931117 0.02454108870   -2 
  35 0.00000450589 0.00084720716 -13.327670702 0.24812736087 0.00499394240 0.05326308557 0.58940303703 0.48258222720 0.59670495160 0.55789483045 0.54723895412 0.74604946311 0.64194250926 0.56158898386 0.55709764518 0.58553979410 0.46089429518 0.54177572686 0.56092075668 0.69804186090 0.52558769534 0.59371211147 0.47249537700 0.74658919082 0.86333667916 0.64718564086 0.60084469778 1.04286061863 1.63612750876 -163.0954160503 0.02987980965   -2 
  36 0.00000450629 0.00084466175 -12.803834855 0.25434359011 0.00499512629 0.05326897813 0.58865763985 0.48307748406 0.59598115540 0.55886191712 0.54923248696 0.74914126214 0.64486477289 0.56299996830 0.56186949390 0.58585519554 0.46320946673 0.54460573728 0.56395845576 0.70143952539 0.52922867181 0.59737610279 0.47556286099 0.75102292273 0.86876070314 0.65250294817 0.60562096104 1.04974538840 1.64918029255 -163.0809360867 0.02777959344   -2 
  37 0.00000450634 0.00084501636 -12.736321929 0.25527314265 0.00499527723 0.05326980056 0.58899275492 0.48350492650 0.59661072129 0.55898453489 0.54934909333 0.74923755407 0.64511860946 0.56314665901 0.56252289922 0.58570632986 0.46352156454 0.54497889811 0.56436007802 0.70167816285 0.52958914017 0.59786553296 0.47587034749 0.75172723704 0.86949041056 0.65299802990 0.60612547063 1.05069067274 1.65107558509 -163.0779625376 0.05149864097   -2 
  38 0.00000450653 0.00084333137 -12.521026517 0.25859169210 0.00499574100 0.05327256509 0.59014595382 0.48507258332 0.59916618472 0.55932283877 0.54955305992 0.74921201418 0.64578639921 0.56357108140 0.56465256451 0.58503916434 0.46454272758 0.54619170239 0.56566870842 0.70225556108 0.53065506536 0.59947189149 0.47678802691 0.75414244069 0.87188751667 0.65442765604 0.60766457372 1.05381583029 1.65740727233 -163.0678943430 0.00933744725   -2 
  39 0.00000450656 0.00084310647 -12.486880462 0.25914169539 0.00499582202 0.05327303985 0.59023975166 0.48528361330 0.59963848865 0.55941731185 0.54956747396 0.74917888302 0.64586614745 0.56366205677 0.56495427940 0.58493660837 0.46471283051 0.54639128769 0.56588411275 0.70229503947 0.53077684648 0.59973481908 0.47689722558 0.75458318095 0.87228613462 0.65456765035 0.60785636937 1.05434180403 1.65845763242 -163.0676742575 0.01006511409   -2 
  40 0.00000450658 0.00084332374 -12.471696480 0.25938638531 0.00499587430 0.05327330576 0.59011681371 0.48527752919 0.59989569522 0.55953824654 0.54955599758 0.74914358440 0.64586385104 0.56375182480 0.56500669928 0.58491935957 0.46479937527 0.54648899250 0.56598940860 0.70222818783 0.53074352950 0.59985946990 0.47687797628 0.75487005813 0.87248705211 0.65446983672 0.60784134936 1.05461738314 1.65896943847 -163.0673050791 0.01742911079   -2 
  41 0.00000450663 0.00084310772 -12.431365176 0.26010344607 0.00499602413 0.05327409127 0.58960281599 0.48513995558 0.60056476329 0.55990424482 0.54949394885 0.74900989601 0.64581061526 0.56402893487 0.56506885001 0.58489075629 0.46504147783 0.54675883013 0.56628097529 0.70196573262 0.53057191906 0.60020409742 0.47676312892 0.75573083791 0.87305161862 0.65405734889 0.60770914808 1.05540063297 1.66038858344 -163.0662767823 0.00746102452   -2 
  42 0.00000450668 0.00084325167 -12.395970712 0.26066994583 0.00499620678 0.05327491298 0.58945696181 0.48484409616 0.60070151744 0.56022250365 0.54944876419 0.74896510351 0.64573236086 0.56434507095 0.56493107708 0.58498513801 0.46525738360 0.54699375916 0.56653618665 0.70162939695 0.53025682163 0.60050174913 0.47652855762 0.75660950971 0.87356136980 0.65338916544 0.60738860179 1.05612430242 1.66156593026 -163.0657217733 0.01372402181   -2 
  43 0.00000450670 0.00084305021 -12.382458358 0.26089059019 0.00499628377 0.05327525391 0.58943207561 0.48472093682 0.60067633679 0.56032312929 0.54943080802 0.74895513031 0.64569866076 0.56446855457 0.56485534543 0.58503524563 0.46533898733 0.54708176690 0.56663235371 0.70149103582 0.53011680489 0.60061448930 0.47642224040 0.75695815238 0.87375663557 0.65309654765 0.60724071884 1.05640380572 1.66199918925 -163.0654772470 0.00837320386   -2 
  44 0.00000450675 0.00084308915 -12.352696409 0.26126117584 0.00499649466 0.05327607252 0.58967979591 0.48453799917 0.60028140723 0.56041869419 0.54943286777 0.74903388367 0.64565815911 0.56473158107 0.56461893320 0.58522675832 0.46550049882 0.54725396742 0.56682240383 0.70120886827 0.52976313363 0.60083781979 0.47614196013 0.75770196417 0.87415274134 0.65236065564 0.60683818744 1.05697690604 1.66278123777 -163.0649933333 0.00787795452   -2 
  45 0.00000450676 0.00084294968 -12.348228440 0.26130644824 0.00499653531 0.05327621978 0.58970790143 0.48453441593 0.60018011626 0.56040038320 0.54943817237 0.74905803953 0.64565796605 0.56476362345 0.56457359996 0.58526796929 0.46552035934 0.54727465756 0.56684594198 0.70117354394 0.52970267196 0.60086649461 0.47609126100 0.75780677478 0.87420485561 0.65223400262 0.60676349618 1.05705389766 1.66286128323 -163.0649069517 0.00631286528   -2 
  46 0.00000450679 0.00084292833 -12.331228323 0.26136478429 0.00499672849 0.05327683997 0.58980739257 0.48467566593 0.59971598393 0.56021096563 0.54950024804 0.74922518177 0.64570748779 0.56484468154 0.56439235082 0.58547530752 0.46557162990 0.54732666829 0.56690815021 0.70110577502 0.52947459739 0.60094587892 0.47588637104 0.75812943876 0.87435449983 0.65174420659 0.60645307391 1.05727947642 1.66297620240 -163.0646338630 0.00436908267   -2 
  47 0.00000450680 0.00084283631 -12.329453298 0.26135912878 0.00499676174 0.05327694214 0.58977365530 0.48470548592 0.59967894709 0.56016482647 0.54951006490 0.74924711162 0.64571949694 0.56483894967 0.56436935362 0.58550683538 0.46556985138 0.54732396411 0.56690658120 0.70111280457 0.52944679449 0.60094626230 0.47585720415 0.75814562075 0.87435700480 0.65168153381 0.60640707877 1.05728541693 1.66293514909 -163.0645959395 0.00510517164   -2 
  48 0.00000450682 0.00084284703 -12.322242405 0.26129041929 0.00499692019 0.05327740845 0.58959792878 0.48485616491 0.59960569691 0.55995292371 0.54956089001 0.74934579587 0.64578708773 0.56478771360 0.56428395036 0.58564746801 0.46554783843 0.54729678407 0.56688349895 0.70117925618 0.52934101390 0.60093010407 0.47573556558 0.75816100344 0.87433664628 0.65143286146 0.60621117650 1.05726744297 1.66266581102 -163.0644567368 0.00257826696   -2 
  49 0.00000450684 0.00084276025 -12.320971241 0.26126258673 0.00499699185 0.05327763192 0.58957771573 0.48485842797 0.59964632057 0.55988202410 0.54956404050 0.74934575941 0.64580238451 0.56473727077 0.56425802547  0.5856876945 0.46552141105 0.54726606788 0.56685349558 0.70122343285 0.52930815016 0.60090170486 0.47568811686 0.75810971948 0.87429056809 0.65135083434 0.60613234058 1.05720770785 1.66246559815 -163.0644208166 0.00566999802   -2 
  50 0.00000450688 0.00084278838 -12.316865624 0.26115711114 0.00499724224 0.05327840969 0.58956352102 0.48484935720 0.59981578383 0.55966465323 0.54957157955 0.74933525752 0.64585208074 0.56455970140 0.56417794202 0.58581727490 0.46542652658 0.54715624875 0.56674553153 0.70138133671 0.52920308535 0.60079816102 0.47552963191 0.75791442435 0.87412186112 0.65108367457 0.60586757476 1.05698762136 1.66176204242 -163.0643076631 0.00244263632   -2 
  51 0.00000450689 0.00084273078 -12.318520407 0.26115821774 0.00499731156 0.05327865654 0.58962138247 0.48477816192 0.59979927738 0.55970614824 0.54953772128 0.74927167825 0.64582016549 0.56451314013 0.56416992390 0.58579854071 0.46539063974 0.54711534793 0.56670303063 0.70140197211 0.52918922791 0.60075318656 0.47549766642 0.75782015846 0.87404861150 0.65104815950 0.60581340191 1.05689042588 1.66157495787 -163.0642605472 0.00629461448   -2 
  52 0.00000450692 0.00084285739 -12.321998133 0.26115140786 0.00499746611 0.05327920031 0.58975295071 0.48463304065 0.59976459208 0.55981111352 0.54946616234 0.74913718742 0.64575079481 0.56441740291 0.56415716421 0.58575359880 0.46531373007 0.54702797503 0.56661183940 0.70144537381 0.52916267800 0.60065577483 0.47543115004 0.75761433991 0.87389034675 0.65097807071 0.60570013773 1.05668026687 1.66118263980 -163.0641649653 0.00236037365   -2 
  53 0.00000450697 0.00084301635 -12.329492327 0.26108370195 0.00499775774 0.05328019993 0.58945548666 0.48459387778 0.59966851292 0.55995147518 0.54936499945 0.74897484886 0.64562689123 0.56431148809 0.56414990202 0.58563128012 0.46519637464 0.54689669281 0.56647118363 0.70146543146 0.52913713667 0.60049670326 0.47534239743 0.75728257522 0.87364006033 0.65091344558 0.60554893601 1.05634811185 1.66069485836 -163.0640488581 0.00262760228   -2 
  54 0.00000450698 0.00084298167 -12.330381378 0.26107284563 0.00499779111 0.05328031241 0.58944075000 0.48459592936 0.59965700741 0.55995032646 0.54935569772 0.74896259377 0.64561390559 0.56430292773 0.56414711682 0.58561645646 0.46518493265 0.54688391919 0.56645731638 0.70146180573 0.52913405898 0.60048051181 0.47533383545 0.75725081839 0.87361534915 0.65090801186 0.60553481024 1.05631546576 1.66065421818 -163.0640390725 0.00253492117   -2 
  55 0.00000450714 0.00084307242 -12.351571190 0.26064797142 0.00499871167 0.05328331822 0.58956374831 0.48481203821 0.59941581040 0.55965811480 0.54918349987 0.74879951237 0.64532399118 0.56415851812 0.56405577135 0.58522652447 0.46492483427 0.54659545660 0.56613888026 0.70127736982 0.52905742902 0.60009421717 0.47513861382 0.75652767597 0.87304318919 0.65080587868 0.60521999654 1.05556112375 1.65988254803 -163.0638212049 0.00237260853   -2 
  56 0.00000450723 0.00084316846 -12.364548079 0.26038261549 0.00499926692 0.05328512578 0.58957134806 0.48483385115 0.59935229826 0.55950239499 0.54910918816 0.74872803727 0.64518795012 0.56408526731 0.56398814007 0.58502348649 0.46478822664 0.54644333077 0.56596980036 0.70114556903 0.52900325381 0.59988477809 0.47502832861 0.75615555180 0.87273807378 0.65074056570 0.60504635726 1.05516147012 1.65948395326 -163.0637800092 0.00450516754   -2 
  57 0.00000450729 0.00084313747 -12.373136293 0.26021735456 0.00499962024 0.05328627998 0.58954869075 0.48481511058 0.59932763835 0.55941225048 0.54906685375 0.74868358425 0.64510973952 0.56403963279 0.56394007251 0.58490286049 0.46470593310 0.54635129064 0.56586734331 0.70105533274 0.52896515691 0.59975698911 0.47495912935 0.75593521870 0.87255306107 0.65069585784 0.60493884820 1.05491998979 1.65924084506 -163.0637464757 0.00373910660   -2 
  58 0.00000450743 0.00084328747 -12.393433680 0.25982960154 0.00500044665 0.05328897913 0.58945152533 0.48468474333 0.59933368567 0.55925463220 0.54899268867 0.74859228040 0.64496528177 0.56394088619 0.56381620678 0.58465954138 0.46453389203 0.54615758725 0.56565081880 0.70083011487 0.52886574471 0.59948278478 0.47480312140 0.75548594198 0.87216059854 0.65058198604 0.60470109954 1.05441055380 1.65871877954 -163.0636687742 0.00332114010   -2 
  59 0.00000450750 0.00084329563 -12.403120565 0.25966105373 0.00500082323 0.05329021608 0.58939870344 0.48460537131 0.59934178853 0.55920080689 0.54896193941 0.74854603733 0.64490816203 0.56389476761 0.56375370724 0.58456120347 0.46446137905 0.54607514124 0.56555863792 0.70072134857 0.52881480908 0.59936525651 0.47473273400 0.75530305967 0.87199341111 0.65052393098 0.60459581918 1.05419456847 1.65848652569 -163.0636490620 0.00288983355   -2 
  60 0.00000450758 0.00084342890 -12.415428487 0.25947511843 0.00500127424 0.05329171180 0.58935258522 0.48448210880 0.59936461160 0.55919522370 0.54893665174 0.74848212358 0.64486815922 0.56383870362 0.56366532509 0.58448376519 0.46439374523 0.54599577016 0.56546970679 0.70057832307 0.52873888564 0.59924901816 0.47465185391 0.75515158971 0.87183123878 0.65043744024 0.60448049859 1.05398847260 1.65823053564 -163.0636113172 0.00469566233   -2 
  61 0.00000450764 0.00084341964 -12.425774650 0.25934019218 0.00500163176 0.05329290800 0.58931771461 0.48438137102 0.59937579950 0.55920639101 0.54891655449 0.74842311011 0.64484265935 0.56379147677 0.56358888640 0.58443573948 0.46434629204 0.54593874643 0.56540597699 0.70045909400 0.52867179628 0.59916510010 0.47458815978 0.75505560021 0.87171505077 0.65036073320 0.60439206091 1.05384254994 1.65802919176 -163.0635712459 0.00289358358   -2 
  62 0.00000450776 0.00084353214 -12.446419883 0.25908911048 0.00500233089 0.05329525716 0.58929184028 0.48421718186 0.59938580179 0.55925980392 0.54888172220 0.74830254887 0.64480884455 0.56369845916 0.56343370773 0.58437237470 0.46426868337 0.54584249070 0.56529853624 0.70022212929 0.52852985627 0.59902156668 0.47446685401 0.75492079987 0.87151841463 0.65019718017 0.60422827884 1.05359928857 1.65764937951 -163.0635330497 0.00315885687   -2 
  63 0.00000450778 0.00084361303 -12.449046690 0.25906855731 0.00500241306 0.05329554023 0.58932078026 0.48424935834 0.59936914336 0.55927606780 0.54887857622 0.74828808790 0.64481233381 0.56368788172 0.56341535005 0.58438569817 0.46427069604 0.54584239291 0.56529870409 0.70019616299 0.52850655343 0.59902062808 0.47445561369 0.75494297993 0.87151820003 0.65016861657 0.60421653363 1.05360139363 1.65761490206 -163.0635043305 0.00520495611   -2 
  64 0.00000450788 0.00084361964 -12.468809874 0.25896714633 0.00500297808 0.05329752166 0.58951566731 0.48454265098 0.59920323964 0.55938957659 0.54884780858 0.74817343786 0.64483935285 0.56360880579 0.56328302593 0.58451177272 0.46430299208 0.54585935358 0.56532075837 0.70001532978 0.52832908450 0.59904190434 0.47438151261 0.75516609038 0.87155531078 0.64994877945 0.60414724384 1.05366925068 1.65738047753 -163.0633139475 0.00215070954   -2 
  65 0.00000450798 0.00084364983 -12.485789562 0.25884789299 0.00500351200 0.05329937451 0.58941360428 0.48469335529 0.59921171430 0.55946564328 0.54886581596 0.74818445207 0.64489863386 0.56358439247 0.56322389064 0.58468454250 0.46437997190 0.54592696274 0.56539884567 0.69991994378 0.52817746614 0.59913400496 0.47434243382 0.75549550471 0.87168909162 0.64974789528 0.60413228174 1.05386019092 1.65729507978 -163.0632327079 0.00339786715   -2 
  66 0.00000450800 0.00084370622 -12.487858553 0.25882724315 0.00500358678 0.05329963011 0.58940800471 0.48469693118 0.59922524832 0.55947216067 0.54887172408 0.74819436111 0.64490773297 0.56358536115 0.56322163866 0.58470791484 0.46439222776 0.54593833561 0.56541184332 0.69991330358 0.52815971609 0.59914970745 0.47433933952 0.75554281277 0.87171116400 0.64972305795 0.60413334916 1.05389076065 1.65729291903 -163.0632179099 0.00262082700   -2 
  67 0.00000450808 0.00084368340 -12.500298869 0.25868928597 0.00500407590 0.05330129534 0.58940405443 0.48453963988 0.59938736647 0.55945723382 0.54892347951 0.74830663956 0.64495699882 0.56361981131 0.56325098078 0.58484146145 0.46447918847 0.54602187881 0.56550741586 0.69992024593 0.52806968390 0.59927029914 0.47433630647 0.75585168406 0.87187310982 0.64958417586 0.60416327282 1.05410850127 1.65733906662 -163.0631320122 0.00157205167   -2 
  68 0.00000450809 0.00084370518 -12.501527474 0.25867326231 0.00500413295 0.05330148828 0.58941739084 0.48452360100 0.59940324252 0.55945325277 0.54892971294 0.74832005490 0.64496085467 0.56362601145 0.56325819814 0.58485204719 0.46448844251 0.54603093020 0.56551780737 0.69992578916 0.52806313782 0.59928405426 0.47433760908 0.75588203654 0.87189045882 0.64957211221 0.60416846982 1.05413131974 1.65734833855 -163.0631273445 0.00125391893   -2 
  69 0.00000450811 0.00084367037 -12.503015505 0.25865483454 0.00500421993 0.05330178501 0.58946423287 0.48450630073 0.59941138266 0.55943828605 0.54893691382 0.74833643594 0.64495844849 0.56364002453 0.56327877111 0.58485137689 0.46449882959 0.54604135191 0.56553008416 0.69994677882 0.52806426667 0.59930291032 0.47434395943 0.75590939107 0.87191027902 0.64956528081 0.60418072317 1.05415581708 1.65736974047 -163.0631208016 0.00154504696   -2 
  70 0.00000450812 0.00084368126 -12.504114189 0.25863851463 0.00500429676 0.05330204607 0.58950802297 0.48449815209 0.59941597769 0.55942581363 0.54894357020 0.74835060667 0.64495551350 0.56365389028 0.56329948434 0.58484687824 0.46450706427 0.54604979183 0.56554004658 0.69996875849 0.52806869408 0.59931888259 0.47435089781 0.75592804604 0.87192600634 0.64956301057 0.60419278829 1.05417464675 1.65739152189 -163.0631166798 0.00072281371   -2 
  71 0.00000450815 0.00084364915 -12.505778211 0.25861715612 0.00500445847 0.05330260039 0.58954120351 0.48452431015 0.59940291184 0.55940608035 0.54895375095 0.74836808389 0.64494214109 0.56368614958 0.56335152862 0.58481347954 0.46451668559 0.54606037680 0.56555305563 0.70002939424 0.52809598974 0.59934546626 0.47437173257 0.75593142365 0.87194438385 0.64957838381 0.60422322887 1.05419117966 1.65744338065 -163.0631108183 0.00164576251   -2 
  72 0.00000450817 0.00084366369 -12.506832869 0.25860215118 0.00500457265 0.05330299110 0.58955865905 0.48454572764 0.59939528031 0.55939544616 0.54896121041 0.74838003966 0.64493375067 0.56370873049 0.56338791847 0.58478952006 0.46452297187 0.54606742401 0.56556169744 0.70007239910 0.52811648624 0.59936349547 0.47438682824 0.75593129960 0.87195630660 0.64959088971 0.60424491198 1.05420147958 1.65748016937 -163.0631070192 0.00075048105   -2 
  73 0.00000450820 0.00084365403 -12.508162280 0.25859151149 0.00500473777 0.05330356241 0.58952642816 0.48457671174 0.59939160601 0.55939755575 0.54896870891 0.74838752511 0.64492598431 0.56373462437 0.56343161976 0.58475411896 0.46452772204 0.54607327530 0.56556914542 0.70012913727 0.52814999804 0.59938302278 0.47440909473 0.75591612521 0.87196455909 0.64961559480 0.60427514219 1.05420465968 1.65752461465 -163.0631026327 0.00085144829   -2 
  74 0.00000450821 0.00084366656 -12.508399083 0.25858998956 0.00500477417 0.05330368858 0.58951972922 0.48458180463 0.59939265762 0.55940033963 0.54897008890 0.74838834181 0.64492538268 0.56373913089 0.56343942887 0.58474723017 0.46452832884 0.54607412587 0.56557024169 0.70014015802 0.52815743526 0.59938644199 0.47441386408 0.75591153355 0.87196543738 0.64962154742 0.60428142400 1.05420430636 1.65753299372 -163.0631018258 0.00045480991   -2 
  75 0.00000450824 0.00084366970 -12.509309287 0.25859793074 0.00500494321 0.05330428104 0.58949005185 0.48457969445 0.59940799771 0.55942928460 0.54897017317 0.74837907253 0.64492983192 0.56374572816 0.56345537868 0.58472293573 0.46452587643 0.54607249189 0.56556877428 0.70017429562 0.52819084561 0.59939261869 0.47443377974 0.75587734148 0.87195871841 0.64965249332 0.60430577850 1.05418850121 1.65755015599 -163.0630995564 0.00064677627   -2 
  76 0.00000450824 0.00084367862 -12.509263181 0.25859810266 0.00500494468 0.05330428594 0.58949529920 0.48457850721 0.59940818716 0.55942939819 0.54897003546 0.74837900616 0.64493050012 0.56374483901 0.56345392346 0.58472402076 0.46452565655 0.54607227405 0.56556848474 0.70017294402 0.52819065948 0.59939205007 0.47443363074 0.75587693166 0.87195827062 0.64965268210 0.60430546559 1.05418812594 1.65754899452 -163.0630990705 0.00046216924   -2 
  77 0.00000450825 0.00084367208 -12.509137186 0.25860403147 0.00500498568 0.05330443214 0.58952931892 0.48456551445 0.59940903491 0.55943253952 0.54896739219 0.74837495059 0.64493566176 0.56373695683 0.56344250850 0.58472915290 0.46452281108 0.54606946561 0.56556507548 0.70016535255 0.52819388259 0.59938738131 0.47443518329 0.75586713104 0.87195227461 0.64965882698 0.60430618979 1.05418191204 1.65753999551 -163.0630976298 0.00024655631   -2 
  78 0.00000450825 0.00084367551 -12.509140793 0.25860336589 0.00500498799 0.05330443988 0.58951978628 0.48456795494 0.59940956303 0.55943294241 0.54896790931 0.74837565137 0.64493561499 0.56373778466 0.56344363871 0.58472866181 0.46452301870 0.54606971891 0.56556535640 0.70016648334 0.52819440485 0.59938781237 0.47443553566 0.75586720630 0.87195268307 0.64965922313 0.60430666717 1.05418233689 1.65754143959 -163.0630974936 0.00023211030   -2 
  79 0.00000450825 0.00084367193 -12.509129940 0.25860406341 0.00500500174 0.05330448774 0.58951392144 0.48456822873 0.59941019995 0.55943406921 0.54896789504 0.74837549116 0.64493659008 0.56373708986 0.56344259937 0.58472899312 0.46452260265 0.54606936993 0.56556491037 0.70016638105 0.52819598229 0.59938731679 0.47443644703 0.75586484706 0.87195175930 0.64966129438 0.60430756569 1.05418099123 1.65754122715 -163.0630973623 0.00030763902   -2 
  80 0.00000450827 0.00084368007 -12.509030188 0.25860669714 0.00500506240 0.05330469834 0.58949979427 0.48456819439 0.59941324959 0.55943914490 0.54896784591 0.74837486944 0.64494131602 0.56373365098 0.56343736267 0.58473108653 0.46452072251 0.54606779182 0.56556286990 0.70016529841 0.52820277804 0.59938491415 0.47444036934 0.75585444780 0.87194759800 0.64967044569 0.60431136603 1.05417523037 1.65753945496 -163.0630969539 0.00030532142   -2 
  81 0.00000450828 0.00084367586 -12.508924456 0.25861050311 0.00500513490 0.05330495077 0.58949253071 0.48456646696 0.59941520618 0.55944370467 0.54896720560 0.74837338109 0.64494611867 0.56372925723 0.56343083025 0.58473344022 0.46451836032 0.54606574116 0.56556027578 0.70016345463 0.52821039957 0.59938184657 0.47444477228 0.75584219383 0.87194247030 0.64968089173 0.60431559047 1.05416847042 1.65753656191 -163.0630966378 0.00043177810   -2 
  82 0.00000450831 0.00084368505 -12.508611066 0.25861906485 0.00500531624 0.05330558074 0.58948736115 0.48456197474 0.59941913616 0.55945372022 0.54896572468 0.74837005068 0.64495741117 0.56371880048 0.56341512563 0.58473934761 0.46451268585 0.54606084335 0.56555404808 0.70015884904 0.52822887850 0.59937438575 0.47445551888 0.75581267659 0.87193017207 0.64970640189 0.60432588942 1.05415178091 1.65752975521 -163.0630959261 0.00035919523   -2 
  83 0.00000450834 0.00084368097 -12.508343228 0.25862597632 0.00500546922 0.05330611187 0.58949185254 0.48455801516 0.59941998645 0.55945914281 0.54896425994 0.74836727547 0.64496496555 0.56371085567 0.56340311839 0.58474379238 0.46450820216 0.54605696986 0.56554912871 0.70015502557 0.52824329567 0.59936842305 0.47446403294 0.75578963038 0.87192055162 0.64972658515 0.60433402666 1.05413885940 1.65752471177 -163.0630955202 0.00035741384   -2 
  84 0.00000450836 0.00084368570 -12.508172465 0.25862848800 0.00500554873 0.05330638677 0.58949926684 0.48455682086 0.59941931258 0.55945997541 0.54896377065 0.74836653745 0.64496754732 0.56370786824 0.56339835303 0.58474580479 0.46450631358 0.54605539157 0.56554708057 0.70015341859 0.52824984336 0.59936582329 0.47446803774 0.75577961744 0.87191652683 0.64973595690 0.60433788768 1.05413351159 1.65752311138 -163.0630952643 0.00032062948   -2 
  85 0.00000450837 0.00084367932 -12.507978506 0.25863068192 0.00500563740 0.05330669350 0.58950930625 0.48455611694 0.59941686658 0.55945825888 0.54896328468 0.74836616188 0.64496849525 0.56370579068 0.56339475539 0.58474747861 0.46450467541 0.54605406685 0.56554532478 0.70015197253 0.52825584974 0.59936346337 0.47447190462 0.75577081412 0.87191313901 0.64974487361 0.60434163856 1.05412907356 1.65752247887 -163.0630950016 0.00022048940   -2 
  86 0.00000450839 0.00084367982 -12.507776420 0.25863143554 0.00500571675 0.05330696709 0.58951757641 0.48455672058 0.59941433533 0.55945519110 0.54896330646 0.74836678360 0.64496803325 0.56370535181 0.56339338683 0.58474864137 0.46450379157 0.54605345996 0.56554442639 0.70015125466 0.52826008220 0.59936202378 0.47447486118 0.75576540887 0.87191138751 0.64975148687 0.60434454834 1.05412659101 1.65752331385 -163.0630948707 0.00020906314   -2 
  87 0.00000450841 0.00084367166 -12.507488464 0.25863131326 0.00500582704 0.05330734699 0.58952177972 0.48455893730 0.59941048675 0.55944873392 0.54896383895 0.74836876800 0.64496508147 0.56370696160 0.56339450866 0.58474946544 0.46450349974 0.54605351151 0.56554424441 0.70015112161 0.52826379982 0.59936113435 0.47447797371 0.75576220235 0.87191105001 0.64975800975 0.60434767988 1.05412586526 1.65752684337 -163.0630946620 0.00037086722   -2 
  88 0.00000450845 0.00084367077 -12.506916292 0.25863016257 0.00500603677 0.05330806835 0.58952670044 0.48456389963 0.59940429730 0.55943674822 0.54896533860 0.74837326581 0.64495906790 0.56371105912 0.56339802777 0.58475085053 0.46450345314 0.54605411593 0.56554448119 0.70015142287 0.52826996037 0.59936005145 0.47448347447 0.75575815693 0.87191149360 0.64976925487 0.60435327697 1.05412572301 1.65753455981 -163.0630943008 0.00023421777   -2 
  89 0.00000450848 0.00084366259 -12.506426106 0.25862994656 0.00500623691 0.05330875719 0.58951897943 0.48456702433 0.59940163551 0.55942812478 0.54896672960 0.74837690625 0.64495279615 0.56371607243 0.56340339269 0.58475119989 0.46450421419 0.54605536968 0.56554558419 0.70015237304 0.52827330056 0.59936008267 0.47448738903 0.75575846534 0.87191364846 0.64977664202 0.60435735475 1.05412876497 1.65754221303 -163.0630939883 0.00036562419   -2 
  90 0.00000450851 0.00084366569 -12.506102174 0.25862993280 0.00500637074 0.05330921816 0.58951321280 0.48456865068 0.59940105299 0.55942371883 0.54896769497 0.74837916984 0.64494888600 0.56371957278 0.56340732914 0.58475127430 0.46450492491 0.54605637935 0.56554654126 0.70015320715 0.52827495037 0.59936038280 0.47448968349 0.75575965644 0.87191548915 0.64978076601 0.60435978330 1.05413139485 1.65754737288 -163.0630937880 0.00019286373   -2 
  91 0.00000450856 0.00084366012 -12.505636940 0.25863439318 0.00500663034 0.05331011610 0.58950056290 0.48456565556 0.59940486390 0.55942336998 0.54896807604 0.74837957801 0.64494269887 0.56372555229 0.56341545954 0.58474966681 0.46450694574 0.54605864367 0.56554900707 0.70015509003 0.52827407557 0.59936207526 0.47449172169 0.75576701734 0.87192052850 0.64978313153 0.60436213869 1.05413777201 1.65755444849 -163.0630934448 0.00040784590   -2 
  92 0.00000450860 0.00084366570 -12.505199529 0.25863904356 0.00500687868 0.05331097533 0.58949192465 0.48456245933 0.59940914768 0.55942457814 0.54896835330 0.74837958025 0.64493753590 0.56373101337 0.56342312061 0.58474802739 0.46450899901 0.54606088534 0.56555148755 0.70015700812 0.52827268381 0.59936391994 0.47449330745 0.75577479618 0.87192558748 0.64978453903 0.60436404460 1.05414418180 1.65756100687 -163.0630931377 0.00030181685   -2 
  93 0.00000450880 0.00084365617 -12.503640115 0.25866592157 0.00500790973 0.05331454690 0.58948652850 0.48454574221 0.59942360242 0.55943694696 0.54896660441 0.74837376073 0.64492153908 0.56374886466 0.56345084068 0.58473987794 0.46451737819 0.54606953789 0.56556147120 0.70016441306 0.52826266886 0.59937226595 0.47449677080 0.75581013452 0.87194637323 0.64978362868 0.60436878852 1.05417064332 1.65758284396 -163.0630919233 0.00061213047   -2 
  94 0.00000450888 0.00084366263 -12.502969736 0.25867729031 0.00500835000 0.05331607171 0.58948847103 0.48454021424 0.59942884476 0.55944257257 0.54896605857 0.74837168409 0.64491624369 0.56375583553 0.56346186784 0.58473678317 0.46452096979 0.54607323967 0.56556575771 0.70016771033 0.52825836332 0.59937598716 0.47449807323 0.75582521299 0.87195525402 0.64978287492 0.60437067638 1.05418202182 1.65759220778 -163.0630914070 0.00035443172   -2 
  95 0.00000450888 0.00084366263 -12.502969736 0.25867729031 0.00500835000 0.05331607171 0.58948847103 0.48454021424 0.59942884476 0.55944257257 0.54896605857 0.74837168409 0.64491624369 0.56375583553 0.56346186784 0.58473678317 0.46452096979 0.54607323967 0.56556575771 0.70016771033 0.52825836332 0.59937598716 0.47449807323 0.75582521299 0.87195525402 0.64978287492 0.60437067638 1.05418202182 1.65759220778 -163.0630914070           NAN   -8 
  96 0.00000450888 0.00084365266 -12.502991981 0.25867876240 0.00500837103 0.05331614598 0.58949819444 0.48454559648 0.59942339578 0.55944214929 0.54896623439 0.74837252747 0.64492129928 0.56375306373 0.56345854216 0.58473795847 0.46452087068 0.54607309154 0.56556568141 0.70016795996 0.52825819211 0.59937642824 0.47449746579 0.75582501197 0.87195514418 0.64978161619 0.60437020634 1.05418212474 1.65759170011 -163.0630908801 0.00063828469   -2 
  97 0.00000450889 0.00084365648 -12.502994871 0.25868094518 0.00500841932 0.05331631554 0.58951966374 0.48455800697 0.59941282421 0.55944198145 0.54896721206 0.74837526415 0.64493307428 0.56374729202 0.56345147365 0.58474093655 0.46452085169 0.54607301163 0.56556576214 0.70016886884 0.52825799824 0.59937764707 0.47449622861 0.75582487650 0.87195526479 0.64977899141 0.60436932654 1.05418304037 1.65759151385 -163.0630899670 0.00016806869   -2 
  98 0.00000450891 0.00084366005 -12.502965851 0.25868234202 0.00500852241 0.05331667550 0.58950468985 0.48456737512 0.59941122200 0.55944524522 0.54897114270 0.74838267031 0.64495228053 0.56374019906 0.56344171422 0.58474755858 0.46452180658 0.54607410936 0.56556714747 0.70017215156 0.52825858015 0.59938100587 0.47449456967 0.75582621931 0.87195737304 0.64977518333 0.60436856036 1.05418663172 1.65759604532 -163.0630894734 0.00024173195   -2 
  99 0.00000450891 0.00084365684 -12.502966964 0.25868272783 0.00500853956 0.05331673537 0.58950342612 0.48456798019 0.59941107969 0.55944557478 0.54897159603 0.74838350432 0.64495477555 0.56373918541 0.56344030042 0.58474849492 0.46452193775 0.54607425907 0.56556734083 0.70017261990 0.52825865971 0.59938150755 0.47449430211 0.75582640361 0.87195766430 0.64977458332 0.60436842850 1.05418720574 1.65759672174 -163.0630894162 0.00013387898   -2 
 100 0.00000450895 0.00084365467 -12.502904492 0.25868618703 0.00500875187 0.05331747586 0.58951573935 0.48456374884 0.59941454720 0.55944837338 0.54897569028 0.74839001710 0.64497556609 0.56373069889 0.56342752065 0.58475830461 0.46452371108 0.54607631518 0.56556985955 0.70017815125 0.52825990051 0.59938738468 0.47449155877 0.75582902844 0.87196156208 0.64976839294 0.60436715932 1.05419484163 1.65760523159 -163.0630890112 0.00009253594    0 
-- Found new optimum with likelihood -163.063089011200361 and gradient 0.00009

---- Best joint likelihood found -163.063089011200361 with gradient 0.00009

---- Results for /scratch/40841539/tmpyoihz7uv 
--  Model: C
--        eps_an     theta_bar             a 
-- 0.00000450895 0.00084365467            -1 
--           S_d             b           p_b           S_b 
-- -12.502904492 0.25868618703 0.00500875187 0.05331747586 
--           r 2           r 3           r 4           r 5           r 6           r 7           r 8           r 9          r 10          r 11          r 12          r 13          r 14          r 15          r 16          r 17          r 18          r 19          r 20          r 21          r 22          r 23          r 24 
-- 0.58951573935 0.48456374884 0.59941454720 0.55944837338 0.54897569028 0.74839001710 0.64497556609 0.56373069889 0.56342752065 0.58475830461 0.46452371108 0.54607631518 0.56556985955 0.70017815125 0.52825990051 0.59938738468 0.47449155877 0.75582902844 0.87196156208 0.64976839294 0.60436715932 1.05419484163 1.65760523159 

---- Expected P_neut(i), 0 < i < n (neutral SFS per site) 
E[P_neut(1)] = 0.0008436511
E[P_neut(2)] = 0.0002486729
E[P_neut(3)] = 0.0001362676
E[P_neut(4)] = 0.0001264243
E[P_neut(5)] = 0.0000943960
E[P_neut(6)] = 0.0000771908
E[P_neut(7)] = 0.0000901972
E[P_neut(8)] = 0.0000680169
E[P_neut(9)] = 0.0000528437
E[P_neut(10)] = 0.0000475338
E[P_neut(11)] = 0.0000448485
E[P_neut(12)] = 0.0000326581
E[P_neut(13)] = 0.0000354384
E[P_neut(14)] = 0.0000340819
E[P_neut(15)] = 0.0000393806
E[P_neut(16)] = 0.0000278544
E[P_neut(17)] = 0.0000297458
E[P_neut(18)] = 0.0000222396
E[P_neut(19)] = 0.0000335612
E[P_neut(20)] = 0.0000367820
E[P_neut(21)] = 0.0000261043
E[P_neut(22)] = 0.0000231767
E[P_neut(23)] = 0.0000386695
E[P_neut(24)] = 0.0000582721

---- Expected P_sel(i), 0 < i < n (selected SFS per site) 
E[P_sel(1)] = 0.0006875931
E[P_sel(2)] = 0.0001790679
E[P_sel(3)] = 0.0000902602
E[P_sel(4)] = 0.0000787614
E[P_sel(5)] = 0.0000560655
E[P_sel(6)] = 0.0000440996
E[P_sel(7)] = 0.0000498764
E[P_sel(8)] = 0.0000365708
E[P_sel(9)] = 0.0000277227
E[P_sel(10)] = 0.0000243980
E[P_sel(11)] = 0.0000225714
E[P_sel(12)] = 0.0000161451
E[P_sel(13)] = 0.0000172349
E[P_sel(14)] = 0.0000163266
E[P_sel(15)] = 0.0000186020
E[P_sel(16)] = 0.0000129863
E[P_sel(17)] = 0.0000136989
E[P_sel(18)] = 0.0000101243
E[P_sel(19)] = 0.0000151125
E[P_sel(20)] = 0.0000163923
E[P_sel(21)] = 0.0000115199
E[P_sel(22)] = 0.0000101326
E[P_sel(23)] = 0.0000167552
E[P_sel(24)] = 0.0000250345

---- alpha_dfe = 0.012170

