---- Running command
---- ./polyDFE -d /scratch/40840764/tmpuyc4g2hq -m C -i /scratch/40840764/tmpz2niwyvo 1 -v 1 
---- Performing inference using model C

---- Performing inference on /scratch/40840764/tmpuyc4g2hq
----      with -i /scratch/40840764/tmpz2niwyvo 1
---- Data /scratch/40840764/tmpuyc4g2hq does not contain divergence counts. Using option -w.
---- No mutation variability. Using Poisson likelihood.


---- Using provided initial values

-- Starting local optimization
-- Optimizing all parameters
  it        eps_an     theta_bar           S_d             b           p_b           S_b           r 2           r 3           r 4           r 5           r 6           r 7           r 8           r 9          r 10          r 11          r 12          r 13          r 14           ln lk          grad status 
   0 0.00000450123  0.0008663822 -44.346810000     0.1221405    0.01060767    0.09636954     0.6268517     0.6514728     0.6820074     0.5848618     0.7565646     0.6523473     0.6349214     0.7005902     0.6139579     0.6324166     0.6421517     0.7478784       1.22486 -106.5184753642 1.14279354802   -2 
   1 0.00000450122 0.00088475407 -44.297730662 0.12205353618 0.01060782897 0.09636922666 0.62912917362 0.65382460097 0.68119281901 0.58475934400 0.75872564682 0.65212222205 0.63448258759 0.69987483488 0.61353398446 0.63132788633 0.64016632816 0.74913754109 1.22485666509 -105.2301674597 0.38634544876   -2 
   2 0.00000450121 0.00089707526 -44.746392396 0.13112451168 0.01059050226 0.09635387683 0.64738689377 0.68841122675 0.64021412864 0.56979393229 0.80032835850 0.63565281530 0.61423833782 0.67190638621 0.59583385559 0.59666022130 0.58324837395 0.77647599980 1.20895886245 -101.6126634422 0.23570640589   -2 
   3 0.00000450120 0.00089548448 -44.695123887 0.13317590192 0.01058673399 0.09634929216 0.63197721645 0.67702368609 0.64447651223 0.56897922673 0.80488721516 0.63317874700 0.60986024162 0.66533923608 0.59082086928 0.58566717778 0.56411232271 0.78717576176 1.20675437700 -101.0130451688 0.55777427466   -2 
   4 0.00000450120 0.00091056520 -44.553392120 0.13455245882 0.01058422015 0.09634521514 0.61961737495 0.66661543528 0.64983228358 0.56877231886 0.80863060197 0.63134022394 0.60617523992 0.65967670151 0.58636309922 0.57567038415 0.54667304894 0.79756808263 1.20528016521 -100.4774680181 0.12069368825   -2 
   5 0.00000450120 0.00090820160 -44.072628339 0.13411617752 0.01058479733 0.09634105116 0.63049099185 0.65717656146 0.65353435466 0.56820220234 0.79482906792 0.63000772631 0.60372162850 0.65619657408 0.58213863849 0.56669608097 0.53016102915 0.80396951270 1.20264596657 -100.2111552857 0.10336219798   -2 
   6 0.00000450120 0.00091017627 -43.989610940 0.13390472238 0.01058514565 0.09634059444 0.63079789115 0.65741584146 0.65362111312 0.56818728489 0.79340011252 0.62995665049 0.60358909870 0.65601044261 0.58175923551 0.56585740377 0.52849607015 0.80442545106 1.20240283831 -100.1923165580 0.09862675650   -2 
   7 0.00000450120 0.00090731198 -43.298669196 0.13222519080 0.01058789070 0.09633648552 0.62596853899 0.66373706405 0.65141597029 0.56754663213 0.78191794477 0.62938247777 0.60271395074 0.65499058016 0.57881918838 0.55965982970 0.51585388501 0.80621737999 1.19972578481 -100.0760346629 0.03090947902   -2 
   8 0.00000450120 0.00090830661 -43.073348034 0.13204584540 0.01058807044 0.09633422230 0.62562908584 0.66010510521 0.64838334912 0.56647145709 0.78730313415 0.62865501763 0.60257071470 0.65519623052 0.57865950738 0.55995292713 0.51560807176 0.80286893091 1.19787082039 -100.0555978235 0.05515743307   -2 
   9 0.00000450120 0.00090743682 -43.028777400 0.13203976032 0.01058804850 0.09633370139 0.62544736055 0.65954240168 0.64784130106 0.56623746491 0.78812440277 0.62847983143 0.60250920947 0.65519954317 0.57859963262 0.55998148233 0.51552426051 0.80218330621 1.19745040724 -100.0522058406 0.01940234358   -2 
  10 0.00000450120 0.00090723561 -42.459278614 0.13190597631 0.01058785015 0.09632701434 0.62371789098 0.66206485654 0.64668378990 0.56447944459 0.78870023881 0.62673346687 0.60153694777 0.65468756689 0.57762719276 0.55971347152 0.51399187632 0.79586736576 1.19322003680 -100.0377865071 0.02215210386   -2 
  11 0.00000450120 0.00090635633 -42.327584001 0.13197594005 0.01058760865 0.09632522025 0.62408193966 0.66165214509 0.64683864126 0.56435848546 0.78794918605 0.62649404155 0.60131746949 0.65449133820 0.57739746578 0.55957239089 0.51364501086 0.79496127163 1.19259315556 -100.0348119561 0.04777827420   -2 
  12 0.00000450120 0.00090681200 -41.864843592 0.13217091691 0.01058685641 0.09631899761 0.62578023107 0.66008384072 0.64767161518 0.56418392674 0.78521732757 0.62585338802 0.60064795100 0.65386024938 0.57666775507 0.55909647750 0.51250741764 0.79225001582 1.19078693084 -100.0252597221 0.01847381742   -2 
  13 0.00000450121 0.00090775254 -41.138974338 0.13280858275 0.01058502341 0.09630829854 0.62265036621 0.65869125696 0.64842242627 0.56512431744 0.78242020688 0.62614421119 0.60023926689 0.65315292285 0.57602042260 0.55836181731 0.51133407660 0.79188064138 1.19090165933 -100.0146360611 0.03004592104   -2 
  14 0.00000450121 0.00090711556 -41.086554250 0.13288804574 0.01058482429 0.09630743110 0.62261295437 0.65869458516 0.64830493545 0.56513687140 0.78240744394 0.62616949879 0.60022487318 0.65311243901 0.57599392331 0.55831197626 0.51128591146 0.79199916408 1.19098289021 -100.0131522185 0.02747336522   -2 
  15 0.00000450123 0.00090636096 -40.238877907 0.13407161888 0.01058177773 0.09629342890 0.62623766283 0.66117539369 0.64509017061 0.56497778452 0.78551715297 0.62695711600 0.60053188047 0.65299850541 0.57611424554 0.55782893795 0.51123296398 0.79600058356 1.19373293875 -99.99436630805 0.02747300798   -2 
  16 0.00000450122 0.00090712631 -40.300317002 0.13395516686 0.01058205296 0.09629450314 0.62483665124 0.66069542317 0.64627257382 0.56512660327 0.78541027998 0.62699674913 0.60068800100 0.65324764028 0.57628406539 0.55804659990 0.51142780214 0.79580440807 1.19371642890 -99.99063914567 0.03445465711   -2 
  17 0.00000450122 0.00090665767 -40.319904114 0.13393906204 0.01058209877 0.09629478812 0.62412807710 0.66042599170 0.64683902177 0.56518483617 0.78538818375 0.62701939162 0.60077649542 0.65338309772 0.57638276522 0.55816147702 0.51154406109 0.79577433686 1.19374651396 -99.98897114579 0.01197821213   -2 
  18 0.00000450123 0.00090694980 -40.274672617 0.13400333952 0.01058192197 0.09629397329 0.62360945015 0.66008844298 0.64805254259 0.56534976617 0.78575909944 0.62721007727 0.60115272064 0.65388000246 0.57678673136 0.55854729628 0.51200775397 0.79624101234 1.19424959314 -99.98717335294 0.02251385412   -2 
  19 0.00000450123 0.00090654973 -40.227342052 0.13409457280 0.01058169163 0.09629306673 0.62324226888 0.65979601913 0.64908506648 0.56548848131 0.78610013340 0.62738451628 0.60150616266 0.65434783951 0.57717329787 0.55891588000 0.51245839390 0.79670735000 1.19473201275 -99.98611920953 0.01620271421   -2 
  20 0.00000450124 0.00090490762 -39.853982838 0.13484269250 0.01057985625 0.09628601210 0.62693799194 0.66081115613 0.65030269835 0.56607334940 0.78773587241 0.62832136140 0.60316311431 0.65648864706 0.57909855133 0.56074543807 0.51480125875 0.79948782962 1.19742545077 -99.97660864128 0.03206600485   -2 
  21 0.00000450124 0.00090550505 -39.822486935 0.13487998977 0.01057975389 0.09628549061 0.62692019550 0.66100959752 0.65029574560 0.56615783720 0.78786472269 0.62841634610 0.60326514833 0.65660797853 0.57921302504 0.56085637650 0.51493609721 0.79966568317 1.19763395300 -99.97511172214 0.02491296040   -2 
  22 0.00000450124 0.00090558160 -39.606298923 0.13524706060 0.01057885226 0.09628170008 0.62453461218 0.66250788697 0.64943907420 0.56677911397 0.78849409252 0.62905541511 0.60372383056 0.65707711878 0.57975313435 0.56140851555 0.51559148404 0.80060664572 1.19888174199 -99.96772078563 0.01516185653   -2 
  23 0.00000450124 0.00090524380 -39.525523858 0.13539050563 0.01057850544 0.09628027586 0.62411877501 0.66272164007 0.64914566519 0.56694818283 0.78861290921 0.62923907765 0.60382190606 0.65716137118 0.57988184516 0.56155058450 0.51575803930 0.80085666621 1.19923839212 -99.96695614230 0.02462261580   -2 
  24 0.00000450125 0.00090605639 -38.875003881 0.13642622886 0.01057595003 0.09626905301 0.62295113073 0.66352961427 0.64725627000 0.56815874277 0.78935559501 0.63058509489 0.60444941752 0.65763732712 0.58073074485 0.56252233158 0.51687162234 0.80258855838 1.20183695341 -99.96045753742 0.04114320413   -2 
  25 0.00000450127 0.00090491267 -38.220398786 0.13752340608 0.01057328127 0.09625750106 0.62273310796 0.66371425126 0.64581677517 0.56915036774 0.78990487942 0.63176724308 0.60498176543 0.65802105764 0.58148769925 0.56341218490 0.51789341857 0.80417130075 1.20421329459 -99.95419165705 0.05854888179   -2 
  26 0.00000450130 0.00090574950 -36.405488485 0.14049650991 0.01056604252 0.09622491037 0.62431467152 0.66370015570 0.64335650734 0.57161155485 0.79141215106 0.63484710215 0.60643989663 0.65910518516 0.58352633559 0.56581526843 0.52062632152 0.80840648559 1.21059393510 -99.93481183417 0.06844574895   -2 
  27 0.00000450133 0.00090322189 -34.683149361 0.14352075641 0.01055883872 0.09619243788 0.62629713788 0.66333624296 0.64237412886 0.57356205153 0.79275868985 0.63750545711 0.60780320979 0.66017227852 0.58542279806 0.56805975359 0.52317180751 0.81230804856 1.21641781587 -99.91962142241 0.07584384609   -2 
  28 0.00000450137 0.00090390126 -32.948466325 0.14647571553 0.01055177362 0.09615874425 0.62874074584 0.66341356677 0.64409320313 0.57501928677 0.79437807186 0.63978104941 0.60928529461 0.66150522225 0.58731838937 0.57025826967 0.52560739132 0.81600180152 1.22188930662 -99.89498362937 0.10935198470   -2 
  29 0.00000450150 0.00089633856 -27.126490070 0.15829349665 0.01052498291 0.09603103706 0.63615824839 0.66408211120 0.65361247280 0.57948127824 0.80048907874 0.64746500647 0.61486302713 0.66677286708 0.59430111831 0.57831874196 0.53448857883 0.82933951469 1.24147397863 -99.82312403779 0.09611986259   -2 
  30 0.00000450149 0.00089443956 -27.401820815 0.15755841692 0.01052651872 0.09603781256 0.63333719056 0.66526824454 0.65402909487 0.57889978534 0.80056091921 0.64658885100 0.61472879155 0.66687901608 0.59389552183 0.57774620568 0.53376200577 0.82821062148 1.23978475807 -99.79571069534 0.12454461853   -2 
  31 0.00000450148 0.00089669540 -27.801097874 0.15617328839 0.01052927650 0.09604822436 0.62815326959 0.66831518740 0.65568221622 0.57788150951 0.80123035626 0.64498846410 0.61477063954 0.66748631586 0.59332505103 0.57681350139 0.53248145156 0.82623053417 1.23685362094 -99.75220898373 0.02855249260   -2 
  32 0.00000450148 0.00089521328 -27.874102454 0.15546787406 0.01053049997 0.09605096874 0.62781145863 0.66959444373 0.65800483889 0.57650349318 0.80201386153 0.64303994409 0.61514655566 0.66871932652 0.59295686413 0.57598901691 0.53117849914 0.82416239158 1.23376035899 -99.74116993120 0.05279192577   -2 
  33 0.00000450147 0.00089549715 -27.907789786 0.15502185640 0.01053126293 0.09605248090 0.62792187359 0.67028308952 0.65937422622 0.57571421704 0.80250641587 0.64188689025 0.61539869756 0.66950168851 0.59274741129 0.57549301671 0.53037783296 0.82290624658 1.23190594278 -99.73693450525 0.02064793094   -2 
  34 0.00000450148 0.00089569867 -27.868161345 0.15502908545 0.01053119373 0.09605172048 0.62969811745 0.66878453189 0.65841082193 0.57581058965 0.80223234476 0.64174292290 0.61544458147 0.66970916131 0.59267034846 0.57527831696 0.52997021474 0.82239413492 1.23135404661 -99.73220648271 0.02119410736   -2 
  35 0.00000450148 0.00089533047 -27.860902170 0.15503659325 0.01053116903 0.09605156197 0.62980837377 0.66857941637 0.65826042349 0.57580964371 0.80217573861 0.64169586305 0.61544947214 0.66975096664 0.59264788990 0.57522532373 0.52987434112 0.82227159913 1.23121498083 -99.73166177068 0.01133639591   -2 
  36 0.00000450148 0.00089560177 -27.666633679 0.15486427675 0.01053113148 0.09604809361 0.62839383945 0.66718048939 0.65658241017 0.57578056866 0.80151658711 0.64066115959 0.61572707826 0.67092430029 0.59221022847 0.57403233948 0.52761733477 0.81947582834 1.22815049401 -99.72665115686 0.00979787670   -2 
  37 0.00000450148 0.00089522537 -27.634651838 0.15488226297 0.01053103640 0.09604738100 0.62835079026 0.66734819777 0.65662223297 0.57562726598 0.80134250271 0.64049733174 0.61564624963 0.67090497329 0.59209465734 0.57383875841 0.52728794140 0.81910314349 1.22774565640 -99.72613479999 0.01994611206   -2 
  38 0.00000450149 0.00089531121 -27.521931627 0.15492666601 0.01053073138 0.09604489852 0.62843684900 0.66816192845 0.65697868019 0.57508190946 0.80079608334 0.63999234439 0.61533247997 0.67074728206 0.59170303260 0.57320877944 0.52621974634 0.81793511850 1.22650778221 -99.72430973443 0.00559968711   -2 
  39 0.00000450149 0.00089531770 -27.494278834 0.15494447465 0.01053064293 0.09604426635 0.62846413932 0.66832331503 0.65707665915 0.57495471754 0.80068092551 0.63988637342 0.61524813478 0.67068565633 0.59160937163 0.57306566374 0.52597846712 0.81768371723 1.22625024452 -99.72424135117 0.00644363468   -2 
  40 0.00000450149 0.00089502305 -27.441368433 0.15505033271 0.01053033481 0.09604283582 0.62853201452 0.66819682200 0.65732254199 0.57479258143 0.80065399239 0.63986335878 0.61502430698 0.67035532050 0.59145905794 0.57290872900 0.52572550364 0.81755325377 1.22621794070 -99.72385209959 0.01717597457   -2 
  41 0.00000450150 0.00089529714 -27.312498765 0.15529239695 0.01052960889 0.09603937092 0.62874163611 0.66785931425 0.65791982203 0.57447584999 0.80068867176 0.63988479217 0.61450976306 0.66955243825 0.59113196377 0.57258801126 0.52520201796 0.81736959489 1.22631325005 -99.72287937120 0.00851002668   -2 
  42 0.00000450151 0.00089503892 -27.202104522 0.15554155061 0.01052889906 0.09603623536 0.62857338049 0.66753259408 0.65808623413 0.57438956536 0.80083418045 0.64001724908 0.61417180176 0.66893956555 0.59094161850 0.57244825130 0.52496293523 0.81748368863 1.22669672259 -99.72232381524 0.01687111756   -2 
  43 0.00000450152 0.00089536703 -27.034186276 0.15590376216 0.01052784333 0.09603147041 0.62830001696 0.66713923791 0.65822314595 0.57435302163 0.80110854904 0.64026413826 0.61373866713 0.66810181684 0.59070879003 0.57230162218 0.52469264099 0.81776095867 1.22738774739 -99.72153939812 0.01069537454   -2 
  44 0.00000450154 0.00089498292 -26.807583041 0.15642988616 0.01052632243 0.09602480087 0.62779357154 0.66701911590 0.65778721581  0.5745620272 0.80144415104 0.64063347834 0.61347815319 0.66741372883 0.59059618461 0.57232706656 0.52465910486 0.81842261821 1.22850217778 -99.72041732059 0.02249224944   -2 
  45 0.00000450155 0.00089532250 -26.578875497 0.15694085578 0.01052481458 0.09601805239 0.62743148227 0.66705451111 0.65730477988 0.57483680714 0.80178401997 0.64101352659 0.61332478628 0.66688092974 0.59054987609 0.57241651634 0.52471215219 0.81914986022 1.22965332485 -99.71931730630 0.01406629231   -2 
  46 0.00000450158 0.00089428503 -26.244767609 0.15773685074 0.01052246920 0.09600778798 0.62764786294 0.66758590950 0.65650214432 0.57535638626 0.80200134879 0.64142326663 0.61366227372 0.66702393481 0.59081350765 0.57284338155 0.52521897530 0.82035840604 1.23114455677 -99.71722671695 0.03724471557   -2 
  47 0.00000450162 0.00089430767 -25.751792271 0.15888119565 0.01051904292 0.09599250218 0.62826142623 0.66852628690 0.65553797521 0.57617714174 0.80235524457 0.64203453373 0.61433791045 0.66751708433 0.59131884527 0.57357028435 0.52608855621 0.82219293208 1.23334317676 -99.71358266267 0.02006963314   -2 
  48 0.00000450168 0.00089275689 -25.066112578 0.16058536834 0.01051402124 0.09597043272 0.62908049051 0.66960750768 0.65508527709 0.57724334376 0.80286644103 0.64281611609 0.61563831904 0.66885921846 0.59228222568 0.57478025154 0.52755483206 0.82472331061 1.23619536417 -99.71066308747 0.02749522096   -2 
  49 0.00000450173 0.00089226147 -24.468066106 0.16210756331 0.01050954489 0.09595066559 0.62974097969 0.67043268037 0.65533390387 0.57815182319 0.80346974903 0.64352968999 0.61694707924 0.67034219398 0.59327119101 0.57594440057 0.52895428270 0.82692380163 1.23865205460 -99.70817102407 0.03025377511   -2 
  50 0.00000450183 0.00088998679 -23.350237620 0.16517866236 0.01050071349 0.09591207300 0.63058148880 0.67162431525 0.65669178567 0.57976866494 0.80483349409 0.64491664579 0.61961905346 0.67353578133 0.59534304950 0.57829038234 0.53175971835 0.83104152088 1.24323123919 -99.70397071194 0.02574091837   -2 
  51 0.00000450186 0.00088991378 -23.062909939 0.16626952822 0.01049777314 0.09590060643 0.62897880759 0.67034449645 0.66107924787 0.57953938115 0.80680071944 0.64564577010 0.62065447449 0.67542919885 0.59659860520 0.57924521798 0.53270396586 0.83119202301 1.24383967526 -99.69310569645 0.01267085664   -2 
  52 0.00000450186 0.00088966856 -23.086981183 0.16622359108 0.01049792184 0.09590137804 0.62927221692 0.67047621305 0.66076024985 0.57951122773 0.80671977786 0.64561560219 0.62058138705 0.67534615043 0.59656099296 0.57919564248 0.53263889773 0.83107404257 1.24373606797 -99.69274072668 0.01337120192   -2 
  53 0.00000450186 0.00088988664 -23.119931197 0.16618580089 0.01049805833 0.09590227645 0.62988206732 0.67072882931 0.66043886176 0.57943871823 0.80674948886 0.64563236879 0.62051266692 0.67534089819 0.59660417482 0.57917359302 0.53257185784 0.83079228428 1.24355635796 -99.69217483294 0.00908064632   -2 
  54 0.00000450186 0.00088967571 -23.144430573 0.16621177786 0.01049803828 0.09590269398 0.63020472107 0.67087096850 0.66040950002 0.57934472051 0.80690920086 0.64569767983 0.62049936790 0.67545647787 0.59673562531 0.57920788649 0.53255082695 0.83046580945 1.24338315411 -99.69183893994 0.01258017155   -2 
  55 0.00000450186 0.00088997418 -23.188654987 0.16626443591 0.01049796620 0.09590333270 0.63068658515 0.67114238487 0.66056677100 0.57918203380 0.80734090762 0.64588259326 0.62052558307 0.67577910503 0.59706807790 0.57932296348 0.53254380296 0.82980036504 1.24308043619 -99.69125331197 0.01072784903   -2 
  56 0.00000450186 0.00088982128 -23.236983387 0.16634606021 0.01049781562 0.09590385150 0.63072591521 0.67131178443 0.66094948931 0.57904484597 0.80787537658 0.64612989713 0.62061085864 0.67622418710 0.59750720335 0.57950128048 0.53257549600 0.82906058228 1.24280414394 -99.69070510863 0.01490058575   -2 
  57 0.00000450186 0.00089017727 -23.255666091 0.16636434015 0.01049776342 0.09590402279 0.63061865348 0.67136040264 0.66118531767 0.57903369289 0.80811717135 0.64625754549 0.62067980484 0.67644507038 0.59771906090 0.57960135438 0.53261048088 0.82878152043 1.24274902287 -99.69029933419 0.00927161938   -2 
  58 0.00000450186 0.00089015697 -23.282940027 0.16639240312 0.01049765552 0.09590415963 0.63014683778 0.67129188255 0.66158388718 0.57909352769 0.80841549154 0.64645541037 0.62082707383 0.67680154727 0.59806030066 0.57978538222 0.53269850463 0.82844245574 1.24277113773 -99.68992086374 0.00443096917   -2 
  59 0.00000450186 0.00089021893 -23.278809487 0.16638045861 0.01049767149 0.09590410796 0.63020577417 0.67127623714 0.66152838589 0.57911500101 0.80835036132 0.64643162259 0.62082386018 0.67676132553 0.59802304698 0.57977411776 0.53270076216 0.82852138733 1.24281137215 -99.68988602426 0.00432581503   -2 
  60 0.00000450186 0.00089005730 -23.265462792 0.16632779786 0.01049769703 0.09590378943 0.63029718285 0.67109437122 0.66133288220 0.57928834435 0.80802676929 0.64635805425 0.62087413813 0.67666029652 0.59793782349 0.57979069724 0.53276324622 0.82889611322 1.24309740292 -99.68974970410 0.00353023711   -2 
  61 0.00000450186 0.00089010872 -23.261816941 0.16630847633 0.01049769587 0.09590365253 0.63027477607 0.67104656388 0.66130909480 0.57935434408 0.80794295709 0.64634753894 0.62090608641 0.67665119273 0.59793247634 0.57981300367 0.53279656445 0.82901779309 1.24320994990 -99.68971900558 0.00360349089   -2 
  62 0.00000450186 0.00089002818 -23.257319530 0.16628460953 0.01049766668 0.09590337918 0.63016315296 0.67097403175 0.66130596474 0.57945906491 0.80782636753 0.64633916402 0.62096903427 0.67665776358 0.59794511323 0.57986483265 0.53286287091 0.82920784448 1.24340060038 -99.68967616870 0.00191238272   -2 
  63 0.00000450186 0.00089003359 -23.255389224 0.16627424472 0.01049763441 0.09590318760 0.63009551488 0.67095628687 0.66133063158 0.57950943766 0.80778762408 0.64634217998 0.62100949933 0.67667581854 0.59796600659 0.57990299791 0.53290691434 0.82930481508 1.24350561365 -99.68966577079 0.00160414219   -2 
  64 0.00000450187 0.00088994754 -23.256707095 0.16629119399 0.01049750170 0.09590278053 0.63005609923 0.67103008550 0.66144485392 0.57950174182 0.80786204217 0.64637049296 0.62106259143 0.67674883797 0.59804229920 0.57997724686 0.53297943198 0.82935043201 1.24358159184 -99.68963439407 0.00462651433   -2 
  65 0.00000450187 0.00088999454 -23.258929372 0.16631925679 0.01049725450 0.09590200419 0.63002236480 0.67117898560 0.66166177163 0.57948958001 0.80801609631 0.64643029645 0.62116424579 0.67689132340 0.59819001813 0.58011898506 0.53311693525 0.82943249199 1.24372474513 -99.68957469357 0.00177825949   -2 
  66 0.00000450188 0.00088992591 -23.262686546 0.16637029679 0.01049689199 0.09590090736 0.63022499018 0.67124540204 0.66177217249 0.57949183613 0.80819125137 0.64651573515 0.62126938425 0.67705474434 0.59836394790 0.58028087500 0.53327446321 0.82949983929 1.24386960706 -99.68952929370 0.00187988222   -2 
  67 0.00000450188 0.00088995449 -23.263007673 0.16637535801 0.01049684706 0.09590076419 0.63024946903 0.67124990360 0.66177573007 0.57949783123 0.80821009592 0.64652809049 0.62128130284 0.67707299876 0.59838345770 0.58029897743 0.53329220962 0.82950808908 1.24388818528 -99.68952503205 0.00092985756   -2 
  68 0.00000450188 0.00088995429 -23.264076528 0.16639835611 0.01049663043 0.09590005965 0.63028722757 0.67121250299 0.66168277958 0.57956628714 0.80824436782 0.64658739600 0.62131430285 0.67712367728 0.59844146511 0.58035304983 0.53334781595 0.82953618019 1.24395894968 -99.68951364000 0.00063461885   -2 
  69 0.00000450188 0.00088996707 -23.264208548 0.16640291669 0.01049657537 0.09589987339 0.63028792592 0.67120680532 0.66166243205 0.57958380036 0.80824957939 0.64660135290 0.62132114209 0.67713375352 0.59845339797 0.58036436363 0.53335978218 0.82954320454 1.24397600113 -99.68951286194 0.00052355779   -2 
  70 0.00000450188 0.00088996138 -23.264131339 0.16640718960 0.01049649762 0.09589959995 0.63026245375 0.67120781236 0.66164583678 0.57960419892 0.80824529840 0.64661507716 0.62132518758 0.67713872672 0.59846114122 0.58037247599 0.53336965217 0.82955155392 1.24399364293 -99.68951147914 0.00062617120   -2 
  71 0.00000450189 0.00088997392 -23.263981578 0.16640867789 0.01049645253 0.09589943585 0.63024870533 0.67121080401 0.66164036097 0.57961468874 0.80824174617 0.64662190712 0.62132677025 0.67714021317 0.59846415129 0.58037590775 0.53337421467 0.82955630152 1.24400321089 -99.68951086560 0.00023055719   -2 
  72 0.00000450189 0.00088996767 -23.263441046 0.16640981627 0.01049636301 0.09589909744 0.63023360235 0.67121908497 0.66164769939 0.57962158027 0.80822744106 0.64662529473 0.62132402905 0.67713431151 0.59846106339 0.58037473187 0.53337588470 0.82956208960 1.24401214955 -99.68951038404 0.00040152650   -2 
  73 0.00000450189 0.00088997408 -23.262982474 0.16641022063 0.01049629542 0.09589883916 0.63022695167 0.67122495793 0.66165417633 0.57962570009 0.80821761521 0.64662727093 0.62132187564 0.67712968851 0.59845836585 0.58037347866 0.53337673762 0.82956627611 1.24401847986 -99.68951009326 0.00024234386   -2 
  74 0.00000450190 0.00088996173 -23.260990534 0.16641250968 0.01049600225 0.09589772397 0.63023364912 0.67123327126 0.66167767562 0.57963019191 0.80818465632 0.64662811806 0.62131092900 0.67710857138 0.59844374216 0.58036478083 0.53337636277 0.82957964914 1.24403639056 -99.68950922970 0.00034698821   -2 
  75 0.00000450190 0.00088996662 -23.260458967 0.16641290731 0.01049592649 0.09589743461 0.63023773994 0.67123378069 0.66168171520 0.57963040579 0.80817981365 0.64662803311 0.62130870248 0.67710415335 0.59844040364 0.58036269245 0.53337610018 0.82958263431 1.24403975970 -99.68950902855 0.00026659728   -2 
  76 0.00000450191 0.00088995468 -23.257759843 0.16641659525 0.01049552061 0.09589589603 0.63026156045 0.67122153798 0.66168489395 0.57962377654 0.80817591942 0.64662414553 0.62129989199 0.67708687624 0.59842521316 0.58035219014 0.53337310179 0.82959295913 1.24404976204 -99.68950828068 0.00030261911   -2 
  77 0.00000450191 0.00088996228 -23.258211015 0.16641597507 0.01049558713 0.09589614711 0.63025318495 0.67122400884 0.66168175933 0.57962458777 0.80818083092 0.64662484946 0.62130255245 0.67709181924 0.59842891270 0.58035455905 0.53337359103  0.8295903904 1.24404690112 -99.68950807865 0.00029510220   -2 
  78 0.00000450190 0.00088996002 -23.258543179 0.16641599334 0.01049562832 0.09589630462 0.63024205964 0.67122496502 0.66167573815 0.57962424962 0.80818891404 0.64662498599 0.62130555898 0.67709745518 0.59843266902 0.58035674328 0.53337374367 0.82958727899 1.24404231682 -99.68950785106 0.00019024608   -2 
  79 0.00000450190 0.00088996582 -23.258582408 0.16641618955 0.01049562835 0.09589630534 0.63023672911 0.67122433078 0.66166991181 0.57962303430 0.80819756186 0.64662468013 0.62130801374 0.67710196962 0.59843524560 0.58035805832 0.53337355334 0.82958491534 1.24403866205 -99.68950772400 0.00021560270   -2 
  80 0.00000450190 0.00088996359 -23.258538014 0.16641690642 0.01049560966 0.09589623792 0.63023259214 0.67122201355 0.66166250346 0.57962077427 0.80820769121 0.64662376752 0.62131060805 0.67710691590 0.59843783100 0.58035920424 0.53337302555 0.82958182149 1.24403363306 -99.68950758925 0.00015881321   -2 
  81 0.00000450191 0.00088996569 -23.258360342 0.16641791361 0.01049556832 0.09589608382 0.63023118009 0.67121857779 0.66165358051 0.57961745807 0.80822058810 0.64662232839 0.62131388822 0.67711322051 0.59844097032 0.58036046448 0.53337215114 0.82957779794 1.24402680524 -99.68950749721 0.00014297034   -2 
  82 0.00000450191 0.00088996893 -23.257832848 0.16641921009 0.01049547379 0.09589572657 0.63024322715 0.67121610741 0.66165380436 0.57961446863 0.80822275613 0.64662040678 0.62131490319 0.67711563257 0.59844178172 0.58036030606 0.53337078868 0.82957504301 1.24401990023 -99.68950727034 0.00033847641   -2 
  83 0.00000450191 0.00088996157 -23.257376369 0.16642063078 0.01049538780 0.09589540285 0.63025151772 0.67121399125 0.66165438008 0.57961196845 0.80822341139 0.64661868865 0.62131546055 0.67711722549 0.59844220603 0.58036000200 0.53336956405 0.82957282711 1.24401434856 -99.68950707291 0.00015661955   -2 
  84 0.00000450194 0.00088995245 -23.250651153 0.16643574974 0.01049417871 0.09589083314 0.63027129458 0.67122300401 0.66168911955 0.57959991701 0.80821281659 0.64660826969 0.62132065443 0.67712951465 0.59844521042 0.58035694619 0.53335781205 0.82955982487 1.24397674520 -99.68950564957 0.00040294006   -2 
  85 0.00000450194 0.00088993950 -23.248659465 0.16644063797 0.01049381025 0.09588944311 0.63026605973 0.67122509878 0.66169482384 0.57959898861 0.80821099106 0.64660706849 0.62132214102 0.67713241721 0.59844620395 0.58035654922 0.53335522638 0.82955793206 1.24397134886 -99.68950515127 0.00058266860   -2 
  86 0.00000450199 0.00088993809 -23.237369148 0.16646615753 0.01049173882 0.09588161833 0.63022125774 0.67123929060 0.66171657261 0.57960320655 0.80820876152 0.64660763794 0.62133187140 0.67714820535 0.59845324851 0.58035688744 0.53334434363 0.82955448167 1.24395962240 -99.68950246200 0.00037926087   -2 
  87 0.00000450208 0.00088992087 -23.216985544 0.16652020501 0.01048777703 0.09586668335 0.63022032539 0.67120265628 0.66163977863 0.57964484975 0.80824206221 0.64664258207 0.62134638840 0.67716018866 0.59846913410 0.58037135336 0.53334967761 0.82958903076 1.24404917992 -99.68949633619 0.00029755924   -2 
  88 0.00000450210 0.00088991566 -23.212191176 0.16653339066 0.01048682973 0.09586311422 0.63022243462 0.67119684704 0.66162541198 0.57965375810 0.80825013758 0.64665117955 0.62134982798 0.67716272898 0.59847315863 0.58037552400 0.53335232456 0.82959882005 1.24407327927 -99.68949610469 0.00035840133   -2 
  89 0.00000450214 0.00088989669 -23.204749144 0.16656312003 0.01048503824 0.09585640155 0.63026628501 0.67125891619 0.66170270519 0.57964440513 0.80826603452 0.64666998379 0.62135723988 0.67716361859 0.59848649993 0.58039873089 0.53338626316 0.82964926855 1.24416254910 -99.68949151365 0.00047577386   -2 
  90 0.00000450215 0.00088988465 -23.203225330 0.16656969389 0.01048465649 0.09585497294 0.63027223896 0.67126993299 0.66171823848 0.57964311784 0.80827022510 0.64667432002 0.62135943887 0.67716455897 0.59848984103 0.58040421104 0.53339420731 0.82966067328 1.24418210045 -99.68949119129 0.00032466186   -2 
  91 0.00000450216 0.00088989687 -23.200952574 0.16658047721 0.01048396765 0.09585238953 0.63024369821 0.67126075913 0.66173170060 0.57965733625 0.80829624874 0.64669061415 0.62137588664 0.67718130745 0.59850549227 0.58042347056 0.53341969880 0.82969237904 1.24422727249 -99.68948940471 0.00066636175   -2 
  92 0.00000450216 0.00088989687 -23.200952574 0.16658047721 0.01048396765 0.09585238953 0.63024369821 0.67126075913 0.66173170060 0.57965733625 0.80829624874 0.64669061415 0.62137588664 0.67718130745 0.59850549227 0.58042347056 0.53341969880 0.82969237904 1.24422727249 -99.68948940471           NAN   -8 
  93 0.00000450216 0.00088988642 -23.200977325 0.16658087853 0.01048396087 0.09585236613 0.63024406020 0.67125955269 0.66173010015 0.57965752261 0.80829601934 0.64669056581 0.62137612963 0.67718168879 0.59850574016 0.58042372373 0.53342005289 0.82969253016 1.24422704064 -99.68948898684 0.00019206256   -2 
  94 0.00000450216 0.00088988500 -23.200972340 0.16658244527 0.01048385167 0.09585196795 0.63026374248 0.67125030489 0.66171110799 0.57966503452 0.80829907460 0.64669357000 0.62138332115 0.67719129950 0.59851215115 0.58042993171 0.53342763075 0.82969828100 1.24422912372 -99.68948842723 0.00013079608   -2 
  95 0.00000450216 0.00088988500 -23.200972340 0.16658244527 0.01048385167 0.09585196795 0.63026374248 0.67125030489 0.66171110799 0.57966503452 0.80829907460 0.64669357000 0.62138332115 0.67719129950 0.59851215115 0.58042993171 0.53342763075 0.82969828100 1.24422912372 -99.68948842723           NAN   -8 
  96 0.00000450217 0.00088988966 -23.200943672 0.16658272261 0.01048381009 0.09585181173 0.63025831789 0.67125309526 0.66171199789 0.57966676395 0.80830054440 0.64669480278 0.62138545411 0.67719407041 0.59851426962 0.58043201408 0.53343014931 0.82970060806 1.24423212165 -99.68948831914 0.00026107065   -2 
  97 0.00000450217 0.00088988623 -23.200917621 0.16658362304 0.01048373027 0.09585151448 0.63024866640 0.67125717501 0.66171307765 0.57966958256 0.80830274674 0.64669680553 0.62138917273 0.67719896634 0.59851804411 0.58043575482 0.53343474748 0.82970469271 1.24423683144 -99.68948815273 0.00010505369   -2 
  98 0.00000450218 0.00088988295 -23.200525260 0.16659176191 0.01048299141 0.09584875807 0.63025518680 0.67126993485 0.66171981749 0.57968786735 0.80831688811 0.64671159781 0.62141695128 0.67723586086 0.59854804702 0.58046631700 0.53347269242 0.82973595456 1.24426312309 -99.68948589768 0.00017476463   -2 
  99 0.00000450218 0.00088988109 -23.200569638 0.16659077689 0.01048308451 0.09584910589 0.63025533702 0.67126769351 0.66171905548 0.57968506256 0.80831496153 0.64670954320 0.62141290707 0.67723047890 0.59854380534 0.58046205091 0.53346743043 0.82973159392 1.24425963739 -99.68948585887 0.00011091278   -2 
 100 0.00000450218 0.00088988230 -23.200542812 0.16658989937 0.01048314653 0.09584933734 0.63026078043 0.67126412520 0.66171945391 0.57968122046 0.80831351340 0.64670759269 0.62140792750 0.67722372026 0.59853899109 0.58045740645 0.53346177518 0.82972730266 1.24425554214 -99.68948579408 0.00007188990    0 
-- Found new optimum with likelihood -99.689485794086067 and gradient 0.00007

---- Best joint likelihood found -99.689485794086067 with gradient 0.00007

---- Results for /scratch/40840764/tmpuyc4g2hq 
--  Model: C
--        eps_an     theta_bar             a 
-- 0.00000450218 0.00088988230            -1 
--           S_d             b           p_b           S_b 
-- -23.200542812 0.16658989937 0.01048314653 0.09584933734 
--           r 2           r 3           r 4           r 5           r 6           r 7           r 8           r 9          r 10          r 11          r 12          r 13          r 14 
-- 0.63026078043 0.67126412520 0.66171945391 0.57968122046 0.80831351340 0.64670759269 0.62140792750 0.67722372026 0.59853899109 0.58045740645 0.53346177518 0.82972730266 1.24425554214 

---- Expected P_neut(i), 0 < i < n (neutral SFS per site) 
E[P_neut(1)] = 0.0008898787
E[P_neut(2)] = 0.0002804280
E[P_neut(3)] = 0.0001991146
E[P_neut(4)] = 0.0001472127
E[P_neut(5)] = 0.0001031694
E[P_neut(6)] = 0.0001198837
E[P_neut(7)] = 0.0000822133
E[P_neut(8)] = 0.0000691225
E[P_neut(9)] = 0.0000669613
E[P_neut(10)] = 0.0000532632
E[P_neut(11)] = 0.0000469585
E[P_neut(12)] = 0.0000395606
E[P_neut(13)] = 0.0000567979
E[P_neut(14)] = 0.0000790923

---- Expected P_sel(i), 0 < i < n (selected SFS per site) 
E[P_sel(1)] = 0.0006655095
E[P_sel(2)] = 0.0001858723
E[P_sel(3)] = 0.0001233769
E[P_sel(4)] = 0.0000871936
E[P_sel(5)] = 0.0000590924
E[P_sel(6)] = 0.0000668663
E[P_sel(7)] = 0.0000448596
E[P_sel(8)] = 0.0000370176
E[P_sel(9)] = 0.0000352810
E[P_sel(10)] = 0.0000276619
E[P_sel(11)] = 0.0000240740
E[P_sel(12)] = 0.0000200445
E[P_sel(13)] = 0.0000284706
E[P_sel(14)] = 0.0000392553

---- alpha_dfe = 0.022565

