---- Running command
---- ./polyDFE -d /scratch/38995930/tmpwlg3hhm0 -m C -i /scratch/38995930/tmpqkcrm62j 1 -v 1 
---- Performing inference using model C

---- Performing inference on /scratch/38995930/tmpwlg3hhm0
----      with -i /scratch/38995930/tmpqkcrm62j 1
---- Data /scratch/38995930/tmpwlg3hhm0 does not contain divergence counts. Using option -w.
---- No mutation variability. Using Poisson likelihood.


---- Using provided initial values

-- Starting local optimization
-- Optimizing all parameters
  it        eps_an     theta_bar           S_d             b           r 2           r 3           r 4           r 5           r 6           r 7           r 8           r 9          r 10          r 11          r 12          r 13          r 14          r 15          r 16          r 17          r 18          r 19           ln lk          grad status 
   0    0.01346766  0.0008961823 -245.56979999     0.3789762      1.115224      1.093897      1.181135      1.231855     0.9243195      1.082592     0.8650157       1.20686      1.044504     0.9301775     0.9573576      1.358432      1.004809      0.982138     0.9355796      1.145759      1.008393     0.8705163 -168.6140989319 1.35263219609   -2 
   1 0.01347019452 0.00087883412 -246.32915322 0.38135889027 1.11204494061 1.09332524423 1.18671417460 1.22964321174 0.92529456016 1.08257525496 0.86394332764 1.20380108989 1.04492113085 0.93052972861 0.95696217673 1.35777823997 1.00363390476 0.98175134567 0.93309186337 1.14560555843 1.00809319222 0.87094336183 -167.1025030584 0.53455612677   -2 
   2 0.01351958539 0.00085838573 -246.32885628 0.36729504336 1.10463897434 1.11104602676 1.31351407631 1.20934032735 0.95256413368 1.09269959561 0.85055947601 1.15862148426 1.05916289485 0.94184724357 0.95435548190 1.35362316280 0.98651149767 0.97846155219 0.89157452258 1.14709568390 1.00585944444 0.88108371515 -163.3160811845 0.50687093031   -2 
   3 0.01355506612 0.00086504255 -250.59065700 0.37813840969 1.11400975920 1.12188749217 1.37469476275 1.20218767427 0.97120784436 1.10081474237 0.84264831313 1.13119366946 1.07009466636 0.95087359111 0.95334495912 1.35204673075 0.97488287013 0.97682793343 0.86189496859 1.14889735495 1.00491619461 0.88959939152 -161.7930157960 0.35126179608   -2 
   4 0.01356327040 0.00087024689 -250.75315650 0.37762310183 1.11728287228 1.12334765068 1.37675479129 1.20289603733 0.97383855883 1.10235125575 0.84189157254 1.12812146247 1.07198664206 0.95251675503 0.95344342055 1.35221215868 0.97325445516 0.97677330896 0.85716908026 1.14936791145 1.00490101962 0.89116152913 -161.6401411650 0.27970366923   -2 
   5 0.01371876123 0.00086115012 -255.05320413 0.37452687968 1.15985410890 1.13209198854 1.33767455847 1.22105517135 1.00937642677 1.12463377094 0.83139189173 1.08590036605 1.10113733425 0.97894806166 0.95524401152 1.35503836548 0.94724881989 0.97598706493 0.78199672892 1.15669379539 1.00435849231 0.91757363804 -160.2242713961 0.19939925583   -2 
   6 0.01381690392 0.00085899249 -257.68653961 0.37393488894 1.13108045623 1.13309283493 1.32990689613 1.22990811668 1.01657712179 1.13186053896 0.83043340040 1.07829732313 1.11237078525 0.99076572038 0.95754807550 1.35833638155 0.93733674520 0.97665376287 0.74927700963 1.16097400032 1.00410393555 0.93189778744 -159.7631406759 0.41594126445   -2 
   7 0.01385849328 0.00086479024 -258.48835401 0.37251879224 1.12092556152 1.13356200154 1.32815305423 1.23338425598 1.01888672998 1.13456939269 0.83033721297 1.07606897906 1.11675603601 0.99553645632 0.95860450447 1.35983523642 0.93349982965 0.97700901345 0.73630882010 1.16279690741 1.00406764115 0.93795028968 -159.5821997316 0.11178507419   -2 
   8 0.01397462209 0.00087131119 -262.00733658 0.37521135376 1.12495757549 1.12000596514 1.33764705721 1.22589224079 1.00572335595 1.12903791124 0.83252536137 1.08305686143 1.11758965076 1.00112472290 0.96049289334 1.36152011800 0.92640058783 0.97723988880 0.70688678791 1.16574229486 1.00371963978 0.95327897309 -159.3313527850 0.16458904734   -2 
   9 0.01406922390 0.00086606743 -263.79938569 0.37227705888 1.12797640246 1.11194253601 1.34307183305 1.21857758299 0.99432150246 1.12310114740 0.83415170723 1.08943347476 1.11616482727 1.00376846271 0.96148411843 1.36198548822 0.92142608019 0.97710424800 0.68538715523 1.16746420571 1.00311355282 0.96489086333 -159.1747035806 0.20745190755   -2 
  10 0.01409781669 0.00086729984 -264.16759393 0.37062214209 1.12904152447 1.11084442954 1.34438622898 1.21668480558 0.99119383647 1.12135207535 0.83465383299 1.09144212605 1.11551898354 1.00431109553 0.96174058188 1.36206952670 0.92010602379 0.97705666941 0.67926869554 1.16792954342 1.00290394086 0.96830345175 -159.1310342224 0.06860884453   -2 
  11 0.01417687258 0.00086684676 -266.35824053 0.36923492159 1.12406806528 1.12509426428 1.33656629795 1.21404841605 0.98640232354 1.11561271761 0.83506666070 1.09634706912 1.10901749209 1.00061114993 0.96086806753 1.35994222340 0.91862426235 0.97613045125 0.66574552788 1.16752026534 1.00125980751 0.97568694774 -159.0501905059 0.05356120378   -2 
  12 0.01418824237 0.00086868439 -266.83578868 0.36949261267 1.12445949480 1.12580896369 1.33566101288 1.21427180960 0.98653739026 1.11511592563 0.83497904762 1.09668247114 1.10786274294 0.99961249989 0.96057434108 1.35943951511 0.91867774250 0.97591143033 0.66429700949 1.16719251987 1.00093038154 0.97642104575 -159.0416588672 0.07091208461   -2 
  13 0.01420362545 0.00086913145 -267.60812189 0.37021705086 1.12491952292 1.12581453075 1.33438890489 1.21463142221 0.98695838586 1.11450871951 0.83474753930 1.09688445807 1.10618886695 0.99805305792 0.96006953616 1.35861865339 0.91882437414 0.97554606219 0.66255250626 1.16659501793 1.00040581086 0.97722483028 -159.0320333432 0.04208618439   -2 
  14 0.01429187144 0.00086958428 -270.87020745 0.36835901356 1.12811128842 1.11871224813 1.33014998246 1.21781346063 0.99175504843 1.11264555429 0.83281239914 1.09605348241 1.09688407310 0.98819122447 0.95663955797 1.35340610708 0.92044211665 0.97309981310 0.65504965452 1.16214297546 0.99711871001 0.97992595024 -158.9925480530 0.03191459257   -2 
  15 0.01432155487 0.00086958889 -271.99621215 0.36774420954 1.12825044015 1.11679299745 1.32920568075 1.21853304064 0.99313089458 1.11211377385 0.83214986305 1.09563602152 1.09404255778 0.98506423788 0.95549924591 1.35170658826 0.92095380252 0.97225683689 0.65273206501 1.16063336212 0.99597105414 0.98066112310 -158.9899047424 0.03736973624   -2 
  16 0.01438620737 0.00087176471 -274.64676484 0.36649803759 1.12184292690 1.11729559674 1.33105564522 1.21711076988 0.99387077919 1.11169772298 0.83068179514 1.09374197078 1.09026379815 0.97985739730 0.95317503121 1.34852172469 0.92173493291 0.97026895662 0.64911997838 1.15729575383 0.99317843617 0.98087573069 -158.9729945026 0.08041275135   -2 
  17 0.01439601664 0.00087104981 -275.12908472 0.36656972974 1.12091363606 1.11737975045 1.33122475794 1.21662007535 0.99373366558 1.11159161253 0.83043278048 1.09336212462 1.08983043360 0.97918251145 0.95281608757 1.34804061873 0.92179041320 0.96993862131 0.64865277981 1.15676678011 0.99272718002 0.98079138501 -158.9671750329 0.02876872977   -2 
  18 0.01446350625 0.00087290464 -278.45203408 0.36627808381 1.12350981712 1.12002741147 1.33155191555 1.20941267376 0.98828157023 1.11080283010 0.82871546021 1.08961246026 1.09062969823 0.97770427401 0.95068609822 1.34555549816 0.92103109281 0.96740162657 0.64731610166 1.15307313647 0.98937554566 0.97786620043 -158.9471983855 0.04298684439   -2 
  19 0.01451088715 0.00087279018 -280.39859330 0.36448887656 1.12411317470 1.12039919743 1.33100174963 1.20568031114 0.98473408362 1.11016766400 0.82764383426 1.08721519971 1.09153282854 0.97726052385 0.94937329034 1.34406743060 0.92028989075 0.96572327547 0.64671658819 1.15062322490 0.98706837445 0.97544004276 -158.9355807183 0.05518171508   -2 
  20 0.01452673362 0.00087198709 -281.10989808 0.36412389350 1.12386534841 1.12012666529 1.33060146771 1.20475367048 0.98367016252 1.10990594653 0.82730102098 1.08646659340 1.09182865065 0.97718551504 0.94895802056 1.34359454516 0.91999877269 0.96517794745 0.64656286909 1.14982500264 0.98630058990 0.97456461718 -158.9319893179 0.03416618696   -2 
  21 0.01470225076 0.00087609569 -289.28804299 0.36151923413 1.11585674297 1.11111911242 1.32413577652 1.20416384345 0.97632209385 1.10688350379 0.82442924822 1.08036487736 1.09526239918 0.97837683157 0.94536126462 1.33963945978 0.91616220968 0.95991069564 0.64602671137 1.14196785330 0.97825259917 0.96378142365 -158.8987367130 0.02605881520   -2 
  22 0.01482182399 0.00087816184 -294.77746036 0.35992657593 1.11958999491 1.10941992466 1.31921711570 1.20482303837 0.97623818668 1.10291650151 0.82240466643 1.07778552114 1.09329485725 0.97808587415 0.94298123098 1.33631103886 0.91270912216 0.95651381070 0.64579291070 1.13736479400 0.97316548903 0.95544818664 -158.8827865682 0.06556951296   -2 
  23 0.01486123277 0.00087764791 -296.60141424 0.35950558335 1.12038930067 1.10902049236 1.31776439497 1.20490665939 0.97632913322 1.10159708293 0.82174336363 1.07700464532 1.09246209304 0.97790357545 0.94220688392 1.33519733743 0.91156150961 0.95541835960 0.64570592996 1.13590475999 0.97152615382 0.95271883862 -158.8779165204 0.03547215802   -2 
  24 0.01495956122 0.00087723040 -300.55264785 0.35721272346 1.11958949264 1.11025365211 1.31686455807 1.20450525086 0.97765800995 1.09876890757 0.82036119358 1.07587417530 1.08927850385 0.97692576888 0.94052239424 1.33258958636 0.90877947967 0.95300215299 0.64544297882 1.13285233778 0.96780269409 0.94608586728 -158.8669716424 0.03391719773   -2 
  25 0.01506240584 0.00087889640 -304.74367293 0.35669719306 1.11645023241 1.11227149561 1.31865457070 1.20308866967 0.97941422149 1.09683072485 0.81930205561 1.07552662923 1.08520642484 0.97530879303 0.93910543174 1.33022450633 0.90613837613 0.95092218051 0.64504212434 1.13038653582 0.96444694388 0.93961297640 -158.8561058198 0.02394852533   -2 
  26 0.01505539721 0.00087896797 -304.37938225  0.3566567898 1.11680529069 1.11198623974 1.31859016414 1.20311930770 0.97923997171 1.09707638789 0.81941203811 1.07560433057 1.08547888597 0.97537534945 0.93923608185 1.33042981773 0.90635647047 0.95110935517 0.64505038284 1.13061767094 0.96473349158 0.94010809941 -158.8555144808 0.01476352968   -2 
  27 0.01505319398 0.00087841286 -303.94292500 0.35662164018 1.11738073694 1.11096177682 1.31873168562 1.20267128090 0.97882816985 1.09772667096 0.81962915964 1.07588866477 1.08550250354 0.97512445566 0.93944572133 1.33070284871 0.90662358473 0.95140730170 0.64493679101 1.13102682994 0.96513720702 0.94056785702 -158.8544605156 0.01591994697   -2 
  28 0.01505457904 0.00087859801 -303.73423910 0.35660845006 1.11767415141 1.11043320202 1.31894044097 1.20235152627 0.97860499929 1.09816912955 0.81977264635 1.07611056342 1.08540915924 0.97489411095 0.93957307782 1.33085430567 0.90675701937 0.95158317980 0.64483910955 1.13128145569 0.96535400713 0.94073430093 -158.8539616287 0.01589746794   -2 
  29 0.01506230691 0.00087859013 -303.39409899 0.35689004642 1.11795871347 1.10932074555 1.31948919655 1.20146556070 0.97808069832 1.09924940947 0.82011445551 1.07669140847 1.08498361473 0.97418919581 0.93986465912 1.33116642045 0.90702329134 0.95199209998 0.64454541084 1.13190067328 0.96582763539 0.94095284841 -158.8529219645 0.01130157525   -2 
  30 0.01506904067 0.00087889782 -303.23531849 0.35698106980 1.11784872016 1.10910928077 1.31978256424 1.20107003098 0.97787159815 1.09978863983 0.82029464076 1.07702340841 1.08467484203 0.97375776829 0.94001573176 1.33130941757 0.90713927364 0.95220697513 0.64435692376 1.13224085910 0.96605367133 0.94096473425 -158.8525568223 0.01445293005   -2 
  31 0.01508305536 0.00087884954 -303.01225640 0.35718232803 1.11732305587 1.10905540006 1.32015913722 1.20045753370 0.97756480846 1.10061215506 0.82057883102 1.07757662463 1.08406386756 0.97296471512 0.94025425245 1.33150600793 0.90730275514 0.95255983600 0.64399888171 1.13281649626 0.96640557472 0.94087727991 -158.8519366641 0.01296725631   -2 
  32 0.01509847667 0.00087900993 -302.78276128 0.35716833716 1.11681824638 1.10938087413 1.32038231422 1.20008438569 0.97738561580 1.10123390458 0.82081631555 1.07806175903 1.08347111281 0.97222404124 0.94045757746 1.33164902000 0.90742445645 0.95287189992 0.64363916040 1.13333639427 0.96669715895 0.94069098225 -158.8514103438 0.01391189065   -2 
  33 0.01511228988 0.00087872122 -302.62413095 0.35717929891 1.11644360320 1.10975754386 1.32040648195 1.19990122789 0.97729658481 1.10159175698 0.82097193082 1.07840067114 1.08298913160 0.97163776649 0.94059614423 1.33172044921 0.90749502483 0.95310052941 0.64333276292 1.13372548635 0.96690005657 0.94046996629 -158.8510153838 0.01040359809   -2 
  34 0.01513389509 0.00087872328 -302.41896824 0.35710924623 1.11639933902 1.11048400119 1.32023297208 1.20000508577 0.97734404689 1.10178518636 0.82112033429 1.07875886675 1.08239546459 0.97092142192 0.94074343503 1.33175330484 0.90754605536 0.95336944544 0.64289360359 1.13419004038 0.96711513444 0.94003109956 -158.8505327832 0.01479920444   -2 
  35 0.01516140019 0.00087837251 -302.23221623 0.35718189350 1.11653211149 1.11128050347 1.31991173557 1.20027367108 0.97747011117 1.10183865342 0.82125163312 1.07910876616 1.08173202130 0.97012032611 0.94088814161 1.33174723310 0.90757732961 0.95365801742 0.64235542295 1.13469352897 0.96733104593 0.93942491395 -158.8499772784 0.01411210138   -2 
  36 0.01520009483 0.00087857837 -302.01118805 0.35730975282 1.11712250660 1.11214503186 1.31955366813 1.20087372799 0.97777003052 1.10171593749 0.82138054758 1.07947869712 1.08100261202 0.96920859996 0.94105129174 1.33171482184 0.90759271668 0.95399749814 0.64164339788 1.13528051616 0.96755769694 0.93852257388 -158.8492618255 0.01409017128   -2 
  37 0.01522471530 0.00087842155 -301.91554032 0.35747542619 1.11749842200 1.11238561073 1.31940505215 1.20129656723 0.97799563499 1.10153234348 0.82142252733 1.07962626664 1.08067113551 0.96876767289 0.94112397531 1.33167488849 0.90758177336 0.95416302577 0.64122006265 1.13556409763 0.96764440957 0.93791747478 -158.8488485011 0.01314518862   -2 
  38 0.01527921020 0.00087869289 -301.69306565 0.35763411414 1.11834650303 1.11233014763 1.31946168460 1.20232880540 0.97859389053 1.10099421036 0.82145832509 1.07979750337 1.08029451590 0.96815295736 0.94123860893 1.33159216919 0.90753171547 0.95442692279 0.64036657188 1.13599849802 0.96771271830 0.93652561326 -158.8479950551 0.01732010383   -2 
  39 0.01534434568 0.00087837633 -301.45061205 0.35779988064 1.11897874586 1.11193465029 1.31968479666 1.20344668336 0.97928857570 1.10031680651 0.82146164697 1.07990119028 1.08003906975 0.96762438835 0.94133896737 1.33148795998 0.90745087908 0.95466715219 0.63940041646 1.13638643894 0.96770580965 0.93483534665 -158.8471294011 0.01862205724   -2 
  40 0.01543314371 0.00087839348 -301.07476543 0.35774257426 1.11937946280 1.11128410190 1.32028458982 1.20476572291 0.98019540889 1.09948447793 0.82145127626 1.07996404867 1.07997078514 0.96719722984 0.94145207943 1.33138644160 0.90733376071 0.95490773563 0.63816907986 1.13675928700 0.96758605655 0.93251794137 -158.8459659341 0.01893840401   -2 
  41 0.01549999844 0.00087794814 -300.83590464 0.35777468433 1.11912030840 1.11079599916 1.32082037195 1.20541637445 0.98075551183 1.09897101423 0.82142285206 1.07993577960 1.08011917964 0.96710150745 0.94150556477 1.33132934979 0.90723113686 0.95499924524 0.63731293009 1.13689130455 0.96738634814 0.93075561279 -158.8450485174 0.02121792010   -2 
  42 0.01563768166 0.00087821505 -300.34509761 0.35774603054 1.11816349696 1.11014300149 1.32209742748 1.20622326164 0.98171178038 1.09822239469 0.82137046994 1.07981553927 1.08076185346 0.96728820305 0.94159082533 1.33129151031 0.90701864300 0.95505587963 0.63568380158 1.13693884519 0.96680848288 0.92712531642 -158.8432712677 0.02459868038   -2 
  43 0.01574553362 0.00087801546 -300.07094086 0.35806273255 1.11726958562 1.10992563657 1.32286284436 1.20626530726 0.98217335353 1.09788295944 0.82131106158 1.07964624071 1.08143944468 0.96768095990 0.94161080771 1.33128165975 0.90683101757 0.95496542395 0.63451211463 1.13675989680 0.96619675826 0.92426696035 -158.8415508480 0.03165069959   -2 
  44 0.01592514499 0.00087906830 -299.59228149 0.35845792250 1.11628283254 1.11009144138 1.32390754590 1.20584615320 0.98266263575 1.09766522266 0.82122974521 1.07934695839 1.08273258785 0.96858704326 0.94161883118 1.33132360374 0.90651711467 0.95468885295 0.63269288371 1.13624993442 0.96502420835 0.91952792831 -158.8385452623 0.02681187282   -2 
  45 0.01618863576 0.00087903267 -298.93984114 0.35908278168 1.11563367947 1.11070800015 1.32449910388 1.20444490505 0.98279062865 1.09774681413 0.82107958074 1.07882238232 1.08463992378 0.97012736167 0.94153374559 1.33135902838 0.90601105177 0.95404401763 0.63022318695 1.13511232758 0.96302495792 0.91260548248 -158.8353240232 0.04229223129   -2 
  46 0.01650916454 0.00087981278 -298.02218226 0.35926870460 1.11587762337 1.11174325241 1.32474569285 1.20260722557 0.98264925966 1.09815483072 0.82092481382 1.07822062265 1.08687556098 0.97206951012 0.94139869379 1.33141874570 0.90539681910 0.95313765347 0.62740096440 1.13350710489 0.96044205156 0.90433193311 -158.8305344310 0.04224055518   -2 
  47 0.01683217171 0.00087896820 -297.13763962 0.35946419540 1.11661814437 1.11263805899 1.32440451372 1.20077098356 0.98220700292 1.09872015909 0.82076336776 1.07762404431 1.08887791014 0.97395328789 0.94120386089 1.33142170372 0.90475707483 0.95209660497 0.62472231647 1.13165828128 0.95767398038 0.89613350056 -158.8261547015 0.02465844106   -2 
  48 0.01696911442 0.00087903654 -296.73382439 0.35939052547 1.11749293860 1.11295784207 1.32402962598 1.20033105278 0.98187075978 1.09913819934 0.82073515017 1.07745602079 1.08948244845 0.97466900476 0.94110082394 1.33141262013 0.90448711922 0.95155803775 0.62371251926 1.13066851400 0.95631848953 0.89265272488 -158.8246742266 0.02210907643   -2 
  49 0.01715095168 0.00087858844 -296.26302246 0.35947613572 1.11887483283 1.11318532955 1.32328235419 1.20014350805 0.98126147099 1.09983475628 0.82073017691 1.07731594085 1.08995691376 0.97547965362 0.94092980462 1.33136183653 0.90412086349 0.95072398799 0.62250748221 1.12910683713 0.95428958289 0.88799817990 -158.8232363141 0.01937934906   -2 
  50 0.01733264614 0.00087946478 -295.92901662 0.35994179891 1.12025940237 1.11308256748 1.32256171303 1.20164835133 0.98042871633 1.10100450437 0.82091484445 1.07758469342 1.08936149914 0.97579501990 0.94071448356 1.33126534749 0.90377830337 0.94954342973 0.62175482777 1.12676650901 0.95145999506 0.88311823540 -158.8200466976 0.03381764259   -2 
  51 0.01742515945 0.00087921578 -295.78942842 0.36024023422 1.12060879297 1.11293843799 1.32222406542 1.20256554419 0.97999062075 1.10160442914 0.82102372249 1.07776441749 1.08888031838 0.97584921182 0.94059029551 1.33118820469 0.90360189769 0.94888514988 0.62144366881 1.12545648512 0.94988957339 0.88060585917 -158.8184106137 0.02464146356   -2 
  52 0.01777408337 0.00087919965 -295.02996391 0.36016366395 1.11999993718 1.11252561430 1.32200892571 1.20706329617 0.97861965082 1.10394760905 0.82163381588 1.07886750909 1.08607816675 0.97540802786 0.94012564034 1.33085242879 0.90300022901 0.94610586161 0.62078476252 1.11984893317 0.94315164301 0.87096876983 -158.8123008911 0.01536160961   -2 
  53 0.01781941501 0.00087897052 -294.98387336 0.36027095175 1.11951201213 1.11260008205 1.32233030873 1.20728092921 0.97865826380 1.10402388125 0.82172272916 1.07904745854 1.08555487476 0.97513848541 0.94006359230 1.33076252749 0.90293242150 0.94567217285 0.62082719253 1.11898725105 0.94205264509 0.86962959945 -158.8115441252 0.02539211810   -2 
  54 0.01797050973 0.00087964883 -294.79164071 0.36040494886 1.11788285140 1.11314163389 1.32390188768 1.20760683171 0.97910824269 1.10403944514 0.82205197780 1.07971763850 1.08369425314 0.97401985416 0.93987988554 1.33044675566 0.90273698258 0.94416761692 0.62112744925 1.11599858258 0.93815540574 0.86508345780 -158.8090243887 0.01285363430   -2 
  55 0.01803018571 0.00087920477 -294.78596001 0.36043982818 1.11874223896 1.11317151952 1.32423258529 1.20604147895 0.97983990333 1.10310149908 0.82207717461 1.07984731322 1.08286998926 0.97299098856 0.93978129590 1.33012502286 0.90264872402 0.94341488650 0.62157464225 1.11455884081 0.93602300217 0.86294850081 -158.8071648487 0.03326763056   -2 
  56 0.01808142223 0.00087953080 -294.75399026 0.36033384291 1.11964663464 1.11324851108 1.32451755940 1.20464116071 0.98053069342 1.10224627843 0.82209836606 1.07995748454 1.08219666490 0.97207295255 0.93970639734 1.32985134576 0.90257965229 0.94277060472 0.62199589711 1.11332122362 0.93414679107 0.86109267102 -158.8056108624 0.00685111638   -2 
  57 0.01809827374 0.00088008220 -294.92364881 0.36050453036 1.11904603491 1.11310917172 1.32377484924 1.20413575603 0.98082953539 1.10158946193 0.82197398973 1.07978485534 1.08231983751 0.97150204070 0.93968267225 1.32967703665 0.90253070467 0.94257128329 0.62239358831 1.11290209418 0.93308943262 0.86019785863 -158.8049877376 0.00883503206   -2 
  58 0.01810927652 0.00087997836 -295.05242382 0.36040689218 1.11839670024 1.11284009975 1.32298895180 1.20382129687 0.98093940340 1.10102720124 0.82180874091 1.07954456713 1.08251432819 0.97101947483 0.93964112898 1.32949353907 0.90246296997 0.94243725580 0.62275450524 1.11261770341 0.93220981421 0.85947398117 -158.8045458916 0.01545083276   -2 
  59 0.01811706305 0.00088016818 -295.13715677 0.36024348838 1.11800206963 1.11263937743 1.32242746349 1.20362740043 0.98099162205 1.10061838659 0.82167465306 1.07934920314 1.08267849359 0.97065975463 0.93960626564 1.32935078455 0.90240655486 0.94234369330 0.62303500142 1.11241743128 0.93154555218 0.85892723901 -158.8042195342 0.00503499531   -2 
  60 0.01812213145 0.00088024476 -295.53854659 0.36015294233 1.11879699230 1.11189334916 1.32196619481 1.20366534391 0.98024859786 1.10010723445 0.82118580537 1.07864933929 1.08296516451 0.97006871333 0.93936814658 1.32886762472 0.90212757411 0.94221512321 0.62358092119 1.11221596613 0.93038150212 0.85792620653 -158.8036499811 0.00682719064   -2 
  61 0.01812252935 0.00088035995 -295.59652234 0.36011194435 1.11884176513 1.11185046110 1.32196175582 1.20368251692 0.98013840340 1.10006483520 0.82111886318 1.07855581089 1.08299454459 0.97000101497 0.93933071886 1.32879950930 0.90208453770 0.94219941134 0.62365371339 1.11219753815 0.93022948158 0.85779189815 -158.8035883450 0.00583849114   -2 
  62 0.01812322631 0.00088049863 -296.30620039 0.35983838002 1.11813263860 1.11191075701 1.32233365415 1.20381454072 0.97896360192 1.09989002715 0.82045429477 1.07765419051 1.08309999799 0.96947148257 0.93889162869 1.32808177693 0.90159950072 0.94204323198 0.62430880854 1.11209026567 0.92884720312 0.85652756389 -158.8030307476 0.00324987759   -2 
  63 0.01812319187 0.00088055046 -296.51602578 0.35978250799 1.11796806359 1.11193486914 1.32238561540 1.20380345338 0.97869677098 1.09986315768 0.82029068803 1.07743812280 1.08308974512 0.96935124444 0.93876869389 1.32789088890 0.90146591729 0.94199640056 0.62446979318 1.11206346333 0.92849933873 0.85619721839 -158.8030015291 0.00381928554   -2 
  64 0.01812271788 0.00088073769 -296.70601487 0.35973960105 1.11798089863 1.11195179335 1.32228353817 1.20367770953 0.97864002708 1.09988727848 0.82021306469 1.07735198097 1.08298600993 0.96931794545 0.93866851994 1.32775951172 0.90136176241 0.94194921631 0.62454917097 1.11204607080 0.92830397891 0.85597675965 -158.8029269207 0.00779889970   -2 
  65 0.01812107284 0.00088092383 -297.31810405 0.35965897376 1.11801060090 1.11194282980 1.32185776970 1.20320999409 0.97853510636 1.09996117412 0.81999680597 1.07712339072 1.08260713630 0.96924001699 0.93835458125 1.32735762238 0.90103931427 0.94179276326 0.62476192558 1.11198612345 0.92774641288 0.85532143447 -158.8027141148 0.00634616174   -2 
  66 0.01811811002 0.00088097202 -298.37217476 0.35926154001 1.11802174231 1.11178346687 1.32102597049 1.20233690008 0.97849806972 1.10005811968 0.81967738551 1.07680845558 1.08184525847 0.96914837209 0.93780301202 1.32667223259 0.90047557242 0.94149601172 0.62506677014 1.11185958639 0.92686053791 0.85421569254 -158.8024146719 0.00899084121   -2 
  67 0.01811755489 0.00088108214 -298.57479700 0.35913988938 1.11801490460 1.11173465159 1.32089011295 1.20218809949 0.97850788143 1.10006327403 0.81962607037 1.07676034721 1.08169057964 0.96913477151 0.93769836755 1.32654518936 0.90036792287 0.94143535938 0.62511483119 1.11183020284 0.92670340113 0.85400815150 -158.8023320080 0.00415251259   -2 
  68 0.01811699798 0.00088099090 -298.87832916 0.35895012947 1.11779042061 1.11147285086 1.32082212206 1.20209919356 0.97858038873 1.09993585502 0.81961182615 1.07675402292 1.08144309533 0.96912195534 0.93757236347 1.32640368553 0.90023637565 0.94132916076 0.62509685057 1.11174781256 0.92659615001 0.85379167334 -158.8022237942 0.00454559860   -2 
  69 0.01811661742 0.00088116271 -299.15071135 0.35883939017 1.11760729842 1.11122183305 1.32085441510 1.20211236281 0.97866273042 1.09975677579 0.81963498603 1.07678339955 1.08123698241 0.96911288275 0.93748642605 1.32631617233 0.90014404182 0.94123153473 0.62502806352 1.11165732704 0.92658317305 0.85366571098 -158.8021363880 0.00792981554   -2 
  70 0.01811597462 0.00088126388 -299.65835315 0.35873803657 1.11727430896 1.11076355115 1.32090529277 1.20214796078 0.97879350084 1.09939506042 0.81968311529 1.07683703037 1.08087131784 0.96908785481 0.93733981381 1.32616800240 0.89998661645 0.94105055662 0.62487585288 1.11148148918 0.92659817238 0.85347194682 -158.8019845300 0.00328034823   -2 
  71 0.01811566899 0.00088144830 -299.94322956 0.35869327695 1.11738102377 1.11071448328 1.32087122456 1.20217299009 0.97878177492 1.09912132430 0.81971630819 1.07685085506 1.08070031396 0.96904053850 0.93727789213 1.32610866801 0.89991877539 0.94092968525 0.62470394965 1.11134521106 0.92671478885 0.85344908369 -158.8019075621 0.00624649634   -2 
  72 0.01811538051 0.00088143464 -300.23739173 0.35865610539 1.11749928742 1.11069935500 1.32079928596 1.20217961928 0.97873844343 1.09882813375 0.81974474565 1.07685187384 1.08053288217 0.96897927453 0.93721625355 1.32604789736 0.89985197803 0.94079932267 0.62450634275 1.11119414200 0.92685658616 0.85344517388 -158.8018361726 0.00539650381   -2 
  73 0.01811517580 0.00088144050 -300.49069787 0.35847535095 1.11764470981 1.11081813067 1.32069760929 1.20216193535 0.97863766095 1.09855510253 0.81976314142 1.07682906607 1.08040636399 0.96889635984 0.93716696323 1.32600010165 0.89979833198 0.94066180393 0.62426259668 1.11102542439 0.92705033732 0.85349128542 -158.8017089858 0.00623990208   -2 
  74 0.01811506010 0.00088131719 -300.63915176 0.35839621180 1.11768533672 1.11089284539 1.32062577414 1.20213499711 0.97856300244 1.09841098812 0.81976652968 1.07680507412 1.08034470730 0.96884194971 0.93714023499 1.32597282428 0.89977003971 0.94058178663 0.62411353677 1.11092475126 0.92716983909 0.85352966972 -158.8016561784 0.00260138295   -2 
  75 0.01811472371 0.00088149487 -300.90891314 0.35839448648 1.11746393250 1.11116454321 1.32055411362 1.20200340234 0.97831896280 1.09839476614 0.81971610370 1.07668082050 1.08040107295 0.96869792280 0.93713242047 1.32596479285 0.89976516579 0.94044654750 0.62374744455 1.11072145104 0.92749050357 0.85374690733 -158.8015583024 0.00280969344   -2 
  76 0.01811471899 0.00088142267 -300.85723692 0.35836171159 1.11749689648 1.11107243748 1.32056664595 1.20201176883 0.97834891218 1.09842460899 0.81971275639 1.07668668267 1.08040824771 0.96871249319 0.93713553780 1.32596509676 0.89976981249 0.94046724016 0.62378848708 1.11074661335 0.92745361840 0.85373334822 -158.8015377727 0.00129246276   -2 
  77 0.01811370474 0.00088148410 -300.93363230 0.35838400642 1.11738856045 1.11080863302 1.32057254186 1.20184773415 0.97817655234 1.09872722970 0.81957592738 1.07650023672 1.08061831520 0.96857939931 0.93716180006 1.32596235392 0.89981840190 0.94042080245 0.62348259083 1.11061313595 0.92772190145 0.85405360274 -158.8014793074 0.00411819703   -2 
  78 0.01811344217 0.00088153681 -300.94239682 0.35836350594 1.11737940711 1.11076710549 1.32057405448 1.20181850044 0.97814398469 1.09878774870 0.81954706263 1.07646190629 1.08066191949 0.96855165330 0.93716744995 1.32596103399 0.89982916567 0.94041157572 0.62341590931 1.11058524002 0.92778005422 0.85412509135 -158.8014607168 0.00234044487   -2 
  79 0.01811281262 0.00088145820 -300.95006224 0.35831016400 1.11736664163 1.11073507362 1.32054518990 1.20177594134 0.97809802969 1.09885093004 0.81949725940 1.07639900781 1.08071626494 0.96850473091 0.93717128190 1.32594714415 0.89984350744 0.94039521312 0.62330176993 1.11053855859 0.92787341974 0.85424927064 -158.8014371754 0.00116437520   -2 
  80 0.01811267624 0.00088147554 -300.95261770 0.35833284194 1.11738629623 1.11077591039 1.32053920976 1.20179268023 0.97811328396 1.09881860075 0.81950355549 1.07640974423 1.08069890282 0.96851070211 0.93716834797 1.32594261196 0.89984076354 0.94039723099 0.62330957258 1.11054409550 0.92786455766 0.85424397043 -158.8014339590 0.00098418762   -2 
  81 0.01811245796 0.00088149430 -300.95178333 0.35833279624 1.11740388130 1.11081129901 1.32053294949 1.20180559717 0.97812406978 1.09879501985 0.81950428757 1.07641356529 1.08068856248 0.96851148065 0.93716615075 1.32593692512 0.89984007731 0.94039753650 0.62330329010 1.11054430650 0.92786727430 0.85425450399 -158.8014315783 0.00136001565   -2 
  82 0.01811132575 0.00088146131 -300.95126409 0.35833641046 1.11746182420 1.11095843875 1.32049423704 1.20185725551 0.97816841078 1.09868457128 0.81950184757 1.07642429617 1.08064120680 0.96850937451 0.93715443113 1.32590593365 0.89983694223 0.94039665169 0.62326165480 1.11053961928 0.92788731243 0.85431727838 -158.8014222198 0.00082631490   -2 
  83 0.01811058734 0.00088145379 -300.94876094 0.35832727717 1.11748271727 1.11101844254 1.32048424602 1.20188548313 0.97819315917 1.09862953039 0.81950004522 1.07643027477 1.08061777197 0.96850789652 0.93714874334 1.32588955101 0.89983646479 0.94039642161 0.62323185020 1.11053558549 0.92790373632 0.85436291369 -158.8014202639 0.00093063550   -2 
  84 0.01811035008 0.00088143509 -300.94955130 0.35832770884 1.11747029012 1.11100228877 1.32049132394 1.20188717852 0.97819601371 1.09862623340 0.81949914496 1.07643080161 1.08061593010 0.96850703137 0.93714825864 1.32588724908 0.89983720702 0.94039641659 0.62322085673 1.11053348264 0.92791122650 0.85438060900 -158.8014181538 0.00117566992   -2 
  85 0.01810812181 0.00088141761 -300.95064720 0.35830846070 1.11736921256 1.11083585699 1.32058018857 1.20190353026 0.97822209484 1.09861818808 0.81949350594 1.07643827556 1.08060911747 0.96850195219 0.93714762096 1.32587350795 0.89984708108 0.94039848100 0.62311795675 1.11051578766 0.92798489596 0.85454940293 -158.8014063020 0.00202741526   -2 
  86 0.01810807138 0.00088144866 -300.95062715 0.35830851035 1.11737986667 1.11084245033 1.32057857001 1.20190263304 0.97822134142 1.09862062740 0.81949368637 1.07643837161 1.08061014957 0.96850213139 0.93714797799 1.32587424462 0.89984742529 0.94039876079 0.62311672522 1.11051612432 0.92798646664 0.85455239420 -158.8014024524 0.00105746019   -2 
  87 0.01810777395 0.00088146741 -300.95644600 0.35832803380 1.11740473777 1.11085736437 1.32056178564 1.20189175115 0.97821445643 1.09862668105 0.81949213133 1.07643582008 1.08061168321 0.96850074606 0.93714772574 1.32587408859 0.89984780696 0.94039853210 0.62310764512 1.11051553455 0.92799474087 0.85456942108 -158.8013996024 0.00051056461   -2 
  88 0.01810731528 0.00088147702 -300.96017985 0.35833696350 1.11742940692 1.11087535189 1.32054031258 1.20187704318 0.97820501252 1.09863511606 0.81948982174 1.07643202222 1.08061384328 0.96849844299 0.93714731700 1.32587369092 0.89984842599 0.94039822054 0.62309332261 1.11051454807 0.92800709623 0.85459645796 -158.8013984719 0.00081049730   -2 
  89 0.01810562634 0.00088147180 -300.96136520 0.35831857545 1.11747746018 1.11092432647 1.32048038999 1.20183208137 0.97817430374 1.09866416504 0.81948212496 1.07641940085 1.08062162718 0.96849085981 0.93714613922 1.32587244522 0.89985092115 0.94039789456 0.62304096348 1.11051102567 0.92805190926 0.85469536875 -158.8013926421 0.00162316553   -2 
  90 0.01810438379 0.00088143680 -300.96428230 0.35831182350 1.11749604227 1.11095070541 1.32044156074 1.20180139232 0.97815268077 1.09868309376 0.81947631392 1.07641002498 1.08062652241 0.96848510276 0.93714498768 1.32587095995 0.89985252866 0.94039752207 0.62300309534 1.11050823265 0.92808417294 0.85476766202 -158.8013879807 0.00082901824   -2 
  91 0.01810381160 0.00088147841 -300.96923767 0.35832127965 1.11743645785 1.11091979888 1.32048744313 1.20182216865 0.97815994942 1.09868284565 0.81947765861 1.07641246049 1.08062897781 0.96848644791 0.93714648205 1.32587294336 0.89985485700 0.94040016474 0.62299259501 1.11050951418 0.92809617117 0.85479693665 -158.8013845274 0.00120818940   -2 
  92 0.01810344676 0.00088147454 -300.97267844 0.35832788689 1.11740124614 1.11089880938 1.32051053350 1.20183242926 0.97816336043 1.09868117471 0.81947785076 1.07641306164 1.08062955275 0.96848668721 0.93714686701 1.32587324924 0.89985587812 0.94040140698 0.62298592030 1.11050988370 0.92810347253 0.85481511444 -158.8013826466 0.00064859413   -2 
  93 0.01810224515 0.00088145834 -300.97322532 0.35830961645 1.11735434832 1.11084835280 1.32055468169 1.20185467620 0.97817134987 1.09867289447 0.81947731438 1.07641312200 1.08062912585 0.96848631950 0.93714699705 1.32587250077 0.89985825470 0.94040459298 0.62296500925 1.11051103359 0.92812627893 0.85487316029 -158.8013782027 0.00058035495   -2 
  94 0.01810224515 0.00088145834 -300.97322532 0.35830961645 1.11735434832 1.11084835280 1.32055468169 1.20185467620 0.97817134987 1.09867289447 0.81947731438 1.07641312200 1.08062912585 0.96848631950 0.93714699705 1.32587250077 0.89985825470 0.94040459298 0.62296500925 1.11051103359 0.92812627893 0.85487316029 -158.8013782027           NAN   -8 
  95 0.01810164380 0.00088147311 -300.97832845 0.35832253784 1.11740957966 1.11086152000 1.32053190216 1.20184776689 0.97816960927 1.09866803529 0.81947566482 1.07641089816 1.08062687283 0.96848505539 0.93714581966 1.32587057375 0.89985829712 0.94040523564 0.62295671357 1.11051207653 0.92813755151 0.85489859611 -158.8013768502 0.00050712348   -2 
  96 0.01809987077 0.00088144237 -300.98201446 0.35831225605 1.11748418529 1.11089002991 1.32048566001 1.20183277772 0.97816612304 1.09865585547 0.81947170798 1.07640595910 1.08062131925 0.96848208147 0.93714301531 1.32586582804 0.89985884289 0.94040711958 0.62293292342 1.11051544296 0.92816966652 0.85497448183 -158.8013737187 0.00082277871   -2 
  97 0.01809958914 0.00088145506 -300.98210990 0.35830866967 1.11748121131 1.11089350877 1.32048698671 1.20183364871 0.97816711320 1.09865575010 0.81947183624 1.07640629206 1.08062144974 0.96848230693 0.93714319615 1.32586613740 0.89985940110 0.94040795353 0.62292972079 1.11051654794 0.92817465917 0.85498653169 -158.8013715020 0.00080220300   -2 
  98 0.01809782356 0.00088144768 -300.99059572 0.35831312918 1.11738575884 1.11089369983 1.32051293871 1.20184116544 0.97817138101 1.09865633873 0.81947260449 1.07640828546 1.08062235228 0.96848375461 0.93714419622 1.32586813757 0.89986262484 0.94041299299 0.62291137811 1.11052401113 0.92820397971 0.85506097265 -158.8013679071 0.00131677544   -2 
  99 0.01809676208 0.00088147114 -300.99381139 0.35830943693 1.11734257977 1.11089354730 1.32052985383 1.20184665858 0.97817428321 1.09865759313 0.81947344211 1.07640996155 1.08062341883 0.96848491146 0.93714514265 1.32586989587 0.89986481976 0.94041635591 0.62290093353 1.11052885587 0.92822160030 0.85510540086 -158.8013643065 0.00060948898   -2 
 100 0.01809515002 0.00088144246 -300.99935255 0.35830797787 1.11737395566 1.11086661390 1.32052667082 1.20184112058 0.97817071967 1.09865462081 0.81947171960 1.07640779434 1.08062146125 0.96848376047 0.93714433273 1.32586880321 0.89986626979 0.94042026929 0.62288809729 1.11053490244 0.92824710065 0.85516652254 -158.8013611450 0.00159696364   -2 
 101 0.01809002255 0.00088143745 -301.01249194 0.35828832035 1.11749509268 1.11079278268 1.32052082692 1.20182772763 0.97816171847 1.09864814343 0.81946764676 1.07640279159 1.08061712319 0.96848143418 0.93714293049 1.32586731294 0.89987175405 0.94043354349 0.62284891238 1.11055573208 0.92832801350 0.85536059070 -158.8013506743 0.00090113057   -2 
 102 0.01809002255 0.00088143745 -301.01249194 0.35828832035 1.11749509268 1.11079278268 1.32052082692 1.20182772763 0.97816171847 1.09864814343 0.81946764676 1.07640279159 1.08061712319 0.96848143418 0.93714293049 1.32586731294 0.89987175405 0.94043354349 0.62284891238 1.11055573208 0.92832801350 0.85536059070 -158.8013506743           NAN   -8 
 103 0.01808974664 0.00088144176 -301.01714170 0.35830189223 1.11745322871 1.11081753852 1.32052028704 1.20182945164 0.97816224118 1.09864941289 0.81946805567 1.07640330070 1.08061776986 0.96848186305 0.93714347928 1.32586824451 0.89987254936 0.94043459806 0.62284997509 1.11055871464 0.92833101347 0.85536899118 -158.8013500875 0.00122039156   -2 
 104 0.01808943785 0.00088147024 -301.01942945 0.35830648037 1.11741710191 1.11084450527 1.32052175030 1.20183257683 0.97816355520 1.09865150944 0.81946889689 1.07640441054 1.08061900311 0.96848271811 0.93714437523 1.32586979234 0.89987363418 0.94043607370 0.62285128252 1.11056230186 0.92833447446 0.85537877851 -158.8013480343 0.00052849765   -2 
 105 0.01808918308 0.00088144853 -301.01814699 0.35829758706 1.11741057960 1.11084790257 1.32051753403 1.20183103996 0.97816254793 1.09865077072 0.81946847823 1.07640373106 1.08061860726 0.96848249025 0.93714414285 1.32586946716 0.89987379657 0.94043688488 0.62285208758 1.11056399649 0.92833682319 0.85538632711 -158.8013445275 0.00056198093   -2 
 106 0.01808906866 0.00088145517 -301.01791391 0.35829531917 1.11741007470 1.11085089229 1.32051727673 1.20183129543 0.97816264950 1.09865102841 0.81946856163 1.07640383029 1.08061876176 0.96848270219 0.93714426681 1.32586971239 0.89987403117 0.94043735962 0.62285253311 1.11056500030 0.92833814902 0.85538987049 -158.8013441755 0.00036358122   -2 
 107 0.01808431974 0.00088147704 -301.03679571 0.35830624180 1.11735571674 1.11093754067 1.32048471866 1.20182499037 0.97816003785 1.09865171379 0.81946686974 1.07640163975 1.08061900903 0.96848698094 0.93714598469 1.32587305384 0.89988131489 0.94045353779 0.62286960804 1.11060294162 0.92839062399 0.85553284944 -158.8013415387 0.00084783416   -2 
 108 0.01806852091 0.00088141651 -301.07889772 0.35826263033 1.11729059474 1.11106651555 1.32040327873 1.20179865456 0.97814552717 1.09864800784 0.81945924382 1.07639106803 1.08061663347 0.96849757168 0.93714959825 1.32588086998 0.89990385573 0.94050515451 0.62292769825 1.11072327391 0.92856745492 0.85600758894 -158.8013255163 0.00177425621   -2 
 109 0.01806523188 0.00088144650 -301.08730200 0.35825416778 1.11731022055 1.11106130265 1.32040158452 1.20179661418 0.97814409184 1.09864824521 0.81945847958 1.07639002819 1.08061703861 0.96850007501 0.93715092654 1.32588356585 0.89990908585 0.94051637220 0.62294071646 1.11074791873 0.92860533946 0.85610632770 -158.8013196255 0.00210338955   -2 
 110 0.01804366511 0.00088146897 -301.16067468 0.35826924619 1.11749754429 1.11087031330 1.32042029469 1.20177652478 0.97812956996 1.09864153839 0.81945075478 1.07637921973 1.08061544550 0.96851186311 0.93715703201 1.32589711282 0.89994183404 0.94058820203 0.62302849634 1.11090354438 0.92885504355 0.85675104895 -158.8012839295 0.00163507127   -2 
 111 0.01803943438 0.00088141927 -301.17138784 0.35825704911 1.11749054402 1.11082507916 1.32043208509 1.20177396598 0.97812702427 1.09863943477 0.81944951353 1.07637746208 1.08061503645 0.96851336613 0.93715820790 1.32589984131 0.89994842199 0.94060264363 0.62304753276 1.11093343818 0.92890455303 0.85687643907 -158.8012766536 0.00227619851   -2 
 112 0.01803301061 0.00088140119 -301.18171819 0.35821734915 1.11746251128 1.11076658206 1.32046208420 1.20177637223 0.97812627556 1.09863893207 0.81944948806 1.07637742440 1.08061649989 0.96851656572 0.93716133473 1.32590633429 0.89995961455 0.94062569083 0.62307832438 1.11097973692 0.92898115870 0.85706651917 -158.8012657459 0.00094427148   -2 
 113 0.01802861387 0.00088144941 -301.19619686 0.35822394322 1.11737244452 1.11077885841 1.32048720942 1.20178436745 0.97812889826 1.09863982754 0.81945199880 1.07638105636 1.08061953441 0.96851827082 0.93716517223 1.32591372863 0.89996919133 0.94064309341 0.62310545674 1.11101241810 0.92903642620 0.85719245105 -158.8012586156 0.00173291208   -2 
 114 0.01802660000 0.00088144321 -301.20421049 0.35823239341 1.11732835805 1.11078543577 1.32049331066 1.20178562374 0.97812886564 1.09863881117 0.81945260111 1.07638192927 1.08062014882 0.96851825629 0.93716642948 1.32591633234 0.89997327347 0.94065078609 0.62311836463 1.11102683333 0.92906178725 0.85724929918 -158.8012554420 0.00051336742   -2 
 115 0.01802451712 0.00088140898 -301.20450866 0.35821791837 1.11734547446 1.11081509489 1.32046243436 1.20177585898 0.97812429324 1.09863182013 0.81945172604 1.07638050332 1.08061800213 0.96851415810 0.93716613172 1.32591651551 0.89997694244 0.94065836007 0.62313728798 1.11103922116 0.92909099980 0.85730069877 -158.8012527318 0.00091826547   -2 
 116 0.01802371761 0.00088141494 -301.20432222 0.35821235333 1.11735879003 1.11082772176 1.32045154680 1.20177291300 0.97812309103 1.09862968913 0.81945169109 1.07638039572 1.08061754436 0.96851280440 0.93716626685 1.32591701341 0.89997859563 0.94066154991 0.62314516600 1.11104409171 0.92910279300 0.85731992556 -158.8012517027 0.00062339330   -2 
 117 0.01802115747 0.00088142738 -301.21072221 0.35822522077 1.11740939748 1.11085675459 1.32041750207 1.20176263074 0.97811914135 1.09862254787 0.81945135886 1.07637984265 1.08061571031 0.96850777988 0.93716651694 1.32591843432 0.89998393039 0.94067237679 0.62317320067 1.11105846913 0.92914185953 0.85737894583 -158.8012488244 0.00042463602   -2 
 118 0.01802062568 0.00088141827 -301.21156241 0.35822632945 1.11740738518 1.11085504290 1.32041656904 1.20176193938 0.97811872319 1.09862189393 0.81945143842 1.07637991681 1.08061557669 0.96850682839 0.93716670941 1.32591901704 0.89998518931 0.94067484910 0.62317982392 1.11106136157 0.92915030683 0.85739083951 -158.8012484003 0.00064390726   -2 
 119 0.01801268378 0.00088139405 -301.21197495 0.35820159714 1.11734216209 1.11080688529 1.32044989331 1.20176943610 0.97812113584 1.09862216828 0.81945650689 1.07638707338 1.08061943524 0.96849801551 0.93717287347 1.32593347767 0.90000670242 0.94071456743 0.62328349366 1.11110655264 0.92927975214 0.85756738922 -158.8012423518 0.00087421092   -2 
 120 0.01800418700 0.00088143114 -301.21948997 0.35820636933 1.11730687975 1.11076543917 1.32048174417 1.20177758691 0.97812459690 1.09862495372 0.81946185454 1.07639470057 1.08062465760 0.96849120997 0.93718005078 1.32594968211 0.90002981263 0.94075668032 0.62339348717 1.11115626474 0.92941904429 0.85775702157 -158.8012369168 0.00178580030   -2 
 121 0.01799683165 0.00088142818 -301.22842434 0.35821961787 1.11728083212 1.11073098823 1.32050039136 1.20178076123 0.97812565629 1.09862594579 0.81946543953 1.07639985455 1.08062816312 0.96848528270 0.93718562021 1.32596247071 0.90004916935 0.94079238180 0.62348780615 1.11119922679 0.92953915831 0.85792144967 -158.8012324607 0.00074773278   -2 
 122 0.01798314643 0.00088136640 -301.23386612 0.35820619506 1.11737916042 1.11075494445 1.32043856705 1.20175793234 0.97811635900 1.09862330978 0.81946542602 1.07640016084 1.08063089639 0.96848236574 0.93719354236 1.32597972868 0.90008100428 0.94085322113 0.62364985782 1.11128560026 0.92975752367 0.85823533487 -158.8012239909 0.00191324992   -2 
 123 0.01797881397 0.00088137642 -301.23420353 0.35819735641 1.11741298056 1.11077004505 1.32042044819 1.20175244697 0.97811452323 1.09862395126 0.81946588659 1.07640094519 1.08063268775 0.96848300742 0.93719664035 1.32598598889 0.90009134701 0.94087265221 0.62370021010 1.11131419379 0.92982636665 0.85833608470 -158.8012204928 0.00054568044   -2 
 124 0.01797403452 0.00088139594 -301.24020463 0.35820934770 1.11739623635 1.11081960219 1.32040376706 1.20175081450 0.97811473091 1.09863031047 0.81946673118 1.07640256510 1.08063800041 0.96849456611 0.93720228418 1.32599481724 0.90010252392 0.94089313434 0.62374497461 1.11135383268 0.92989639671 0.85845868221 -158.8012178328 0.00062050817   -2 
 125 0.01797285838 0.00088138638 -301.24144485 0.35821108018 1.11738458018 1.11082993897 1.32040075857 1.20175056408 0.97811496729 1.09863220564 0.81946682296 1.07640282019 1.08063955928 0.96849879943 0.93720385217 1.32599701291 0.90010513520 0.94089790232 0.62375405569 1.11136465223 0.92991264424 0.85849079926 -158.8012172458 0.00061238545   -2 
 126 0.01796899050 0.00088137325 -301.24082910 0.35819928708 1.11733873744 1.11085968821 1.32040106496 1.20175404824 0.97811815253 1.09864157847 0.81946795240 1.07640484752 1.08064693210 0.96851796467 0.93721055776 1.32600583909 0.90011405627 0.94091330164 0.62377796016 1.11140426202 0.92996319111 0.85860353914 -158.8012153694 0.00036887594   -2 
 127 0.01796886053 0.00088138181 -301.24071744 0.35819933790 1.11734815600 1.11085068262 1.32040534945 1.20175537394 0.97811892621 1.09864248818 0.81946823793 1.07640520137 1.08064792874 0.96852065627 0.93721131056 1.32600664475 0.90011439650 0.94091369242 0.62377547094 1.11140743446 0.92996350192 0.85861050516 -158.8012149949 0.00055669515   -2 
 128 0.01796845822 0.00088138170 -301.24194323 0.35820549516 1.11737891318 1.11081246089 1.32041876924 1.20175831849 0.97812084329 1.09864465070 0.81946874808 1.07640572530 1.08065086868 0.96853034088 0.93721368764 1.32600878169 0.90011517245 0.94091428391 0.62376451116 1.11141841415 0.92996282948 0.85863519500 -158.8012139509 0.00027278473   -2 
 129 0.01796822149 0.00088136869 -301.24058725 0.35820134722 1.11738242483 1.11079611554 1.32042669116 1.20176051996 0.97812272793 1.09864624947 0.81946929807 1.07640643588 1.08065329703 0.96853851838 0.93721570516 1.32601057316 0.90011564339 0.94091414684 0.62375322670 1.11142773729 0.92995950325 0.85865547680 -158.8012135028 0.00044274014   -2 
 130 0.01796806227 0.00088136913 -301.23932647 0.35819751739 1.11738362080 1.11078885674 1.32043228143 1.20176259256 0.97812428341 1.09864772730 0.81946989011 1.07640719934 1.08065522745 0.96854427515 0.93721729122 1.32601209458 0.90011607470 0.94091413332 0.62374507876 1.11143442937 0.92995697879 0.85867000430 -158.8012132449 0.00027375794   -2 
 131 0.01796707292 0.00088138334 -301.23925422 0.35820565070 1.11735016757 1.11080062704 1.32045133550 1.20177382603 0.97813349249 1.09865745000 0.81947422913 1.07641275104 1.08066772959 0.96857987889 0.93722796037 1.32602259781 0.90011939552 0.94091467976 0.62368733044 1.11147991941 0.92993944061 0.85876690400 -158.8012116338 0.00041940149   -2 
 132 0.01796684587 0.00088137683 -301.23908689 0.35820701154 1.11734532377 1.11080399352 1.32045254630 1.20177503208 0.97813499703 1.09865900763 0.81947499308 1.07641359799 1.08067005228 0.96858708098 0.93723013539 1.32602461505 0.90012003595 0.94091478239 0.62367431585 1.11148979360 0.92993547539 0.85878878203 -158.8012113909 0.00038296320   -2 
 133 0.01796592155 0.00088136229 -301.23483839 0.35820036507 1.11734840066 1.11082371053 1.32044964433 1.20177751821 0.97813938409 1.09866415494 0.81947804621 1.07641682222 1.08067832553 0.96861278063 0.93723850606 1.32603245515 0.90012278110 0.94091554941 0.62362319581 1.11152770545 0.92992045609 0.85887652108 -158.8012105094 0.00030836957   -2 
 134 0.01796582383 0.00088136700 -301.23438864 0.35820014867 1.11735481819 1.11082527471 1.32044862943 1.20177747753 0.97813953896 1.09866444159 0.81947838631 1.07641715859 1.08067883740 0.96861399045 0.93723917378 1.32603316979 0.90012317812 0.94091593849 0.62361904447 1.11153067420 0.92991957665 0.85888454840 -158.8012103599 0.00030329349   -2 
 135 0.01796550396 0.00088136789 -301.23430604 0.35820515932 1.11738176929 1.11082661329 1.32044190317 1.20177518611 0.97813854595 1.09866385791 0.81947908369 1.07641764458 1.08067912292 0.96861444355 0.93724055427 1.32603465556 0.90012439414 0.94091720423 0.62360807508 1.11153752190 0.92991842566 0.85890818860 -158.8012100180 0.00013534761   -2 
 136 0.01796553932 0.00088136553 -301.23412218 0.35820391464 1.11737706277 1.11082590087 1.32044289447 1.20177538930 0.97813845093 1.09866379226 0.81947900831 1.07641758403 1.08067887603 0.96861357325 0.93724028143 1.32603441162 0.90012430818 0.94091719731 0.62361008838 1.11153608699 0.92991905574 0.85890497824 -158.8012099880 0.00008674902    0 
-- Found new optimum with likelihood -158.801209988038124 and gradient 0.00009

---- Best joint likelihood found -158.801209988038124 with gradient 0.00009

---- Results for /scratch/38995930/tmpwlg3hhm0 
--  Model: C
--        eps_an     theta_bar             a 
-- 0.01796553932 0.00088136553            -1 
--           S_d             b           p_b           S_b 
-- -301.23412218 0.35820391464             0             1 
--           r 2           r 3           r 4           r 5           r 6           r 7           r 8           r 9          r 10          r 11          r 12          r 13          r 14          r 15          r 16          r 17          r 18          r 19 
-- 1.11737706277 1.11082590087 1.32044289447 1.20177538930 0.97813845093 1.09866379226 0.81947900831 1.07641758403 1.08067887603 0.96861357325 0.93724028143 1.32603441162 0.90012430818 0.94091719731 0.62361008838 1.11153608699 0.92991905574 0.85890497824 

---- Expected P_neut(i), 0 < i < n (neutral SFS per site) 
E[P_neut(1)] = 0.0008662471
E[P_neut(2)] = 0.0004843805
E[P_neut(3)] = 0.0003215202
E[P_neut(4)] = 0.0002863383
E[P_neut(5)] = 0.0002090281
E[P_neut(6)] = 0.0001421196
E[P_neut(7)] = 0.0001374620
E[P_neut(8)] = 0.0000898973
E[P_neut(9)] = 0.0001049135
E[P_neut(10)] = 0.0000952473
E[P_neut(11)] = 0.0000781088
E[P_neut(12)] = 0.0000692229
E[P_neut(13)] = 0.0000907717
E[P_neut(14)] = 0.0000582303
E[P_neut(15)] = 0.0000580987
E[P_neut(16)] = 0.0000389617
E[P_neut(17)] = 0.0000624553
E[P_neut(18)] = 0.0000535616
E[P_neut(19)] = 0.0000549610

---- Expected P_sel(i), 0 < i < n (selected SFS per site) 
E[P_sel(1)] = 0.0003003843
E[P_sel(2)] = 0.0001181017
E[P_sel(3)] = 0.0000659204
E[P_sel(4)] = 0.0000526295
E[P_sel(5)] = 0.0000354576
E[P_sel(6)] = 0.0000226509
E[P_sel(7)] = 0.0000208172
E[P_sel(8)] = 0.0000130493
E[P_sel(9)] = 0.0000146880
E[P_sel(10)] = 0.0000129178
E[P_sel(11)] = 0.0000103057
E[P_sel(12)] = 0.0000089106
E[P_sel(13)] = 0.0000114383
E[P_sel(14)] = 0.0000072325
E[P_sel(15)] = 0.0000071665
E[P_sel(16)] = 0.0000049366
E[P_sel(17)] = 0.0000077551
E[P_sel(18)] = 0.0000072498
E[P_sel(19)] = 0.0000098791

---- alpha_dfe = 0.000000

