---- Running command
---- ./polyDFE -d /scratch/38996001/tmpz4egma6x -m C -i /scratch/38996001/tmpenvhysb2 1 -v 1 
---- Performing inference using model C

---- Performing inference on /scratch/38996001/tmpz4egma6x
----      with -i /scratch/38996001/tmpenvhysb2 1
---- Data /scratch/38996001/tmpz4egma6x does not contain divergence counts. Using option -w.
---- No mutation variability. Using Poisson likelihood.


---- Using provided initial values

-- Starting local optimization
-- Optimizing all parameters
  it     theta_bar           S_d             b           r 2           r 3           r 4           r 5           r 6           r 7           r 8           r 9          r 10          r 11          r 12          r 13          r 14          r 15          r 16          r 17          r 18          r 19           ln lk          grad status 
   0   0.003173891 -107.30439999     0.3296192     0.9469638     0.9230956     0.9466103     0.9502794     0.8771146     0.9116737     0.9146468     0.9159601     0.9612144     0.8649103      0.980338     0.9128444     0.9628696     0.9582216      1.012621      1.209005      1.301762      1.559119 -262.4149337706 1.54817516222   -2 
   1 0.00315008796 -107.35287471 0.32975041867 0.94776761905 0.92309563148 0.94589166113 0.95087348512 0.87568323833 0.91077111615 0.91534645867 0.91550714345 0.96091495755 0.86526435578 0.97903476074 0.91263897210 0.96192708891 0.95877671806 1.01315600049 1.21043148649 1.30160091568 1.55930057825 -261.7640935835 0.95754163155   -2 
   2 0.00311203359 -106.59600695 0.32209833343 0.96686208545 0.92879315652 0.94131487959 0.96164319306 0.86020107926 0.90156159552 0.92606955991 0.91138664079 0.95867813494 0.87094240032 0.96389562297 0.91108545565 0.95105267568 0.96687827829 1.02102668081 1.23005831324 1.30093040195 1.56337967335 -259.4566717661 0.70031767669   -2 
   3 0.00312686615 -107.54093569 0.32758833568 0.97490822223 0.93794443550 0.93914979277 0.97839820162 0.83818815444 0.88800745888 0.94522829547 0.90506994294 0.95549009092 0.88191241089 0.93739142386 0.90867698879 0.93144670559 0.98278189994 1.03653526222 1.26820993906 1.30027076539 1.57178986133 -257.3646525648 0.58190562803   -2 
   4 0.00313695245 -107.52945089 0.32717102095 0.97316044178 0.93823118733 0.93980240027 0.97941616883 0.83711277202 0.88728816674 0.94706853424 0.90470758361 0.95539289730 0.88320373178 0.93483417819 0.90855407905 0.92943693906 0.98471120658 1.03843581994 1.27266065384 1.30037774855 1.57294474193 -257.2049373982 0.63996702720   -2 
   5 0.00313143042 -107.62231090 0.32590730895 0.95852386540 0.93627461175 0.94328005101 0.98092728744 0.83479211796 0.88530936052 0.95383484932 0.90343092108 0.95509842101 0.88865525323 0.92416561288 0.90803778588 0.92072944606 0.99322333275 1.04685166457 1.29220148031 1.30085290353 1.57797571211 -256.6317445987 0.22138820612   -2 
   6 0.00313175046 -107.76491252 0.32578147081 0.96242912106 0.92729178072 0.94529719391 0.97149788378 0.84177322207 0.88817329765 0.95354817304 0.90358462650 0.95532979017 0.89233475707 0.91690092505 0.90766032965 0.91319456861 1.00098363341 1.05470540625 1.30919414662 1.30128805901 1.58224895873 -256.3515211774 0.11111606932   -2 
   7 0.00312880925 -107.81320929 0.32605432703 0.96245686313 0.92903521346 0.94473385769 0.97059976466 0.84320990478 0.88898005912 0.95247982066 0.90379127898 0.95541313972 0.89250130882 0.91644042778 0.90761614378 0.91224331557 1.00199972980 1.05578631551 1.31118605099 1.30132961113 1.58271677438 -256.3296201477 0.25664404032   -2 
   8 0.00313140393 -107.84809542 0.32619746759 0.96277412160 0.93266865165 0.94379284433 0.96926156241 0.84589665751 0.89055233052 0.95049165874 0.90425277156 0.95563124687 0.89278503922 0.91576199344 0.90758014419 0.91059599159 1.00385349592 1.05776740126 1.31474820416 1.30145545204 1.58360321087 -256.2926801110 0.04969007662   -2 
   9 0.00312851649 -107.78664406 0.32575341085 0.96285749895 0.93312460774 0.94389900589 0.97028277525 0.84655480600 0.89124749778 0.94956872220 0.90467183650 0.95588999427 0.89269687337 0.91615438180 0.90768813523 0.91021774116 1.00454423041 1.05856185082 1.31574013197 1.30162998301 1.58397602706 -256.2856411084 0.03892807404   -2 
  10 0.00312892332 -107.76521690 0.32600388619 0.96358275463 0.93291471408 0.94460630591 0.97271222193 0.84715859780 0.89231161304 0.94830722676 0.90553025560 0.95647344867 0.89246266320 0.91732830853 0.90799977166 0.90987517962 1.00565485104 1.05988426893 1.31703532676 1.30206586326 1.58465818015 -256.2786115821 0.05935496265   -2 
  11 0.00312823171 -107.76477551 0.32606759007 0.96362404861 0.93288291836 0.94468926618 0.97296987199 0.84721258260 0.89242959553 0.94817938478 0.90563776587 0.95654985367 0.89243516765 0.91748826514 0.90804433965 0.90984400900 1.00579281505 1.06005025892 1.31718693794 1.30212738829 1.58474803490 -256.2777993967 0.01725448178   -2 
  12 0.00312743568 -107.58411499 0.32630459195 0.96303815887 0.93357705062 0.94576041063 0.97299545955 0.84694148032 0.89295576814 0.94913141587 0.90682357812 0.95766031913 0.89255465934 0.91973216951 0.90892389067 0.91038730725 1.00713044050 1.06170461949 1.31822513002 1.30329468480 1.58610873029 -256.2742351164 0.02501798133   -2 
  13 0.00312692349 -107.53710785 0.32632078733 0.96401590918 0.93340281238 0.94543547729 0.97287767949 0.84702667234 0.89288312830 0.94930392465 0.90676782717 0.95765701262 0.89265195300 0.91972154164 0.90898522049 0.91051142593 1.00713792999 1.06171424837 1.31821267709 1.30339080037 1.58619874408 -256.2725543252 0.01106734651   -2 
  14 0.00312649797 -107.50557444 0.32636606263 0.96399708145 0.93341728202 0.94534594477 0.97287144593 0.84710830975 0.89286516133 0.94942796117 0.90674822069 0.95767166484 0.89273489589 0.91972442891 0.90904109564 0.91061152946 1.00715781002 1.06173511650 1.31822508994 1.30347707995 1.58628579095 -256.2723231631 0.03120350304   -2 
  15 0.00312626240 -107.18720715 0.32665324737 0.96382339602 0.93366304214 0.94463823802 0.97288757644 0.84789962841 0.89274045867 0.95060868178 0.90659730031 0.95783782122 0.89353208261 0.91977384591 0.90958408367 0.91156739483 1.00736437217 1.06195247867 1.31837197812 1.30431221466 1.58713599214 -256.2703094230 0.01491685659   -2 
  16 0.00312553070 -106.60333780 0.32745284911 0.96399138213 0.93375297742 0.94566682832 0.97333117147 0.84852964144 0.89295334965 0.95178248335 0.90669526721 0.95825430200 0.89467599413 0.92002839384 0.91047848849 0.91304586923 1.00783770978 1.06245321366 1.31884534661 1.30571609620 1.58860307882 -256.2678595976 0.02372754850   -2 
  17 0.00312511990 -106.39968104 0.32753965389 0.96413701573 0.93386438617 0.94606705634 0.97354389895 0.84861523619 0.89313077843 0.95196452681 0.90683653074 0.95843187382 0.89495731687 0.92016891869 0.91073667532 0.91342860921 1.00802503057 1.06265132570 1.31906873655 1.30612485709 1.58904869123 -256.2670363437 0.04570713128   -2 
  18 0.00312341935 -106.16482749 0.32767385676 0.96428240258 0.93399680278 0.94651710719 0.97379739828 0.84867689244 0.89336355902 0.95211511288 0.90703078663 0.95864923755 0.89525776068 0.92034930465 0.91102844901 0.91384739259 1.00825371100 1.06289350533 1.31935012074 1.30658912215 1.58956027548 -256.2660625641 0.01655947640   -2 
  19 0.00312250152 -105.70677193 0.32828044882 0.96484416966 0.93476750962 0.94702322606 0.97456661072 0.84848951782 0.89434668239 0.95166573997 0.90800041270 0.95936446422 0.89548296656 0.92107337082 0.91151843354 0.91425715377 1.00896099286 1.06364369561 1.32037226327 1.30738129860 1.59055600679 -256.2641861428 0.01292284395   -2 
  20 0.00312216936 -105.71162027 0.32824835132 0.96466916514 0.93467914431 0.94691516547 0.97453872458 0.84854250615 0.89436008572 0.95166501993 0.90805029598 0.95939540702 0.89543849055 0.92112217315 0.91150173586 0.91418277958 1.00899705850 1.06368241607 1.32043763569 1.30735168444 1.59054519243 -256.2639658496 0.02388838668   -2 
  21 0.00312238056 -105.71400633 0.32818076049 0.96444593074 0.93455986095 0.94675969513 0.97450433510 0.84863071099 0.89438909818 0.95166689286 0.90813735672 0.95945141674 0.89537075434 0.92120660704 0.91147938888 0.91406671423 1.00906103139 1.06375100957 1.32055122013 1.30731062633 1.59053637510 -256.2636955958 0.00860707698   -2 
  22 0.00312279468 -105.72822055 0.32824544743 0.96442314650 0.93438388861 0.94649867363 0.97440763429 0.84875610774 0.89443167894 0.95163040286 0.90831402176 0.95956096905 0.89520882756 0.92139106374 0.91142454156 0.91379912527 1.00920612549 1.06390808632 1.32080690606 1.30721543899 1.59051206488 -256.2634155210 0.00553458065   -2 
  23 0.00312248327 -105.72277039 0.32820533467 0.96460012608 0.93443245700 0.94648664939 0.97434495107 0.84877561015 0.89443580976 0.95157696070 0.90842546629 0.95962816077 0.89506781320 0.92153589837 0.91137075639 0.91355779760 1.00932979709 1.06404265433 1.32101971301 1.30712449613 1.59048078523 -256.2632930108 0.00404222522   -2 
  24 0.00312258060 -105.72139327 0.32820929827 0.96461095849 0.93449398567 0.94654254929 0.97434768145 0.84877153579 0.89443745391 0.95155969232 0.90846561770 0.95965456147 0.89501215538 0.92159897841 0.91134904080 0.91345049686 1.00938824145 1.06410669353 1.32111696539 1.30708619748 1.59047054973 -256.2632622038 0.00906964253   -2 
  25 0.00312248982 -105.72101541 0.32822681967 0.96460309619 0.93456834556 0.94661772491 0.97435446743 0.84876260476 0.89443813266 0.95153816390 0.90851301925 0.95968597124 0.89494258126 0.92167757157 0.91132132346 0.91331392493 1.00946239571 1.06418798599 1.32123957798 1.30703719076 1.59045715137 -256.2632237901 0.00182982184   -2 
  26 0.00312253603 -105.71847925 0.32823027888 0.96455599983 0.93455824449 0.94665805799 0.97439542646 0.84875677169 0.89444474250 0.95155004708 0.90851475640 0.95969282339 0.89493952360 0.92169889206 0.91132010799 0.91327903964 1.00948986347 1.06421981639 1.32128033017 1.30703065830 1.59046410223 -256.2632150656 0.00273211754   -2 
  27 0.00312250523 -105.71783367 0.32823268481 0.96454496064 0.93455255176 0.94666649663 0.97440657534 0.84875480165 0.89444640548 0.95155404897 0.90851376435 0.95969388085 0.89494015866 0.92170350298 0.91132026832 0.91327105422 1.00949683600 1.06422789402 1.32129013423 1.30702957475 1.59046641841 -256.2632129452 0.00114788410   -2 
  28 0.00312248873 -105.71191771 0.32823572187 0.96454260166 0.93451442236 0.94668243464 0.97445928457 0.84874733529 0.89445674434 0.95158307220 0.90849786869 0.95969352784 0.89496038402 0.92171488840 0.91132818982 0.91325221194 1.00952544161 1.06426116748 1.32132460598 1.30703464303 1.59048497441 -256.2632079441 0.00107970493   -2 
  29 0.00312243963 -105.70543259 0.32824545040 0.96457366001 0.93450258758 0.94667548590 0.97448682450 0.84874381867 0.89446581687 0.95161109545 0.90847952496 0.95969076267 0.89498757225 0.92171938610 0.91133959775 0.91324643123 1.00954841286 1.06428861300 1.32134905100 1.30704557267 1.59050649631 -256.2631924064 0.00250720363   -2 
  30 0.00312245854 -105.70215626 0.32824825995 0.96458815017 0.93450223503 0.94667225965 0.97449699874 0.84874342175 0.89447019851 0.95162352137 0.90847199640 0.95968994199 0.89500039971 0.92172116099 0.91134526171 0.91324536819 1.00955842947 1.06430055349 1.32135942168 1.30705137567 1.59051682772 -256.2631905104 0.00122577736   -2 
  31 0.00312238622 -105.68404474 0.32826698700 0.96459008033 0.93458155705 0.94664993635 0.97449041007 0.84875932613 0.89449128728 0.95167093536 0.90844929831 0.95969096614 0.89506819074 0.92172330538 0.91137978333 0.91326660246 1.00959985990 1.06434841900 1.32139510156 1.30709273188 1.59057455049 -256.2631812427 0.00118727474   -2 
  32 0.00312240170 -105.68177177 0.32826848193 0.96459029240 0.93458588024 0.94665213725 0.97448839865 0.84876270264 0.89449377562 0.95167427596 0.90844984695 0.95969258610 0.89507470255 0.92172395420 0.91138392403 0.91327095354 1.00960370919 1.06435274515 1.32139827905 1.30709826625 1.59058132941 -256.2631805036 0.00150696036   -2 
  33 0.00312232907 -105.65082800 0.32830350952 0.96456997737 0.93459908960 0.94670954215 0.97444781576 0.84881730616 0.89452571866 0.95170251332 0.90847838939 0.95972341599 0.89515441661 0.92173436448 0.91144173653 0.91334428223 1.00964893626 1.06440313203 1.32143414337 1.30717962964 1.59067488019 -256.2631707556 0.00118173583   -2 
  34 0.00312231744 -105.63582257 0.32831750543 0.96459656488 0.93458286484 0.94673198427 0.97445491018 0.84883714298 0.89453830245 0.95170627784 0.90850493716 0.95974377860 0.89517647151 0.92174438672 0.91146534911 0.91338060537 1.00966377466 1.06441995967 1.32144884175 1.30721622835 1.59071381819 -256.2631668461 0.00280398465   -2 
  35 0.00312225373 -105.62483831 0.32833015974 0.96461530097 0.93456971282 0.94674669829 0.97446317834 0.84885062187 0.89454714847 0.95170803181 0.90852583763 0.95975944546 0.89519089893 0.92175244578 0.91148237982 0.91340765877 1.00967426184 1.06443167677 1.32145958197 1.30724313957 1.59074206997 -256.2631640239 0.00096096468   -2 
  36 0.00312220958 -105.60829600 0.32834661319 0.96460876381 0.93460020213 0.94673186977 0.97455205138 0.84884822229 0.89455856184 0.95170459279 0.90857844021 0.95979481007 0.89517336315 0.92178281043 0.91149642753 0.91344290125 1.00968033455 1.06443669825 1.32147992592 1.30727527761 1.59077066453 -256.2631572321 0.00040639308   -2 
  37 0.00312219708 -105.60597179 0.32835071234 0.96461293400 0.93460411700 0.94673213782 0.97455989806 0.84884682898 0.89456067869 0.95170606318 0.90858585894 0.95980027744 0.89516709979 0.92178979034 0.91149700638 0.91344623015 1.00968040939 1.06443663735 1.32148458845 1.30727864513 1.59077325875 -256.2631569630 0.00079186598   -2 
  38 0.00312220362 -105.60372240 0.32835374541 0.96461765014 0.93460792730 0.94673353685 0.97456556728 0.84884562890 0.89456292643 0.95170815674 0.90859256881 0.95980548779 0.89516068478 0.92179690683 0.91149726260 0.91344884710 1.00968058348 1.06443652992 1.32148946096 1.30728150290 1.59077541972 -256.2631566601 0.00039294009   -2 
  39 0.00312218922 -105.59946591 0.32835910626 0.96462498175 0.93461285584 0.94673948989 0.97456926551 0.84884386173 0.89456766440 0.95171420745 0.90860387794 0.95981525295 0.89514708336 0.92181195931 0.91149680583 0.91345215282 1.00968173490 1.06443610407 1.32150018213 1.30728590509 1.59077856544 -256.2631563771 0.00045274346   -2 
  40 0.00312219254 -105.59832799 0.32835840472 0.96462323385 0.93461209418 0.94674316124 0.97456488946 0.84884494083 0.89456933068 0.95171730303 0.90860496412 0.95981712986 0.89514440801 0.92181604294 0.91149649210 0.91345183047 1.00968260851 1.06443637490 1.32150381542 1.30728650598 1.59077921676 -256.2631561319 0.00077107781   -2 
  41 0.00312217525 -105.59689228 0.32835824476 0.96461890813 0.93461011653 0.94674822026 0.97455731169 0.84884672116 0.89457156294 0.95172187379 0.90860572321 0.95981936674 0.89514088059 0.92182167371 0.91149590403 0.91345094568 1.00968404539 1.06443680231 1.32150904534 1.30728706189 1.59077993217 -256.2631558098 0.00027072878   -2 
  42 0.00312218344 -105.59576403 0.32836008342 0.96461774635 0.93460715904 0.94675222527 0.97454681062 0.84884998549 0.89457379426 0.95172713549 0.90860378220 0.95982040244 0.89513911336 0.92182709988 0.91149515198 0.91344866386 1.00968675393 1.06443788831 1.32151516120 1.30728702262 1.59078057593 -256.2631556399 0.00035197949   -2 
  43 0.00312218043 -105.59564661 0.32836067819 0.96461761867 0.93460671910 0.94675237806 0.97454541051 0.84885048314 0.89457402111 0.95172785623 0.90860322444 0.95982038908 0.89513904055 0.92182777237 0.91149501700 0.91344818892 1.00968712602 1.06443808940 1.32151606706 1.30728693357 1.59078063020 -256.2631556069 0.00013638229   -2 
  44 0.00312218546 -105.59534164 0.32836216013 0.96461845193 0.93460641886 0.94675070942 0.97454337024 0.84885212930 0.89457429502 0.95172948725 0.90860056243 0.95981958329 0.89514016765 0.92182903360 0.91149468437 0.91344631818 1.00968813355 1.06443906808 1.32151863977 1.30728643458 1.59078082888 -256.2631555657 0.00012769082   -2 
  45 0.00312218629 -105.59509080 0.32836175129 0.96461872339 0.93460730838 0.94674911991 0.97454411111 0.84885273477 0.89457412193 0.95173004329 0.90859875989 0.95981887281 0.89514151774 0.92182909647 0.91149458685 0.91344512745 1.00968887828 1.06443983627 1.32151987229 1.30728606250 1.59078098129 -256.2631555375 0.00028291658   -2 
  46 0.00312218007 -105.59483584 0.32836151621 0.96461854040 0.93460822495 0.94674719594 0.97454489605 0.84885335251 0.89457384923 0.95173057827 0.90859657294 0.95981794343 0.89514316755 0.92182904320 0.91149444918 0.91344367337 1.00968963112 1.06444073732 1.32152125397 1.30728557612 1.59078111812 -256.2631555036 0.00007532349    0 
-- Found new optimum with likelihood -256.263155503609369 and gradient 0.00008

---- Best joint likelihood found -256.263155503609369 with gradient 0.00008

---- Results for /scratch/38996001/tmpz4egma6x 
--  Model: C
--        eps_an     theta_bar             a 
--             0 0.00312218007            -1 
--           S_d             b           p_b           S_b 
-- -105.59483584 0.32836151621             0             1 
--           r 2           r 3           r 4           r 5           r 6           r 7           r 8           r 9          r 10          r 11          r 12          r 13          r 14          r 15          r 16          r 17          r 18          r 19 
-- 0.96461854040 0.93460822495 0.94674719594 0.97454489605 0.84885335251 0.89457384923 0.95173057827 0.90859657294 0.95981794343 0.89514316755 0.92182904320 0.91149444918 0.91344367337 1.00968963112 1.06444073732 1.32152125397 1.30728557612 1.59078111812 

---- Expected P_neut(i), 0 < i < n (neutral SFS per site) 
E[P_neut(1)] = 0.0031221801
E[P_neut(2)] = 0.0015058564
E[P_neut(3)] = 0.0009726717
E[P_neut(4)] = 0.0007389788
E[P_neut(5)] = 0.0006085409
E[P_neut(6)] = 0.0004417122
E[P_neut(7)] = 0.0003990029
E[P_neut(8)] = 0.0003714343
E[P_neut(9)] = 0.0003152002
E[P_neut(10)] = 0.0002996724
E[P_neut(11)] = 0.0002540726
E[P_neut(12)] = 0.0002398430
E[P_neut(13)] = 0.0002189115
E[P_neut(14)] = 0.0002037097
E[P_neut(15)] = 0.0002101622
E[P_neut(16)] = 0.0002077110
E[P_neut(17)] = 0.0002427075
E[P_neut(18)] = 0.0002267545
E[P_neut(19)] = 0.0002614055

---- Expected P_sel(i), 0 < i < n (selected SFS per site) 
E[P_sel(1)] = 0.0015336060
E[P_sel(2)] = 0.0005577142
E[P_sel(3)] = 0.0003101096
E[P_sel(4)] = 0.0002136734
E[P_sel(5)] = 0.0001638186
E[P_sel(6)] = 0.0001124294
E[P_sel(7)] = 0.0000969992
E[P_sel(8)] = 0.0000868555
E[P_sel(9)] = 0.0000712671
E[P_sel(10)] = 0.0000657761
E[P_sel(11)] = 0.0000543083
E[P_sel(12)] = 0.0000500526
E[P_sel(13)] = 0.0000446961
E[P_sel(14)] = 0.0000407639
E[P_sel(15)] = 0.0000412790
E[P_sel(16)] = 0.0000400960
E[P_sel(17)] = 0.0000460973
E[P_sel(18)] = 0.0000424153
E[P_sel(19)] = 0.0000481981

---- alpha_dfe = 0.000000

