---- Running command
---- ./polyDFE -d /scratch/40840278/tmpa5_eaq1p -m C -i /scratch/40840278/tmp39hlrf4t 1 -v 1 
---- Performing inference using model C

---- Performing inference on /scratch/40840278/tmpa5_eaq1p
----      with -i /scratch/40840278/tmp39hlrf4t 1
---- Data /scratch/40840278/tmpa5_eaq1p does not contain divergence counts. Using option -w.
---- No mutation variability. Using Poisson likelihood.


---- Using provided initial values

-- Starting local optimization
-- Optimizing all parameters
  it        eps_an     theta_bar           S_d             b           p_b           S_b           r 2           r 3           r 4           r 5           r 6           r 7           r 8           r 9           ln lk          grad status 
   0 0.00000449946   0.000731729 -15.495060000     0.1773756  0.0009289272   0.007920217      0.756295     0.8118638     0.8203224     0.7703739     0.7596918     0.7652355     0.8437457      1.011566 -71.45276317073 0.94191492749   -2 
   1 0.00000449946 0.00074741772 -15.460078322 0.17682049800 0.00092893350 0.00792021707 0.75315885688 0.81520318078 0.82173897726 0.77256052539 0.76368606714 0.76875059032 0.84247951317 1.01261308145 -70.31218353349 0.42336054419   -2 
   2 0.00000449946 0.00074816057 -15.431341826 0.17703834379 0.00092893150 0.00792021605 0.70610539178 0.83102454553 0.82383583231 0.78582517533 0.79690778673 0.79826161992 0.82461673496 1.01600830700 -68.31957659284 0.18555565994   -2 
   3 0.00000449946 0.00074622520 -15.420723122 0.17743450591 0.00092892755 0.00792021530 0.69778667618 0.83421761159 0.82381366674 0.79044990040 0.81042455235 0.81079040439 0.81660566653 1.01705971776 -68.19026959954 0.22938710662   -2 
   4 0.00000449945 0.00075071537 -15.381773272 0.17822682581 0.00092892016 0.00792021367 0.70488617127 0.83461750148 0.82347697777 0.79643122849 0.83024700171 0.83035762162 0.80403920106 1.01873201787 -67.85589314060 0.37057620360   -2 
   5 0.00000449945 0.00074264916 -15.359918805 0.17979554610 0.00092890468 0.00792021138 0.71571267074 0.83285465656 0.82240630149 0.80205525600 0.85140827577 0.85196134216 0.78993171837 1.02022865417 -67.50915371625 0.09932731413   -2 
   6 0.00000449945 0.00074372117 -15.326354477 0.18076083864 0.00092889583 0.00792020984 0.72545286630 0.83346654749 0.82511148903 0.80246918093 0.85163535599 0.85475191745 0.78920844794 1.02223850120 -67.43599827596 0.13921008543   -2 
   7 0.00000449945 0.00074080409 -15.309211863 0.18155715676 0.00092888834 0.00792020876 0.73024302965 0.83384207526 0.82687793794 0.80248674398 0.85086802385 0.85576211208 0.78928269608 1.02359001848 -67.40039712712 0.06181030097   -2 
   8 0.00000449945 0.00074334955 -15.220787321 0.18331658801 0.00092887327 0.00792020605 0.73018105208 0.83896000992 0.83344814869 0.80354751546 0.84598373741 0.85490365096 0.79443914753 1.02903171428 -67.34491245725 0.15555621565   -2 
   9 0.00000449945 0.00074097421 -15.126372556 0.18554615086 0.00092885402 0.00792020284 0.72904281464 0.84382253825 0.84009301155 0.80458542690 0.84054854731 0.85372222426 0.80031190278 1.03501411573 -67.28791759848 0.04384918756   -2 
  10 0.00000449944 0.00074305669 -14.676298831 0.19204577932 0.00092880379 0.00792019147 0.72896363830 0.84319474413 0.84407299379 0.81138919476 0.83880932726 0.85444883539 0.81849137492 1.05182873491 -67.20986494258 0.09448968134   -2 
  11 0.00000449943 0.00074176923 -14.501396629 0.19460785623 0.00092878458 0.00792018703 0.72901956340 0.84270116720 0.84487083477 0.81376107302 0.83886447376 0.85498415169 0.82488305683 1.05768901968 -67.19286802447 0.06648966035   -2 
  12 0.00000449940 0.00074174419 -13.315572140 0.20790452878 0.00092869809 0.00792015979 0.73764683293 0.84305485263 0.84047166379 0.82436907472 0.85593118608 0.86566937025 0.84843712158 1.07971478748 -67.05260824853 0.15230633434   -2 
  13 0.00000449939 0.00073743311 -12.862807102 0.21336535721 0.00092866460 0.00792014888 0.73966441716 0.84395193963 0.83935764915 0.82786075487 0.86299980840 0.87020757269 0.85595598466 1.08693572784 -67.00178007205 0.13662813733   -2 
  14 0.00000449935 0.00073764741 -11.318667576 0.23039625691 0.00092857527 0.00792011205 0.74183547657 0.85682630725 0.84507884745 0.83725643968 0.88870540687 0.88867392971 0.86999665039 1.10311795695 -66.75101069577 0.33459689970   -2 
  15 0.00000449925 0.00072067477 -8.6156773846 0.27215669755 0.00092838027 0.00792003305 0.74326540667 0.88341428180 0.85903374933 0.85578376020 0.94295716361 0.92839179053 0.89654445658 1.13512708529 -66.30632822370 0.25168214477   -2 
  16 0.00000449925 0.00071687338 -8.6699408940 0.27152453640 0.00092838188 0.00792003462 0.74330545349 0.88074791803 0.85982206803 0.85483753450 0.93878766924 0.92654038323 0.89439626306 1.13342252983 -66.20693969928 0.17295823270   -2 
  17 0.00000449925 0.00072179839 -8.7861540064 0.26968774879 0.00092838903 0.00792003922 0.75011500877 0.86252301256 0.87485824736 0.85041682988 0.90528109914 0.91521723709 0.87667249155 1.12226880541 -65.82735280626 0.08123341731   -2 
  18 0.00000449925 0.00072031930 -8.7561226518 0.26961163263 0.00092839106 0.00792003914 0.74399857345 0.86274713365 0.87543342029 0.84838593910 0.89516775979 0.91121835449 0.86879265235 1.11732166185 -65.76598620019 0.17952220974   -2 
  19 0.00000449925 0.00072434031 -8.7157188673 0.26931675760 0.00092839519 0.00792003894 0.73993582964 0.86391532526 0.87538606966 0.84705215406 0.88842334758 0.90846521724 0.86299063567 1.11374078689 -65.70113406091 0.06215826003   -2 
  20 0.00000449924 0.00072405041 -8.6272006497 0.26917741819 0.00092840056 0.00792003793 0.73495617039 0.86465874301 0.87071162649 0.84400031529 0.88084301625 0.90403726525 0.85402612212 1.10753037480 -65.66672698551 0.07006490904   -2 
  21 0.00000449924 0.00072561929 -8.5751825345 0.26901984108 0.00092840426 0.00792003733 0.73431158466 0.86432795962 0.86791888508 0.84255964080 0.87869943523 0.90220715605 0.85039546159 1.10481554963 -65.65103638290 0.06949796908   -2 
  22 0.00000449923 0.00072608657 -8.4483860329 0.26879974595 0.00092841214 0.00792003575 0.73384728015 0.86205165530 0.86056877684 0.83885854476 0.87492285466 0.89792129769 0.84234784683 1.09838649662 -65.62892496852 0.07596271702   -2 
  23 0.00000449923 0.00072468319 -8.4369949788 0.26885841724 0.00092841225 0.00792003552 0.73401136976 0.86124327574 0.86004956317 0.83850790394 0.87520036240 0.89765172926 0.84208126012 1.09796554152 -65.62003733097 0.04990468991   -2 
  24 0.00000449923 0.00072394072 -8.3415412431 0.26893158765 0.00092841612 0.00792003377 0.73823071572 0.85482067822 0.85942998205 0.83734984419 0.88177461744 0.89759451257 0.84413948691 1.09734480015 -65.58532310483 0.03371629214   -2 
  25 0.00000449922 0.00072139368 -8.2353465590 0.26981619342 0.00092841449 0.00792003119 0.73572394871 0.85566833987 0.86125151980 0.83752744798 0.88872493660 0.89873223874 0.84868439967 1.09846431864 -65.56209427180 0.08729413877   -2 
  26 0.00000449922 0.00072193796 -8.1667486392 0.27039069944 0.00092841349 0.00792002953 0.73461540697 0.85677508424 0.86255790032 0.83786155498 0.89281274225 0.89958123109 0.85158208857 1.09935714359 -65.54830904846 0.03413784490   -2 
  27 0.00000449919 0.00071617367 -7.7165277570 0.28169896322 0.00092835525 0.00792001340 0.74259831365 0.87277756668 0.86789868932 0.84375346589 0.89917339662 0.90633305535 0.86779105608 1.10852971836 -65.46632447671 0.05824786575   -2 
  28 0.00000449910 0.00070590688 -6.3812713009 0.33347528179 0.00092809951 0.00791995356 0.75454545904 0.88169718482 0.88913010655 0.87149035273 0.90921398089 0.93572063111 0.90985418723 1.14892306267 -65.24957855552 0.10883868919   -2 
  29 0.00000449911 0.00070686198 -6.5778379020 0.32500864437 0.00092813784 0.00791996284 0.75139165741 0.87949437887 0.88530426449 0.86662854486 0.90790319607 0.93093872542 0.90222741412 1.14243555291 -65.23222282777 0.08446939178   -2 
  30 0.00000449912 0.00071123784 -6.6454230831 0.32297705418 0.00092814597 0.00791996552 0.74679848876 0.87628673263 0.88289285808 0.86380525097 0.90871051714 0.92929731311 0.89649491184 1.14047521686 -65.19091463154 0.13225060376   -2 
  31 0.00000449912 0.00071238218 -6.7339113772 0.32117279568 0.00092815137 0.00791996856 0.73982663786 0.87091556532 0.87906408403 0.85960182981 0.90964852149 0.92697499411 0.88816494396 1.13784745146 -65.14265771967 0.03729804968   -2 
  32 0.00000449912 0.00071495729 -6.7573137675 0.32180821832 0.00092814574 0.00791996868 0.74011514519 0.86692163261 0.87573994710 0.85624829857 0.90904577083 0.92508541062 0.88060957341 1.13612271724 -65.12413877678 0.05795175497   -2 
  33 0.00000449912 0.00071452210 -6.7628787784 0.32212481964 0.00092814332 0.00791996861 0.74013508778 0.86584487303 0.87474013554 0.85524264763 0.90867730785 0.92445327888 0.87834223821 1.13554177143 -65.11914352406 0.01980069095   -2 
  34 0.00000449911 0.00071532564 -6.7338570631 0.32355046914 0.00092813564 0.00791996724 0.74081303890 0.86707469508 0.87364864228 0.85362201263 0.90600384792 0.92255266167 0.87244137328 1.13382816249 -65.11049052531 0.03073322998   -2 
  35 0.00000449911 0.00071482756 -6.7257155856 0.32389711427 0.00092813382 0.00791996683 0.74067651284 0.86725219753 0.87350506406 0.85337617657 0.90543845397 0.92217903223 0.87135958197 1.13347996034 -65.10880235212 0.02161373925   -2 
  36 0.00000449910 0.00071508760 -6.6264721144  0.3262409484 0.00092812388 0.00791996312 0.73785800959 0.86827965439 0.87456821520 0.85367943710 0.90242435439 0.92062083043 0.86661332905 1.13195421180 -65.09781232795 0.02993979739   -2 
  37 0.00000449910 0.00071419520 -6.5949058240 0.32702926098 0.00092812043 0.00791996193 0.73737411661 0.86788287140 0.87469346065 0.85382499847 0.90190700800 0.92036367962 0.86593425180 1.13167631274 -65.09473005680 0.04142382766   -2 
  38 0.00000449908 0.00071311535 -6.3293666488 0.33327957927 0.00092809461 0.00791995200 0.73659133325 0.86328349721 0.87549313338 0.85561503024 0.89998243638 0.91964722320 0.86392376429 1.13073397824 -65.06961225139 0.03303026875   -2 
  39 0.00000449907 0.00071175614 -6.2060455934 0.33668033727 0.00092807983 0.00791994703 0.73658152673 0.86149378000 0.87528473294 0.85613560662 0.89975068724 0.91964382659 0.86399063910 1.13067592036 -65.06489470809 0.03884564033   -2 
  40 0.00000449905 0.00071178165 -6.0704945746 0.34122861308 0.00092805863 0.00791994081 0.73738094375 0.86135818307 0.87419554232 0.85611394709 0.90107450084 0.92050636654 0.86621624693 1.13166600052 -65.05389522639 0.07501530020   -2 
  41 0.00000449902 0.00070823906 -5.8090343596 0.35146968542 0.00092801002 0.00791992763 0.73849662385 0.86173034246 0.87144981044 0.85555857981 0.90438863100 0.92258849135 0.87176034089 1.13415687160 -65.03144973018 0.04320221067   -2 
  42 0.00000449900 0.00070857453 -5.6324488257 0.36226308897 0.00092795437 0.00791991638 0.73735021357 0.86611873006 0.87170925537 0.85538126671 0.90934097072 0.92631078384 0.87928183995 1.13925590561 -65.00270070034 0.11491222137   -2 
  43 0.00000449896 0.00070498939 -5.4100566096 0.37827178456 0.00092787315 0.00791990070 0.73527001254 0.87163879523 0.87238566899 0.85520756362 0.91610411672 0.93155611203 0.88976788210 1.14660332241 -64.96603787265 0.05402140581   -2 
  44 0.00000449889 0.00070288706 -5.0256711474 0.42414304182 0.00092764298 0.00791986395 0.74266163085 0.87032855359 0.88723238401 0.86514602985 0.92993806324 0.94760214860 0.91170896670 1.17113539701 -64.84948620681 0.10074555342   -2 
  45 0.00000449888 0.00070081766 -4.9797780455 0.43091135152 0.00092761053 0.00791985893 0.74307965724 0.87026761791 0.88903442855 0.86678679753 0.93162164720 0.94980605850 0.91432696947 1.17457584538 -64.83488366806 0.04074849745   -2 
  46 0.00000449885 0.00070041424 -4.8695243268 0.45045712171 0.00092751678 0.00791984490 0.74034324968 0.87573402420 0.89276983897 0.87645746023 0.93538029444 0.95739602661 0.91765740518 1.18656230970 -64.80452675523 0.01693901583   -2 
  47 0.00000449884 0.00069979774 -4.8562737891 0.45341326367 0.00092750212 0.00791984268 0.74105789455 0.87645786436 0.89234929596 0.87794190168 0.93581921329 0.95862742809 0.91708296695 1.18858098020 -64.80234435062 0.02878446366   -2 
  48 0.00000449884 0.00070006150 -4.8457281349 0.45558106867 0.00092749138 0.00791984101 0.74187650268 0.87703102761 0.89197370096 0.87906303742 0.93620147231 0.95961352452 0.91649863560 1.19018485645 -64.80067978818 0.00584369700   -2 
  49 0.00000449884 0.00069988462 -4.8428358031 0.45598640305 0.00092748869 0.00791984042 0.74229034647 0.87669253506 0.89173359721 0.87889188660 0.93647711801 0.95994286831 0.91576451763 1.19073645918 -64.80031647250 0.00919532343   -2 
  50 0.00000449884 0.00070001284 -4.8413055364 0.45611958734 0.00092748768 0.00791984014 0.74244449705 0.87656135890 0.89166060885 0.87879046897 0.93661761609 0.96009106895 0.91542360239 1.19098092889 -64.80017136406 0.00407451368   -2 
  51 0.00000449883 0.00069996818 -4.8374714682 0.45623325068 0.00092748546 0.00791983915 0.74211912072 0.87629152950 0.89162758924 0.87827670491 0.93696146765 0.96035290497 0.91445183308 1.19145618691 -64.79992632751 0.00345150815   -2 
  52 0.00000449883 0.00070002535 -4.8370057919 0.45622824240 0.00092748525 0.00791983902 0.74208238518 0.87629406956 0.89163342049 0.87823305630 0.93697573654 0.96035863312 0.91437419859 1.19147533947 -64.79990751939 0.00209085490   -2 
  53 0.00000449883 0.00069999246 -4.8351489212 0.45614970868 0.00092748415 0.00791983837 0.74183446911 0.87639487540 0.89164601751 0.87805015267 0.93686801027 0.96021757483 0.91412511546 1.19134518138 -64.79985271892 0.00185895949   -2 
  54 0.00000449883 0.00070003295 -4.8343137863 0.45610049042 0.00092748353 0.00791983803 0.74180954029 0.87641363692 0.89163275753 0.87798918231 0.93678296024 0.96012031451 0.91404758548 1.19123526367 -64.79983692008 0.00291688084   -2 
  55 0.00000449883 0.00069996282 -4.8320768148 0.45595245492 0.00092748136 0.00791983689 0.74178765825 0.87639796372 0.89154626520 0.87781099282 0.93647777519 0.95978161678 0.91383562577 1.19083915973 -64.79979035276 0.00165688628   -2 
  56 0.00000449883 0.00069999867 -4.8317197416 0.45591466170 0.00092748067 0.00791983665 0.74182793728 0.87634335841 0.89150619450 0.87779668395 0.93641112985 0.95970737994 0.91381639385 1.19073643218 -64.79977966546 0.00205705756   -2 
  57 0.00000449882 0.00069997062 -4.8314666141 0.45586470374 0.00092747950 0.00791983624 0.74188391640 0.87622523726 0.89142824982 0.87778676326 0.93631601575 0.95960216981 0.91380452253 1.19058083181 -64.79976560636 0.00084314929   -2 
  58 0.00000449882 0.00070000294 -4.8315922053 0.45583138787 0.00092747855 0.00791983581 0.74188558982 0.87615455127 0.89137975320 0.87780417092 0.93628452809 0.95956405097 0.91382682846 1.19050168617 -64.79976112743 0.00129189510   -2 
  59 0.00000449882 0.00070000047 -4.8318782887 0.45579491198 0.00092747736 0.00791983530 0.74186695461 0.87607887066 0.89132364649 0.87782368225 0.93625388076 0.95952616431 0.91385610757 1.19041492111 -64.79975627870 0.00073861403   -2 
  60 0.00000449882 0.00070001518 -4.8323292196 0.45574728786 0.00092747581 0.00791983478 0.74182870817 0.87601789765 0.89126729857 0.87784414344 0.93622763705 0.95949143819 0.91389367199 1.19032285173 -64.79975370815 0.00094219000   -2 
  61 0.00000449882 0.00070004587 -4.8326449801 0.45571685457 0.00092747484 0.00791983441  0.7418044149 0.87601888530 0.89125179483 0.87784773329 0.93622193940 0.95948177442 0.91391154508 1.19028563478 -64.79975078684 0.00123064037   -2 
  62 0.00000449882 0.00070005861 -4.8341524388 0.45559914131 0.00092747081 0.00791983294 0.74170028301 0.87606808778 0.89121251565 0.87783420009 0.93620719624 0.95945468474 0.91396424315 1.19016459640 -64.79973931784 0.00102937038   -2 
  63 0.00000449881 0.00070009925 -4.8360133782 0.45544941469 0.00092746582 0.00791983122 0.74164147851 0.87614101571 0.89119473134 0.87780196185 0.93619685559 0.95943359063 0.91400671558 1.19005196114 -64.79973279386 0.00146947290   -2 
  64 0.00000449880 0.00070010092 -4.8407794168 0.45506785549 0.00092745314 0.00791982680 0.74165884000 0.87626751190 0.89119561695 0.87769329849 0.93617222305 0.95939231898 0.91405014821 1.18983967249 -64.79970969677 0.00301338194   -2 
  65 0.00000449878 0.00070018236 -4.8452179049 0.45469088582 0.00092744097 0.00791982252 0.74172798388 0.87636571371 0.89121587877 0.87759947287 0.93615433959 0.95936016366   0.914075142 1.18966650087 -64.79968483266 0.00197296045   -2 
  66 0.00000449876 0.00070023559 -4.8516681556 0.45412505966 0.00092742301 0.00791981619 0.74186872878 0.87642308766 0.89125891739 0.87748398716 0.93612653711 0.95931511220 0.91406920880 1.18946473929 -64.79966498191 0.00239005923   -2 
  67 0.00000449876 0.00070018949 -4.8530287613 0.45398601060 0.00092741888 0.00791981471 0.74189448634 0.87637138556 0.89127194230 0.87748482211 0.93611811518 0.95930531288 0.91403387056 1.18946099751 -64.79964854534 0.00292006397   -2 
  68 0.00000449874 0.00070024833 -4.8584696949 0.45329175169 0.00092739999 0.00791980780 0.74203247013 0.87602996599 0.89136848806 0.87759092771 0.93609464086 0.95927929751 0.91379121499 1.18958228011 -64.79957547791 0.00160192925   -2 
  69 0.00000449874 0.00070021791 -4.8574875957 0.45335384874 0.00092740210 0.00791980860 0.74190363513 0.87615437855 0.89131268738 0.87759651503 0.93607698767 0.95926429006 0.91376058599 1.18960713744 -64.79955694998 0.00188691004   -2 
  70 0.00000449874 0.00070024473 -4.8571408953 0.45336295116 0.00092740259 0.00791980880 0.74187144510 0.87619140089 0.89129559393 0.87760280943 0.93607052307 0.95925853173 0.91374213221 1.18962233394 -64.79955142337 0.00080765657   -2 
  71 0.00000449874 0.00070020882 -4.8557866066 0.45332135075 0.00092740265 0.00791980855 0.74180883325 0.87620157897 0.89118552457 0.87763951588 0.93599628057 0.95919056111 0.91353379965 1.18974001562 -64.79953686086 0.00119812832   -2 
  72 0.00000449874 0.00070022812 -4.8556952479 0.45331531813 0.00092740254 0.00791980849 0.74181899553 0.87619269976 0.89118425313 0.87763871275 0.93599147413 0.95918540272 0.91351942888 1.18974435847 -64.79953448033 0.00081031470   -2 
  73 0.00000449874 0.00070021507 -4.8554928111 0.45328580924 0.00092740145 0.00791980795 0.74188991407 0.87609468118 0.89118794935 0.87760776380 0.93595915951 0.95914992064 0.91344518063 1.18973633970 -64.79952829226 0.00035254169   -2 
  74 0.00000449874 0.00070021696 -4.8555299769 0.45328830656 0.00092740152 0.00791980802 0.74187459008 0.87611065787 0.89118821815 0.87761028036 0.93596323633 0.95915388065 0.91345486680 1.18973485431 -64.79952805744 0.00028439235   -2 
  75 0.00000449874 0.00070021159 -4.8556175366 0.45324467622 0.00092739940 0.00791980713 0.74183118318 0.87609327819 0.89120412518 0.87756098799 0.93593921591 0.95912020808 0.91340671108 1.18967787310 -64.79952559114 0.00095676267   -2 
  76 0.00000449873 0.00070023239 -4.8556880699 0.45319742114 0.00092739717 0.00791980619 0.74179553205 0.87607839471 0.89121859560 0.87751305765 0.93591517985 0.95908631908 0.91335837947 1.18962028348 -64.79952356292 0.00043518210   -2 
  77 0.00000449873 0.00070024578 -4.8559641652 0.45312774202 0.00092739346 0.00791980511 0.74185541013 0.87605315845 0.89115576516 0.87748153981 0.93587214227 0.95903649026 0.91330302459 1.18954732334 -64.79951978895 0.00090994334   -2 
  78 0.00000449873 0.00070023230 -4.8560256364 0.45311940209 0.00092739295 0.00791980495 0.74185663936 0.87604993620 0.89114674103 0.87747919728 0.93586662980 0.95903045160 0.91329704345 1.18953889185 -64.79951873922 0.00033766351   -2 
  79 0.00000449873 0.00070024349 -4.8563759485 0.45306827327 0.00092739022 0.00791980398 0.74180152485 0.87606900628 0.89112368147 0.87750706962 0.93585732862 0.95902197752 0.91329600499 1.18953228603 -64.79951604548 0.00029980447   -2 
  80 0.00000449872 0.00070024484 -4.8565431179 0.45304600532 0.00092738898 0.00791980352 0.74178346219 0.87607426589 0.89111474069 0.87751741197 0.93585294690 0.95901811996 0.91329523575 1.18952904609 -64.79951581202 0.00039524321   -2 
  81 0.00000449872 0.00070023543 -4.8573841305 0.45296134099 0.00092738355 0.00791980152 0.74185796565 0.87603571287 0.89111027789 0.87751548493 0.93583356683 0.95900283389 0.91328741679 1.18951365218 -64.79951114095 0.00070586000   -2 
  82 0.00000449872 0.00070024495 -4.8577528267 0.45292206136 0.00092738109 0.00791980063 0.74188742335 0.87602346281 0.89111127967 0.87751418786 0.93582643990 0.95899696030 0.91328430806 1.18950727086 -64.79951025173 0.00050207890   -2 
  83 0.00000449871 0.00070026406 -4.8583285806 0.45286051176 0.00092737722 0.00791979903 0.74180855994 0.87607216143 0.89113865354 0.87749689953 0.93583145991 0.95899421330 0.91327718664 1.18949816447 -64.79950509321 0.00066586719   -2 
  84 0.00000449871 0.00070025452 -4.8582975751 0.45286554264 0.00092737749 0.00791979917 0.74181658197 0.87606599742 0.89113491390 0.87749728213 0.93583048005 0.95899387003 0.91327709726 1.18949779897 -64.79950463595 0.00021823238   -2 
  85 0.00000449871 0.00070025547 -4.8585029728 0.45284866368 0.00092737605 0.00791979871 0.74185553834 0.87604948048 0.89112320531 0.87748525139 0.93582821814 0.95898924173 0.91326802769 1.18948086261 -64.79950374062 0.00024301616   -2 
  86 0.00000449871 0.00070025336 -4.8584894026 0.45284904682 0.00092737613 0.00791979870 0.74183997571 0.87605511179 0.89112629983 0.87748766351 0.93582864576 0.95898961104 0.91326923598 1.18948353995 -64.79950354617 0.00022125697   -2 
  87 0.00000449871 0.00070025860 -4.8585044639 0.45284603174 0.00092737595 0.00791979862 0.74183374265 0.87605821751 0.89112774817 0.87748834738 0.93582905584 0.95898957338 0.91326902325 1.18948331286 -64.79950341011 0.00023397004   -2 
  88 0.00000449871 0.00070025764 -4.8586643125 0.45282778226 0.00092737468 0.00791979803 0.74180896540 0.87606605961 0.89112989568 0.87748734658 0.93582855612 0.95898691299 0.91326418061 1.18947620266 -64.79950293455 0.00029675629   -2 
  89 0.00000449871 0.00070027169 -4.8589560812 0.45279300267 0.00092737225 0.00791979689 0.74179267247 0.87607183702 0.89113065501 0.87748364434 0.93582690683 0.95898053549 0.91325437106 1.18946236144 -64.79950228151 0.00061735389   -2 
  90 0.00000449869 0.00070028515 -4.8609083522 0.45257696670 0.00092735667 0.00791978964 0.74172680502 0.87608092372 0.89112049664 0.87745129238 0.93580731037 0.95893381499 0.91318778766 1.18936721964 -64.79949835937 0.00094533311   -2 
  91 0.00000449866 0.00070035750 -4.8646809650 0.45215186939 0.00092732603 0.00791977537 0.74169878370 0.87606994082 0.89108883111 0.87738576692 0.93575897981 0.95884038354 0.91305908713 1.18918428291 -64.79948994743 0.00188595631   -2 
  92 0.00000449858 0.00070043880 -4.8735842567 0.45116562131 0.00092725439 0.00791974212 0.74166941108 0.87601717311 0.89099923716 0.87722656878 0.93563162343 0.95861526531 0.91275743116 1.18875644295 -64.79947493217 0.00127171820   -2 
  93 0.00000449857 0.00070040988 -4.8745609101 0.45105425973 0.00092724608 0.00791973828 0.74173942034 0.87598337124 0.89097231063 0.87721042646 0.93559044685 0.95858440446 0.91273282285 1.18872035713 -64.79946655985 0.00183121016   -2 
  94 0.00000449856 0.00070043242 -4.8753533918 0.45095024798 0.00092723854 0.00791973483 0.74182517618 0.87595506418 0.89094949742 0.87720144279 0.93554830472 0.95855859042 0.91271718778 1.18869684661 -64.79945914144 0.00030526451   -2 
  95 0.00000449856 0.00070042088 -4.8753489013 0.45088944653 0.00092723410 0.00791973281 0.74182548004 0.87597449909 0.89094293054 0.87723551836 0.93546292810 0.95855206918 0.91276977305 1.18876721140 -64.79945649085 0.00011065607   -2 
  96 0.00000449856 0.00070041905 -4.8753502517 0.45088915564 0.00092723397 0.00791973275 0.74182463957 0.87597376884 0.89094321268 0.87723492487 0.93546316336 0.95855185656 0.91277046163 1.18876777524 -64.79945647311 0.00006908231    0 
-- Found new optimum with likelihood -64.799456473117743 and gradient 0.00007

---- Best joint likelihood found -64.799456473117743 with gradient 0.00007

---- Results for /scratch/40840278/tmpa5_eaq1p 
--  Model: C
--        eps_an     theta_bar             a 
-- 0.00000449856 0.00070041905            -1 
--           S_d             b           p_b           S_b 
-- -4.8753502517 0.45088915564 0.00092723397 0.00791973275 
--           r 2           r 3           r 4           r 5           r 6           r 7           r 8           r 9 
-- 0.74182463957 0.87597376884 0.89094321268 0.87723492487 0.93546316336 0.95855185656 0.91277046163 1.18876777524 

---- Expected P_neut(i), 0 < i < n (neutral SFS per site) 
E[P_neut(1)] = 0.0007004163
E[P_neut(2)] = 0.0002597932
E[P_neut(3)] = 0.0002045158
E[P_neut(4)] = 0.0001560082
E[P_neut(5)] = 0.0001228864
E[P_neut(6)] = 0.0001092029
E[P_neut(7)] = 0.0000959131
E[P_neut(8)] = 0.0000799160
E[P_neut(9)] = 0.0000925178

---- Expected P_sel(i), 0 < i < n (selected SFS per site) 
E[P_sel(1)] = 0.0005631904
E[P_sel(2)] = 0.0001795224
E[P_sel(3)] = 0.0001264357
E[P_sel(4)] = 0.0000884945
E[P_sel(5)] = 0.0000650351
E[P_sel(6)] = 0.0000545484
E[P_sel(7)] = 0.0000456007
E[P_sel(8)] = 0.0000363924
E[P_sel(9)] = 0.0000405521

---- alpha_dfe = 0.002268

