---- Running command
---- ./polyDFE -d /scratch/40840268/tmpq2p46hgo -m C -i /scratch/40840268/tmpinbdj0aw 1 -v 1 
---- Performing inference using model C

---- Performing inference on /scratch/40840268/tmpq2p46hgo
----      with -i /scratch/40840268/tmpinbdj0aw 1
---- Data /scratch/40840268/tmpq2p46hgo does not contain divergence counts. Using option -w.
---- No mutation variability. Using Poisson likelihood.


---- Using provided initial values

-- Starting local optimization
-- Optimizing all parameters
  it        eps_an     theta_bar           S_d             b           p_b           S_b           r 2           r 3           r 4           r 5           r 6           r 7           r 8           r 9           ln lk          grad status 
   0 0.00000449946   0.000731729 -15.495060000     0.1773756  0.0009289272   0.007920217      0.756295     0.8118638     0.8203224     0.7703739     0.7596918     0.7652355     0.8437457      1.011566 -75.18689800081 0.86168050466   -2 
   1 0.00000449946 0.00071812098 -15.500078417 0.17738775992 0.00092892701 0.00792021708 0.75479696588 0.80837079402 0.81984121317 0.77189862817 0.76150049441 0.76357098978 0.84325355227 1.01005023445 -74.30169774425 0.28344262413   -2 
   2 0.00000449946 0.00070336204 -15.251507291 0.17212905171 0.00092898678 0.00792021951 0.75860403053 0.78388549014 0.82510386232 0.79769160970 0.78935174720 0.74911564560 0.84273310795 0.99858114918 -73.25901425278 0.67776129445   -2 
   3 0.00000449946 0.00070829053 -15.027813705 0.16761261333 0.00092903973 0.00792022160 0.76347277865 0.76910844823 0.83009127607 0.81814957632 0.81164319203 0.73871989659 0.84285567662 0.99047407143 -72.44082428104 0.11946850744   -2 
   4 0.00000449946 0.00070928398 -14.897909674 0.16525988418 0.00092906849 0.00792022277 0.76188042707 0.77506154523 0.82997976576 0.82252212028 0.81948544044 0.73319408076 0.84224374234 0.98553958258 -72.32933616939 0.23520245382   -2 
   5 0.00000449946 0.00070281692 -14.754718046 0.16273564681 0.00092910011 0.00792022412 0.75872411473 0.78318700717 0.82879529735 0.82593284954 0.82756822850 0.72641262281 0.84108027733 0.97922461988 -72.19407353537 0.06105699569   -2 
   6 0.00000449946 0.00070243612 -14.641050338 0.16121080377 0.00092912114 0.00792022523 0.76115998755 0.79074952614 0.82651912099 0.81987451364 0.82531084706 0.72331167090 0.83963011168 0.97544403347 -72.14495373406 0.08724737318   -2 
   7 0.00000449946 0.00070065387 -14.611993759 0.16087241813 0.00092912615 0.00792022559 0.76154316203 0.79204906973 0.82576400874 0.81772587104 0.82405419389 0.72255010903 0.83910847120 0.97439653047 -72.13235589674 0.04254345025   -2 
   8 0.00000449946 0.00070146983 -14.487092612 0.15973793423 0.00092914509 0.00792022728 0.76244475923 0.78900388780 0.82410906105 0.80784193117 0.81477824181 0.72174018125 0.83694572339 0.97183809508 -72.09858005398 0.04582968472   -2 
   9 0.00000449946 0.00070074994 -14.472727837 0.15964999584 0.00092914701 0.00792022755 0.76175683921 0.78799086658 0.82381804977 0.80690586373 0.81354747182 0.72167691112 0.83655685875 0.97151003352 -72.09419185792 0.03804142514   -2 
  10 0.00000449947 0.00070212013 -14.422522188 0.15937057977 0.00092915360 0.00792022855 0.75813843652 0.78376513677 0.82308325476 0.80564634979 0.81011961131 0.72175497969 0.83520046578 0.97072156966 -72.08230038569 0.01261165317   -2 
  11 0.00000449947 0.00070219199 -14.412305731 0.15934636566 0.00092915475 0.00792022880 0.75739846858 0.78291833030 0.82274873535 0.80569227654 0.80954662882 0.72170172621 0.83478428109 0.97047222554 -72.08183499958 0.01135687558   -2 
  12 0.00000449947 0.00070271431 -14.398390173 0.15941362730 0.00092915579 0.00792022942 0.75723463341 0.78252882158 0.82171957216 0.80693221607 0.80956318661 0.72133656552 0.83379704410 0.96983676186 -72.08037568936 0.02366943690   -2 
  13 0.00000449947 0.00070245078 -14.388168882 0.15950048650 0.00092915635 0.00792023002 0.75708662519 0.78225321976 0.82085558858 0.80791650345 0.80961359844 0.72099352579 0.83295578610 0.96927550066 -72.07920856412 0.00620987065   -2 
  14 0.00000449947 0.00070254530 -14.374321794 0.15963056476 0.00092915719 0.00792023108 0.75749744847 0.78275951318 0.82061092458 0.80853142326 0.81002753513 0.72057540261 0.83219567533 0.96872942092 -72.07870314262 0.00892163579   -2 
  15 0.00000449948 0.00070237262 -14.369602873 0.15968440545 0.00092915743 0.00792023147 0.75758789766 0.78292830997 0.82060639142 0.80865470905 0.81017446362 0.72044558139 0.83198007815 0.96856966617 -72.07855354410 0.00549540724   -2 
  16 0.00000449948 0.00070239944 -14.344947807 0.15990680858 0.00092915929 0.00792023375 0.75780927267 0.78368491735 0.82141133973 0.80860663842 0.81090458006 0.72014310294 0.83159383522 0.96828979365 -72.07805602877 0.00761267849   -2 
  17 0.00000449948 0.00070223053 -14.337224935 0.15998068641 0.00092915988 0.00792023449 0.75780752229 0.78380247421 0.82165121229 0.80854734397 0.81109041527 0.72010120447 0.83156108197 0.96827184514 -72.07792390205 0.00658571896   -2 
  18 0.00000449950 0.00070228847 -14.280947112 0.16042455106 0.00092916478 0.00792023965 0.75772001929 0.78392469136 0.82317439335 0.80808413785 0.81208779862 0.72029833564 0.83206542988 0.96876914647 -72.07717276939 0.00870818797   -2 
  19 0.00000449950 0.00070203213 -14.258973321 0.16059851788 0.00092916674 0.00792024158 0.75770608203 0.78381782929 0.82342061880 0.80799996358 0.81230327175 0.72046846759 0.83237602617 0.96906207157 -72.07686741912 0.01297860106   -2 
  20 0.00000449955 0.00070206095 -14.065812116 0.16199226810 0.00092918498 0.00792025814 0.75817640709 0.78288045775 0.82447799489 0.80789980143 0.81366869268 0.72231218370 0.83546007796 0.97198073599 -72.07436836665 0.01262949242   -2 
  21 0.00000449958 0.00070152505 -13.968295186 0.16268884356 0.00092919441 0.00792026648 0.75833133373 0.78296643541 0.82432788701 0.80828524580 0.81397925323 0.72318468615 0.83679110593 0.97328827383 -72.07332539600 0.02354069246   -2 
  22 0.00000449964 0.00070146702 -13.709790644 0.16447353052 0.00092922026 0.00792028858 0.75892500501 0.78383651600 0.82370304030 0.80973182022 0.81463083139 0.72544854805 0.84010647330 0.97661567625 -72.07057289498 0.01307648440   -2 
  23 0.00000449968 0.00070075719 -13.559353535 0.16548378942 0.00092923587 0.00792030141 0.75902311952 0.78503053334 0.82348138045 0.81098111064 0.81476055853 0.72634743975 0.84116765635 0.97786499810 -72.06917005683 0.02326519857   -2 
  24 0.00000449972 0.00070076225 -13.397225072 0.16652928256 0.00092925320 0.00792031517 0.75923576372 0.78647359319 0.82348818943 0.81243994312 0.81492122152 0.72718729444 0.84203500972 0.97900029245 -72.06764293808 0.01336754406   -2 
  25 0.00000449978 0.00069967197 -13.142055962 0.16812967535 0.00092928154 0.00792033703 0.75953739047 0.78805251700 0.82475739012 0.81455398170 0.81533461278 0.72770662556 0.84192546019 0.97957572753 -72.06530455681 0.02733311272   -2 
  26 0.00000449982 0.00069980401 -13.002546650 0.16897403716 0.00092929756 0.00792034904 0.75984384055 0.78873349355 0.82567049312 0.81562300002 0.81568158278 0.72792149107 0.84174217071 0.97979152965 -72.06369858152 0.01545229632   -2 
  27 0.00000449989 0.00069895784 -12.742165890 0.17056331393 0.00092932839 0.00792037193 0.76032269617 0.78848098897 0.82776224077 0.81671895671 0.81675464165 0.72796734026 0.84092270459 0.97973607461 -72.06115566342 0.01432573793   -2 
  28 0.00000449991 0.00069895087 -12.643215428 0.17115652934 0.00092934049 0.00792038075 0.76049344520 0.78824848207 0.82850117287 0.81696500669 0.81725082579 0.72797879018 0.84064143100 0.97972382332 -72.06069340262 0.01032713705   -2 
  29 0.00000449994 0.00069867470 -12.539165724 0.17173420801 0.00092935446 0.00792039027 0.75998091342 0.78701290147 0.82816840713 0.81569076503 0.81820925583 0.72794512645 0.84071334364 0.97981644404 -72.05908388725 0.02039589024   -2 
  30 0.00000449995 0.00069900918 -12.493168099 0.17196597382 0.00092936090 0.00792039451 0.75979409416 0.78654093995 0.82795580257 0.81508291800 0.81863593383 0.72794111043 0.84079847121 0.97988536110 -72.05837334337 0.00548851233   -2 
  31 0.00000449996 0.00069895382 -12.460681998 0.17208985382 0.00092936681 0.00792039825 0.75947482371 0.78681193415 0.82696563062 0.81428476302 0.81853646954 0.72787891352 0.84113781964 0.97996938081 -72.05790625190 0.00484416328   -2 
  32 0.00000449996 0.00069902881 -12.457722164 0.17209408939 0.00092936749 0.00792039865 0.75947389826 0.78685594073 0.82688259324 0.81423113380 0.81849691124 0.72787059538 0.84117940426 0.97997706198 -72.05787229984 0.00223942850   -2 
  33 0.00000449997 0.00069894618 -12.450056542 0.17207386640 0.00092937060 0.00792040019 0.75958799452 0.78702900755 0.82666245929 0.81421912543 0.81800736397 0.72777728790 0.84136452680 0.97994453828 -72.05779112375 0.00162943827   -2 
  34 0.00000449997 0.00069898163 -12.450041122 0.17206805481 0.00092937083 0.00792040028 0.75957994221 0.78700760633 0.82670124265 0.81424406761 0.81799744014 0.72777460567 0.84136461056 0.97994083979 -72.05778352745 0.00190510755   -2 
  35 0.00000449997 0.00069894690 -12.450105223 0.17203913059 0.00092937239 0.00792040109 0.75950041443 0.78686074652 0.82690694058 0.81438028097 0.81790580248 0.72774529662 0.84136131175 0.97990386190 -72.05775784263 0.00067500790   -2 
  36 0.00000449997 0.00069895147 -12.450091847 0.17204219069 0.00092937225 0.00792040101 0.75951465921 0.78688319513 0.82687653092 0.81436171415 0.81791548639 0.72774806650 0.84136155850 0.97990744438 -72.05775713871 0.00054420728   -2 
  37 0.00000449997 0.00069891065 -12.450042140 0.17201984937 0.00092937401 0.00792040172 0.75956820689 0.78691099255 0.82685140578 0.81437826327 0.81783973987 0.72771592489 0.84135619543 0.97987687827 -72.05775135031 0.00134284566   -2 
  38 0.00000449998 0.00069891976 -12.449975323 0.17200501860 0.00092937513 0.00792040220 0.75959778614 0.78692918397 0.82683975741 0.81438887240 0.81779804552 0.72769804938 0.84135400269 0.97985935286 -72.05774811978 0.00047240661   -2 
  39 0.00000449998 0.00069891251 -12.450295406 0.17196109123 0.00092937920 0.00792040466 0.75950967259 0.78692526995 0.82682764663 0.81438796243 0.81773235363 0.72765633376 0.84134074982 0.97980345965 -72.05774234435 0.00037827947   -2 
  40 0.00000449999 0.00069892018 -12.451618684 0.17192857747 0.00092938407 0.00792040796 0.75953226724 0.78682509268 0.82679321926 0.81431456590 0.81773273817 0.72762313869 0.84129541854 0.97974869153 -72.05773783990 0.00044846691   -2 
  41 0.00000450000 0.00069891285 -12.451976319 0.17192292164 0.00092938510 0.00792040864 0.75953038494 0.78681216093 0.82678531280 0.81429995115 0.81773251393 0.72761642945 0.84128485340 0.97973601768 -72.05773741759 0.00044428942   -2 
  42 0.00000450001 0.00069894413 -12.454681300 0.17188987386 0.00092939201 0.00792041294 0.75948811486 0.78680966931 0.82674199934 0.81422470682 0.81773251506 0.72757957720 0.84121487232 0.97966047746 -72.05773395495 0.00096916755   -2 
  43 0.00000450002 0.00069893940 -12.456519175 0.17187010507 0.00092939646 0.00792041573 0.75945884069 0.78680901821 0.82671390770 0.81417990696 0.81772866328 0.72755566430 0.84117020149 0.97961264616 -72.05773190249 0.00038268107   -2 
  44 0.00000450002 0.00069893940 -12.456519175 0.17187010507 0.00092939646 0.00792041573 0.75945884069 0.78680901821 0.82671390770 0.81417990696 0.81772866328 0.72755566430 0.84117020149 0.97961264616 -72.05773190249 0.00038268107   -5 
  45 0.00000450002 0.00069892837 -12.458247489 0.17187297178 0.00092939871 0.00792041748 0.75952858300 0.78682570112 0.82674456253 0.81427255475 0.81766688633 0.72755839952 0.84118770201 0.97965250632 -72.05772745067 0.00039526411   -2 
  46 0.00000450002 0.00069893830 -12.458415047 0.17187258365 0.00092939899 0.00792041771 0.75952149219 0.78682973060 0.82674765328 0.81427512962 0.81766903818 0.72756054263 0.84119072159 0.97965443119 -72.05772693488 0.00046626985   -2 
  47 0.00000450003 0.00069894896 -12.459263268 0.17187182369 0.00092940031 0.00792041864 0.75948143496 0.78684409270 0.82675829188 0.81428184739 0.81767988139 0.72756956534 0.84120343614 0.97966213019 -72.05772567900 0.00068416901   -2 
  48 0.00000450003 0.00069894034 -12.459592821 0.17187190238 0.00092940080 0.00792041902 0.75947033325 0.78684631058 0.82676004868 0.81428233121 0.81768317819 0.72757212223 0.84120704630 0.97966434098 -72.05772503856 0.00029562302   -2 
  49 0.00000450003 0.00069894034 -12.459592821 0.17187190238 0.00092940080 0.00792041902 0.75947033325 0.78684631058 0.82676004868 0.81428233121 0.81768317819 0.72757212223 0.84120704630 0.97966434098 -72.05772503856           NAN   -8 
  50 0.00000450003 0.00069894824 -12.459940901 0.17187098525 0.00092940143 0.00792041945 0.75949601369 0.78683995590 0.82675655365 0.81427739578 0.81768665816 0.72757342982 0.84120812972 0.97967059207 -72.05772436251 0.00058034891   -2 
  51 0.00000450003 0.00069893743 -12.460260569 0.17187073390 0.00092940195 0.00792041983 0.75950977071 0.78683442613 0.82675306697 0.81427296158 0.81768868049 0.72757402233 0.84120861438 0.97967310530 -72.05772368176 0.00024277155   -2 
  52 0.00000450003 0.00069893743 -12.460260569 0.17187073390 0.00092940195 0.00792041983 0.75950977071 0.78683442613 0.82675306697 0.81427296158 0.81768868049 0.72757402233 0.84120861438 0.97967310530 -72.05772368176 0.00024277155   -8 
  53 0.00000450003 0.00069894356 -12.460364627 0.17187016679 0.00092940217 0.00792041999 0.75950775109 0.78683618315 0.82675402306 0.81427325873 0.81768991996 0.72757478686 0.84120941842 0.97967124136 -72.05772351822 0.00029112019   -2 
  54 0.00000450003 0.00069894356 -12.460364627 0.17187016679 0.00092940217 0.00792041999 0.75950775109 0.78683618315 0.82675402306 0.81427325873 0.81768991996 0.72757478686 0.84120941842 0.97967124136 -72.05772351822           NAN   -8 
  55 0.00000450003 0.00069893855 -12.460442937 0.17187010761 0.00092940230 0.00792042008 0.75950566616 0.78683615056 0.82675383737 0.81427290193 0.81769013171 0.72757488116 0.84120953540 0.97967093570 -72.05772337337 0.00022200963   -2 
  56 0.00000450003 0.00069893855 -12.460442937 0.17187010761 0.00092940230 0.00792042008 0.75950566616 0.78683615056 0.82675383737 0.81427290193 0.81769013171 0.72757488116 0.84120953540 0.97967093570 -72.05772337337           NAN   -8 
  57 0.00000450003 0.00069893855 -12.460442937 0.17187010761 0.00092940230 0.00792042008 0.75950566616 0.78683615056 0.82675383737 0.81427290193 0.81769013171 0.72757488116 0.84120953540 0.97967093570 -72.05772337337 0.00022200963   -5 
  58 0.00000450003 0.00069893855 -12.460442937 0.17187010761 0.00092940230 0.00792042008 0.75950566616 0.78683615056 0.82675383737 0.81427290193 0.81769013171 0.72757488116 0.84120953540 0.97967093570 -72.05772337337 0.00022200963   -3 
-- Local optimization: stuck in the same solution
-- Found new optimum with likelihood -72.057723373375609 and gradient 0.00022

---- Best joint likelihood found -72.057723373375609 with gradient 0.00022

---- Results for /scratch/40840268/tmpq2p46hgo 
--  Model: C
--        eps_an     theta_bar             a 
-- 0.00000450003 0.00069893855            -1 
--           S_d             b           p_b           S_b 
-- -12.460442937 0.17187010761 0.00092940230 0.00792042008 
--           r 2           r 3           r 4           r 5           r 6           r 7           r 8           r 9 
-- 0.75950566616 0.78683615056 0.82675383737 0.81427290193 0.81769013171 0.72757488116 0.84120953540 0.97967093570 

---- Expected P_neut(i), 0 < i < n (neutral SFS per site) 
E[P_neut(1)] = 0.0006989357
E[P_neut(2)] = 0.0002654230
E[P_neut(3)] = 0.0001833162
E[P_neut(4)] = 0.0001444623
E[P_neut(5)] = 0.0001138253
E[P_neut(6)] = 0.0000952527
E[P_neut(7)] = 0.0000726477
E[P_neut(8)] = 0.0000734951
E[P_neut(9)] = 0.0000760839

---- Expected P_sel(i), 0 < i < n (selected SFS per site) 
E[P_sel(1)] = 0.0005364144
E[P_sel(2)] = 0.0001812204
E[P_sel(3)] = 0.0001170516
E[P_sel(4)] = 0.0000881476
E[P_sel(5)] = 0.0000671293
E[P_sel(6)] = 0.0000546717
E[P_sel(7)] = 0.0000407665
E[P_sel(8)] = 0.0000404526
E[P_sel(9)] = 0.0000411756

---- alpha_dfe = 0.001774

