---- Running command
---- ./polyDFE -d /scratch/40841697/tmpemtlte4c -m C -i /scratch/40841697/tmphzhfju4f 1 -v 1 
---- Performing inference using model C

---- Performing inference on /scratch/40841697/tmpemtlte4c
----      with -i /scratch/40841697/tmphzhfju4f 1
---- Data /scratch/40841697/tmpemtlte4c does not contain divergence counts. Using option -w.
---- No mutation variability. Using Poisson likelihood.


---- Using provided initial values

-- Starting local optimization
-- Optimizing all parameters
  it        eps_an     theta_bar           S_d             b           p_b           S_b           r 2           r 3           r 4           r 5           r 6           r 7           r 8           r 9          r 10          r 11          r 12          r 13          r 14          r 15          r 16          r 17          r 18          r 19          r 20          r 21          r 22          r 23          r 24          r 25          r 26          r 27          r 28          r 29           ln lk          grad status 
   0 0.00000450268  0.0009259123 -45.463749999     0.1287808   0.009184894     0.1083917     0.5642878      0.496756     0.4953868     0.4840476     0.4906511     0.4906073     0.5437098     0.5553355     0.5124802     0.5092361     0.6175192     0.5977393     0.4504409      0.522028     0.3860458     0.4756257     0.5506624     0.3834732      0.531485     0.4975372     0.5880576     0.5381713     0.7063446     0.5665509     0.6574706     0.6611074     0.9643355       1.73894 -216.6102610867 1.39587775508   -2 
   1 0.00000450267 0.00094361229 -45.361698440 0.12813087938 0.00918581327 0.10839213571 0.56763702344 0.49631979829 0.49604029505 0.48632694029 0.48978850636 0.49154329997 0.54331576873 0.55621963138 0.51180748811 0.50841865511 0.61760735995 0.59662649102 0.45124084987 0.52263666068 0.38593014307 0.47527608253 0.55018430735 0.38439430019 0.53218078937 0.49702759719 0.58771987417 0.53770283016 0.70703738185 0.56622406681 0.65886770613 0.66251113233 0.96420787403 1.73682469586 -215.0242855421 0.65780303736   -2 
   2 0.00000450267 0.00092079883 -44.441743813 0.12131122136 0.00919561330 0.10839765097 0.62452333067 0.47065430215 0.50245356241 0.54195984122 0.46047614491 0.51126526355 0.52664315735 0.57471470127 0.48957044869 0.48284613939 0.61481879953 0.56277748542 0.47110651045 0.53645616448 0.38121324313 0.46364049907 0.53458090728 0.40914178297 0.54922154705 0.48137534052 0.57606966755 0.52302444240 0.72296785684 0.55531473037 0.69553889553 0.69945651578 0.95592448017 1.66766132681 -207.0776205423 0.55100712507   -2 
   3 0.00000450267 0.00090450301 -44.077235917 0.11830532209 0.00920014517 0.10840090814 0.59448858007 0.47414791486 0.50596811524 0.56123930281 0.45019449790 0.52124525090 0.51986523316 0.58484063084 0.47837144314 0.46931049336 0.61390492390 0.54456047762 0.48412831077 0.54542146371 0.37828546690 0.45646449295 0.52507892806 0.42676169062 0.56077786371 0.47135210968 0.56873772912 0.51356523354 0.73364998774 0.54822981644 0.72088818874 0.72512268964 0.95097911687 1.62908697060 -204.1946965435 1.25948710251   -2 
   4 0.00000450267 0.00091887701 -43.786243004 0.11615483235 0.00920347458 0.10840313340 0.57792616215 0.47781801641 0.50839360519 0.57215179826 0.44470332450 0.52746263811 0.51614555135 0.59124067334 0.47179035123 0.46125964558 0.61354751773 0.53369108863 0.49258934596 0.55123444392 0.37648561941 0.45203793742 0.51923514560 0.43845487734 0.56831901686 0.46511351380 0.56419622462 0.50766655193 0.74060837049 0.54380474966 0.73755835906 0.74201849602 0.94801318955 1.60585962674 -202.4403235351 0.28923346687   -2 
   5 0.00000450267 0.00092743521 -43.606243927 0.11511502848 0.00920515622 0.10840429896 0.57917829740 0.49170681473 0.50315600690 0.55174960628 0.44284887438 0.52927684886 0.51118981338 0.59598110990 0.45973881877 0.44544359258 0.61084291460 0.51192123926 0.51021738404 0.56228292752 0.37124530326 0.44046942736 0.50440215247 0.46901685265 0.58556513449 0.44852917896 0.55177307033 0.49171425917 0.75545309325 0.53135333011 0.77841423552 0.78396885125 0.93836183759 1.55528232768 -200.7837924434 0.80047623775   -2 
   6 0.00000450267 0.00091769422 -43.602097756 0.11509950584 0.00920519395 0.10840440926 0.57979167031 0.49518375966 0.50106769426 0.54438432351 0.44245630726 0.52925051770 0.50962516043 0.59695136133 0.45598348228 0.44051085982 0.60979372050 0.50514807445 0.51582466787 0.56568396758 0.36948125733 0.43668095556 0.49957715081 0.47940152852 0.59115259299 0.44312433601 0.54766630169 0.48648717668 0.76015813450 0.52722401069 0.79201466191 0.79797957963 0.93504559545 1.53922056047 -200.2082321249 0.19392395787   -2 
   7 0.00000450267 0.00092117926 -43.730618967 0.11607896851 0.00920364604 0.10840329489 0.59187939850 0.48691316220 0.49920484431 0.53409267112 0.44655454033 0.52403818745 0.51076557729 0.59277285177 0.45542040224 0.43871473262 0.60853909355 0.50221099327 0.51843717726 0.56675097191 0.36747898849 0.43292497031 0.49507811185 0.48958727157 0.59539007985 0.43719516518 0.54327697379 0.48064184975 0.76321516400 0.52242437850 0.80363422650 0.81040871431 0.93127969234 1.53086904314 -199.7881490502 0.17453825615   -2 
   8 0.00000450268 0.00091900839 -43.768660973 0.11632096386 0.00920325982 0.10840303989 0.59220158911 0.48541679242 0.49900495479 0.53286740199 0.44734655224 0.52300039220 0.51109428242 0.59182671670 0.45559542837 0.43872396146 0.60833995329 0.50212364378 0.51851684442 0.56668106209 0.36717158193 0.43239627542 0.49447240538 0.49098139257 0.59584723779 0.43630400040 0.54262929336 0.47975371083 0.76348173695 0.52167929143 0.80505299658 0.81198008448 0.93070821188 1.53037293175 -199.7493175737 0.15100480281   -2 
   9 0.00000450269 0.00092534575 -43.980210601 0.11761856700 0.00920116261 0.10840151989 0.58746072034 0.47704628466 0.49908411775 0.52849013625 0.45319783187 0.51619997406 0.51421842605 0.58513998638 0.45829761894 0.44053985297 0.60747853811 0.50381430985 0.51743564621 0.56522601226 0.36544168907 0.42964173532 0.49149118080 0.49843042104 0.59767802540 0.43120458642 0.53907004114 0.47462835270 0.76419771325 0.51731899193 0.81167196727 0.81965670768 0.92766942966 1.53245116924 -199.5611786203 0.09921662412   -2 
  10 0.00000450269 0.00092369296 -44.000740685 0.11770850932 0.00920100377 0.10840138531 0.58642881942 0.47737405371 0.49906414490 0.52885387795 0.45334297665 0.51585657336 0.51438762978 0.58467202129 0.45862862577 0.44087469368 0.60741258581 0.50422293263 0.51705551245 0.56491417573 0.36533332987 0.42952217070 0.49139672706 0.49865433261 0.59757140707 0.43090289921 0.53887886716 0.47431515989 0.76402206215 0.51703596822 0.81164263761 0.81971695588 0.92749819060 1.53326558237 -199.5434301677 0.11962996275   -2 
  11 0.00000450270 0.00092598898 -44.087375111 0.11798725522 0.00920042559 0.10840067352 0.58060933485 0.48119957602 0.49924038655 0.53243802803 0.45402608993 0.51410870825 0.51555155606 0.58192412611 0.46106403075 0.44342349476 0.60714135956 0.50737986300 0.51427419078 0.56271794405 0.36469945556 0.42891944191 0.49102935038 0.49970973905 0.59662467691 0.42908832965 0.53780232280 0.47241620808 0.76267401536 0.51530021192 0.81083288015 0.81950210935 0.92660282868 1.53980555898 -199.4594084025 0.06169076670   -2 
  12 0.00000450271 0.00092426260 -44.205200599 0.11826415813 0.00919974453 0.10839964424 0.58375984786 0.48447220764 0.49907047421 0.53668202822 0.45374286569 0.51281725146 0.51649084446 0.57910611196 0.46423162931 0.44704290278 0.60676969282 0.51202449754 0.50999443954 0.55941428650 0.36388319952 0.42832234664 0.49085932531 0.50020803751 0.59471720796 0.42679165456 0.53652815361 0.46997587214 0.76028034516 0.51301035962 0.80835295851 0.81782858666 0.92554675013 1.54953882663 -199.4021639322 0.09024183304   -2 
  13 0.00000450271 0.00092531467 -44.215446282 0.11826085844 0.00919971465 0.10839954555 0.58435891907 0.48470567015 0.49910722367 0.53711150838 0.45370641244 0.51275721822 0.51660602164 0.57886480316 0.46462160746 0.44750180798 0.60675722088 0.51261948396 0.50947656940 0.55902333865 0.36379016394 0.42826627469 0.49086343397 0.50025082481 0.59447535168 0.42651337147 0.53638688787 0.46967889440 0.75998593744 0.51273069178 0.80801867871 0.81759373262 0.92544928746 1.55080652169 -199.3951983721 0.03745902676   -2 
  14 0.00000450272 0.00092454034 -44.262806701 0.11813355698 0.00919974513 0.10839934687 0.58688944681 0.48260299497 0.49953636791 0.53674444864 0.45336183689 0.51359784290 0.51674523597 0.57923350011 0.46569772495 0.44899294158 0.60696037598 0.51465575628 0.50779886039 0.55783773394 0.36352927357 0.42823977856 0.49111567887 0.50007780048 0.59349842874 0.42559651090 0.53604606105 0.46868281600 0.75890069849 0.51177305459 0.80642901942 0.81633254753 0.92538478067 1.55530059170 -199.3788689437 0.03097209361   -2 
  15 0.00000450272 0.00092525278 -44.269881630 0.11806536923 0.00919981157 0.10839935407 0.58662377243 0.48226055000 0.49965658953 0.53647901799 0.45332280324 0.51388494973 0.51674775683 0.57949887956 0.46582153534 0.44921078483 0.60705083450 0.51497194442 0.50757345255 0.55769828330 0.36350116043 0.42827015145 0.49120504681 0.50000754778 0.59332953379 0.42545143198 0.53602130070 0.46852203039 0.75873001817 0.51161581469 0.80611678024 0.81606984194 0.92543716642 1.55602906663 -199.3762735441 0.04835527809   -2 
  16 0.00000450273 0.00092492892 -44.306974234 0.11785118917 0.00919999327 0.10839936230 0.58489740954 0.48103598654 0.50001118344 0.53530540159 0.45315608652 0.51495658761 0.51668800607 0.58055725169 0.46616658481 0.44991373453 0.60737596887 0.51602377277 0.50681191227 0.55723770728 0.36340493648 0.42839454365 0.49154497055 0.49970256871 0.59270727918 0.42493600559 0.53594664100 0.46794773271 0.75810961496 0.51105003331 0.80494406025 0.81506587414 0.92564204952 1.55845680784 -199.3680351231 0.01145602934   -2 
  17 0.00000450274 0.00092501829 -44.367650648 0.11767354735 0.00920006612 0.10839922957 0.58487835432 0.48224256041 0.49943223138 0.53427422309 0.45298196886 0.51536459270 0.51625738111 0.58146538038 0.46572564483 0.44979879290 0.60750246635 0.51608323728 0.50663154342 0.55718977626 0.36335605940 0.42856215081 0.49187578648 0.49916517869 0.59217932649 0.42456887447 0.53596271868 0.46751869664 0.75762637214 0.51060003749 0.80381836148 0.81399211005 0.92584273544 1.55854724072 -199.3649868914 0.01804908643   -2 
  18 0.00000450274 0.00092477348 -44.376715825 0.11765863812 0.00920006347 0.10839920714 0.58487954978 0.48232657045 0.49937296677 0.53418455768 0.45296089062 0.51539157885 0.51620613006 0.58154930687 0.46566747163 0.44977519081 0.60750928855 0.51607654624 0.50661458273 0.55718547006 0.36334953481 0.42858018427 0.49191148877 0.49909890550 0.59211731201 0.42452591681 0.53596339802 0.46746827170 0.75756903562 0.51054667163 0.80368644364 0.81386463006 0.92586076191 1.55852234257 -199.3647071255 0.00836293157   -2 
  19 0.00000450276 0.00092484099 -44.529496839 0.11743232790 0.00919998947 0.10839882199 0.58573581139 0.48178056470 0.49917892584 0.53428460442 0.45280093949 0.51522002747 0.51563307887 0.58206901696 0.46476093364 0.44920123923 0.60745410305 0.51562306793 0.50658399256 0.55724228550 0.36326453389 0.42881498660 0.49234968124 0.49813019830 0.59132414929 0.42396542943 0.53597907851 0.46680040783 0.75684035639 0.50982527174 0.80195969403 0.81214335006 0.92602842059 1.55727352268 -199.3624350419 0.01126694368   -2 
  20 0.00000450278 0.00092476295 -44.672983771 0.11725148873 0.00919989177 0.10839849465 0.58501425375 0.48139891961 0.49921401556 0.53452026861 0.45271205019 0.51497105295 0.51532356055 0.58213554285 0.46415898899 0.44875403558 0.60733663245 0.51521774669 0.50657342798 0.55726637321 0.36318725606 0.42896027984 0.49262405335 0.49739785550 0.59074521751 0.42353519978 0.53596569206 0.46628625879 0.75629631766 0.50926551031 0.80071190374 0.81088065820 0.92606939247 1.55614361454 -199.3609158848 0.02792901753   -2 
  21 0.00000450280 0.00092525592 -44.752679327 0.11714235539 0.00919984870 0.10839831883 0.58462630705 0.48122660216 0.49924674131 0.53465016487 0.45266890900 0.51483273748 0.51517291701 0.58214157078 0.46384842134 0.44851556152 0.60726731147 0.51499667485 0.50656798968 0.55727658968 0.36314411540 0.42903508872 0.49276581138 0.49700396221 0.59043579122 0.42330192365 0.53595555491 0.46600734904 0.75600406686 0.50896141923 0.80004659790 0.81020525621 0.92608221117 1.55552463359 -199.3600752643 0.00745059117   -2 
  22 0.00000450284 0.00092540649 -45.115819628 0.11683575144 0.00919945473 0.10839763162 0.58426065076 0.48191322995 0.49900370183 0.53400320554 0.45238731597 0.51404717357 0.51529519429 0.58034248746 0.46374752731 0.44803217703 0.60650861359 0.51427798906 0.50632034272 0.55689093994 0.36288475333 0.42886160206 0.49255368846 0.49615549779 0.58978200904 0.42267920453 0.53563121820 0.46526706546 0.75523880839 0.50813453455 0.79887973699 0.80892539527 0.92531129736 1.55328053028 -199.3573171678 0.02561852833   -2 
  23 0.00000450286 0.00092589299 -45.272999518 0.11669409948 0.00919929781 0.10839734391 0.58417151038 0.48217339782 0.49890517532 0.53373663441 0.45227119619 0.51372700836 0.51535070474 0.57958852821 0.46371796990 0.44783543444 0.60618684725 0.51397874055 0.50621173270 0.55672191124 0.36277276166 0.42878084357 0.49245251062 0.49580492554 0.58951176053 0.42241759228 0.53548846606 0.46495618262 0.75491852902 0.50778685396 0.79840374752 0.80840051198 0.92497210571 1.55234041898 -199.3565992544 0.01093174632   -2 
  24 0.00000450291 0.00092633464 -45.625904694 0.11633810750 0.00919902233 0.10839686154 0.58503401860 0.48094361761 0.49861759230 0.53343003566 0.45204494124 0.51352586365 0.51530617731 0.57876469787 0.46389797733 0.44768876631 0.60561516601 0.51361111911 0.50586317553 0.55623106003 0.36250830596 0.42841130944 0.49193429630 0.49546814848 0.58921424560 0.42204480102 0.53506850174 0.46452007681 0.75444691410 0.50728866920 0.79808787633 0.80798768763 0.92400942736 1.55101983721 -199.3537933123 0.02173061527   -2 
  25 0.00000450292 0.00092607476 -45.691627816 0.11627734631 0.00919896612 0.10839677487 0.58506323489 0.48073957970 0.49856468102 0.53338471609 0.45200328039 0.51350306730 0.51528321371 0.57865798311 0.46392843507 0.44766908392 0.60551932423 0.51355456156 0.50579546384 0.55613882793 0.36245947240 0.42833775763 0.49183125102 0.49542181908 0.58916851234 0.42198461189 0.53498823650 0.46445020024 0.75436749305 0.50720837283 0.79805203196 0.80793582849 0.92382914835 1.55080634108 -199.3533003615 0.01443069133   -2 
  26 0.00000450300 0.00092674106 -46.312845277 0.11560655213 0.00919857927 0.10839608577 0.58339274699 0.47972097139 0.49828785722 0.53334688707 0.45171631685 0.51365509039 0.51488048219 0.57860131960 0.46421310085 0.44766317600 0.60487100967 0.51327538479 0.50513277178 0.55528080738 0.36200953021 0.42755930420 0.49073965454 0.49529895314 0.58893779407 0.42158329414 0.53419522401 0.46399399242 0.75379700667 0.50667241654 0.79817144198 0.80793532725 0.92211711663 1.54948338045 -199.3490960862 0.01416713822   -2 
  27 0.00000450308 0.00092758404 -46.953933378 0.11499685245 0.00919808606 0.10839526449 0.58361040272 0.48035687223 0.49800877367 0.53318496614 0.45139703405 0.51366457409 0.51422960060 0.57898410401 0.46417017744 0.44761709459 0.60437991535 0.51307788359 0.50444909951 0.55446510136 0.36155974590 0.42675049693 0.48963930679 0.49531021201 0.58872952841 0.42128230696 0.53337543237 0.46366477912 0.75324311998 0.50627933479 0.79836508190  0.8080635601 0.92046670577 1.54837048571 -199.3454438813 0.05748393783   -2 
  28 0.00000450322 0.00092715195 -48.047842788 0.11403196209 0.00919719845 0.10839385842 0.58397433257 0.48141665400 0.49752271898 0.53286891537 0.45085200894 0.51363080250 0.51312804600 0.57960442401 0.46404845253 0.44751911914 0.60356591359 0.51274145409 0.50331170815 0.55311585246 0.36081167021 0.42540953854 0.48782160985 0.49532622218 0.58837057860 0.42078605110 0.53201234599 0.46312334662 0.75231065991 0.50563310733 0.79866262342 0.80825901801 0.91773747006 1.54649782647 -199.3396878917 0.01136349483   -2 
  29 0.00000450318 0.00092714614 -47.785293821 0.11433283809 0.00919730923 0.10839409003 0.58401375738 0.48071971284 0.49785606693 0.53293058156 0.45109212287 0.51346257360 0.51355485815 0.57925774303 0.46388806968 0.44746437374 0.60389229611 0.51282366486 0.50370108632 0.55360955434 0.36103849362 0.42584024650 0.48843924324 0.49529716673 0.58842072687 0.42094551578 0.53242343990 0.46330155004 0.75254639547 0.50584642873 0.79843040460 0.80808868599 0.91865738136 1.54700456208 -199.3387142009 0.00718288193   -2 
  30 0.00000450319 0.00092734385 -47.808814214 0.11432440871 0.00919727155 0.10839403302 0.58405690113 0.48075827837 0.49787830522 0.53292473510 0.45110523216 0.51342730256 0.51356481594 0.57924270413 0.46383503723 0.44744427655 0.60391366472 0.51282140624 0.50370851150 0.55362784262 0.36103644197 0.42584166157 0.48845054675 0.49529564027 0.58840633637 0.42094952836 0.53241818094 0.46330753985 0.75253312951 0.50585343134 0.79839899924 0.80806608064 0.91867450696 1.54699346353 -199.3385668754 0.01346858119   -2 
  31 0.00000450325 0.00092763726 -48.310030464 0.11428119936 0.00919629551 0.10839269688 0.58472612993 0.48131436417 0.49838350629 0.53272399860 0.45142521443 0.51250865627 0.51386790548 0.57874305872 0.46252058858 0.44693192024 0.60446214366 0.51276270341 0.50396644820 0.55416724822 0.36104007892 0.42598092120 0.48887181392 0.49523332137 0.58805816109 0.42107705991 0.53239213075 0.46348587993 0.75225628299 0.50606447231 0.79756304118 0.80745513664 0.91929803026 1.54678502306 -199.3356926174 0.00970851898   -2 
  32 0.00000450325 0.00092752612 -48.329386201 0.11423424230 0.00919630917 0.10839263379 0.58406069943 0.48095899210 0.49826152727 0.53284148454 0.45141658179 0.51268168322 0.51389978596 0.57879217263 0.46260063883 0.44695759123 0.60447918207 0.51278628240 0.50401981467 0.55422839291 0.36107251135 0.42604309033 0.48896262336 0.49523469749 0.58806794924 0.42110680342 0.53244774185 0.46352069816 0.75229227183 0.50610554580 0.79753177594 0.80743264467 0.91943006793 1.54688290513 -199.3348669222 0.01702296261   -2 
  33 0.00000450325 0.00092776193 -48.336353436 0.11421088883 0.00919632093 0.10839260739 0.58387430394 0.48083623002 0.49821781797 0.53288781534 0.45141376309 0.51275169269 0.51391291266 0.57881304093 0.46263475961 0.44696888479 0.60448612071 0.51279633663 0.50404179339 0.55425332932 0.36108611946 0.42606892354 0.48900006792 0.49523550586 0.58807252344 0.42111921759 0.53247102938 0.46353519356 0.75230764534 0.50612263140 0.79751981127 0.80742410130 0.91948436049 1.54692370965 -199.3345992640 0.00477877336   -2 
  34 0.00000450326 0.00092767497 -48.386615360 0.11411972306 0.00919629994 0.10839233552 0.58420143985 0.48042662269 0.49793282618 0.53295031399 0.45131859751 0.51302753825 0.51390115492 0.57884702096 0.46279832690 0.44699973712 0.60444766408 0.51280930334 0.50412647248 0.55434622821 0.36115166534 0.42620207078 0.48919411898 0.49521093560 0.58806529475 0.42117602429 0.53258668256 0.46360259032 0.75235249896 0.50620411641 0.79740309080 0.80732614238 0.91974208493 1.54700716170 -199.3341604081 0.00396916832   -2 
  35 0.00000450327 0.00092750909 -48.416282308 0.11408597964 0.00919626126 0.10839215424 0.58423156385 0.48044812532 0.49788678121 0.53294395507 0.45127988112 0.51310325087 0.51388622532 0.57884776505 0.46285995716 0.44700757871 0.60442103660 0.51280797778 0.50415743266 0.55437942779 0.36118062859 0.42626195627 0.48928089065 0.49519433722 0.58805575987 0.42120086191 0.53263796199 0.46363228479 0.75236478575 0.50624042772 0.79733951977 0.80727086316 0.91985019033 1.54701479588 -199.3340567810 0.01096171271   -2 
  36 0.00000450330 0.00092747681 -48.597523275 0.11386966740 0.00919603431 0.10839103133 0.58440629761 0.48071513597 0.49769030845 0.53290971835 0.45106638296 0.51353811195 0.51380399695 0.57885690540 0.46322919968 0.44705739088 0.60426679685 0.51280269142 0.50434521151 0.55458042791 0.36135769579 0.42662635971 0.48980756493 0.49509526283 0.58800008622 0.42135304561 0.53295067792 0.46381407217 0.75244101056 0.50646255323 0.79695758324 0.80693855153 0.92050501917 1.54706316923 -199.3334625938 0.00529533547   -2 
  37 0.00000450332 0.00092736080 -48.686815556 0.11384340666 0.00919581648 0.10839039666 0.58413348777 0.48086959977 0.49794154597 0.53289269961 0.45110555804 0.51342895793 0.51379189329 0.57883175108 0.46324310679 0.44705071947 0.60423167411 0.51278424970 0.50436007057 0.55459316526 0.36139882475 0.42671018821 0.48992289258 0.49505547965 0.58796786310 0.42138916559 0.53302144912 0.46385783054 0.75243028060 0.50651734330 0.79683662858 0.80682676321 0.92061610570 1.54697296621 -199.3331040233 0.01608191410   -2 
  38 0.00000450333 0.00092764441 -48.777737976 0.11381386028 0.00919559621 0.10838973844 0.58390850680 0.48102509240 0.49821348812 0.53288402145 0.45115877112 0.51330360481 0.51378605166 0.57880928089 0.46324809627 0.44704406615 0.60420284049 0.51276692171 0.50437187846 0.55460244915 0.36143860293 0.42679029609 0.49003191854 0.49501701522 0.58793664442 0.42142438783 0.53308934941 0.46390047228 0.75241846504 0.50657074388 0.79672065385 0.80671893627 0.92071743339 1.54688089669 -199.3327296644 0.00604033661   -2 
  39 0.00000450337 0.00092798211 -49.012763528 0.11377624139 0.00919496903 0.10838795952 0.58402121507 0.48111539122 0.49871902753 0.53286398907 0.45133387511 0.51286996717 0.51378390269 0.57873722543 0.46314561609 0.44700371663 0.60415858511 0.51271166730 0.50434226324 0.55456077917 0.36150021593 0.42691307548 0.49018873958 0.49492723179 0.58785412448 0.42148062034 0.53319142046 0.46396974891 0.75235055974 0.50665991765 0.79648380439 0.80649072949 0.92080412392 1.54657775096 -199.3322272985 0.01389656799   -2 
  40 0.00000450338 0.00092785320 -49.085987968 0.11376743678 0.00919477013 0.10838740233 0.58408106987 0.48111102223 0.49882816412 0.53285648699 0.45138291850 0.51274098105 0.51378261967 0.57871418454 0.46310673707 0.44698936484 0.60414644483 0.51269369682 0.50432830062 0.55454276096 0.36151529886 0.42694317488 0.49022585163 0.49490036944 0.58782848254 0.42149459500 0.53321604535 0.46398716843 0.75232641162 0.50668272625 0.79641642972 0.80642494385 0.92081573559 1.54648075762 -199.3320229562 0.00746915149   -2 
  41 0.00000450342 0.00092810460 -49.296480990 0.11370718106 0.00919422488 0.10838571854 0.58460244433 0.48088746422 0.49871437627 0.53288650799 0.45150035996 0.51248608501 0.51380734601 0.57868231088 0.46295355031 0.44695004902 0.60415686894 0.51265480515 0.50426175138 0.55446366837 0.36152988055 0.42696669954 0.49023875928 0.49484386403 0.58777000209 0.42151135316 0.53323433338 0.46400914123  0.7522487591 0.50671389962 0.79629942063 0.80630173239 0.92073282104 1.54623839067 -199.3314556237 0.00852530719   -2 
  42 0.00000450344 0.00092802326 -49.377192790 0.11367857725 0.00919402068 0.10838506186 0.58471500082 0.48079499665 0.49860964925 0.53289977590 0.45153139585 0.51242003837 0.51381744074 0.57867428723 0.46289222264 0.44693501615 0.60416510842 0.51264137888 0.50423222878 0.55442936532 0.36152969115 0.42696390725 0.49022684312 0.49482549689 0.58774972785 0.42151280266 0.53323111823 0.46401164162 0.75221719283 0.50671864717 0.79626730245 0.80626557215 0.92068116446 1.54615231336 -199.3313237527 0.00965014985   -2 
  43 0.00000450350 0.00092848622 -49.711665299 0.11350577241 0.00919322816 0.10838227084 0.58485025440 0.48046676694 0.49800355995 0.53298628675 0.45161746472 0.51229603606 0.51387558758 0.57867464201 0.46264125034 0.44688151521 0.60422794871 0.51260054616 0.50410271179 0.55428110649 0.36150980920 0.42691070067 0.49011714930 0.49476735263 0.58768090473 0.42150280058 0.53318288467 0.46400257737 0.75208820556 0.50671419523 0.79619268928 0.80616758900 0.92040006715 1.54585050896 -199.3306728802 0.01331631544   -2 
  44 0.00000450354 0.00092843854 -49.906055880 0.11339817585 0.00919277594 0.10838063875 0.58476307185 0.48031941454 0.49765866606 0.53301914393 0.45163924581 0.51225961644 0.51389917957 0.57867118194 0.46249988920 0.44684837922 0.60425850359 0.51257497265 0.50402343626 0.55419108858 0.36149057599 0.42686610619 0.49003545768 0.49473492472 0.58764038982 0.42148967481 0.53314187132 0.46398871766 0.75200873264 0.50670132441 0.79615779481 0.80611808316 0.92021633560 1.54567521601 -199.3303510119 0.01264228705   -2 
  45 0.00000450362 0.00092892437 -50.315591554 0.11312971462 0.00919186718 0.10837714678 0.58434102962 0.48016669463 0.49703701581 0.53305964230 0.45163054455 0.51226957508 0.51393130370 0.57866273873 0.46222313491 0.44677856313 0.60431259053 0.51252097755 0.50385316891 0.55399909109 0.36143504628 0.42674523580 0.48982853207 0.49467132306 0.58755641885 0.42144742236 0.53302970253 0.46394220997 0.75183536056 0.50665330145 0.79610452793 0.80603198381 0.91979219524 1.54531764444 -199.3297070743 0.01097169897   -2 
  46 0.00000450365 0.00092877806 -50.508182163 0.11298292506 0.00919145554 0.10837544366 0.58404913470 0.48022644595 0.49692380890 0.53300284472 0.45155148254 0.51231947760 0.51389941897 0.57862680861 0.46211364907 0.44673385847 0.60429734283 0.51248024139 0.50376310395 0.55389881045 0.36138962260 0.42665889672 0.48969628581 0.49463567766 0.58750533757 0.42140739617 0.53294551310 0.46389696130 0.75173415836 0.50660322016 0.79607662729 0.80598839169 0.91955166553 1.54511588838 -199.3292923061 0.01858529582   -2 
  47 0.00000450374 0.00092923642 -50.950589278 0.11260998284 0.00919054565 0.10837146525 0.58347822581 0.48048429633 0.49684986540 0.53282721448 0.45131970958 0.51247461335 0.51379349157 0.57852474426 0.46188808939 0.44662512277 0.60423167194 0.51237724569 0.50355259688 0.55366532345 0.36127032904 0.42643808418 0.48936680510 0.49455052479 0.58738043372 0.42129931680 0.53272757890 0.46377416672 0.75148853684 0.50646584271 0.79601168513 0.80588748616 0.91897136068 1.54463393774 -199.3282755033 0.01321850900   -2 
  48 0.00000450385 0.00092906217 -51.494785503 0.11214675241 0.00918942590 0.10836648062 0.58322747502 0.48080183184 0.49702363683 0.53249934461 0.45094231288 0.51264477197 0.51357010187 0.57832043557 0.46164821045 0.44646115172 0.60405277135 0.51220896051 0.50327588859 0.55335951156 0.36109046913 0.42612400938 0.48891843167 0.49442189488 0.58719127729 0.42112850573 0.53240765943 0.46357957543 0.75114031273 0.50624627899 0.79588950855 0.80572456103 0.91820359622 1.54393111559 -199.3273531581 0.02210172957   -2 
  49 0.00000450395 0.00092943658 -51.951978092 0.11174942239 0.00918849829 0.10836226339 0.58327657442 0.48103721178 0.49724637387 0.53221807199 0.45061840099 0.51276975088 0.51336121607 0.57813020889 0.46146649189 0.44631671935 0.60387290866 0.51205617229 0.50304275676 0.55310205486 0.36093015448 0.42585033737 0.48853453097 0.49430594248 0.58702129358 0.42097321694 0.53212474684 0.46340245716 0.75083523165 0.50604587608 0.79576991158 0.80557264023 0.91755151407 1.54330980598 -199.3264727382 0.01662941078   -2 
  50 0.00000450407 0.00092925634 -52.588874163 0.11122262023 0.00918717886 0.10835633899 0.58372847687 0.48117211112 0.49760354587 0.53181605959 0.45016487228 0.51285216182 0.51301739239 0.57780984148 0.46124396676 0.44609228434 0.60354503299 0.51180794545 0.50271067985 0.55273530685 0.36068582678 0.42545007255 0.48798926155 0.49411826077 0.58675021337 0.42072900991 0.53169957029 0.46312381715 0.75037320308 0.50572991649 0.79554549755 0.80530890762 0.91662878994 1.54234149477 -199.3254548587 0.01301754337   -2 
  51 0.00000450410 0.00092950803 -52.726453906 0.11111286368 0.00918687800 0.10835498460 0.58397074738 0.48108366699 0.49767307286 0.53176361267 0.45009454869 0.51280966783 0.51292767034 0.57772075862 0.46121854644 0.44603410628 0.60343624117 0.51173677060 0.50263906279 0.55265600122 0.36062200719 0.42535575987 0.48787075662 0.49406187821 0.58667174923 0.42066002518 0.53159146856 0.46304495186 0.75025321454 0.50564006054 0.79545968815 0.80521839860 0.91642847204 1.54207761594 -199.3251022801 0.01518793134   -2 
  52 0.00000450416 0.00092939147 -53.002254370 0.11091929995 0.00918623103 0.10835218708 0.58448585491 0.48073598032 0.49776225983 0.53169191530 0.44998657433 0.51262970619 0.51272199368 0.57750813572 0.46119149441 0.44590032932 0.60316170342 0.51156591668 0.50249243543 0.55249324748 0.36047838132 0.42515622771 0.48763310449 0.49392404060 0.58648363001 0.42049866607 0.53135214614 0.46286046064 0.74998143975 0.50542960324 0.79522997192 0.80498482218 0.91602458118 1.54146140694 -199.3244379427 0.00848764620   -2 
  53 0.00000450421 0.00092982512 -53.230138307 0.11077967015 0.00918562881 0.10834960982 0.58458974270 0.48027125236 0.49770891930 0.53175844824 0.45001170815 0.51230023214 0.51253343460 0.57729370554 0.46123300362 0.44576374799 0.60283561003 0.51137379580 0.50237643836 0.55236340347 0.36032756537 0.42497517356 0.48744831783 0.49375629960 0.58626340919 0.42031384874 0.53110851734 0.46264882775 0.74969489341 0.50518737102 0.79491067742 0.80467521130 0.91570530356 1.54079034671 -199.3239247955 0.01824312923   -2 
  54 0.00000450426 0.00092982797 -53.455476336 0.11065523254 0.00918501310 0.10834702824 0.58455011668 0.47981207472 0.49761467972 0.53182701080 0.45004812519 0.51194395223 0.51234243955 0.57707268056 0.46127849882 0.44562208714 0.60249614747 0.51117306846 0.50226054102 0.55223344590 0.36017258014 0.42479390442 0.48726873763 0.49357897285 0.58603225742 0.42012147909 0.53085970203 0.46242860699 0.74939884947 0.50493533558 0.79456825508 0.80434476976 0.91539230782 1.54009391564 -199.3233905994 0.00969911034   -2 
  55 0.00000450433 0.00093029732 -53.780269562 0.11047688048 0.00918409383 0.10834311086 0.58410119677 0.47934598426 0.49737772209 0.53192630766 0.45013679290 0.51138140965 0.51207564710 0.57675004326 0.46135572897 0.44540384275 0.60197550341 0.51085767384 0.50209374179 0.55204558910 0.35993104183 0.42452752432 0.48702313585 0.49328736277 0.58565863619 0.41981219840 0.53047661606 0.46207457631 0.74893496482 0.50453008902 0.79399090317 0.80379172946 0.91495505223 1.53900928391 -199.3228175576 0.00820707290   -2 
  56 0.00000450439 0.00093062106 -54.029951945 0.11033931496 0.00918334788 0.10833985258 0.58351457447 0.47936852899 0.49708128236 0.53189126686 0.45017922211 0.51095833085 0.51188306636 0.57650230758 0.46138552496 0.44521653814 0.60156499211 0.51058725490 0.50195423430 0.55188775147 0.35972540011 0.42431806654 0.48684781418 0.49301910410 0.58532404354 0.41953837713 0.53015643046 0.46176154759 0.74853362710 0.50417228594 0.79345140409 0.80327673522 0.91462485971 1.53809181381 -199.3223642851 0.00707774772   -2 
  57 0.00000450439 0.00093080565 -54.050457156 0.11031571830 0.00918326030 0.10833934170 0.58360435516 0.47962681190 0.49700660221 0.53176362645 0.45012859749 0.51097084685 0.51187893751 0.57648685324 0.46134280351 0.44518515982 0.60153936965 0.51054556807 0.50192776809 0.55185748607 0.35969263972 0.42429701057 0.48684197338 0.49296074337 0.58525891442 0.41948669159 0.53011012367 0.46170290698 0.74846416038 0.50410585137 0.79333275984 0.80316312705 0.91459552337 1.53795965747 -199.3220948572 0.01537899072   -2 
  58 0.00000450441 0.00093059032 -54.085196594 0.11028287509 0.00918309485 0.10833842514 0.58374614305 0.48008872945 0.49686355633 0.53151018388 0.45002226631 0.51100234531 0.51187100523 0.57645804348 0.46125359048 0.44512623702 0.60149743922 0.51046880977 0.50187677360 0.55179922258 0.35963308888 0.42426036360 0.48683382438 0.49285181262 0.58513821672 0.41939177902 0.53002680309 0.46159536181 0.74833616102 0.50398420485 0.79311198154 0.80295147162 0.91454338294 1.53771837115 -199.3216427944 0.00253220633   -2 
  59 0.00000450443 0.00093061883 -54.091273832 0.11020364234 0.00918288025 0.10833665607 0.58368631932 0.48006332994 0.49692890214 0.53120990645 0.44979155635 0.51129921783 0.51195819856 0.57652276833 0.46099430795 0.44505306440 0.60159547920 0.51038167980 0.50179407264 0.55170393960 0.35954054006 0.42424666525 0.48689541446 0.49263356535 0.58492186131 0.41920981551 0.52991292787 0.46138984035 0.74812989296 0.50375298576 0.79267612324 0.80252799104 0.91454123754 1.53747143554 -199.3214347026 0.00561635856   -2 
  60 0.00000450443 0.00093054463 -54.092327392 0.11019336032 0.00918284190 0.10833636674 0.58367141768 0.48004800107 0.49693498850 0.53117148900 0.44975829212 0.51133827197 0.51196861954 0.57652996134 0.46095438604 0.44504123661 0.60160879361 0.51036774007 0.50178043554 0.55168827552 0.35952581758 0.42424418026 0.48690438406 0.49259907523 0.58488774575 0.41918091079 0.52989476793 0.46135720396 0.74809709539 0.50371628977 0.79260783600 0.80246144349 0.91453938929 1.53743141853 -199.3214080415 0.00201745870   -2 
  61 0.00000450445 0.00093058418 -54.091836106 0.11016381369 0.00918261977 0.10833484759 0.58363946852 0.47979633958 0.49689960815 0.53126935012 0.44972021687 0.51133651608 0.51195351843 0.57651100842 0.46082272262 0.44499519149 0.60163118554 0.51031538983 0.50171879450 0.55161815803 0.35946335131 0.42423170631 0.48693306141 0.49245483319 0.58474967389 0.41905409553 0.52981779750 0.46121405697 0.74796111818 0.50355553066 0.79233482608 0.80219076249 0.91451016918 1.53727020770 -199.3213275547 0.00156293646   -2 
  62 0.00000450445 0.00093055078 -54.091923137 0.11016326432 0.00918256924 0.10833454799 0.58362834460 0.47979018639 0.49688320513 0.53129023026 0.44972504980 0.51130934065 0.51193936835 0.57649704666 0.46081071939 0.44498745301 0.60162360248 0.51030675921 0.50170787025 0.55160592167 0.35945327988 0.42422777849 0.48693313238 0.49243363129 0.58472967306 0.41903406558 0.52980495512 0.46119145042 0.74794002510 0.50353017336 0.79229745942 0.80215278069 0.91449893689 1.53724141471 -199.3213187060 0.00307248184   -2 
  63 0.00000450447 0.00093063113 -54.091413888 0.11015871002 0.00918227481 0.10833278517 0.58358237184 0.47979807609 0.49678918614 0.53141417486 0.44976549794 0.51113522071 0.51185171482 0.57641146767 0.46075420177 0.44494509109 0.60157242832 0.51025958547 0.50164674933 0.55153762237 0.35939687608 0.42420449738 0.48693007567 0.49231666090 0.58462012430 0.41892151573 0.52973276345 0.46106440384 0.74782333759 0.50338765602 0.79209450577 0.80194532079 0.91443059115 1.53708140672 -199.3212719883 0.00094735237   -2 
  64 0.00000450447 0.00093060082 -54.091662084 0.11016077060 0.00918225161 0.10833266275 0.58359541068 0.47982528582 0.49680592390 0.53136140345 0.44976246685 0.51113503272 0.51184799899 0.57640723529 0.46077021832 0.44494609946 0.60155924102 0.51026061755 0.50164794169 0.55153928960 0.35939818281 0.42420118431 0.48692155916 0.49232412365 0.58462765658 0.41892502745 0.52973357455 0.46106836464 0.74782868334 0.50339212281 0.79211322980 0.80196243765 0.91442111738 1.53708337967 -199.3212656635 0.00219298063   -2 
  65 0.00000450447 0.00093062490 -54.091731893 0.11016226634 0.00918221856 0.10833247661 0.58361379512 0.47986029158 0.49682701362 0.53129839193 0.44976002286 0.51113337104 0.51184285100 0.57640153631 0.46079074090 0.44494727656 0.60154218573 0.51026179936 0.50164908800 0.55154100568 0.35939930852 0.42419677574 0.48691067878 0.49233257738 0.58463639531 0.41892826528 0.52973392955 0.46107200615 0.74783459036 0.50339622858 0.79213544090 0.80198247901 0.91440845096 1.53708533940 -199.3212584767 0.00040584769   -2 
  66 0.00000450448 0.00093062770 -54.091830044 0.11016407744 0.00918209706 0.10833177559 0.58358268671 0.47986612801 0.49683054523 0.53126495078 0.44976512515 0.51110878457 0.51182479081 0.57638312303 0.46082081734 0.44494470624 0.60150706404 0.51025872905 0.50164381437 0.55153595548 0.35939412467 0.42418500377 0.48688873952 0.49233420463 0.58463970851 0.41891955909 0.52972516542 0.46106209309 0.74783149601 0.50338518047 0.79215345009 0.80199531273 0.91437373008 1.53707273711 -199.3212554893 0.00092239004   -2 
  67 0.00000450448 0.00093064366 -54.091790917 0.11016428164 0.00918205781 0.10833154636 0.58357624214 0.47986665751 0.49683094140 0.53125719525 0.44976673562 0.51110144359 0.51181942890 0.57637766352 0.46082969859 0.44494387094 0.60149656721 0.51025773349 0.50164211265 0.55153431160 0.35939241559 0.42418132229 0.48688196497 0.49233450540 0.58464054455 0.41891663581 0.52972232025 0.46105876735 0.74783035404 0.50338147025 0.79215865548 0.80199894928 0.91436294925 1.53706861929 -199.3212546511 0.00042657281   -2 
  68 0.00000450449 0.00093064895 -54.091657614 0.11016463716 0.00918182070 0.10833015703 0.58358477071 0.47983711325 0.49681278017 0.53125729163 0.44976990259 0.51106694788 0.51179365042 0.57635108228 0.46086278137 0.44493677491 0.60144831420 0.51024955620 0.50163032328 0.55152237090 0.35938113022 0.42416098288 0.48684684587 0.49233112522 0.58463955266 0.41889723297 0.52970439361 0.46103674722 0.74781887269 0.50335689425 0.79217598679 0.80200817072 0.91430635324 1.53703818756 -199.3212515280 0.00044752089   -2 
  69 0.00000450450 0.00093065600 -54.091607555 0.11016435719 0.00918179748 0.10833001804 0.58358553717 0.47983523589 0.49681121411 0.53125880209 0.44976978884 0.51106496776 0.51179201471 0.57634935966 0.46086459157 0.44493608804 0.60144506027 0.51024876629 0.50162924655 0.55152126291 0.35938006985 0.42415922851 0.48684394358 0.49233061792 0.58463921681 0.41889539173 0.52970274229 0.46103466078 0.74781767581 0.50335456412 0.79217694007 0.80200850796 0.91430167437 1.53703541601 -199.3212513198 0.00030083858   -2 
  70 0.00000450451 0.00093065283 -54.091179536 0.11015947613 0.00918150540 0.10832826159 0.58357883153 0.47982339356 0.49679202250 0.53129326554 0.44975990734 0.51105898760 0.51178300484 0.57633895495 0.46086430128 0.44492664882 0.60142506790 0.51023799452 0.50161610351 0.55150734427 0.35936721948 0.42414054993 0.48681547322 0.49232102808 0.58463056386 0.41887319369 0.52968323407 0.46100957297 0.74780067015 0.50332650252 0.79217622702 0.80200272307 0.91425529848 1.53700128610 -199.3212496112 0.00031105564   -2 
  71 0.00000450452 0.00093065810 -54.091122320 0.11015861335 0.00918146256 0.10832800333 0.58357798869 0.47982345495 0.49679076131 0.53129614667 0.44975838368 0.51105923386 0.51178253391 0.57633829503 0.46086291685 0.44492538610 0.60142376249 0.51023654360 0.50161441330 0.55150552987 0.35936551177 0.42413824529 0.48681216584 0.49231953725 0.58462911773 0.41887023636 0.52968067202 0.46100622974 0.74779824925 0.50332276017 0.79217531924 0.80200132634 0.91424982546 1.53699673401 -199.3212494583 0.00033657564   -2 
  72 0.00000450454 0.00093065090 -54.091016507 0.11015215133 0.00918110256 0.10832584117 0.58356701803 0.47983031143 0.49678670504 0.53130583914 0.44974461275 0.51106562977 0.51178191675 0.57633609064 0.46084407002 0.44491505947 0.60142041409 0.51022464635 0.50160114968 0.55149113038 0.35935203826 0.42412110452 0.48678891716 0.49230639044 0.58461574786 0.41884702453 0.52966062943 0.46098000434 0.74777797633 0.50329340028 0.79216291335 0.80198604006 0.91421063988 1.53695995388 -199.3212484005 0.00029090188   -2 
  73 0.00000450454 0.00093065669 -54.091079038 0.11015172208 0.00918107280 0.10832566374 0.58356850998 0.47983066257 0.49678783950 0.53130264897 0.44974415468 0.51106628931 0.51178232357 0.57633642971 0.46084187806 0.44491454021 0.60142149738 0.51022401614 0.50160054555 0.55149044205 0.35935131717 0.42412042543 0.48678832438 0.49230540435 0.58461463997 0.41884577864 0.52965958618 0.46097859642 0.74777667973 0.50329182031 0.79216111676 0.80198432121 0.91420948837 1.53695795868 -199.3212482241 0.00039477897   -2 
  74 0.00000450456 0.00093065198 -54.092003548 0.11014958102 0.00918082712 0.10832421291 0.58358011363 0.47983081444 0.49679814802 0.53126800539 0.44974114919 0.51107081511 0.51178570057 0.57633931253 0.46082251708 0.44491062693 0.60143227076 0.51021920627 0.50159627737 0.55148546238 0.35934609436 0.42411620341 0.48678597857 0.49229733524 0.58460528084 0.41883687490 0.52965211908 0.46096853010 0.74776646497 0.50328050954 0.79214462082 0.80196890606 0.91420429367 1.53694186400 -199.3212470771 0.00014767882   -2 
  75 0.00000450457 0.00093065361 -54.092998813 0.11014898081 0.00918067426 0.10832331886 0.58356585463 0.47982791389 0.49679827351 0.53125883630 0.44974246869 0.51107045896 0.51178677980 0.57634046523 0.46081434143 0.44490994924 0.60143880127 0.51021815854 0.50159582893 0.55148471893 0.35934475813 0.42411646075 0.48678899004 0.49229372655 0.58460079629 0.41883457355 0.52965034333 0.46096591897 0.74776276701 0.50327750503 0.79213439206 0.80195998650 0.91420921450 1.53693802829 -199.3212467673 0.00025155059   -2 
  76 0.00000450457  0.0009306578 -54.093212512 0.11014880856 0.00918064117 0.10832312504 0.58356395820 0.47982735494 0.49679805561 0.53125762567 0.44974278462 0.51107026699 0.51178692778 0.57634063531 0.46081283276 0.44490985358 0.60144005332 0.51021799219 0.50159579251 0.55148462616 0.35934453383 0.42411659464 0.48678973798 0.49229301451 0.58459990313 0.41883418656 0.52965005564 0.46096547993 0.74776207122 0.50327699651 0.79213227247 0.80195816175 0.91421044824 1.53693736729 -199.3212467068 0.00012817911   -2 
  77  0.0000045046 0.00093066071 -54.096450733 0.11014806409 0.00918021623 0.10832064684 0.58356866858 0.47981845204 0.49678507904 0.53126112272 0.44974508214 0.51106258580 0.51178435799 0.57633823715 0.46080030468 0.44490892628 0.60144896787 0.51021634318 0.50159585364 0.55148406759 0.35934298297 0.42411966854 0.48680071870 0.49228530521 0.58458997379 0.41883185336 0.52964827663 0.46096278561 0.74775492933 0.50327386040 0.79210732074 0.80193744384 0.91422717003 1.53693193219 -199.3212461762 0.00015801437   -2 
  78 0.00000450460 0.00093066366 -54.097329655 0.11014778255 0.00918009974 0.10831996669 0.58356980124 0.47981666208 0.49678209127 0.53126223804 0.44974559414 0.51106062991 0.51178363791 0.57633755266 0.46079723908 0.44490868820 0.60145108580 0.51021591975 0.50159587197 0.55148392746 0.35934259278 0.42412049887 0.48680362504 0.49228329471 0.58458739072 0.41883127531 0.52964783486 0.46096211711 0.74775308485 0.50327308074 0.79210080570 0.80193202991 0.91423159886 1.53693055932 -199.3212461376 0.00012312384   -2 
  79 0.00000450465 0.00093066433 -54.103143341 0.11014455506 0.00917933010 0.10831545514 0.58356216196 0.47982687756 0.49678316723 0.53127173670 0.44974317204 0.51105281514 0.51177752226 0.57633115315 0.46079035578 0.44490705612 0.60145156996 0.51021352712 0.50159538279 0.55148271698 0.35934101990 0.42412495728 0.48681794534 0.49227358298 0.58457516348 0.41882940601 0.52964615187 0.46095996035 0.74774441897 0.50327053217 0.79207010263 0.80190631019 0.91425403354 1.53692262853 -199.3212456469 0.00025421462   -2 
  80 0.00000450466 0.00093066824 -54.103904564 0.11014399887 0.00917922663 0.10831484769 0.58356211730 0.47982801294 0.49678379243 0.53127258326 0.44974279764 0.51105216867 0.51177685148 0.57633043362 0.46078990962 0.44490686067 0.60145127972 0.51021325070 0.50159530136 0.55148255727 0.35934084543 0.42412547274 0.48681956435 0.49227247274 0.58457378840 0.41882921487 0.52964596557 0.46095973826 0.74774343957 0.50327026651 0.79206665687 0.80190338268 0.91425650014 1.53692164817 -199.3212455787 0.00017084496   -2 
  81 0.00000450466 0.00093066824 -54.103904564 0.11014399887 0.00917922663 0.10831484769 0.58356211730 0.47982801294 0.49678379243 0.53127258326 0.44974279764 0.51105216867 0.51177685148 0.57633043362 0.46078990962 0.44490686067 0.60145127972 0.51021325070 0.50159530136 0.55148255727 0.35934084543 0.42412547274 0.48681956435 0.49227247274 0.58457378840 0.41882921487 0.52964596557 0.46095973826 0.74774343957 0.50327026651 0.79206665687 0.80190338268 0.91425650014 1.53692164817 -199.3212455787           NAN   -8 
  82 0.00000450466 0.00093066442 -54.103991749 0.11014390517 0.00917921515 0.10831477987 0.58356329226 0.47982716152 0.49678441990 0.53127153771 0.44974255085 0.51105274994 0.51177696686 0.57633050851 0.46079068960 0.44490681583 0.60145046669 0.51021323083 0.50159518785 0.55148246588 0.35934086384 0.42412531242 0.48681906504 0.49227269239 0.58457410950 0.41882927222 0.52964597073 0.46095980824 0.74774361339 0.50327035004 0.79206752159 0.80190405755 0.91425554733 1.53692147171 -199.3212455201 0.00023615383   -2 
  83 0.00000450466 0.00093066340 -54.104700840 0.11014238988 0.00917910462 0.10831412256 0.58357589205 0.47982045945 0.49679106432 0.53126251965 0.44974066352 0.51105870949 0.51177847747 0.57633168079 0.46079840412 0.44490661644 0.60144308646 0.51021329485 0.50159432472 0.55148183719 0.35934114185 0.42412390522 0.48681442866 0.49227495865 0.58457739936 0.41882992383 0.52964616879 0.46096058911 0.74774553439 0.50327126482 0.79207611272 0.80191077667 0.91424694939 1.53692076004 -199.3212451389 0.00013486946   -2 
  84 0.00000450466 0.00093066340 -54.104700840 0.11014238988 0.00917910462 0.10831412256 0.58357589205 0.47982045945 0.49679106432 0.53126251965 0.44974066352 0.51105870949 0.51177847747 0.57633168079 0.46079840412 0.44490661644 0.60144308646 0.51021329485 0.50159432472 0.55148183719 0.35934114185 0.42412390522 0.48681442866 0.49227495865 0.58457739936 0.41882992383 0.52964616879 0.46096058911 0.74774553439 0.50327126482 0.79207611272 0.80191077667 0.91424694939 1.53692076004 -199.3212451389           NAN   -8 
  85 0.00000450467 0.00093066453 -54.105140448 0.11014185922 0.00917904354 0.10831376454 0.58356351228 0.47982408216 0.49679065922 0.53126349995 0.44974070946 0.51105988065 0.51177901876 0.57633217818 0.46080083806 0.44490665929 0.60144113219 0.51021342571 0.50159410283 0.55148169868 0.35934129675 0.42412336333 0.48681259115 0.49227594621 0.58457879678 0.41883024882 0.52964629384 0.46096095724 0.74774635989 0.50327170405 0.79207982386 0.80191370912 0.91424348698 1.53692088160 -199.3212449398 0.00009009813    0 
-- Found new optimum with likelihood -199.321244939869956 and gradient 0.00009

---- Best joint likelihood found -199.321244939869956 with gradient 0.00009

---- Results for /scratch/40841697/tmpemtlte4c 
--  Model: C
--        eps_an     theta_bar             a 
-- 0.00000450467 0.00093066453            -1 
--           S_d             b           p_b           S_b 
-- -54.105140448 0.11014185922 0.00917904354 0.10831376454 
--           r 2           r 3           r 4           r 5           r 6           r 7           r 8           r 9          r 10          r 11          r 12          r 13          r 14          r 15          r 16          r 17          r 18          r 19          r 20          r 21          r 22          r 23          r 24          r 25          r 26          r 27          r 28          r 29 
-- 0.58356351228 0.47982408216 0.49679065922 0.53126349995 0.44974070946 0.51105988065 0.51177901876 0.57633217818 0.46080083806 0.44490665929 0.60144113219 0.51021342571 0.50159410283 0.55148169868 0.35934129675 0.42412336333 0.48681259115 0.49227594621 0.58457879678 0.41883024882 0.52964629384 0.46096095724 0.74774635989 0.50327170405 0.79207982386 0.80191370912 0.91424348698 1.53692088160 

---- Expected P_neut(i), 0 < i < n (neutral SFS per site) 
E[P_neut(1)] = 0.0009306606
E[P_neut(2)] = 0.0002715498
E[P_neut(3)] = 0.0001488512
E[P_neut(4)] = 0.0001155860
E[P_neut(5)] = 0.0000988853
E[P_neut(6)] = 0.0000697594
E[P_neut(7)] = 0.0000679462
E[P_neut(8)] = 0.0000595367
E[P_neut(9)] = 0.0000595967
E[P_neut(10)] = 0.0000428850
E[P_neut(11)] = 0.0000376417
E[P_neut(12)] = 0.0000466449
E[P_neut(13)] = 0.0000365259
E[P_neut(14)] = 0.0000333439
E[P_neut(15)] = 0.0000342163
E[P_neut(16)] = 0.0000209017
E[P_neut(17)] = 0.0000232187
E[P_neut(18)] = 0.0000251701
E[P_neut(19)] = 0.0000241129
E[P_neut(20)] = 0.0000272024
E[P_neut(21)] = 0.0000185616
E[P_neut(22)] = 0.0000224058
E[P_neut(23)] = 0.0000186524
E[P_neut(24)] = 0.0000289961
E[P_neut(25)] = 0.0000187354
E[P_neut(26)] = 0.0000283527
E[P_neut(27)] = 0.0000276418
E[P_neut(28)] = 0.0000303887
E[P_neut(29)] = 0.0000493267

---- Expected P_sel(i), 0 < i < n (selected SFS per site) 
E[P_sel(1)] = 0.0007254131
E[P_sel(2)] = 0.0001935664
E[P_sel(3)] = 0.0001011359
E[P_sel(4)] = 0.0000760782
E[P_sel(5)] = 0.0000635739
E[P_sel(6)] = 0.0000440241
E[P_sel(7)] = 0.0000422291
E[P_sel(8)] = 0.0000365252
E[P_sel(9)] = 0.0000361524
E[P_sel(10)] = 0.0000257573
E[P_sel(11)] = 0.0000224077
E[P_sel(12)] = 0.0000275446
E[P_sel(13)] = 0.0000214112
E[P_sel(14)] = 0.0000194142
E[P_sel(15)] = 0.0000197977
E[P_sel(16)] = 0.0000120235
E[P_sel(17)] = 0.0000132837
E[P_sel(18)] = 0.0000143266
E[P_sel(19)] = 0.0000136587
E[P_sel(20)] = 0.0000153385
E[P_sel(21)] = 0.0000104210
E[P_sel(22)] = 0.0000125274
E[P_sel(23)] = 0.0000103879
E[P_sel(24)] = 0.0000160878
E[P_sel(25)] = 0.0000103576
E[P_sel(26)] = 0.0000156202
E[P_sel(27)] = 0.0000151780
E[P_sel(28)] = 0.0000166331
E[P_sel(29)] = 0.0000269161

---- alpha_dfe = 0.017870

