---- Running command
---- ./polyDFE -d /scratch/38996031/tmpbxor60p5 -m C -i /scratch/38996031/tmpuemv81d_ 1 -v 1 
---- Performing inference using model C

---- Performing inference on /scratch/38996031/tmpbxor60p5
----      with -i /scratch/38996031/tmpuemv81d_ 1
---- Data /scratch/38996031/tmpbxor60p5 does not contain divergence counts. Using option -w.
---- No mutation variability. Using Poisson likelihood.


---- Using provided initial values

-- Starting local optimization
-- Optimizing all parameters
  it     theta_bar           S_d             b           r 2           r 3           r 4           r 5           r 6           r 7           r 8           r 9          r 10          r 11          r 12          r 13          r 14          r 15          r 16          r 17          r 18          r 19           ln lk          grad status 
   0   0.003173891 -107.30439999     0.3296192     0.9469638     0.9230956     0.9466103     0.9502794     0.8771146     0.9116737     0.9146468     0.9159601     0.9612144     0.8649103      0.980338     0.9128444     0.9628696     0.9582216      1.012621      1.209005      1.301762      1.559119 -277.1195347633 1.41383903397   -2 
   1 0.00320251514 -107.41295836 0.33004212381 0.95326104424 0.92373509098 0.94832355727 0.94823722285 0.87443350654 0.91104076969 0.91250711139 0.91516640409 0.96509970077 0.86453111644 0.98042178079 0.91427094681 0.96253907483 0.95962166571 1.01675343718 1.20812163342 1.30217588310 1.56238975050 -276.0675543492 1.72098333553   -2 
   2 0.00320853856 -108.84977380 0.33774208453 0.98206575547 0.92424918472 0.95584153104 0.93477063993 0.85773201714 0.90622510101 0.89907704750 0.90965543546 0.98742796423 0.86167601767 0.98021379278 0.92218952614 0.96000913403 0.96743122059 1.04102134890 1.20220584303 1.30389292226 1.58093145861 -272.2805758323 0.98836693019   -2 
   3 0.00316187185 -109.33988136 0.32855901182 0.98775123068 0.93017979826 0.97125329661 0.91645347569 0.82998156775 0.89950506575 0.87458649532 0.90029218310 1.03821048964 0.85697116882 0.98149607398 0.94147525286 0.95577970055 0.98661377430 1.09920443928 1.19067453279 1.30960394975 1.62535588300 -268.0337487163 0.73077272215   -2 
   4 0.00318126846 -109.56861834 0.32851965791 0.98328098915 0.93116984077 0.97172326457 0.91697834002 0.82880242907 0.89944723133 0.87265294314 0.89962801845 1.04422022100 0.85660329718 0.98191402414 0.94429084075 0.95540251231 0.98952097570 1.10778280513 1.18930943711 1.31065822914 1.63176896950 -267.6215674881 1.10480344241   -2 
   5 0.00318944030 -110.57337946 0.33124493974 0.96754392335 0.93232061460 0.97070879592 0.91963009296 0.82708160327 0.89940906138 0.86827416256 0.89798277897 1.05856689166 0.85557698301 0.98284938542 0.95143910889 0.95431578726 0.99701478788 1.13025792646 1.18562587029 1.31324875614 1.64817315214 -266.6660849300 0.28766780942   -2 
   6 0.00318060599 -111.27945508 0.33013537228 0.97222572463 0.92580494853 0.95839261076 0.93221113990 0.83702334672 0.90180757432 0.87023119242 0.89825844538 1.06348536409 0.85491687382 0.98383546400 0.95879619831 0.95320064790 1.00575712399 1.15643413699 1.18145273175 1.31624312602 1.66543751853 -266.1539049208 0.26308274328   -2 
   7 0.00318362615 -111.29156305 0.32999052497 0.97266839093 0.92602376723 0.95838926262 0.93260992800 0.83754488675 0.90197596995 0.87048941938 0.89835829940 1.06342207137 0.85493537635 0.98390418530 0.95908480204 0.95318801256 1.00613475018 1.15749897692 1.18132040021 1.31639842036 1.66610990384 -266.1350054087 0.16702473261   -2 
   8 0.00317715142 -111.74827019 0.33056331210 0.97783757271 0.93452126810 0.96510279881 0.93424165607 0.84486926184 0.90445376363 0.87595767621 0.90050079948 1.05776709583 0.85553037925 0.98477150276 0.96202350597 0.95322240246 1.01072886441 1.16992216732 1.17990692605 1.31837535674 1.67311461988 -265.9798230883 0.10006106653   -2 
   9 0.00317261755 -111.67714923 0.32989904292 0.97664065187 0.93409081407 0.96638998976 0.93427633135 0.84524484427 0.90514836298 0.87703092740 0.90128169283 1.05719097084 0.85604492745 0.98527771631 0.96244696128 0.95363948618 1.01142288138 1.17103799064 1.18028597728 1.31902367677 1.67390940335 -265.9596658718 0.10352218333   -2 
  10 0.00317358317 -111.65827946 0.32978668638 0.97651122105 0.93396405030 0.96664662097 0.93429140578 0.84528561429 0.90531815478 0.87727389804 0.90147988904 1.05710111607 0.85618665414 0.98541559765 0.96254321605 0.95376051035 1.01157903451 1.17123936187 1.18041110953 1.31919318206 1.67407539065 -265.9566017934 0.06230196517   -2 
  11 0.00317497887 -111.63555308 0.33031629489 0.97599846399 0.93227633304 0.96796876561 0.93419209049 0.84505251168 0.90663304881 0.87913293575 0.90316844395 1.05653448586 0.85748616085 0.98664823330 0.96325113999 0.95490945059 1.01278941187 1.17238362886 1.18168680127 1.32068695534 1.67517662296 -265.9425346822 0.04024687131   -2 
  12 0.00317207904 -111.52389255 0.33042092333 0.97691631332 0.93241003665 0.96787973078 0.93418600003 0.84475410853 0.90735263331 0.88019759234 0.90429258742 1.05638113506 0.85848571530 0.98759192671 0.96375841237 0.95585884669 1.01367351553 1.17299675932 1.18279693289 1.32188213765 1.67591417008 -265.9369696539 0.12175411563   -2 
  13 0.00317155776 -111.36961213 0.33042300033 0.97808063898 0.93276985852 0.96778414964 0.93424787847 0.84445426324 0.90818103057 0.88140973087 0.90558939400 1.05626601338 0.85965458935 0.98869970451 0.96436160168 0.95697816396 1.01470996370 1.17370767306 1.18411132892 1.32329097800 1.67679324594 -265.9306688691 0.03759411659   -2 
  14 0.00317029210 -111.08783459 0.33088869717 0.97766945094 0.93510463366 0.96780350595 0.93508397746 0.84473818525 0.90884832406 0.88234559219 0.90686852945 1.05688798078 0.86112660589 0.99014209978 0.96526299623 0.95856526745 1.01612107430 1.17457791275 1.18606258193 1.32530375989 1.67814507038 -265.9232440982 0.03071362560   -2 
  15 0.00317057685 -110.94021620 0.33096736172 0.97783654976 0.93531018072 0.96813167564 0.93551608319 0.84513021496 0.90890322796 0.88234883514 0.90700386530 1.05736506792 0.86143789544 0.99047880818 0.96555163246 0.95898749599 1.01649519722 1.17482443022 1.18661705292 1.32585965805 1.67861634152 -265.9213613779 0.08795735453   -2 
  16 0.00316491550 -110.00588851 0.33179650282 0.97879296533 0.93611742710 0.97027679666 0.93825854301 0.84775018529 0.90912483858 0.88216600033 0.90767414496 1.06054300506 0.86331054620 0.99253206187 0.96738138004 0.96162252251 1.01882810449 1.17636597210 1.19010847667 1.32934603630 1.68162942214 -265.9097813398 0.03518743481   -2 
  17 0.00316627109 -109.84409636 0.33230856376 0.97919798782 0.93584515059 0.97031276159 0.93808569905 0.84793167707 0.90936630718 0.88225113154 0.90766996450 1.06094870067 0.86333660634 0.99263199483 0.96762742027 0.96177767145 1.01901598498 1.17664907494 1.19035934153 1.32961294537 1.68212631185 -265.9065930458 0.03254968530   -2 
  18 0.00316560906 -109.77071924 0.33242697228 0.97918925549 0.93572270817 0.97025058199 0.93791306662 0.84792692183 0.90948676501 0.88231091533 0.90765246431 1.06104731074 0.86328817773 0.99261703741 0.96769839097 0.96177057321 1.01903814200 1.17675329550 1.19037417501 1.32963786281 1.68229446808 -265.9057617245 0.05431788825   -2 
  19 0.00316519851 -108.95005749 0.33301189370 0.97900665988 0.93473554557 0.96962428712 0.93610173667 0.84777473196 0.91081460115 0.88303209084 0.90750058633 1.06194804050 0.86270652649 0.99238663005 0.96839032629 0.96157489474 1.01917728432 1.17783137851 1.19036762512 1.32974836808 1.68398884880 -265.8985537647 0.02616664144   -2 
  20 0.00316470748 -109.00484519 0.33298603474 0.97862790268 0.93545190877 0.96985560408 0.93674322561 0.84771002346 0.91050254224 0.88294081109 0.90755266380 1.06166502048 0.86273898780 0.99237056674 0.96826039100 0.96151171330 1.01909574296 1.17769502863 1.19025404806 1.32963294502 1.68373236854 -265.8970168853 0.03885439537   -2 
  21 0.00316512240 -109.01206460 0.33296092895 0.97856240716 0.93566971045 0.96993419741 0.93694666362 0.84769171483 0.91041335165 0.88292062016 0.90757332973 1.06157914169 0.86274700488 0.99236533261 0.96822415868 0.96148923695 1.01907047994 1.17766109262 1.19021582891 1.32959582950 1.68366364673 -265.8966150364 0.01167611875   -2 
  22 0.00316469283 -108.95969303 0.33303328072 0.97885634021 0.93597068953 0.97011010544 0.93755167884 0.84757662030 0.91013666640 0.88290414729 0.90765644759 1.06122988982 0.86270588278 0.99229554116 0.96810503542 0.96132518917 1.01893624701 1.17760592170 1.18998327935 1.32938544535 1.68348995750 -265.8960033711 0.01535064688   -2 
  23 0.00316485840 -108.94752268 0.33303420506 0.97889225676 0.93598879333 0.97013335110 0.93761986128 0.84756729006 0.91010956440 0.88290830897 0.90767198763 1.06118780166 0.86270138260 0.99228824728 0.96809202038 0.96130257232 1.01891907563 1.17760387392 1.18995100865 1.32935742973 1.68347348662 -265.8959303647 0.01073703093   -2 
  24 0.00316435125 -108.76270927 0.33315281669 0.97891354681 0.93566956408 0.97026860993 0.93803528580 0.84752909762  0.9099495633 0.88302631904 0.90788238258 1.06078061372 0.86264744927 0.99221865881 0.96797775739 0.96102477836 1.01872342923 1.17764629908 1.18955609478 1.32902755766 1.68337099245 -265.8952255648 0.01343130294   -2 
  25 0.00316463825 -108.69930684 0.33320930747 0.97888003558 0.93559620341 0.97028806192 0.93809266159 0.84753410665 0.90993258818 0.88307074427 0.90794856349 1.06068681452 0.86263703734 0.99220665995 0.96795372766 0.96094696243 1.01867160424 1.17767188719 1.18944376185 1.32893719953 1.68336032043 -265.8950752438 0.02107385148   -2 
  26 0.00316461527 -108.52530223 0.33343865990 0.97868943364 0.93541270062 0.97028550508 0.93813348964 0.84755885906 0.90992037690 0.88319183862 0.90812001841 1.06047002628 0.86261231247 0.99218058131 0.96789901645 0.96074307099 1.01853862956 1.17775200229 1.18914814613 1.32870279816 1.68335137324 -265.8946257305 0.01216403683   -2 
  27 0.00316493323 -108.41104601 0.33356014064 0.97857381191 0.93541465769 0.97023199185 0.93801712404 0.84759769357 0.90997395795 0.88326119848 0.90820304683 1.06043255729 0.86261474159 0.99218909370 0.96789600766 0.96065825585 1.01849058381 1.17781996390 1.18902019850 1.32861069952 1.68339328877 -265.8944182704 0.02140239142   -2 
  28 0.00316471076 -108.29891709 0.33369310128 0.97845172773 0.93544026154 0.97015512024 0.93785283991 0.84763813828 0.91004242146 0.88332235149 0.90827175351 1.06042818900 0.86262163477 0.99220412067 0.96790240059 0.96058915844 1.01845466958 1.17789079339 1.18891378622 1.32853827586 1.68344845231 -265.8941900602 0.01179748078   -2 
  29 0.00316465512 -108.14176349 0.33381700607 0.97839326385 0.93556419107 0.97003733472 0.93755495743 0.84770848301 0.91018612243 0.88338897918 0.90833011072 1.06053681322 0.86265473959 0.99225501609 0.96794989913 0.96055688623 1.01845513076 1.17800436900 1.18885243122 1.32851753673 1.68357953403 -265.8939907139 0.01484960681   -2 
  30 0.00316434823 -108.11160491 0.33384688038 0.97840558875 0.93559485425 0.97001434138 0.93748688291 0.84772319825 0.91022439378 0.88339493185 0.90832940535 1.06059040423 0.86266793158 0.99227369140 0.96797054592 0.96056972979 1.01847034776 1.17803110487 1.18886652102 1.32853765799 1.68362153388 -265.8939068894 0.01223495302   -2 
  31 0.00316395620 -107.99449387 0.33391179419 0.97863728815 0.93576358502 0.96998567918 0.93725226343 0.84779821755 0.91042360441 0.88339795523 0.90828393920 1.06095237697 0.86275903132 0.99239463480 0.96811092091 0.96072019540 1.01860983009 1.17816161244 1.18905749645 1.32874243502 1.68387080021 -265.8935838230 0.01086872404   -2 
  32 0.00316353673 -107.93638868 0.33398354235 0.97873937778 0.93583972724 0.97001128487 0.93717918149 0.84784574264 0.91054344808 0.88339662185 0.90824913367 1.06120115965 0.86282662798 0.99248232221 0.96821336359 0.96084552001 1.01872138081 1.17824615323 1.18922065088 1.32890930812 1.68404469195 -265.8934699738 0.01867020549   -2 
  33 0.00316342273 -107.80708444 0.33413295218 0.97895829861 0.93601001364 0.97012872346 0.93709681619 0.84796693944 0.91082349380 0.88340224002 0.90817525808 1.06179834428 0.86299804232 0.99270251466 0.96846886048 0.96116672216 1.01900547888 1.17845218535 1.18964085191 1.32933516628 1.68447296732 -265.8931820493 0.01450544470   -2 
  34 0.00316294994 -107.72463061 0.33426726167 0.97896732914 0.93607897713 0.97027922159 0.93718257271 0.84806471710 0.91101078194 0.88342623772 0.90814433239 1.06222824669 0.86314137197 0.99288243203 0.96867610137 0.96143802954 1.01924508976 1.17861689324 1.18999932542 1.32969422117 1.68481565433 -265.8929406066 0.02292214792   -2 
  35 0.00316297640 -107.61211481 0.33441364239 0.97895108476 0.93616556648 0.97052290911 0.93738442632 0.84820939211 0.91125789331 0.88347964975 0.90812702190 1.06279945150 0.86334775292 0.99313908430 0.96896901260 0.96182365946 1.01958696771 1.17885222645 1.19050996665 1.33020503904 1.68529904793 -265.8926297330 0.01216018794   -2 
  36 0.00316244302 -107.54811186 0.33447910697 0.97888092965 0.93617397339 0.97069104795 0.93764765741 0.84830656189 0.91136812547 0.88355516878 0.90817485741 1.06307377307 0.86348785753 0.99330778784 0.96915760907 0.96207676989 1.01981552929 1.17901259870 1.19084864651 1.33054306747 1.68561129987 -265.8924451671 0.01743431327   -2 
  37 0.00316239561 -107.50229613 0.33450262188 0.97885862976 0.93618322732 0.97081463727 0.93787114711 0.84838050456 0.91143463892 0.88362586650 0.90823211426 1.06323890944 0.86359148370 0.99343070553 0.96929315008 0.96225864678 1.01998180315 1.17913229512 1.19109287859 1.33078720702 1.68583658466 -265.8923170457 0.00903022238   -2 
  38 0.00316184635 -107.45755773 0.33454086636 0.97893641984 0.93619128877 0.97092519398 0.93822571772 0.84847265223 0.91145149003 0.88377098477 0.90839032601 1.06329136906 0.86372374103 0.99358034202 0.96945205989 0.96247374564 1.02018717086 1.17929217579 1.19138667556 1.33108210145 1.68610566707 -265.8921696840 0.01440421723   -2 
  39 0.00316183023 -107.43278034 0.33455574155 0.97901605134 0.93621198683 0.97098401688 0.93843020734 0.84852794826 0.91145419694 0.88386567335 0.90849819095 1.06329529750 0.86380055809 0.99366589366 0.96954130807 0.96259356507 1.02030381071 1.17938694486 1.19155101583 1.33124781309 1.68625814720 -265.8920884518 0.00810903770   -2 
  40 0.00316157975 -107.41244339 0.33461055511 0.97916898005 0.93628012049 0.97101955411 0.93864068069 0.84859526876 0.91143189823 0.88401222822 0.90868128669 1.06320723554 0.86389369940 0.99376497641 0.96963991856 0.96272306848 1.02043857490 1.17951017322 1.19173212171 1.33143298578 1.68643199285 -265.8919945741 0.00841611659   -2 
  41 0.00316165966 -107.40709027 0.33462017696 0.97921553270 0.93631447817 0.97102771474 0.93868455014 0.84861611773 0.91142536920 0.88405988955 0.90874325471 1.06316739116 0.86392031886 0.99379244637 0.96966588342 0.96275554842 1.02047481706 1.17954747490 1.19177805144 1.33148093842 1.68647923020 -265.8919685826 0.00566426136   -2 
  42 0.00316152033 -107.40043322 0.33464818414 0.97928203253 0.93643218245 0.97102845448 0.93870432220 0.84866560988 0.91140712784 0.88418936400 0.90892281561 1.06301223818 0.86398029172 0.99385033883 0.96971515872 0.96281066990 1.02054814355 1.17964135102 1.19185904850 1.33157001759 1.68657608330 -265.8919126521 0.00556498195   -2 
  43 0.00316156481 -107.39780423 0.33464756550 0.97929559196 0.93647493892 0.97103163650 0.93869570253 0.84868407699 0.91140449551 0.88423667562 0.90899017735 1.06295215860 0.86400119031 0.99386980665 0.96973059422 0.96282578667 1.02057157345 1.17967611196 1.19188180737 1.33159649775 1.68660811753 -265.8918976445 0.00507651989   -2 
  44 0.00316142782 -107.39528071 0.33464302107 0.97928115583 0.93653162475 0.97103748863 0.93864840483 0.84871233185 0.91140576033 0.88431253124 0.90910293508 1.06284461345 0.86403282095 0.99389790626 0.96975022776 0.96284034831 1.02060325936 1.17973376257 1.19190553743 1.33162771048 1.68665314140 -265.8918740450 0.00336574864   -2 
  45 0.00316146292 -107.39484651 0.33463674586 0.97927067029 0.93653705807 0.97104280561 0.93862417118 0.84871962833 0.91141092924 0.88433164129 0.90913360856 1.06281476599 0.86404067531 0.99390426285 0.96975344662 0.96283967775 1.02060904844 1.17975059445 1.19190572551 1.33163080162 1.68666280717 -265.8918679673 0.00340754126   -2 
  46 0.00316140884 -107.39607598 0.33462978647 0.97923741432 0.93652532248 0.97105381930 0.93856158589 0.84872991104 0.91142573373 0.88436210421 0.90918769074 1.06275809663 0.86405277938 0.99391319795 0.96975495674 0.96283036078 1.02061430087 1.17978203744 1.19189525843 1.33162684862 1.68667470791 -265.8918575415 0.00246990019   -2 
  47 0.00316147775 -107.39795390 0.33462702294 0.97922780992 0.93650435471 0.97106035243 0.93852202211 0.84873218422 0.91143794867 0.88437207689 0.90921094269 1.06273118654 0.86405678899 0.99391521689 0.96975209385 0.96281853223 1.02061224941 1.17979832403 1.19188039718 1.33161634326 1.68667565448 -265.8918521078 0.00344672108   -2 
  48 0.00316148709 -107.40217000 0.33462917131 0.97921409180 0.93646536929 0.97106606459 0.93846370754 0.84873167572 0.91145571343 0.88438054752 0.90923824554 1.06269492329 0.86405998639 0.99391515168 0.96974498007 0.96279701830 1.02060550610 1.17981972526 1.19185297182 1.33159542168 1.68667214689 -265.8918448473 0.00179014730   -2 
  49 0.00316157103 -107.40661013 0.33462751351 0.97922040185 0.93643524567 0.97106247776 0.93843150065 0.84872350674 0.91146778412 0.88437294326 0.90924226951 1.06267790814 0.86405662278 0.99391001920 0.96973340979 0.96277200721 1.02059234757 1.17983034720 1.19182019079 1.33156783056 1.68665911433 -265.8918399490 0.00337880185   -2 
  50 0.00316158098 -107.41355182 0.33462714499 0.97922813411 0.93639597018 0.97105241194 0.93839288380 0.84870897295 0.91148145976 0.88435717733 0.90924089190 1.06265788432 0.86404946009 0.99389995953 0.96971527376 0.96273517532 1.02057143263 1.17984162750 1.19177179077 1.33152629590 1.68663699448 -265.8918334149 0.00242496151   -2 
  51 0.00316170392 -107.43163373 0.33459853490 0.97923425826 0.93633830296 0.97101032549 0.93833520072 0.84866101241 0.91150239843 0.88429506012 0.90920631829 1.06262543438 0.86402024590 0.99386197149 0.96965911695 0.96263000015 1.02050491358 1.17985590428 1.19163235959 1.33140348011 1.68656199212 -265.8918159804 0.00509328497   -2 
  52 0.00316168444 -107.44617576 0.33457985001 0.97922619196 0.93630284905 0.97097572072 0.93829839463 0.84862365400 0.91151249294 0.88424596187 0.90917539527 1.06260257414 0.86399621336 0.99383119551 0.96961558356 0.96255081733 1.02045341881 1.17986247314 1.19152722184 1.33131009128 1.68650247950 -265.8918042686 0.00330771254   -2 
  53 0.00316183491 -107.47416912 0.33453604149 0.97917507242 0.93629663079 0.97091454317 0.93827266408 0.84855777357 0.91150375033 0.88415289986 0.90910047044 1.06257126860 0.86394510756 0.99376735734 0.96953415895 0.96241159073 1.02035618944 1.17985463481 1.19134112076 1.33114131022 1.68638402600 -265.8917831758 0.00477576933   -2 
  54 0.00316182211 -107.48711969 0.33452309812 0.97914603616 0.93629987950 0.97088937537 0.93826761704 0.84853101482 0.91149205500 0.88411436051 0.90906569268 1.06255854726 0.86392189807 0.99373902163 0.96949985026 0.96235589396 1.02031521815 1.17984548786 1.19126641723 1.33107243612 1.68633215074 -265.8917743858 0.00309403221   -2 
  55 0.00316198138 -107.51065751 0.33450342415 0.97909742271 0.93632725901 0.97085772056 0.93828192834 0.84849451355 0.91144633615 0.88405682743 0.90899982556 1.06254051859 0.86387888365 0.99368895230 0.96944455571 0.96227619158 1.02024869854 1.17981010109 1.19115834752 1.33096869652 1.68624148225 -265.8917610025 0.00287099291   -2 
  56 0.00316196860 -107.51830778 0.33450065254 0.97908859662 0.93633261688 0.97085183998 0.93828943554 0.84848729775 0.91142342165 0.88404420181 0.90897931947 1.06253510688 0.86386516971 0.99367378468 0.96943009694 0.96226002029 1.02023136716 1.17979149854 1.19113597265 1.33094508624 1.68621456684 -265.8917565474 0.00320009834   -2 
  57 0.00316212561 -107.54804659 0.33447857581 0.97908427404 0.93634905431 0.97084403120 0.93832861598 0.84847123197 0.91131282647 0.88400877405 0.90889874435 1.06251532063 0.86381005232 0.99361407894 0.96937953764 0.96221737615 1.02017067227 1.17969802714 1.19107496518 1.33087260343 1.68611063165 -265.8917402457 0.00283198535   -2 
  58 0.00316208688 -107.56206220 0.33446325405 0.97908824634 0.93634026662 0.97084293939 0.93834033840 0.84846837743 0.91125710036 0.88399986326 0.90886424546 1.06250456724 0.86378447785 0.99358676511 0.96935942594 0.96220894192 1.02014703710 1.17964468937 1.19106160326 1.33085036454 1.68606405728 -265.8917328778 0.00426675033   -2 
  59 0.00316214278 -107.58456252 0.33442764412 0.97910323260 0.93631888117 0.97084479699 0.93835516394 0.84846771314 0.91116598743 0.88399119610 0.90881105150 1.06248655811 0.86374319382 0.99354298389 0.96932929409 0.96220318556 1.02011163030 1.17955113032 1.19105024733 1.33082212204 1.68598965441 -265.8917208451 0.00198545515   -2 
  60 0.00316210561 -107.59813943 0.33441002093 0.97910046397 0.93628830969 0.97084282725 0.93833857888 0.84847074524 0.91113018184 0.88399715801 0.90879433376 1.06247269744 0.86372404574 0.99352289384 0.96931977827 0.96221679590 1.02010105227 1.17949164959 1.19106676856 1.33082504246 1.68595597995 -265.8917144742 0.00396579603   -2 
  61 0.00316217525 -107.61658443 0.33438285208 0.97909824342 0.93624689206 0.97083998829 0.93831021312 0.84847610393 0.91108777233 0.88400856994 0.90877608794 1.06245308804 0.86369954510 0.99349756464 0.96930914355 0.96224041123 1.02008957441 1.17940903406 1.19109616373 1.33083474352 1.68591292663 -265.8917059101 0.00213402462   -2 
  62 0.00316222573 -107.63677775 0.33437261343 0.97907715795 0.93621842651 0.97082540464 0.93826227922 0.84847665917 0.91107233232 0.88402270796 0.90877195550 1.06242863634 0.86368085519 0.99347872009 0.96930438398 0.96227362747 1.02008607785 1.17932947570 1.19113992131 1.33085722026 1.68587926938 -265.8916972911 0.00295723453   -2 
  63 0.00316229141 -107.64349470 0.33436748811 0.97907153266 0.93621334322 0.97081963023 0.93824496256 0.84847597860 0.91107142870 0.88402747548 0.90877265245 1.06241982526 0.86367545693 0.99347333985 0.96930357649 0.96228603354 1.02008599215 1.17930329809 1.19115655234 1.33086646240 1.68586925182 -265.8916944624 0.00139654464   -2 
  64 0.00316229961 -107.65609594 0.33435969680 0.97906190310 0.93623141377 0.97079538077 0.93820612836 0.84846268664 0.91110002501 0.88403027608 0.90878668432 1.06239741355 0.86367157598 0.99346927255 0.96930560332 0.96231231392 1.02009221728 1.17926425653 1.19119462009 1.33089071987 1.68585921602 -265.8916895705 0.00199045057   -2 
  65 0.00316232637 -107.65918110 0.33435536501 0.97906259583 0.93623847164 0.97078924347 0.93819698832 0.84845827532 0.91111051063 0.88403030672 0.90879171010 1.06239119231 0.86367135196 0.99346904086 0.96930655429 0.96231946940 1.02009452588 1.17925538006 1.19120527481 1.33089779716 1.68585766016 -265.8916883068 0.00109705505   -2 
  66 0.00316228757 -107.66367221 0.33434633717 0.97907067335 0.93625196673 0.97077995014 0.93818851594 0.84844648704 0.91113652026 0.88402551595 0.90880352528 1.06237992703 0.86367389526 0.99347041282 0.96930888069 0.96232943230 1.02009995753 1.17924865476 1.19122197105 1.33090965783 1.68585893906 -265.8916864732 0.00086200720   -2 
  67 0.00316229542 -107.66433399 0.33434438141 0.97907365585 0.93625432884 0.97077992628 0.93818973411 0.84844398486 0.91114272352 0.88402371154 0.90880643432 1.06237811029 0.86367518461 0.99347179222 0.96930958046 0.96233073376 1.02010140666 1.17924971012 1.19122470033 1.33091185122 1.68586033111 -265.8916861381 0.00083892248   -2 
  68 0.00316226760 -107.66772678 0.33434006888 0.97909050481 0.93626149412 0.97078523073 0.93820506193 0.84843018271 0.91117620415 0.88401100460 0.90882231005 1.06236981117 0.86368404060 0.99348078204 0.96931323479 0.96233459746 1.02010973148 1.17926320117 1.19123575504 1.33092164566 1.68587062892 -265.8916848056 0.00056249770   -2 
  69 0.00316228023 -107.66841340 0.33434556491 0.97908828635 0.93625839326 0.97079539138 0.93821839450 0.84843150613 0.91118173668 0.88400710486 0.90882699920 1.06237166642 0.86368960345 0.99348452275 0.96931510424 0.96233275280 1.02011338115 1.17927780962 1.19123527796 1.33092299650 1.68587858819 -265.8916838939 0.00074117523   -2 
  70 0.00316229087 -107.66833199 0.33434564204 0.97908817636 0.93625801056 0.97079784252 0.93822150912 0.84843231360 0.91118259805 0.88400643498 0.90882804201 1.06237252517 0.86369105216 0.99348582728 0.96931564969 0.96233219518 1.02011427475 1.17928174407 1.19123499422 1.33092328662 1.68588075249 -265.8916837104 0.00058383463   -2 
  71 0.00316227146 -107.66707674 0.33434388070 0.97908070304 0.93625536990 0.97081128179 0.93824025714 0.84843932127 0.91118495161 0.88400294447 0.90883381170 1.06237952115 0.86370079244 0.99349559854 0.96931903923 0.96232739499 1.02011999055 1.17930974224 1.19123167337 1.33092443484 1.68589578549 -265.8916828845 0.00054124131   -2 
  72 0.00316226243 -107.66697613 0.33434433238 0.97908159403 0.93625563556 0.97081127492 0.93824048911 0.84843980655 0.91118474096 0.88400295459 0.90883402908 1.06238007378 0.86370139604 0.99349604321 0.96931930977 0.96232701666 1.02012039807 1.17931166414 1.19123137309 1.33092447365 1.68589681031 -265.8916827882 0.00046666761   -2 
  73 0.00316225491 -107.66539051 0.33434677694 0.97909949791 0.93626227579 0.97080858744 0.93823819974 0.84844502643 0.91118193327 0.88400503434 0.90883580287 1.06238610920 0.86370678430 0.99350130910 0.96932231557 0.96232413703 1.02012406531 1.17932891972 1.19122898251 1.33092530439 1.68590654591 -265.8916821528 0.00029244824   -2 
  74 0.00316224965 -107.66210723 0.33434906539 0.97910322607 0.93627251784 0.97080704852 0.93823488457 0.84845344654 0.91117967756 0.88401154337 0.90883922990 1.06239714628 0.86371546188 0.99351094309 0.96932815341 0.96232156009 1.02013130723 1.17935558078 1.19122699818 1.33092844055 1.68592330795 -265.8916817175 0.00092099506   -2 
  75 0.00316223071 -107.65984652 0.33435147737 0.97910409660 0.93627875957 0.97080623564 0.93823266404 0.84845913656 0.91117828697 0.88401616868 0.90884162544 1.06240480568 0.86372148775 0.99351794135 0.96933230790 0.96231986419 1.02013641811 1.17937409079 1.19122573263 1.33093074904 1.68593505080 -265.8916814395 0.00038085933   -2 
  76 0.00316223721 -107.65967121 0.33435345860 0.97909363926 0.93626929076 0.97081212002 0.93823794222 0.84845686151 0.91118236349 0.88401685033 0.90884231102 1.06240373150 0.86372059780 0.99351657149 0.96933292895 0.96232230057 1.02013644051 1.17936984974 1.19122832711 1.33093262108 1.68593434292 -265.8916810463 0.00051845109   -2 
  77 0.00316224430 -107.65953285 0.33435343438 0.97909257630 0.93626795443 0.97081317353 0.93823889713 0.84845648155 0.91118319628 0.88401705712 0.90884249038 1.06240360942 0.86372048498 0.99351646754 0.96933311523 0.96232283755 1.02013652264 1.17936914872 1.19122889159 1.33093307273 1.68593434479 -265.8916809783 0.00024831263   -2 
  78 0.00316223574 -107.65841586 0.33435308479 0.97910028733 0.93626606120 0.97081502476 0.93824137285 0.84845476398 0.91118653166 0.88401804951 0.90884320107 1.06240297305 0.86372016596 0.99351527094 0.96933435904 0.96232542114 1.02013668285 1.17936675719 1.19123154349 1.33093537718 1.68593498415 -265.8916808628 0.00037435111   -2 
  79 0.00316223016 -107.65824722 0.33435342434 0.97910051851 0.93626602739 0.97081507066 0.93824166437 0.84845450343 0.91118707477 0.88401821695 0.90884333524 1.06240290317 0.86372012533 0.99351527551 0.96933460606 0.96232590112 1.02013680926 1.17936637282 1.19123203206 1.33093580883 1.68593513299 -265.8916808265 0.00027173875   -2 
  80 0.00316223251 -107.65624250 0.33435714764 0.97909110682 0.93627030690 0.97081473056 0.93824413835 0.84845323132 0.91119263755 0.88402051909 0.90884514959 1.06240364154 0.86372033494 0.99351604746 0.96933773699 0.96233123114 1.02013937386 1.17936327229 1.19123781082 1.33094101963 1.68593781509 -265.8916805426 0.00050158811   -2 
  81 0.00316223874 -107.65579551 0.33435743943 0.97909046558 0.93627103423 0.97081479968 0.93824456362 0.84845315262 0.91119358037 0.88402097359 0.90884554918 1.06240386895 0.86372043541 0.99351632660 0.96933832553 0.96233223484 1.02013987333 1.17936280538 1.19123891034 1.33094203309 1.68593840669 -265.8916804736 0.00022472640   -2 
  82 0.00316222554 -107.64945321 0.33436124699 0.97908830410 0.93627424616 0.97081099516 0.93824625519 0.84845387051 0.91120228716 0.88402588409 0.90885038143 1.06240710212 0.86372215713 0.99352174470 0.96934550045 0.96234481506 1.02014655366 1.17935823146 1.19125275967 1.33095505517 1.68594666894 -265.8916801064 0.00075593375   -2 
  83 0.00316221002 -107.64705102 0.33436354989 0.97908799156 0.93627492000 0.97080966885 0.93824679849 0.84845423392 0.91120533821 0.88402771552 0.90885219967 1.06240835512 0.86372285550 0.99352389782 0.96934823783 0.96234959325 1.02014918022 1.17935661837 1.19125805148 1.33096004864 1.68594989837 -265.8916799421 0.00041328055   -2 
  84 0.00316220833 -107.64139207 0.33437250672 0.97910051640 0.93627356120 0.97081217793 0.93824889834 0.84845723873 0.91120969933 0.88403184662 0.90885666326 1.06241246460 0.86372563164 0.99353004371 0.96935454392 0.96235989707 1.02015553023 1.17935570919 1.19126994402 1.33097157116 1.68595879564 -265.8916794384 0.00025169506   -2 
  85 0.00316220199 -107.63705555 0.33437651435 0.97910579350 0.93627455012 0.97082271143 0.93825234935 0.84846251673 0.91120992900 0.88403505816 0.90886039969 1.06241777357 0.86372946069 0.99353609991 0.96935903143 0.96236552984 1.02016052607 1.17935999620 1.19127699156 1.33097908253 1.68596711746 -265.8916792456 0.00067286333   -2 
  86 0.00316218345 -107.63405335 0.33437968964 0.97910815109 0.93627535649 0.97083021884 0.93825490854 0.84846643769 0.91120983005 0.88403729584 0.90886306541 1.06242168750 0.86373233986 0.99354044266 0.96936220856 0.96236927748 1.02016409483 1.17936358270 1.19128175738 1.33098425683 1.68597317905 -265.8916790798 0.00026058913   -2 
  87 0.00316217432 -107.63066976 0.33438212752 0.97910547376 0.93627923225 0.97083814254 0.93825926304 0.84847208978 0.91120967855 0.88404040888 0.90886669795 1.06242721164 0.86373682327 0.99354593247 0.96936599044 0.96237243672 1.02016861207 1.17937094008 1.19128636528 1.33098974799 1.68598151439 -265.8916789419 0.00028059452   -2 
  88 0.00316216897 -107.62998736 0.33438299231 0.97910421738 0.93628033487 0.97083920382 0.93826033228 0.84847338753 0.91120976470 0.88404118055 0.90886756857 1.06242860540 0.86373800065 0.99354705739 0.96936684346 0.96237295382 1.02016968968 1.17937311457 1.19128722017 1.33099087523 1.68598357202 -265.8916789147 0.00022452805   -2 
  89 0.00316217164 -107.62832739 0.33438537146 0.97910103186 0.93628455504 0.97083893645 0.93826390817 0.84847703836 0.91121071782 0.88404359422 0.90887029956 1.06243318497 0.86374192412 0.99355055409 0.96936920761 0.96237349490 1.02017284987 1.17938122078 1.19128888434 1.33099360133 1.68599007689 -265.8916788413 0.00024868231   -2 
  90 0.00316216764 -107.62791657 0.33438622936 0.97910096821 0.93628556285 0.97083829561 0.93826485069 0.84847796971 0.91121117167 0.88404430432 0.90887113580 1.06243458939 0.86374318100 0.99355170496 0.96936990118 0.96237346277 1.02017384613 1.17938404161 1.19128918672 1.33099427652 1.68599211075 -265.8916788185 0.00022540229   -2 
  91 0.00316216649 -107.62677226 0.33438789865 0.97910561590 0.93628732763 0.97083452287 0.93826748631 0.84848033031 0.91121352990 0.88404662419 0.90887382328 1.06243903863 0.86374728143 0.99355423372 0.96937193820 0.96237287221 1.02017680595 1.17939378830 1.19128960504 1.33099601320 1.68599865759 -265.8916787404 0.00014940756   -2 
  92 0.00316216281 -107.62661165 0.33438803228 0.97910630667 0.93628727835 0.97083395692 0.93826775312 0.84848055304 0.91121404970 0.88404700699 0.90887426139 1.06243973010 0.86374798943 0.99355444769 0.96937229852 0.96237268596 1.02017739492 1.17939556716 1.19128960359 1.33099625937 1.68599978381 -265.8916787316 0.00014977882   -2 
  93 0.00316216281 -107.62661165 0.33438803228 0.97910630667 0.93628727835 0.97083395692 0.93826775312 0.84848055304 0.91121404970 0.88404700699 0.90887426139 1.06243973010 0.86374798943 0.99355444769 0.96937229852 0.96237268596 1.02017739492 1.17939556716 1.19128960359 1.33099625937 1.68599978381 -265.8916787316 0.00014977882   -5 
  94 0.00316216429 -107.62660125 0.33438781163 0.97910630667 0.93628718106 0.97083423577 0.93826767760 0.84848047238 0.91121419276 0.88404706267 0.90887430633 1.06243973745 0.86374806216 0.99355470796 0.96937231177 0.96237265392 1.02017748104 1.17939579019 1.19128958128 1.33099627242 1.68599991036 -265.8916787246 0.00011549923   -2 
  95 0.00316215972 -107.62663393 0.33438708980 0.97910630667 0.93628637611 0.97083533087 0.93826700302 0.84847992900 0.91121499401 0.88404729114 0.90887447636 1.06243975468 0.86374843954 0.99355557585 0.96937255229 0.96237236769 1.02017785330 1.17939710207 1.19128937466 1.33099627358 1.68600058234 -265.8916787086 0.00007326354    0 
-- Found new optimum with likelihood -265.891678708678626 and gradient 0.00007

---- Best joint likelihood found -265.891678708678626 with gradient 0.00007

---- Results for /scratch/38996031/tmpbxor60p5 
--  Model: C
--        eps_an     theta_bar             a 
--             0 0.00316215972            -1 
--           S_d             b           p_b           S_b 
-- -107.62663393 0.33438708980             0             1 
--           r 2           r 3           r 4           r 5           r 6           r 7           r 8           r 9          r 10          r 11          r 12          r 13          r 14          r 15          r 16          r 17          r 18          r 19 
-- 0.97910630667 0.93628637611 0.97083533087 0.93826700302 0.84847992900 0.91121499401 0.88404729114 0.90887447636 1.06243975468 0.86374843954 0.99355557585 0.96937255229 0.96237236769 1.02017785330 1.17939710207 1.19128937466 1.33099627358 1.68600058234 

---- Expected P_neut(i), 0 < i < n (neutral SFS per site) 
E[P_neut(1)] = 0.0031621597
E[P_neut(2)] = 0.0015480453
E[P_neut(3)] = 0.0009868957
E[P_neut(4)] = 0.0007674841
E[P_neut(5)] = 0.0005933900
E[P_neut(6)] = 0.0004471715
E[P_neut(7)] = 0.0004116296
E[P_neut(8)] = 0.0003494373
E[P_neut(9)] = 0.0003193340
E[P_neut(10)] = 0.0003359604
E[P_neut(11)] = 0.0002483010
E[P_neut(12)] = 0.0002618151
E[P_neut(13)] = 0.0002357931
E[P_neut(14)] = 0.0002173697
E[P_neut(15)] = 0.0002150644
E[P_neut(16)] = 0.0002330901
E[P_neut(17)] = 0.0002215910
E[P_neut(18)] = 0.0002338235
E[P_neut(19)] = 0.0002806002

---- Expected P_sel(i), 0 < i < n (selected SFS per site) 
E[P_sel(1)] = 0.0015339479
E[P_sel(2)] = 0.0005629843
E[P_sel(3)] = 0.0003080349
E[P_sel(4)] = 0.0002168382
E[P_sel(5)] = 0.0001558702
E[P_sel(6)] = 0.0001109432
E[P_sel(7)] = 0.0000974561
E[P_sel(8)] = 0.0000795207
E[P_sel(9)] = 0.0000702218
E[P_sel(10)] = 0.0000716798
E[P_sel(11)] = 0.0000515660
E[P_sel(12)] = 0.0000530617
E[P_sel(13)] = 0.0000467354
E[P_sel(14)] = 0.0000422104
E[P_sel(15)] = 0.0000409783
E[P_sel(16)] = 0.0000436356
E[P_sel(17)] = 0.0000408032
E[P_sel(18)] = 0.0000423922
E[P_sel(19)] = 0.0000501329

---- alpha_dfe = 0.000000

