---- Running command
---- ./polyDFE -d /scratch/40841209/tmp_72sd5fz -m C -i /scratch/40841209/tmph3w9ndp_ 1 -v 1 
---- Performing inference using model C

---- Performing inference on /scratch/40841209/tmp_72sd5fz
----      with -i /scratch/40841209/tmph3w9ndp_ 1
---- Data /scratch/40841209/tmp_72sd5fz does not contain divergence counts. Using option -w.
---- No mutation variability. Using Poisson likelihood.


---- Using provided initial values

-- Starting local optimization
-- Optimizing all parameters
  it        eps_an     theta_bar           S_d             b           p_b           S_b           r 2           r 3           r 4           r 5           r 6           r 7           r 8           r 9          r 10          r 11          r 12          r 13          r 14          r 15          r 16          r 17          r 18          r 19          r 20          r 21          r 22          r 23          r 24           ln lk          grad status 
   0 0.00000450451  0.0008647194 -33.444059999     0.1398527   0.005009714    0.05328228     0.5834314      0.499803     0.5581096     0.5076067      0.557493     0.6522272     0.6050956     0.5227928     0.5765882     0.4982845     0.5150672     0.5206269      0.482151     0.5460091     0.5199818      0.523935     0.5814646     0.6159988     0.7697745     0.7047025     0.6593795      0.914738      1.558127 -181.5763654754 2.14665482283   -2 
   1 0.00000450451 0.00089125345 -33.313322729 0.13880919151 0.00501012815 0.05328236491 0.58271971822 0.50104619579 0.55780513471 0.50711741325 0.55947245359 0.65545907149 0.60607613004 0.52315191195 0.57784225194 0.49849093342 0.51492554478 0.52184439483 0.48268563612 0.54660640254 0.52126953809 0.52357537561 0.58107031047 0.61616466708 0.76897257858 0.70516810566 0.65885184203 0.91473792866 1.55829675766 -178.0346162218 0.62922060544   -2 
   2 0.00000450451 0.00088411781 -32.258134219 0.13045469045 0.00501356538 0.05328310371 0.53030052157 0.50803710408 0.53408922736 0.48528166429 0.59224612719 0.71572650299 0.61794448197 0.52450937668 0.59888667242 0.49821094305 0.50710613325 0.54500950941 0.49113711350 0.55582842182 0.54706500022 0.51228729357 0.56853150780 0.61579474101 0.74560849840 0.71087795349 0.64328114544 0.90787890712 1.54562734263 -171.7821738265 0.41851479373   -2 
   3 0.00000450450 0.00086339131 -31.394609674 0.12614011551 0.00501552349 0.05328320417 0.56145757066 0.50361483291 0.52124555491 0.46896999457 0.61017557962 0.75263889096 0.62373926238 0.52320822765 0.61569772409 0.49597377153 0.49738999953 0.56777053758 0.49874174685 0.56388200094 0.57449859729 0.49871390286 0.55345599799 0.61354999670 0.71887004187 0.71493740189 0.62459556763 0.89743786674 1.52566345396 -169.1400559272 0.63130816161   -2 
   4 0.00000450450 0.00086945905 -31.250488681 0.12547485912 0.00501583603 0.05328321514 0.56604444858 0.50347148280 0.52049277432 0.46735006400 0.61235474229 0.75702931288 0.62459998957 0.52311473231 0.61811899402 0.49571335154 0.49604585777 0.57121685170 0.49992793712 0.56513560962 0.57875507478 0.49671915045 0.55124694418 0.61325466706 0.71500241856 0.71559966876 0.62182273946 0.89595363331 1.52297672076 -168.8021103426 0.19394631813   -2 
   5 0.00000450450 0.00086702013 -30.329872227 0.12596326472 0.00501603870 0.05328246453 0.56131421014 0.50904975025 0.54582189252 0.47486045376 0.60385425290 0.73969868390 0.62565107357 0.52188901460 0.63071459193 0.49302177453 0.48440687220 0.59942676006 0.51021536421 0.57564456633 0.61881495271 0.47671831299 0.52927242267 0.60945261120 0.67859909916 0.72078298305 0.59338186784 0.88058849371 1.49877292201 -167.5052882734 0.09463668678   -2 
   6 0.00000450450 0.00086489568 -30.248923780 0.12646874099 0.00501589150 0.05328236082 0.56161910777 0.50808995248 0.54305749368 0.47566093769 0.60317983917 0.73827201374 0.62532645301 0.52197387286 0.63007221572 0.49301122490 0.48410775116 0.60005205838 0.51071966078 0.57611591776 0.62076738707 0.47538618513 0.52786587150 0.60923243828 0.67663748165 0.72110354802 0.59130971561 0.87982160387 1.49862104166 -167.4576368591 0.21824451497   -2 
   7 0.00000450451 0.00087033012 -29.879287785 0.12834878505 0.00501538839 0.05328196027 0.56370043515 0.50448521291 0.53148376417 0.47909423283 0.60085235304 0.73308161157 0.62416454378 0.52252073408 0.62721967669 0.49314413095 0.48320049680 0.60218062966 0.51274219001 0.57800531962 0.62835490782 0.47019887719 0.52241569049 0.60847059119 0.66918378034 0.72248431660 0.58315535980 0.87704405220 1.49893751080 -167.2896368332 0.05579560058   -2 
   8 0.00000450451 0.00086946624 -29.902523412 0.12810700081 0.00501546602 0.05328201224 0.56242855848 0.50522057032 0.53359710832 0.47831261757 0.60130826108 0.73416543569 0.62427546036 0.52244597609 0.62737614407 0.49315403608 0.48344186153 0.60153793577 0.51239661562 0.57766720530 0.62702687042 0.47090423829 0.52317689020 0.60858923781 0.67033806128 0.72228766228 0.58420424894 0.87751591275 1.49925028651 -167.2813421061 0.05270349331   -2 
   9 0.00000450451 0.00087036033 -29.880966288 0.12807715697 0.00501548914 0.05328201739 0.56179332302 0.50548151687 0.53419601503 0.47801331490 0.60148103541 0.73458811631 0.62426381373 0.52244858877 0.62721374929 0.49318574148 0.48357346599 0.60118341277 0.51230484345 0.57756844865 0.62664198207 0.47099426991 0.52329046128 0.60862126849 0.67059974853 0.72226437081 0.58428894216 0.87765766421 1.49960067519 -167.2763769266 0.05516532439   -2 
  10 0.00000450452 0.00086980977 -29.765962088 0.12819916374 0.00501550894 0.05328199934 0.55920249306 0.50611366426 0.53572781056 0.47685745126 0.60194713427 0.73591458440 0.62402399452 0.52244204287 0.62617455665 0.49329769001 0.48407306360 0.59966121004 0.51199795494 0.57721314327 0.62539902843 0.47099280659 0.52337406337 0.60867433628 0.67120446722 0.72221547922 0.58403492746 0.87804221721 1.50109217337 -167.2624346070 0.04410018906   -2 
  11 0.00000450452 0.00087114906 -29.620665177 0.12841318085 0.00501551116 0.05328195899 0.55847912049 0.50628131310 0.53621638820 0.47604878478 0.60220705228 0.73674873425 0.62373938521 0.52245928030 0.62504426947 0.49341236063 0.48452524375 0.59826516610 0.51178664670 0.57694750839 0.62452371346 0.47073909434 0.52319452180 0.60869043426 0.67145692964 0.72223222292 0.58337810816 0.87829510226 1.50256731978 -167.2530227418 0.09203093546   -2 
  12 0.00000450455 0.00087033008 -28.973211085 0.12960318228 0.00501544267 0.05328174996 0.55627597229 0.50637182912 0.53736996596 0.47263987211 0.60300538091 0.73980483363 0.62232192497 0.52245805098 0.61992106223 0.49385651163 0.48644938519 0.59211383517 0.51085484064 0.57576259000 0.62081131099 0.46940864297 0.52218236103 0.60868563739 0.67229679044 0.72228427604 0.58015054183 0.87925379592 1.50889707349 -167.2152282139 0.07300826961   -2 
  13 0.00000450455 0.00087203556 -28.795686022 0.12988446508 0.00501544268 0.05328169951 0.55789442166 0.50594309809 0.53664215070 0.47263845070 0.60288339362 0.73961369764 0.62215444744 0.52246647848 0.61923347621 0.49393046597 0.48675064260 0.59121298935 0.51074793269 0.57561347360 0.62037148199 0.46902505194 0.52185844165 0.60867809601 0.67228214671 0.72234690255 0.57931164420 0.87938407045 1.50992069147 -167.1947000952 0.12908782924   -2 
  14 0.00000450457 0.00087020230 -28.296950283 0.13083799200 0.00501539024 0.05328154368 0.56271629129 0.50429319932 0.53388311257 0.47301645644 0.60219799970 0.73832497928 0.62167901173 0.52241891820 0.61756397941 0.49406322192 0.48745087544 0.58897749703 0.51047399610 0.57522541887 0.61935371819 0.46787262397 0.52086030156 0.60860987683 0.67206069679 0.72250131841 0.57686873726 0.87962245111 1.51231462273 -167.1427498907 0.05155499742   -2 
  15 0.00000450461 0.00086954403 -27.209117025 0.13227223875 0.00501554632 0.05328135942 0.55603831295 0.50380421770 0.52953686058 0.47876366210 0.60045810074 0.73269277912 0.62304814873 0.52273442288 0.62026851520 0.49425058153 0.48745996049 0.59057723201 0.51113644718 0.57592770517 0.62133887269 0.46600423560 0.51916262943 0.60877874018 0.67072553096 0.72342559251 0.57309142687 0.87981942800 1.51277932277 -167.0528769219 0.10312301415   -2 
  16 0.00000450462 0.00087089637 -27.102018914 0.13238409008 0.00501557395 0.05328134578 0.55589257126 0.50382678965 0.52938400827 0.47917278961 0.60035547812 0.73233346219 0.62318442268 0.52276831847 0.62058319456 0.49426735644 0.48743787499 0.59082430294 0.51121807072 0.57601847332 0.62158378886 0.46585639833 0.51902820986 0.60880462674 0.67060365456 0.72352259999 0.57279123357 0.87984136719 1.51276027681 -167.0426886318 0.05839296861   -2 
  17 0.00000450467 0.00086806621 -25.874153120 0.13419771192 0.00501573803 0.05328118501 0.56388507865 0.50392533754 0.53303559817 0.47881165774 0.59969825993 0.73163677785 0.62384021553 0.52264369941 0.62471589097 0.49400072205 0.48623661512 0.59547591773 0.51225263252 0.57723412280 0.62530212911 0.46470750797 0.51792723914 0.60900043999 0.66897853716 0.72441440765 0.57061415031 0.87961914745 1.50960750938 -166.9482055808 0.07925925398   -2 
  18 0.00000450468 0.00086606567 -25.620661484 0.13463291606 0.00501575924 0.05328115756 0.56426760636 0.50405751397 0.53382852591 0.47856270374 0.59976459225 0.73190232829 0.62399282442 0.52266352548 0.62551566441 0.49398114883 0.48601391942 0.59647938833 0.51249777160 0.57752490645 0.62610317886 0.46455236632 0.51778198406 0.60908375875 0.66871825111 0.72463593595 0.57030530850 0.87963765712 1.50910257584 -166.9356265020 0.10484439329   -2 
  19 0.00000450481 0.00086298807 -22.948743944 0.13923428341 0.00501613387 0.05328095206 0.56161974768 0.50708749612 0.54297203422 0.47545094538 0.60244929544 0.73815158631 0.62626670187 0.52353052725 0.63405331834 0.49427238593 0.48406284675 0.60775918834 0.51553516255 0.58113828291 0.63514562379 0.46358379156 0.51694448669 0.61048031099 0.66670093528  0.7275268611 0.56809544880 0.88062910893 1.50564622269 -166.7942940541 0.07537157460   -2 
  20 0.00000450485 0.00086031230 -22.338398498 0.14065890988 0.00501614681 0.05328092696 0.55986849868 0.50726291136 0.54285480062 0.47525408199 0.60345594958 0.73991073171 0.62690418281 0.52402488654 0.63525782113 0.49462538330 0.48401916338 0.60984599034 0.51633009966 0.58208202667 0.63700401637 0.46374600837 0.51716061475 0.61106778727 0.66678411034 0.72843039124 0.56818415217 0.88135362703 1.50648584637 -166.7677302551 0.15991273848   -2 
  21 0.00000450498 0.00086032710 -20.215313811 0.14602201234 0.00501621973 0.05328087732 0.55413783810 0.50776990006 0.54085217061 0.47524836914 0.60758185103 0.74666928825 0.62948579995 0.52619115050 0.63904250903 0.49625207183 0.48432684188 0.61697898781 0.51935873508 0.58567380506 0.64358521471 0.46473754907 0.51837816766 0.61351442022 0.66768611671 0.73201182537 0.56911010311 0.88456099790 1.51134831989 -166.6662023788 0.10626075045   -2 
  22 0.00000450513 0.00085465563 -18.053864381 0.15314392833 0.00501608829 0.05328086562 0.55290042010 0.50685634212 0.53585058310 0.47644579955 0.61151298366 0.75244861596 0.63220100471 0.52895592953 0.64131500215 0.49857840138 0.48563239265 0.62303062712 0.52275039217 0.58968502526 0.64988983629 0.46665305418 0.52060237777 0.61677157965 0.66997035966 0.73643132045 0.57141285530 0.88921365749 1.52033048864 -166.5772961204 0.22066121492   -2 
  23 0.00000450525 0.00085502452 -16.623287345 0.15856814597 0.00501599856 0.05328087793 0.55343362708 0.50624225352 0.53239626974 0.47761444557 0.61423058864 0.75627341913 0.63422035023 0.53106671173 0.64270794010 0.50040516927 0.48681841589 0.62706464024 0.52524342699 0.59263016148 0.65428084938 0.46822947902 0.52241953929 0.61928255848 0.67193878012 0.73977525719 0.57336533634 0.89287783775 1.52769524714 -166.5067703156 0.11755073465   -2 
  24 0.00000450542 0.00084905165 -14.799902607 0.16752180696 0.00501563238 0.05328096948 0.55943171967 0.50510485395 0.52936885826 0.48025075083 0.61608816281 0.75801372435 0.63671923682 0.53416715579 0.64297636837 0.50348205395 0.48967900372 0.63012318720 0.52865667637 0.59664141944 0.65888807536 0.47138914373 0.52599680453 0.62346200529 0.67633896559 0.74500090274 0.57759548459 0.89939957189 1.54205424846 -166.4013518177 0.13460158513   -2 
  25 0.00000450546 0.00085017362 -14.449251089 0.16948836773 0.00501554859 0.05328101629 0.56078873488 0.50515565095 0.52955079764 0.48097864453 0.61622770196 0.75791132262 0.63727167122 0.53486543522 0.64290559785 0.50424114016 0.49052441774 0.63033620655 0.52937291631 0.59747867855 0.65958172007 0.47223876169 0.52695187964 0.62448311387 0.67759904345 0.74622446036 0.57877128936 0.90106445532 1.54584028284 -166.3756694663 0.11745751498   -2 
  26 0.00000450567 0.00084415968 -12.705011725 0.18181888567 0.00501480125 0.05328143184 0.56549027905 0.50662330718 0.53566003733 0.48564935013 0.61478003500 0.75364214491 0.64012474917 0.53879509108 0.64145855370 0.50907270091 0.49680757702 0.62836332556 0.53321961595 0.60194489011 0.66135029167 0.47821749644 0.53363226311 0.63107345664 0.68688211417 0.75379314591 0.58729801941 0.91225102594 1.57178229130 -166.2368914630 0.09490864448   -2 
  27 0.00000450574 0.00084576825 -12.292834502 0.18554904165 0.00501455446 0.05328176705 0.56050704826 0.50827060940 0.53990700249 0.48683253448 0.61462319938 0.75310556862 0.64145470825 0.54013344069 0.64184491405 0.51098588318 0.49974722405 0.62661390467 0.53446387606 0.60337575749 0.66093063761 0.48093428045 0.53665465199 0.63384552385 0.69136411032 0.75683020480 0.59130605836 0.91716393889 1.58246396115 -166.1605825364 0.17559707014   -2 
  28 0.00000450577 0.00084347642 -12.122931266 0.18733209186 0.00501441198 0.05328193758 0.55798435455 0.50890368882 0.54176601011 0.48724213286 0.61454267798 0.75292296014 0.64203815987 0.54070779255 0.64209017875 0.51186206599 0.50114910281 0.62571485599 0.53501511183 0.60400841480 0.66063317584 0.48224528117 0.53811124138 0.63516149265 0.69354262476 0.75825908538 0.59325894779 0.91951147014 1.58744615435 -166.1271578582 0.04716793796   -2 
  29 0.00000450592 0.00084330445 -11.774515838 0.19431382880 0.00501366427 0.05328371327 0.55986348228 0.50898001080 0.54508996092 0.48545259158 0.61774767638 0.76000521774 0.64591102868 0.54309912457 0.64851593587 0.51664557140 0.51015610542 0.62013130316 0.53774046443 0.60711256279 0.65682148485 0.49132378102 0.54814886037 0.64381849356 0.70912112855 0.76736218646 0.60731629658 0.93522221308 1.61504793113 -166.0204351948 0.08920888313   -2 
  30 0.00000450593 0.00084209388 -11.754226870 0.19482401107 0.00501360750 0.05328385648 0.56000432506 0.50900326797 0.54516932078 0.48539535504 0.61799487221 0.76048304161 0.64618636665 0.54327858052 0.64899231759 0.51697882549 0.51077196146 0.61984721929 0.53795243360 0.60735505004 0.65661623131 0.49198472610 0.54887801385 0.64445121448 0.71023942675 0.76803166194 0.60834886263 0.93635138281 1.61690300567 -166.0136500566 0.03305622314   -2 
  31 0.00000450599 0.00084110609 -11.716819887 0.19634404992 0.00501357360 0.05328509549 0.56317835473 0.51109065925 0.54241017768 0.48794685771 0.62056126950 0.76292200155 0.64818580756 0.54487289218 0.65221174647 0.51863826871 0.51304663996 0.62219283495 0.53975732800 0.60945467519 0.65796833260 0.49551530447 0.55273958675 0.64805770341 0.71568879964 0.77204106548 0.61397545767 0.94213854301 1.62314591333 -165.9875905617 0.03180988942   -2 
  32 0.00000450600 0.00084038248 -11.720945991 0.19637234781 0.00501358809 0.05328522493 0.56270958248 0.51114756559 0.54260909102 0.48820188442 0.62070996913 0.76300282665 0.64833783828 0.54503035351 0.65238910576 0.51873105274 0.51307248530 0.62268451013 0.53993704395 0.60966396871 0.65831680063 0.49570180152 0.55293938908 0.64827736535 0.71590782110 0.77230681562 0.61427999215 0.94241542063 1.62318703704 -165.9845772482 0.05226675657   -2 
  33 0.00000450602 0.00084088944 -11.740891251 0.19633260923 0.00501370983 0.05328590314 0.56041410104 0.51149232085 0.54402228808 0.48955142896 0.62149229482 0.76344416581 0.64915913768 0.54588005928 0.65326293093 0.51919805965 0.51311686348 0.62538587433 0.54088487901 0.61076750985 0.66026380363 0.49657309718 0.55386960996 0.64934370220 0.71686008313 0.77361934949 0.61570056715 0.94369189712 1.62317601513 -165.9724700280 0.02363147161   -2 
  34 0.00000450602 0.00084057768 -11.745672872 0.19634118425 0.00501370082 0.05328590101 0.56189307442 0.51131364218 0.54388575755 0.48924996354 0.62127875482 0.76329668541 0.64901415339 0.54578307729 0.65307739587 0.51912271418 0.51300995373 0.62527273872 0.54081884799 0.61068756868 0.66023781446 0.49643083748 0.55371134113 0.64920028891 0.71661547246 0.77346143589 0.61547949318 0.94343646933 1.62289192277 -165.9695670740  0.0188638212   -2 
  35 0.00000450602 0.00084085574 -11.747957789 0.19632578571 0.00501370900 0.05328593844 0.56209320155 0.51130794208 0.54393731464 0.48923846062 0.62126885510 0.76329343002 0.64902239009 0.54580303611 0.65307114415 0.51912726132 0.51298046935 0.62538331849 0.54085080447 0.61072373647 0.66033789595 0.49643005563 0.55370860019 0.64921120661 0.71658544080 0.77348155557 0.61548020677 0.94342258652 1.62281305471 -165.9690548323 0.01806798381   -2 
  36 0.00000450604 0.00084038120 -11.796577792 0.19617091123 0.00501382867 0.05328666767 0.56379764550 0.51119146936 0.54489190326 0.48922268566 0.62116620268 0.76322030511 0.64922504058 0.54622289227 0.65305587588 0.51924410561 0.51247108647 0.62759895266 0.54150222957 0.61146461358 0.66227092550 0.49653100711 0.55378307386 0.64952942416 0.71619931564 0.77398473053 0.61568637753 0.94334360582 1.62140840140 -165.9642014433 0.02224317231   -2 
  37 0.00000450606 0.00084095493 -11.829434299 0.19601428512 0.00501393141 0.05328720544 0.56383828764 0.51134034330 0.54543502797 0.48934639000 0.62125222478 0.76333192225 0.64944078884 0.54654051850 0.65313876705 0.51936560736 0.51219386314 0.62906386298 0.54196622138 0.61199180044 0.66356703442 0.49664186386 0.55388151205 0.64979258429 0.71601633484 0.77437808223 0.61588410888 0.94337864507 1.62068085988 -165.9616490111 0.04635518383   -2 
  38 0.00000450610 0.00084045054 -11.907677298 0.19569446413 0.00501415679 0.05328845075 0.56335902302 0.51169356514 0.54650821943 0.48964363571 0.62146742420 0.76359567307 0.64991924804 0.54724242713 0.65333740112 0.51964109444 0.51158692526 0.63232456602 0.54300880181 0.61317502554 0.66646855204 0.49690151797 0.55411385234 0.65039376719 0.71562153370 0.77527160679 0.61634583304 0.94347279502 1.61909469049 -165.9560947021 0.01423768626   -2 
  39 0.00000450610 0.00084091781 -11.916731537 0.19563589112 0.00501420044 0.05328864927 0.56292650713 0.51185904838 0.54612199783 0.48976671229 0.62164083979 0.76377607744 0.64998235221 0.54725842026 0.65344674621 0.51969609102 0.51166972763 0.63225153455 0.54305631026 0.61322359894 0.66649217539 0.49696025328 0.55417676529 0.65046816852 0.71569561876 0.77535752606 0.61642985902 0.94357231404  1.6193825445 -165.9549480535 0.02940124759   -2 
  40 0.00000450612 0.00084074272 -11.934244027 0.19555949835 0.00501427068 0.05328900731 0.56215348971 0.51210205456 0.54538337665 0.48996451880 0.62192511754 0.76406543579 0.65006884148 0.54726323663 0.65362862804 0.51978417297 0.51182442446 0.63205361937 0.54312101155 0.61328664549 0.66648188439 0.49706087199 0.55428463472 0.65059009461 0.71583046864 0.77549441559 0.61657438081 0.94374319871 1.61990803245 -165.9532111719 0.00973413226   -2 
  41 0.00000450615 0.00084084965 -11.979259733 0.19539179455 0.00501446603 0.05329002066 0.56296908805 0.51208916560 0.54415582823 0.49023333488 0.62234423564 0.76445857644 0.65012024031 0.54712748995 0.65398992146 0.51994712149 0.51230592606 0.63100930729 0.54312501682 0.61325881680 0.66600110975 0.49729880330 0.55454228086 0.65082534163 0.71623630718 0.77571975345 0.61691347550 0.94415857840 1.62139157868 -165.9510484783 0.00831889852   -2 
  42 0.00000450617 0.00084055880 -12.005908212 0.19526874083 0.00501459972 0.05329067607 0.56302880013 0.51201364632 0.54448008791 0.49024381261 0.62236050966 0.76446764289 0.65012029708 0.54706308674 0.65410111125 0.52000833402 0.51254098255 0.63046580679 0.54309443834 0.61320799145 0.66568521653 0.49741517730 0.55466775935 0.65092356028 0.71644832808 0.77580050577 0.61707981723 0.94435140916 1.62202339738 -165.9502408821 0.02883901200   -2 
  43 0.00000450624 0.00084106331 -12.091454295 0.19481957903 0.00501505524 0.05329283905 0.56324949439 0.51183591285 0.54570495768 0.49028460237 0.62241440307 0.76450880472 0.65014628735 0.54687853108 0.65446443227 0.52021372997 0.51330467276 0.62874446364 0.54300133186 0.61305097440 0.66467347038 0.49779670206 0.55507936536 0.65124629880 0.71714353823 0.77606697338 0.61762331688 0.94498428536 1.62406075108 -165.9477080072 0.00664119817   -2 
  44 0.00000450624 0.00084094344 -12.087232505 0.19477166338 0.00501508001 0.05329287007 0.56286906562 0.51221045130 0.54534996752 0.49023694139 0.62231253090 0.76442716159 0.65016297316 0.54698816072 0.65427678907 0.52014211081 0.51307400554 0.62931527095 0.54300786627 0.61307210778 0.66490812482 0.49771201289 0.55498383856 0.65115199340 0.71697593062 0.77597092619 0.61750658303 0.94479608059 1.62323045344 -165.9471726115 0.01178747014   -2 
  45 0.00000450624 0.00084109281 -12.086528707 0.19474815680 0.00501509389 0.05329290250 0.56280289480 0.51230593762 0.54526805619 0.49022491202 0.62228533736 0.76440589517 0.65016922578 0.54702042693 0.65422404298 0.52012230141 0.51300983781 0.62947632059 0.54300928867 0.61307751543 0.66497210848 0.49768906872 0.55495780716 0.65112558389 0.71693011145 0.77594347179 0.61747495583 0.94474344741 1.62299405762 -165.9470327316 0.00502711938   -2 
  46 0.00000450626 0.00084099157 -12.101167826 0.19447353851 0.00501532559 0.05329375106 0.56310470491 0.51241339998 0.54498766460 0.49005354438 0.62197415866 0.76410435171 0.65012854648 0.54721985776 0.65372763924 0.51991883634 0.51247611401 0.63066201027 0.54296069065 0.61304867471 0.66535921477 0.49749447097 0.55473264152 0.65086949281 0.71654420048 0.77565357671 0.61721379747 0.94425356883 1.62090843886 -165.9463107429 0.00706929472   -2 
  47 0.00000450627 0.00084110307 -12.104235551 0.19442070910 0.00501537047 0.05329391747 0.56313752818 0.51240380856 0.54497631779 0.49003221122 0.62193587967 0.76406522070 0.65011940571 0.54724485758 0.65365540936 0.51988642294 0.51239432917 0.63083274198 0.54295024315 0.61304060178 0.66541260097 0.49746238096 0.55469545457 0.65082653716 0.71648166449 0.77560424136 0.61717053806 0.94417291759 1.62059002072 -165.9462401476 0.00658574643   -2 
  48 0.00000450631 0.00084109944 -12.132229445 0.19405863496 0.00501570583 0.05329523023 0.56307110467 0.51207661374 0.54511832020 0.48991610273 0.62174943407 0.76384282470 0.65000454998 0.54732062789 0.65323411043 0.51966641770 0.51189322158 0.63172790275 0.54284767259 0.61294406026 0.66566045078 0.49724070138 0.55443826426 0.65052324788 0.71606212293 0.77524906618 0.61687188166 0.94362165567 1.61865711521 -165.9457379299 0.00712649306   -2 
  49 0.00000450633 0.00084124240 -12.142539404 0.19393099049 0.00501582602 0.05329570462 0.56303206804 0.51197417292 0.54518033796 0.48988658443 0.62170517482 0.76378279348 0.64996005507 0.54732774487 0.65311263505 0.51959517019 0.51174026901 0.63196776634 0.54280804951 0.61290446081 0.66571975793 0.49716618206 0.55435186773 0.65042070681 0.71592410265 0.77512794445 0.61677109620 0.94343868355 1.61807363952 -165.9456411382 0.00707216636   -2 
  50 0.00000450637 0.00084122771 -12.172766393 0.19361705868 0.00501614474 0.05329700696 0.56283611647 0.51174706584 0.54533292052 0.48983027619 0.62163923948 0.76365933585 0.64980970364 0.54726247777 0.65287540202 0.51942097650 0.51141510184 0.63230966944 0.54268264619 0.61277004806 0.66576297055 0.49697642224 0.55413219552 0.65015727811 0.71558571218 0.77481243261 0.61651390787 0.94298389001 1.61686302964 -165.9453467055 0.01111776536   -2 
  51 0.00000450641 0.00084152711 -12.203233523 0.19330402390 0.00501646484 0.05329831656 0.56268419914 0.51158105460 0.54546406896 0.48978766494 0.62159672957 0.76355836390 0.64965815726 0.54717136284 0.65267850011 0.51925811469 0.51112891896 0.63253498697 0.54255330426 0.61262864780 0.66576351324 0.49679340217 0.55392054084 0.64990280565 0.71526496021 0.77450613284 0.61626506126 0.94255066336 1.61581117755 -165.9450787171 0.01013487126   -2 
  52 0.00000450652 0.00084162344 -12.286025518 0.19253820892 0.00501729037 0.05330176024 0.56242663141 0.51134703215 0.54560952237 0.48968062768 0.62150210639 0.76330451567 0.64923148254 0.54682669007 0.65227486629 0.51885859119 0.51050979147 0.63268587405 0.54218868462 0.61221946900 0.66559347655 0.49633089692 0.55338666567 0.64925852187 0.71447723832 0.77372477648 0.61563503388 0.94147944452 1.61358621405 -165.9443221162 0.01827455964   -2 
  53 0.00000450666 0.00084226437 -12.397600779 0.19151257591 0.00501840020 0.05330638426 0.56221922610 0.51113500610 0.54573363712 0.48954623170 0.62138291213 0.76298020407 0.64867257755 0.54634741823 0.65177709396 0.51834048560 0.50973223057 0.63275388480 0.54169825507 0.61166613697 0.66531543398 0.49572171055 0.55268398879 0.64841051400 0.71344837660 0.77269470848 0.61480372855 0.94007869071 1.61080634423 -165.9435601691 0.01418364005   -2 
  54 0.00000450692 0.00084251647 -12.598731368 0.18980564006 0.00502033246 0.05331453410 0.56261233321 0.51131084741 0.54522009679 0.48926175181 0.62104029221 0.76234732051 0.64775743814 0.54539235814 0.65111326601 0.51752844863 0.50871645454 0.63191767511 0.54080515787 0.61063713831 0.66444062948 0.49471502695 0.55152719731 0.64701582843 0.71181495161 0.77098905954 0.61342218699 0.93784357358 1.60724024900 -165.9409788349 0.03140084692   -2 
  55 0.00000450713 0.00084333489 -12.763231886 0.18841980955 0.00502190501 0.05332114646 0.56297351487 0.51149946388 0.54477814915 0.48904031416 0.62076240053 0.76185078643 0.64704962984 0.54463014561 0.65060491944 0.51689169585 0.50794098273 0.63116010220 0.54008790864 0.60980878328 0.66370175429 0.49391383440 0.55060723192 0.64590765851 0.71052374564 0.76963274012 0.61232050387 0.93607639262 1.60451794599 -165.9395626170 0.01185967824   -2 
  56 0.00000450705 0.00084353238 -12.693639050 0.18896913249 0.00502128529 0.05331851995 0.56229744821 0.51146553579 0.54466919878 0.48911947333 0.62069671555 0.76205809310 0.64768104145 0.54507906962 0.65103540362 0.51736295597 0.50878380731 0.63053035558 0.54042368582 0.61017317354 0.66360288085 0.49438713572 0.55115937652 0.64658495760 0.71139476898 0.77044832907 0.61294742658 0.93726508492 1.60740539731 -165.9377632572 0.02878340714   -2 
  57 0.00000450700 0.00084309897 -12.657378198 0.18928064138 0.00502095080 0.05331712497 0.56194859506 0.51143432279 0.54457510157 0.48914826190 0.62063775173 0.76214832192 0.64802224746 0.54531612729 0.65127089240 0.51762333313 0.50926849565 0.63011277926 0.54060016806 0.61036253146 0.66351084528 0.49464772512 0.55146383165 0.64695858180 0.71188065814 0.77089709596 0.61329217321 0.93792680250 1.60905911219 -165.9367753503 0.01089192466   -2 
  58 0.00000450694 0.00084292357 -12.601893720 0.18981049502 0.00502044926 0.05331509230 0.56261895948 0.51150476783 0.54429591708 0.48915720010 0.62049087343 0.76223294464 0.64859384125 0.54566863626 0.65174503394 0.51813347327 0.51036918404 0.62872439588 0.54086856199 0.61063091157 0.66301931003 0.49514528437 0.55204849930 0.64767607613 0.71286061244 0.77174725313 0.61394344544 0.93924613433 1.61273405068 -165.9351425825 0.00844712188   -2 
  59 0.00000450694 0.00084280321 -12.600744123 0.18983097855 0.00502043646 0.05331504970 0.56264497210 0.51151413941 0.54429961595 0.48915850228 0.62049512494 0.76223629347 0.64860023384 0.54567262651 0.65175933722 0.51814871381 0.51040851323 0.62866368245 0.54087452972 0.61063597326 0.66299291315 0.49516200651 0.55206815096 0.64769975458 0.71289460476 0.77177462272 0.61396539193 0.93929040928 1.61285741994 -165.9350769228 0.00430348887   -2 
  60 0.00000450694 0.00084276458 -12.602065590 0.18992960160 0.00502045101 0.05331523359 0.56297948431 0.51177625379 0.54462328557 0.48923614787 0.62074288691 0.76234933691 0.64847373078 0.54559780186 0.65185611070 0.51822957879 0.51069622665 0.62811166402 0.54087963606 0.61062426835 0.66270253815 0.49527492317 0.55220050871 0.64785262103 0.71313533104 0.77194114271 0.61411250561 0.93958064795 1.61364235589 -165.9347598082 0.00331822899   -2 
  61 0.00000450695 0.00084269560 -12.603574137 0.18994571134 0.00502046818 0.05331533899 0.56296817702 0.51181715045 0.54469350628 0.48926281531 0.62081046778 0.76238932830 0.64844500670 0.54557947424 0.65188084839 0.51824697330 0.51075840021 0.62799850758 0.54088084537 0.61062170972 0.66263811096 0.49530161773 0.55223156971 0.64788769394 0.71319098384 0.77197861531 0.61414717275 0.93964596796 1.61379886234 -165.9347257333 0.00513766277   -2 
  62 0.00000450696 0.00084276587 -12.607310837 0.18996769281 0.00502051797 0.05331561337 0.56290377107 0.51189363331 0.54483966016 0.48932985193 0.62096389617 0.76249108439 0.64839248926 0.54554458847 0.65193930264 0.51828557280 0.51088878261 0.62777516631 0.54088596996 0.61061939955 0.66250747519 0.49536043502 0.55229979482 0.64796435369 0.71331169859 0.77206034952 0.61422329068 0.93978694874 1.61411868836 -165.9346534804 0.00242865214   -2 
  63 0.00000450696 0.00084273050 -12.610307326 0.18996862355 0.00502055903 0.05331581872 0.56283633514 0.51188412439 0.54486471479 0.48936275026 0.62102184769 0.76254257241 0.64838392572 0.54553551570 0.65196835677 0.51830278594 0.51093999714 0.62770677211 0.54089108365 0.61062206968 0.66246008523 0.49538901703 0.55233256323 0.64800025226 0.71336706814 0.77209813706 0.61426035205 0.93984949351 1.61422824824 -165.9346284218 0.00395324591   -2 
  64 0.00000450697 0.00084280737 -12.614698355 0.18996182747 0.00502062424 0.05331613373 0.56275767354 0.51185938162 0.54488248608 0.48940867376 0.62109426168 0.76261506658 0.64838263095 0.54552858092 0.65200987223 0.51832682887 0.51100564149 0.62763250544 0.54090029622 0.61062863354 0.66240389573 0.49542885450 0.55237805184 0.64804980739 0.71344248047 0.77215026969 0.61431198431 0.93993394594 1.61436163975 -165.9345952453 0.00254497926   -2 
  65 0.00000450700 0.00084277896 -12.623573973 0.18993853585 0.00502075776 0.05331676667 0.56271597299 0.51177639882 0.54483520343 0.48946397221 0.62115656488 0.76270382069 0.64840554636 0.54553027873 0.65206900310 0.51836045872 0.51108768520 0.62757767429 0.54091803944 0.61064391635 0.66234078646 0.49549138363 0.55244868388 0.64812489517 0.71355470654 0.77222823919 0.61439369798 0.94005639883 1.61449381510 -165.9345473537 0.00508633787   -2 
  66 0.00000450702 0.00084288178 -12.632755602 0.18990740813 0.00502090226 0.05331744240 0.56271557499 0.51170073801 0.54478048081 0.48951531455 0.62120726447 0.76278631086 0.64843661625 0.54553696926 0.65212742231 0.51839397663 0.51116485150 0.62754003040 0.54093753772 0.61066154838 0.66228586201 0.49555439789 0.55251964070 0.64819994050 0.71366587895 0.77230603855 0.61447617295 0.94017682597 1.61460979548 -165.9345008182 0.00335090825   -2 
  67 0.00000450704 0.00084281158 -12.643640004 0.18986504359 0.00502107933 0.05331826310 0.56282173611 0.51166817533 0.54470691489 0.48953177764 0.62119493533 0.76281222950 0.64847913562 0.54555295967 0.65216686706 0.51841878166 0.51121419636 0.62755747090 0.54095709510 0.61068057729 0.66225747022 0.49561224426 0.55258376401 0.64826526342 0.71376061998 0.77237220565 0.61455322892 0.94027380412 1.61464122308 -165.9344361969 0.00623633062   -2 
  68 0.00000450708 0.00084290137 -12.659413610 0.18979342879 0.00502134664 0.05331948921 0.56300229265 0.51165326033 0.54461405656 0.48954819704 0.62116478056 0.76283714742 0.64854668691 0.54558171053 0.65221933295 0.51845298305 0.51127614774 0.62760305581 0.54098655711 0.61071002826 0.66222899220 0.49569347641 0.55267343912 0.64835592162 0.71389064012 0.77246373130 0.61466173842 0.94040548014 1.61466398543 -165.9343541327 0.00311106953   -2 
  69 0.00000450719 0.00084284833 -12.697653617 0.18956207606 0.00502206710 0.05332272379 0.56308888154 0.51201477232 0.54468295677 0.48945713871 0.62094963492 0.76267318119 0.64869060063 0.54567914362 0.65222314204 0.51847827973 0.51125995140 0.62791470127 0.54104217536 0.61077162664 0.66231134881 0.49581303550 0.55279904384 0.64846842025 0.71403644115 0.77256783710 0.61482879108 0.94052062771 1.61435868495 -165.9341165513 0.00732099384   -2 
  70 0.00000450721 0.00084294808 -12.705576132 0.18950806388 0.00502222401 0.05332342149 0.56310114866 0.51208651159 0.54471017120 0.48944074632 0.62091231402 0.76264232485 0.64871881984 0.54570016393 0.65222148726 0.51848222718 0.51125185093 0.62798338210 0.54105331063 0.61078417625 0.66233357540 0.49583484444 0.55282154662 0.64848769239 0.71406020901 0.77258502403 0.61485959467 0.94053691958 1.61428804161 -165.9340633637 0.00299010480   -2 
  71 0.00000450730 0.00084297579 -12.734325378 0.18927624480 0.00502286740 0.05332624260 0.56285584461 0.51206057608 0.54497439068 0.48941240707 0.62092229078 0.76256439316 0.64870953229 0.54574389259 0.65212620091 0.51844265429 0.51110727587 0.62823579178 0.54105708473 0.61079200341 0.66248070567 0.49582288387 0.55279717041 0.64843766232 0.71396943887 0.77251603291 0.61485453452 0.94038964466 1.61384474376 -165.9338788943 0.00437253736   -2 
  72 0.00000450732 0.00084306007 -12.739668487 0.18922918603 0.00502299605 0.05332680301 0.56284805929 0.51204100221 0.54501270937 0.48941124711 0.62093338719 0.76255579194 0.64869874198 0.54574703029 0.65210372023 0.51843124092 0.51107409534 0.62827512333 0.54105381254 0.61078901735 0.66250819899 0.49581320892 0.55278406900 0.64841880464 0.71393924584 0.77249261436 0.61484381281 0.94034681614 1.61375293449 -165.9338484879 0.00449328228   -2 
  73 0.00000450749 0.00084310902 -12.787398505 0.18883032369 0.00502416176 0.05333190498 0.56301849628 0.51172790705 0.54518549625 0.48940894887 0.62106247950 0.76249006943 0.64850848398 0.54571383510 0.65185580443 0.51828906577 0.51073288872 0.62852450608 0.54098194205 0.61071357259 0.66272398330 0.49566266375 0.55259421128 0.64816985090 0.71356285852 0.77219356749 0.61466399370 0.93984131345 1.61286131510 -165.9335892054 0.00354970439   -2 
  74 0.00000450756 0.00084328425 -12.806006448 0.18867173099 0.00502465659 0.05333407008 0.56311113977 0.51174601647 0.54505715194 0.48941162264 0.62107566238 0.76247543527 0.64840558026 0.54565332075 0.65175970040 0.51821498529 0.51060165895 0.62849990768 0.54092016040 0.61064390196 0.66274414840 0.49556229195 0.55247428793 0.64802461959 0.71336031345 0.77202298897 0.61453594453 0.93958286979 1.61252502986 -165.9334773742 0.01026944065   -2 
  75 0.00000450773 0.00084330039 -12.851187786 0.18830317014 0.00502584766 0.05333929577 0.56327968514 0.51180866225 0.54469929180 0.48940832262 0.62108096381 0.76242685262 0.64814783267 0.54549090506 0.65152617264 0.51803000759 0.51028866183 0.62839981701 0.54075977152 0.61046217825 0.66276614433 0.49530950532 0.55217360045 0.64766260051 0.71286039327 0.77159817965 0.61421207743 0.93894722745 1.61171759088 -165.9331915964 0.00400493982   -2 
  76 0.00000450784 0.00084336947 -12.880645960 0.18805848485 0.00502664032 0.05334276830 0.56329292143 0.51186726139 0.54448057886 0.48939760981 0.62105489836 0.76238405372 0.64798900661 0.54537480289 0.65138340337 0.51790818362 0.51009798629 0.62829054560 0.54064505523 0.61033120229 0.66274601159 0.49513605370 0.55196895763 0.64741908834 0.71253071382 0.77131277174 0.61398712009 0.93853069190 1.61121319693 -165.9331276040 0.00546284707   -2 
  77 0.00000450790 0.00084354366 -12.895681667 0.18792474251 0.00502706644 0.05334462668 0.56321243190 0.51190089673 0.54440621739 0.48938222775 0.62101234360 0.76234848848 0.64792107060 0.54530802586 0.65132094449 0.51784585729 0.51001542728 0.62819451643 0.54057718412 0.61025280781 0.66270086198 0.49504035652 0.55185764854 0.64728932799 0.71236176018 0.77116084282 0.61386020218 0.93831956759 1.61097809339 -165.9330554236 0.00751156547   -2 
  78 0.00000450807 0.00084365654 -12.936386456 0.18757171795 0.00502822364 0.05334968100 0.56286735341 0.51196024876 0.54425606441 0.48931411280 0.62084320455 0.76221338800 0.64775019744 0.54511445451 0.65116137955 0.51767576062 0.50981481158 0.62787725349 0.54037966239 0.61002346515 0.66252329045 0.49477452244 0.55155072768 0.64693486929 0.71191106568 0.77074550853 0.61350422956 0.93775856076 1.61036966739 -165.9328527411 0.00394213310   -2 
  79 0.00000450816 0.00084387675 -12.956953936 0.18737684068 0.00502886726 0.05335248023 0.56275537048 0.51187764305 0.54432518898 0.48922632184 0.62066670011 0.76206317109 0.64769605944 0.54499813788 0.65109719499 0.51758733618 0.50976188591 0.62760917671 0.54024989701 0.60987056305 0.66231200683 0.49462603873 0.55138437483 0.64674984416 0.71170105213 0.77052740403 0.61329682399 0.93750069219 1.61010439081 -165.9327408830 0.00943982919   -2 
  80 0.00000450832 0.00084394031 -12.993089446 0.18704519165 0.00502999444 0.05335739202 0.56257868554 0.51169527602 0.54446083089 0.48905465367 0.62033467248 0.76177204683 0.64760174111 0.54478856481 0.65098284448 0.51743028585 0.50968031978 0.62711600696 0.54001470769 0.60959307881 0.66190978223 0.49436438312 0.55109251736 0.64642667428 0.71134160117 0.77014574657 0.61292951231 0.93705895183 1.60964242516 -165.9325449569 0.00359001570   -2 
  81 0.00000450835 0.00084399800 -12.997503656 0.18699284356 0.00503019402 0.05335825584 0.56281469786 0.51163319332 0.54446067345 0.48900448968 0.62028448170 0.76168638051 0.64758782303 0.54475504520 0.65095646963 0.51740445365 0.50970435088 0.62699791011 0.53995947202 0.60952716857 0.66175357612 0.49432626997 0.55105476898 0.64639009830 0.71132799533 0.77009947689 0.61286780892 0.93703906891 1.60957242692 -165.9324451873 0.00553960097   -2 
  82 0.00000450836 0.00084392783 -12.998980374 0.18697744166 0.00503026250 0.05335855464 0.56288740867 0.51161096749 0.54445562776 0.48898567649 0.62026800081 0.76165421942 0.64758181278 0.54474338937 0.65094579446 0.51739523543 0.50971523000 0.62695499515 0.53993897893 0.60950269999 0.66169235738 0.49431371076 0.55104281894 0.64637904436 0.71132741407 0.77008502876 0.61284668251 0.93703684493 1.60954707772 -165.9324150007 0.00137914755   -2 
  83 0.00000450841 0.00084391172 -12.999902026 0.18689287790 0.00503066092 0.05336025393 0.56281649168 0.51166866475 0.54435926639 0.48892725185 0.62032743520 0.76154229083 0.64757859625 0.54473054470 0.65089051383 0.51737068808 0.50989437810 0.62670434495 0.53980867885 0.60934620560 0.66114364592 0.49429018856 0.55104378935 0.64640909137 0.71151106894 0.77010268793 0.61276439080 0.93724341866 1.60947800515 -165.9323372873 0.00084288645   -2 
  84 0.00000450841 0.00084392511 -12.999873490 0.18689321387 0.00503066738 0.05336028295 0.56281879209 0.51166483138 0.54436224379 0.48892873607 0.62032536068 0.76154484032 0.64757725488 0.54473022703 0.65088980590 0.51737024745 0.50989435804 0.62670457350 0.53980780813 0.60934525272 0.66114094275 0.49429012154 0.55104397111 0.64640941933 0.71151269012 0.77010280315 0.61276374668 0.93724455510 1.60947520570 -165.9323363796 0.00073800850   -2 
  85 0.00000450843 0.00084392657 -12.999732208 0.18690302941 0.00503075587 0.05336068581 0.56283659625 0.51160662043 0.54439777820 0.48894600755 0.62029211364 0.76157506740 0.64755520323 0.54472365260 0.65087748742 0.51736259557 0.50989184277 0.62670701801 0.53979485263 0.60933104885 0.66110386029 0.49428836197 0.55104548592 0.64641253901 0.71153315791 0.77010262061 0.61275400434 0.93725819442 1.60943090921 -165.9323307862 0.00030694786   -2 
  86 0.00000450845 0.00084393593 -12.999360179 0.18691239309 0.00503088909 0.05336128880 0.56281338289 0.51159996969 0.54441127311 0.48895825697 0.62026812184 0.76159707652 0.64753570496 0.54471719109 0.65086558124 0.51735426066 0.50988864944 0.62671134100 0.53977992293 0.60931492327 0.66106145370 0.49428655798 0.55104788211 0.64641696484 0.71155901720 0.77010321356 0.61274208005 0.93727742295 1.60938390836 -165.9323291220 0.00026707841   -2 
  87 0.00000450847 0.00084394066 -12.998768197 0.18691655325 0.00503103865 0.05336195912 0.56281618525 0.51162920982 0.54438964203 0.48895349876 0.62027007887 0.76159019737 0.64753070747 0.54471366476 0.65086022565 0.51734894573 0.50988605471 0.62671433602 0.53976942929 0.60930389216 0.66103274603 0.49428522009 0.55104995282 0.64642056601 0.71157903204 0.77010388808 0.61273238602 0.93729140906 1.60935965551 -165.9323276926 0.00050000386   -2 
  88 0.00000450847 0.00084393435 -12.998670004 0.18691731699 0.00503106536 0.05336207899 0.56281625218 0.51163267513 0.54438618989 0.48895243382 0.62027062360 0.76158858995 0.64753008998 0.54471309943 0.65085942281 0.51734809721 0.50988560430 0.62671474359 0.53976774905 0.60930213326 0.66102824077 0.49428498008 0.55105026742 0.64642111992 0.71158221057 0.77010396882 0.61273077254 0.93729351306 1.60935603781 -165.9323274750 0.00017105496   -2 
  89 0.00000450853 0.00084392856 -12.997180557 0.18691888093 0.00503141923 0.05336365196 0.56282219850 0.51161196825 0.54437467911 0.48893842324 0.62029198702 0.76156616914 0.64753980882 0.54471277361 0.65086074950 0.51734449417 0.50988314124 0.62671848072 0.53975668899 0.60929129376 0.66099903988 0.49428369219 0.55105410217 0.64642721819 0.71160990723 0.77010631518 0.61271673169 0.93730929815 1.60935141378 -165.9323263043 0.00019753234   -2 
  90 0.00000450853 0.00084393226 -12.996984070 0.18691919783 0.00503146843 0.05336387072 0.56282055278 0.51161100624 0.54437538695 0.48893776323 0.62029274108 0.76156510262 0.64754062940 0.54471280707 0.65086100479 0.51734427083 0.50988291670 0.62671868002 0.53975579052 0.60929045368 0.66099682431 0.49428355310 0.55105446327 0.64642777842 0.71161240862 0.77010654627 0.61271529107 0.93731096984 1.60935160286 -165.9323262047 0.00030428815   -2 
  91 0.00000450859 0.00084392656 -12.995484461 0.18692338464 0.00503186805 0.05336565076 0.56279974427 0.51160636370 0.54438470922 0.48893466680 0.62029231630 0.76156009392 0.64754492032 0.54471266375 0.65086243845 0.51734270007 0.50988102228 0.62671902042 0.53974971487 0.60928485622 0.66098293120 0.49428228338 0.55105668262 0.64643126799 0.71162899434 0.77010773916 0.61270459919 0.93732235451 1.60935461310 -165.9323254843 0.00021883175   -2 
  92 0.00000450873 0.00084390572 -12.992534088 0.18694038524 0.00503275939 0.05336963424 0.56281033641 0.51161646872 0.54439827849 0.48893908238 0.62026615356 0.76156788150 0.64754035046 0.54471048103 0.65086168808 0.51734087115 0.50987742868 0.62671465803 0.53974361746 0.60927971358 0.66097410329 0.49427942864 0.55105823269 0.64643370990 0.71164516874 0.77010732687 0.61268823974 0.93733210146 1.60936268408 -165.9323239556 0.00086789570   -2 
  93 0.00000450880 0.00084391004 -12.990854702 0.18694982497 0.00503326572 0.05337189669 0.56281737954 0.51162248563 0.54440537646 0.48894207285 0.62025236218 0.76157313852 0.64753797029 0.54470954968 0.65086155841 0.51734015561 0.50987568804 0.62671242041 0.53974068720 0.60927734775 0.66097017105 0.49427799663 0.55105917280 0.64643513717 0.71165377985 0.77010730539 0.61267954489 0.93733737714 1.60936811933 -165.9323230997 0.00024802731   -2 
  94 0.00000450899 0.00084390849 -12.987652180 0.18698081762 0.00503450643 0.05337745555 0.56279052636 0.51160528108 0.54436282618 0.48895291900 0.62027568478 0.76159507981 0.64753560661 0.54471541809 0.65086714075 0.51734849205 0.50988189946 0.62671471089 0.53975413107 0.60929247430 0.66100315754 0.49428122319 0.55106175346 0.64643768301 0.71164493443 0.77011344426 0.61268416031 0.93733536694 1.60940137027 -165.9323202258 0.00049335567   -2 
  95 0.00000450902 0.00084391508 -12.987026643 0.18698668325 0.00503474983 0.05337854609 0.56278769785 0.51160261736 0.54435607427 0.48895469974 0.62028039561 0.76159882765 0.64753549022 0.54471671607 0.65086840239 0.51735027962 0.50988332505 0.62671544295 0.53975706548 0.60929574097 0.66101004993 0.49428204668 0.55106236425 0.64643829591 0.71164297815 0.77011489550 0.61268562476 0.93733511730 1.60940847203 -165.9323199511 0.00030426788   -2 
  96 0.00000450929 0.00084390224 -12.982840806 0.18702952637 0.00503652563 0.05338650141 0.56281530165 0.51159569396 0.54434648148 0.48895380892 0.62030925879 0.76160352828 0.64753953371 0.54472688815 0.65087837520 0.51736484485 0.50989698811 0.62672567937 0.53978367159 0.60932456234 0.66106704584 0.49429174602 0.55106833824 0.64644442108 0.71162284304 0.77013003905 0.61270887433 0.93733608362 1.60946546622 -165.9323175773 0.00039217070   -2 
  97 0.00000450939 0.00084390697 -12.981268191 0.18704402748 0.00503719788 0.05338951150 0.56282012888 0.51159882419 0.54435299063 0.48895318279 0.62031682539 0.76160449788 0.64754357639 0.54473143124 0.65088334449 0.51737077768 0.50990290870 0.62673118296 0.53979411930 0.60933587219 0.66108769933 0.49429642565 0.55107160706 0.64644804668 0.71161697548 0.77013738737 0.61271970602 0.93733902384 1.60948916438 -165.9323169734 0.00075425229   -2 
  98 0.00000450971 0.00084387881 -12.976257103 0.18709042003 0.00503937735 0.05339926910 0.56282482513 0.51161243238 0.54438181939 0.48895047607 0.62033625444 0.76160614431 0.64755844371 0.54474630094 0.65090003785 0.51738995937 0.50992245194 0.62675026618 0.53982777486 0.60937228645 0.66115254888 0.49431244407 0.55108311293 0.64646099914 0.71160006483 0.77016258311 0.61275649108 0.93735058743 1.60956648498 -165.9323147613 0.00053652156   -2 
  99 0.00000450984 0.00084388030 -12.974164626 0.18710818174 0.00504028541 0.05340333258 0.56282293581 0.51161971877 0.54439617068 0.48895072807 0.62034202423 0.76160869424 0.64756640801 0.54475305919 0.65090803659 0.51739815580 0.50993098518 0.62675937231 0.53984151565 0.60938721144 0.66117753501  0.4943198346 0.55108887482 0.64646767629 0.71159573676 0.77017436632 0.61277268848 0.93735813416 1.60960004187 -165.9323141967 0.00048955950   -2 
 100 0.00000450995 0.00084386535 -12.972609851 0.18712036371 0.00504097965 0.05340643793 0.56281490156 0.51162521595 0.54440758193 0.48895268848 0.62034222665 0.76161293367 0.64757431962 0.54475860379 0.65091515932 0.51740434395 0.50993773792 0.62676764569 0.53985112098 0.60939773374 0.66119275404 0.49432636932 0.55109460015 0.64647453832 0.71159670468 0.77018501209 0.61278598012 0.93736738192 1.60962665178 -165.9323135452 0.00053858837   -2 
 101 0.00000451008 0.00084386434 -12.970638706 0.18713396959 0.00504185912 0.05341036957 0.56280441713 0.51163230071 0.54442174077 0.48895720469 0.62034013932 0.76162113810 0.64758608957 0.54476619947 0.65092532020 0.51741229282 0.50994661051 0.62677938169 0.53986260120 0.60941040966 0.66120880839 0.49433547518 0.55110310160 0.64648489343 0.71160190105 0.77020002626 0.61280356695 0.93738245124 1.60966148603 -165.9323127644 0.00033811804   -2 
 102 0.00000451008 0.00084386434 -12.970638706 0.18713396959 0.00504185912 0.05341036957 0.56280441713 0.51163230071 0.54442174077 0.48895720469 0.62034013932 0.76162113810 0.64758608957 0.54476619947 0.65092532020 0.51741229282 0.50994661051 0.62677938169 0.53986260120 0.60941040966 0.66120880839 0.49433547518 0.55110310160 0.64648489343 0.71160190105 0.77020002626 0.61280356695 0.93738245124 1.60966148603 -165.9323127644           NAN   -8 
 103 0.00000451008 0.00084385533 -12.970656503 0.18713305751 0.00504187578 0.05341044311 0.56280687033 0.51163006122 0.54441838735 0.48895905820 0.62033726030 0.76162362925 0.64758726290 0.54476647442 0.65092616020 0.51741214101 0.50994674880 0.62678057974 0.53986145492 0.60940927723 0.66120430633 0.49433644387 0.55110461923 0.64648689646 0.71160699309 0.77020177938 0.61280434279 0.93738689095 1.60966203320 -165.9323123952 0.00060735112   -2 
 104 0.00000451010 0.00084385266 -12.970706056 0.18712394530 0.00504201268 0.05341104659 0.56282974106 0.51161539643 0.54439424928 0.48897504778 0.62031610390 0.76164538539 0.64759792048 0.54476949876 0.65093391758 0.51741150761 0.50994838938 0.62679096283 0.53985266808 0.60940068266 0.66116848476 0.49434463112 0.55111730859 0.64650362429 0.71164882085 0.77021665238 0.61281105959 0.93742369627 1.60966849370 -165.9323100994 0.00027292784   -2 
 105 0.00000451011 0.00084386060 -12.970763486 0.18712290490 0.00504205287 0.05341122499 0.56281751285 0.51162116950 0.54439887164 0.48897514467 0.62031702152 0.76164512450 0.64759863944 0.54476988987 0.65093474329 0.51741138590 0.50994861822 0.62679252072 0.53985097086 0.60939901684 0.66116186566 0.49434629351 0.55111987289 0.64650687864 0.71165705173 0.77021946100 0.61281242230 0.93742954580 1.60966895214 -165.9323095910 0.00057083614   -2 
 106 0.00000451011 0.00084385456 -12.970857852 0.18712217712 0.00504210131 0.05341144090 0.56280349470 0.51162718331 0.54440392767 0.48897476856 0.62031789241 0.76164408176 0.64759905175 0.54477011390 0.65093538996 0.51741108714 0.50994874253 0.62679411895 0.53984885644 0.60939691764 0.66115399021 0.49434815704 0.55112278384 0.64651055835 0.71166654117 0.77022256425 0.61281392999 0.93743622225 1.60966876759 -165.9323091291 0.00018218080   -2 
 107 0.00000451011 0.00084385633 -12.970858912 0.18712240082 0.00504210096 0.05341143954 0.56281013319 0.51162547534 0.54440303928 0.48897450210 0.62031793117 0.76164377017 0.64759875848 0.54476998999 0.65093515227 0.51741105679 0.50994867164 0.62679384986 0.53984898926 0.60939704431 0.66115464808 0.49434799304 0.55112253252 0.64651022249 0.71166572263 0.77022222090 0.61281380197 0.93743580920 1.60966836888 -165.9323090481 0.00019184655   -2 
 108 0.00000451011 0.00084385323 -12.970882322 0.18712262366 0.00504210904 0.05341147639 0.56281413876 0.51162457965 0.54440285694 0.48897409187 0.62031806593 0.76164317712 0.64759845152 0.54476985765 0.65093495890 0.51741094871 0.50994859396 0.62679379229 0.53984875728 0.60939680623 0.66115401832 0.49434811489 0.55112273528 0.64651046038 0.71166640602 0.77022236385 0.61281390124 0.93743635600 1.60966781479 -165.9323089881 0.00014807047   -2 
 109 0.00000451012 0.00084385447 -12.970965089 0.18712281865 0.00504214840 0.05341165484 0.56282266839 0.51162384416 0.54440396418 0.48897301305 0.62031915366 0.76164153508 0.64759785409 0.54476968817 0.65093471774 0.51741068046 0.50994850074 0.62679414539 0.53984763608 0.60939568262 0.66115031663 0.49434904091 0.55112419661 0.64651223319 0.71167098738 0.77022372509 0.61281469503 0.93744010206 1.60966671319 -165.9323088840 0.00016784712   -2 
 110 0.00000451013 0.00084384995 -12.971090376 0.18712293777 0.00504220666 0.05341191725 0.56282540647 0.51162432401 0.54440596522 0.48897192267 0.62032063608 0.76163982896 0.64759736983 0.54476960425 0.65093462321 0.51741038092 0.50994845728 0.62679485302 0.53984603293 0.60939409234 0.66114482527 0.49435047522 0.55112643558 0.64651496409 0.71167799685 0.77022588174 0.61281591400 0.93744544144 1.60966517415 -165.9323087590 0.00033820681   -2 
 111 0.00000451018 0.00084385446 -12.971726614 0.18712251872 0.00504252618 0.05341335433 0.56283400068 0.51162923693 0.54441765649 0.48896729509 0.62032925549 0.76163254841 0.64759583198 0.54476974144 0.65093488897 0.51740918410 0.50994859894 0.62679919929 0.53983771525 0.60938590364 0.66111557025 0.49435849234 0.55113883968 0.64653009049 0.71171636141 0.77023794067 0.61282278496 0.93747465943 1.60965855282 -165.9323081422 0.00023908564   -2 
 112 0.00000451020 0.00084385071 -12.972056990 0.18712177317 0.00504270091 0.05341413873 0.56282584326 0.51163179020 0.54442074421 0.48896706200 0.62033229526 0.76163216396 0.64759624151 0.54477031344 0.65093567827 0.51740903399 0.50994898300 0.62680151979 0.53983426143 0.60938257402 0.66110281092 0.49436249523 0.55114491866 0.64653742736 0.71173447476 0.77024385803 0.61282630610 0.93748823677 1.60965701592 -165.9323078283 0.00040900199   -2 
 113 0.00000451022 0.00084385703 -12.972295573 0.18712082025 0.00504283812 0.05341475419 0.56281887900 0.51163384868 0.54442248159 0.48896759044 0.62033437343 0.76163297075 0.64759701059 0.54477097263 0.65093655955 0.51740911759 0.50994941845 0.62680336890 0.53983193638 0.60938037169 0.66109388429 0.49436553761 0.55114948954 0.64654291844 0.71174780789 0.77024833344 0.61282901563 0.93749811067 1.60965657839 -165.9323075873 0.00013981875   -2 
 114 0.00000451024 0.00084385406 -12.972506694 0.18711945587 0.00504298158 0.05341539719 0.56281257192 0.51163256611 0.54441728549 0.48897101530 0.62033223976 0.76163824110 0.64759900082 0.54477196069 0.65093783168 0.51740980904 0.50995007679 0.62680442117 0.53983165698 0.60938027918 0.66109174814 0.49436743876 0.55115215308 0.64654582990 0.71175424256 0.77025080214 0.61283085355 0.93750212689 1.60965933958 -165.9323074124 0.00032307689   -2 
 115 0.00000451027 0.00084385909 -12.972717358 0.18711773969 0.00504313735 0.05341609477 0.56280782785 0.51163119138 0.54441151852 0.48897498028 0.62032971501 0.76164434104 0.64760132331 0.54477311090 0.65093929908 0.51741066946 0.50995084845 0.62680548600 0.53983167462 0.60938051056 0.66109043926 0.49436933516 0.55115476229 0.64654862039 0.71176019350 0.77025318552 0.61283271935 0.93750555392 1.60966270778 -165.9323072316 0.00016627172   -2 
 116 0.00000451032 0.00084385760 -12.973246521 0.18711389399 0.00504354124 0.05341790389 0.56281028088 0.51162657979 0.54439752167 0.48898362300 0.62032142148 0.76165743298 0.64760611354 0.54477533874 0.65094205896 0.51741269581 0.50995244068 0.62680677260 0.53983300802 0.60938232560 0.66109242795 0.49437266055 0.55115911798 0.64655275936 0.71176813277 0.77025662461 0.61283621370 0.93750877467 1.60967057398 -165.9323069312 0.00019878010   -2 
 117 0.00000451034 0.00084386174 -12.973385505 0.18711290650 0.00504366123 0.05341844104 0.56281519150 0.51162665127 0.54439698766 0.48898457076 0.62031992362 0.76165872326 0.64760676043 0.54477565805 0.65094240097 0.51741314515 0.50995272985 0.62680667128 0.53983374478 0.60938314023 0.66109453291 0.49437305046 0.55115952103 0.64655288403 0.71176786383 0.77025669992 0.61283671077 0.93750784786 1.60967209306 -165.9323067898 0.00035929788   -2 
 118 0.00000451041 0.00084385461 -12.973976462 0.18710975677 0.00504415229 0.05342064100 0.56283533914 0.51162762657 0.54439807148 0.48898615697 0.62031452480 0.76166036214 0.64760804588 0.54477628558 0.65094290522 0.51741457433 0.50995350576 0.62680549447 0.53983688466 0.60938650691 0.66110435958 0.49437387401 0.55116006033 0.64655204070 0.71176386087 0.77025573107 0.61283801018 0.93750155212 1.60967656943 -165.9323062349 0.00023585363   -2 
 119 0.00000451057 0.00084386151 -12.975147038 0.18710319712 0.00504519745 0.05342532242 0.56284918342 0.51163762567 0.54441589593 0.48898403318 0.62031340820 0.76165550236 0.64760867566 0.54477705778 0.65094317938 0.51741720954 0.50995481841 0.62680241671 0.53984436219 0.60939423649 0.66112831676 0.49437362974 0.55115825215 0.64654693272 0.71174745673 0.77025101611 0.61283882617 0.93748377402 1.60968374960 -165.9323053606 0.00073628652   -2 
 120 0.00000451072 0.00084385137 -12.976331310 0.18709712835 0.00504624007 0.05342999227 0.56285684040 0.51164685244 0.54443319041 0.48898137149 0.62031312595 0.76164987141 0.64760885366 0.54477759909 0.65094317798 0.51741960459 0.50995595431 0.62679923889 0.53985161037 0.60940168288 0.66115176519 0.49437312071 0.55115610685 0.64654150663 0.71173055465 0.77024601257 0.61283935322 0.93746569968 1.60968992739 -165.9323044998 0.00040260150   -2 
 121 0.00000451097 0.00084386319 -12.978151726 0.18708663725 0.00504793002 0.05343756042 0.56283751717 0.51165724992 0.54445398589 0.48897806923 0.62032114431 0.76164309636 0.64760938051 0.54477883478 0.65094376995 0.51742299762 0.50995770881 0.62679541917 0.53986216090 0.60941232166  0.6611851532 0.49437150690 0.55115169579 0.64653240049 0.71170319728 0.77023786779 0.61283926018 0.93743789472 1.60969615650 -165.9323030450 0.00052082511   -2 
 122 0.00000451103 0.00084385777 -12.978577757 0.18708445312 0.00504832479 0.05343932835 0.56283140967 0.51165772689 0.54445604023 0.48897736786 0.62032337855 0.76164175361 0.64760922671 0.54477893783 0.65094371562 0.51742349466 0.50995793206 0.62679459604 0.53986413629 0.60941425580 0.66119153015 0.49437094810 0.55115048603 0.64653021793 0.71169706448 0.77023589585 0.61283897929 0.93743185690 1.60969632608 -165.9323027186 0.00034990934   -2 
 123 0.00000451132 0.00084387490 -12.980476136 0.18707339183 0.00505025391 0.05344796433 0.56280349616 0.51164415359 0.54443967590 0.48897707143 0.62033928362 0.76164137199 0.64760771334 0.54477876948 0.65094303676 0.51742370736 0.50995785859 0.62679246465 0.53986919531 0.60941857041 0.66120804166 0.49436692900 0.55114345639 0.64652004029 0.71167145559 0.77022672242 0.61283565929 0.93740948212 1.60968671299 -165.9323012003 0.00045187368   -2 
 124 0.00000451142 0.00084386892 -12.981170795 0.18706976709 0.00505098384 0.05345123206 0.56280189004 0.51163682162 0.54442874693 0.48897674827 0.62034306120 0.76164103233 0.64760596130 0.54477780392 0.65094177623 0.51742266689 0.50995703327 0.62679150794 0.53986926876 0.60941817194 0.66120934619 0.49436487143 0.55114034871 0.64651614204 0.71166318391 0.77022303976 0.61283358585 0.93740262544 1.60967873371 -165.9323005842 0.00072302584   -2 
 125 0.00000451184 0.00084389030 -12.983701605 0.18705499439 0.00505378226 0.05346375550 0.56281314472 0.51160995196 0.54438442366 0.48897614549 0.62035464309 0.76164080761 0.64759861439 0.54477341216 0.65093624128 0.51741750093 0.50995308936 0.62678812136 0.53986716602 0.60941406049 0.66120744833 0.49435650209 0.55112816889 0.64650162169 0.71163432814 0.77020917835 0.61282476075 0.93737936686 1.60964408141 -165.9322982316 0.00039951978   -2 
 126 0.00000451207 0.00084388121 -12.984968618 0.18704694414 0.00505534212 0.05347073318 0.56282892948 0.51160881108 0.54437221805 0.48897395317 0.62034764559 0.76163705231 0.64759159091 0.54476815094 0.65092988477 0.51741142527 0.50994831775 0.62678483872 0.53986034240 0.60940569152 0.66119223228 0.49435053023 0.55112063089 0.64649390560 0.71162419881 0.77020099847 0.61281756467 0.93737180984 1.60961463379 -165.9322969608 0.00101520110   -2 
 127 0.00000451253 0.00084390014 -12.987437622 0.18702928683 0.00505851899 0.05348493838 0.56286155746 0.51161228798 0.54435403163 0.48896985643 0.62033098969 0.76162971619 0.64757759840 0.54475730132 0.65091683022 0.51739864706 0.50993825937 0.62677817933 0.53984522325 0.60938739708 0.66115787655 0.49433827573 0.55110542065 0.64647873064 0.71160585898 0.77018469389 0.61280255024 0.93735849852 1.60955378589 -165.9322944784 0.00065524907   -2 
 128 0.00000451341 0.00084388979 -12.991633798 0.18699286620 0.00506444686 0.05351142311 0.56283126315 0.51164495180 0.54437743252 0.48896083708 0.62028514673 0.76161109373 0.64755313927 0.54473506267 0.65089019911 0.51737164665 0.50991599926 0.62676258075 0.53980813376 0.60934446657 0.66107340407 0.49431428119 0.55107780614 0.64645335894 0.71158751651 0.77015498212 0.61277109679 0.93734605569 1.60943877564 -165.9322870027 0.00198635033   -2 
 129 0.00000451411 0.00084392362 -12.994923122 0.18696218473 0.00506922831 0.05353277085 0.56280779409 0.51167072762 0.54439914546 0.48895428052 0.62025005898 0.76159704132 0.64753470040 0.54471775388 0.65086948027 0.51735032085 0.50989827897 0.62675010153 0.53977830246 0.60931005307 0.66100554058 0.49429516377 0.55105595737 0.64643343838 0.71157403830 0.77013144167 0.61274584309 0.93733677116 1.60934853170 -165.9322818143 0.00046858253   -2 
 130 0.00000451447 0.00084394431 -12.996274338 0.18694434644 0.00507169444 0.05354377491 0.56281447870 0.51162729436 0.54440438511 0.48894975327 0.62025668886 0.76158631503 0.64753281560 0.54471178893 0.65086192912 0.51734225540 0.50988892076 0.62673847202 0.53976318022 0.60929392922 0.66097900885 0.49428596507 0.55104718563 0.64642539289 0.71157591559 0.77011915289 0.61273167660 0.93733102307 1.60932294597 -165.9322786178 0.00140650115   -2 
 131 0.00000451475 0.00084393150 -12.997336679 0.18693132075 0.00507360120 0.05355228191 0.56281778299 0.51159191931 0.54440636331 0.48894560204 0.62026244203 0.76157694088 0.64753116534 0.54470701560 0.65085584241 0.51733600588 0.50988146065 0.62672875949 0.53975140266 0.60928145198 0.66095921364 0.49427875871 0.55104041745 0.64641907161 0.71157760316 0.77010930615 0.61272048292 0.93732599539 1.60930375219 -165.9322761502 0.00027450948   -2 
 132 0.00000451496 0.00084392372 -12.997746248 0.18692499395 0.00507501779 0.05355860387 0.56280240644 0.51161207714 0.54437510443 0.48893999840 0.62027953422 0.76156664707 0.64753188428 0.54470581176 0.65085329706 0.51733556106 0.50987595959 0.62671369629 0.53974635128 0.60927783860 0.66096694509 0.49427414462 0.55103816499 0.64641508300 0.71158363592 0.77009945248 0.61271087287 0.93731263475 1.60931703163 -165.9322743253 0.00083361847   -2 
 133 0.00000451504 0.00084393405 -12.997874694 0.18692241806 0.00507556811 0.05356105919 0.56279847351 0.51162037202 0.54436385405 0.48893809977 0.62028606343 0.76156314773 0.64753231938 0.54470552325 0.65085251950 0.51733559385 0.50987395116 0.62670787532 0.53974463257 0.60927673124 0.66097070057 0.49427244873 0.55103743697 0.64641362838 0.71158610037 0.77009568696 0.61270719975 0.93730722840 1.60932292701 -165.9322736272 0.00023353730   -2 
 134 0.00000451520 0.00084393192 -12.997891221 0.18692459825 0.00507665269 0.05356590409 0.56283164991 0.51161828435 0.54437034995 0.48893609035 0.62027920879 0.76156059763 0.64752895020 0.54470469923 0.65085060051 0.51733719417 0.50987085258 0.62669541457 0.53974496921 0.60927891555 0.66099183952 0.49426985129 0.55103743471 0.64641038720 0.71158965852 0.77008677243 0.61270000091 0.93728749538 1.60933700358 -165.9322722303 0.00033217161   -2 
 135 0.00000451523 0.00084392550 -12.997881100 0.18692539551 0.00507685377 0.05356680202 0.56283202751 0.51161725531 0.54437303649 0.48893620222 0.62027741251 0.76156097645 0.64752846443 0.54470470307 0.65085048140 0.51733763325 0.50987053530 0.62669363541 0.53974536678 0.60927965272 0.66099614948 0.49426954395 0.55103760640 0.64640993514 0.71159022562 0.77008537638 0.61269888612 0.93728385961 1.60933962164 -165.9322720068 0.00044644893   -2 
 136 0.00000451559 0.00084393334 -12.997489705 0.18693425661 0.00507933297 0.05357786563 0.56280779358 0.51160603947 0.54441695500 0.48894293183 0.62025604926 0.76157459437 0.64752597473 0.54470728683 0.65085250653 0.51734497331 0.50986932901 0.62667690363 0.53975325643 0.60929180246 0.66105200296 0.49426754279 0.55104154352 0.64640632892 0.71159769488 0.77007124680 0.61268741969 0.93724186046 1.60937420612 -165.9322692767 0.00025774821   -2 
 137 0.00000451615 0.00084394959 -12.996327850 0.18694891905 0.00508316348 0.05359495271 0.56279514293 0.51161777325 0.54439899666 0.48895244578 0.62025833122 0.76159171366 0.64753237095 0.54471414233 0.65086160208 0.51735512461 0.50987531125 0.62667799905 0.53976858441 0.60931094140 0.66110974831 0.49427027851 0.55105070195 0.64640817422 0.71160601802 0.77006560020 0.61268110970 0.93720635628 1.60940948466 -165.9322663667 0.00144610520   -2 
 138 0.00000451710 0.00084393310 -12.994407023 0.18697466828 0.00508962070 0.05362374193 0.56277503161 0.51163554549 0.54436620452 0.48896702479 0.62026263599 0.76161808961 0.64754261371 0.54472515753 0.65087632926 0.51737159036 0.50988532516 0.62668064870 0.53979392970 0.60934245009 0.66120398552 0.49427496168 0.55106593474 0.64641139501 0.71161954817 0.77005670425 0.61267095720 0.93714867128 1.60946627141 -165.9322622016 0.00060944578   -2 
 139 0.00000451743 0.00084390482 -12.993549187 0.18698261809 0.00509187939 0.05363380295 0.56282056965 0.51162364198 0.54436895005 0.48896225050 0.62027341073 0.76161014255 0.64754647909 0.54472745681 0.65087974519 0.51737363094 0.50988994697 0.62669081830 0.53979889164 0.60934736722 0.66120584441 0.49427887025 0.55107088160 0.64641633814 0.71162333070 0.77006343708 0.61267447695 0.93715632097 1.60947191503 -165.9322581862 0.00154542635   -2 
 140 0.00000451762 0.00084391811 -12.992989674 0.18698618923 0.00509318360 0.05363960956 0.56284798730 0.51161746804 0.54437315496 0.48895950556 0.62028116170 0.76160546289 0.64754947099 0.54472911138 0.65088213089 0.51737477683 0.50989301289 0.62669796886 0.53980159789 0.60934986704 0.66120395712 0.49428156647 0.55107391132 0.64641989670 0.71162576983 0.77006874042 0.61267751933 0.93716418057 1.60947486155 -165.9322553921 0.00053688276   -2 
 141 0.00000451889 0.00084388098 -12.988665308 0.18700270382 0.00510187669 0.05367828420 0.56282669904 0.51159498332 0.54446220517 0.48893119245 0.62035360867 0.76155587647 0.64757725241 0.54474046549 0.65089824570 0.51737294082 0.50991966909 0.62677904641 0.53980570434 0.60934494640 0.66107320810 0.49431073843 0.55109430385 0.64646250023 0.71164336420 0.77014718305 0.61273025965 0.93733420002 1.60946108977 -165.9322425429 0.00094937012   -2 
 142 0.00000451882 0.00084389510 -12.988919944 0.18700174202 0.00510134033 0.05367589894 0.56282785276 0.51159905671 0.54445357011 0.48893424796 0.62034718832 0.76156122112 0.64757530738 0.54473980443 0.65089724593 0.51737311921 0.50991793322 0.62677359664 0.53980531149 0.60934512051 0.66108104347 0.49430900075 0.55109299478 0.64645996098 0.71164233947 0.77014251557 0.61272731744 0.93732418843 1.60946237372 -165.9322416678 0.00056941040   -2 
 143 0.00000451867 0.00084389455 -12.989453020 0.18700303546 0.00510036328 0.05367155856 0.56282217810 0.51161947217 0.54441493963 0.48894632182 0.62032046893 0.76158269041 0.64756830317 0.54473762274 0.65089385128 0.51737297279 0.50991335552 0.62675959262 0.53980292849 0.60934371797 0.66109293232 0.49430572451 0.55108969427 0.64645517915 0.71164000745 0.77013421018 0.61272340768 0.93730827912 1.60946468088 -165.9322395110 0.00039757482   -2 
 144 0.00000451865 0.00084390042 -12.989515438 0.18700326227 0.00510023199 0.05367097547 0.56282139361 0.51162285790 0.54440875279 0.48894857176 0.62031589121 0.76158668144 0.64756720391 0.54473732769 0.65089335915 0.51737295443 0.50991266221 0.62675742794 0.53980244652 0.60934335556 0.66109405070 0.49430534638 0.55108919402 0.64645462874 0.71163972590 0.77013331103 0.61272319991 0.93730689372 1.60946518489 -165.9322393418 0.00018230977   -2 
 145 0.00000451864 0.00084389944 -12.989557729 0.18700489577 0.00510013699 0.05367055491 0.56281788615 0.51162667557 0.54439783235 0.48895323019 0.62030549927 0.76159501423 0.64756458881 0.54473656149 0.65089209857 0.51737253581 0.50991129856 0.62675356724 0.53980063415 0.60934149106 0.66109089943 0.49430529759 0.55108818052 0.64645458948 0.71163935683 0.77013390889 0.61272505934 0.93731014989 1.60946550216 -165.9322391177 0.00025083000   -2 
 146 0.00000451864 0.00084390357 -12.989558479 0.18700548759 0.00510011067 0.05367043841 0.56281697841 0.51162783129 0.54439414920 0.48895508900 0.62030154983 0.76159833890 0.64756360654 0.54473629534 0.65089163991 0.51737237451 0.50991077822 0.62675208245 0.53979984985 0.60934066334 0.66108917949 0.49430536487 0.55108778568 0.64645470665 0.71163926393 0.77013441247 0.61272606462 0.93731215956 1.60946568937 -165.9322390415 0.00012314895   -2 
 147 0.00000451864 0.00084390185 -12.989500788 0.18700774978 0.00510012081 0.05367048661 0.56281571207 0.51162566344 0.54438940710 0.48895870099 0.62029225484 0.76160499334 0.64756067679 0.54473530354 0.65089007472 0.51737156454 0.50990918891 0.62674802151 0.53979690403 0.60933740625 0.66108063155 0.49430596055 0.55108653771 0.64645566508 0.71163907641 0.77013738707 0.61273051167 0.93732142089 1.60946508096 -165.9322388932 0.00028671254   -2 
 148 0.00000451864 0.00084390701 -12.989440184 0.18700918292 0.00510013545 0.05367055353 0.56281543711 0.51162404567 0.54438698642 0.48896108987 0.62028633602 0.76160939599 0.64755877922 0.54473467605 0.65088906592 0.51737102480 0.50990810923 0.62674524371 0.53979480491 0.60933507897 0.66107432896 0.49430645867 0.55108567305 0.64645646315 0.71163901132 0.77013969914 0.61273389110 0.93732848842 1.60946478361 -165.9322387779 0.00012639260   -2 
 149 0.00000451865 0.00084390665 -12.989263085 0.18701215510 0.00510020527 0.05367086618 0.56281494542 0.51161946667 0.54438663729 0.48896342718 0.62027848897 0.76161402984 0.64755539532 0.54473332296 0.65088701334 0.51736977378 0.50990589686 0.62673990502 0.53979027872 0.60933002279 0.66106018408 0.49430765861 0.55108381277 0.64645837940 0.71163887429 0.77014505258 0.61274167923 0.93734545999 1.60946457294 -165.9322386481 0.00017013343   -2 
 150 0.00000451865 0.00084390983 -12.989196893 0.18701267051 0.00510023095 0.05367098054 0.56281502855 0.51161879230 0.54438758612 0.48896339132 0.62027805700 0.76161409200 0.64755493351 0.54473308920 0.65088667210 0.51736951721 0.50990544854 0.62673886446 0.53978925340 0.60932888145 0.66105681284 0.49430800957 0.55108339963 0.64645892561 0.71163889251 0.77014644160 0.61274372376 0.93734969215 1.60946481486 -165.9322385939 0.00019015109   -2 
 151 0.00000451870 0.00084390799 -12.988524794 0.18701739504 0.00510051696 0.05367225341 0.56281348798 0.51161396770 0.54440017959 0.48895862097 0.62028181687 0.76160693910 0.64755204334 0.54473098797 0.65088389654 0.51736709895 0.50990159574 0.62673058490 0.53978014729 0.60931876955 0.66102651320 0.49431127243 0.55107965550 0.64646397908 0.71163905147 0.77015916965 0.61276274904 0.93738877580 1.60946843005 -165.9322381745 0.00013094732   -2 
 152 0.00000451871 0.00084390524 -12.988299684 0.18701862145 0.00510061593 0.05367269334 0.56281302507 0.51161405681 0.54440260144 0.48895678335 0.62028445861 0.76160398201 0.64755192896 0.54473061936 0.65088347493 0.51736657121 0.50990077127 0.62672898704 0.53977798017 0.60931638373 0.66101911574 0.49431221435 0.55107873784 0.64646539943 0.71163919766 0.77016256356 0.61276804276 0.93739929977 1.60946984809 -165.9322381193 0.00019115616   -2 
 153 0.00000451873 0.00084390688 -12.987954044 0.18702002053 0.00510076626 0.05367336101 0.56281291777 0.51161559342 0.54440485608 0.48895417286 0.62028930282 0.76159968490 0.64755251502 0.54473041623 0.65088335407 0.51736607455 0.50989996387 0.62672758532 0.53977550139 0.60931368808 0.66101034421 0.49431353259 0.55107767937 0.64646735383 0.71163953866 0.77016702941 0.61277510678 0.93741260814 1.60947216476 -165.9322380210 0.00018801930   -2 
 154 0.00000451876 0.00084390182 -12.987504860 0.18702181843 0.00510097000 0.05367426644 0.56281257375 0.51161842972 0.54440544308 0.48895094619 0.62029586214 0.76159429952 0.64755389305 0.54473042673 0.65088362145 0.51736568012 0.50989934133 0.62672683786 0.53977311536 0.60931114545 0.66100163466 0.49431508791 0.55107661467 0.64646961059 0.71164005237 0.77017199520 0.61278325742 0.93742697649 1.60947525873 -165.9322379110 0.00018995858   -2 
 155 0.00000451879 0.00084390212 -12.986985603 0.18702359731 0.00510120732 0.05367532080 0.56281296442 0.51162214869 0.54440432249 0.48894809614 0.62030299252 0.76158946669 0.64755611657 0.54473084661 0.65088448960 0.51736560709 0.50989916207 0.62672713356 0.53977137164 0.60930936002 0.66099469470 0.49431673410 0.55107581091 0.64647194977 0.71164081897 0.77017684100 0.61279143510 0.93744047063 1.60947885816 -165.9322378126 0.00021267499   -2 
 156 0.00000451882 0.00084389564 -12.986620694 0.18702509928 0.00510138762 0.05367612219 0.56281312304 0.51162411122 0.54440145031 0.48894703521 0.62030670522 0.76158762835 0.64755805337 0.54473144470 0.65088552569 0.51736588071 0.50989953272 0.62672846701 0.53977114906 0.60930925257 0.66099302546 0.49431771339 0.55107564108 0.64647328942 0.71164146816 0.77017924890 0.61279595066 0.93744653454 1.60948153439 -165.9322376812 0.00030677157   -2 
 157 0.00000451895 0.00084389138 -12.984840598 0.18703192031 0.00510227073 0.05368004642 0.56281619101 0.51163254215 0.54438607783 0.48894490190 0.62032173259 0.76158375247 0.64756837281 0.54473530215 0.65089175924 0.51736816539 0.50990256302 0.62673730491 0.53977238465 0.60931135345 0.66099190898 0.49432218458 0.55107587076 0.64647927625 0.71164510078 0.77018901417 0.61281499861 0.93746802942 1.60949483356 -165.9322370837 0.00029900681   -2 
 158 0.00000451901 0.00084388138 -12.984013335 0.18703601852 0.00510270696 0.05368198592 0.56281651114 0.51163375669 0.54438016596 0.48894523595 0.62032564666 0.76158429292 0.64757271774 0.54473726222 0.65089480190 0.51736954115 0.50990441427 0.62674217463 0.53977394552 0.60931343761 0.66099450473 0.49432409971 0.55107644171 0.64648176586 0.71164697221 0.77019256574 0.61282251012 0.93747428527 1.60950088797 -165.9322368290 0.00044035347   -2 
 159 0.00000451934 0.00084387026 -12.979760341 0.18705784668 0.00510497805 0.05369208279 0.56281914008 0.51163497269 0.54435734894 0.48895117487 0.62033865867 0.76159444969 0.64759399997 0.54474811221 0.65091112253 0.51737772203 0.50991520925 0.62676882775 0.53978458866 0.60932707208 0.66101546693 0.49433366149 0.55108085816 0.64649405199 0.71165738496 0.77020863890 0.61285724457 0.93749778204 1.60953261220 -165.9322355316 0.00046594803   -2 
 160 0.00000451952 0.00084385174 -12.977563491 0.18707175202 0.00510621463 0.05369758266 0.56281799481 0.51163187064 0.54435320846 0.48895547631 0.62033993828 0.76160222834 0.64760262318 0.54475353568 0.65091899842 0.51738230279 0.50992119255 0.62678251865 0.53979129031 0.60933540628 0.66102982668 0.49433844654 0.55108400544 0.64650012840 0.71166324042 0.77021582987 0.61287296376 0.93750518398 1.60954895011 -165.9322347920 0.00077620737   -2 
 161 0.00000452025 0.00084382980 -12.968686447 0.18712978953 0.00511126200 0.05372002604 0.56281507768 0.51161795607 0.54435084895 0.48897515614 0.62033932602 0.76163814585 0.64763438630 0.54477560501 0.65095040069 0.51740169257 0.50994611548 0.62683724704 0.53982019878 0.60937099734 0.66109235511 0.49435775704 0.55109837810 0.64652463964 0.71168805611 0.77024377207 0.61293279712 0.93752923712 1.60961710338 -165.9322318715 0.00050353829   -2 
 162 0.00000452025 0.00084382980 -12.968686447 0.18712978953 0.00511126200 0.05372002604 0.56281507768 0.51161795607 0.54435084895 0.48897515614 0.62033932602 0.76163814585 0.64763438630 0.54477560501 0.65095040069 0.51740169257 0.50994611548 0.62683724704 0.53982019878 0.60937099734 0.66109235511 0.49435775704 0.55109837810 0.64652463964 0.71168805611 0.77024377207 0.61293279712 0.93752923712 1.60961710338 -165.9322318715 0.00050353829   -8 
 163 0.00000452026 0.00084382202 -12.969277471 0.18714230896 0.00511132938 0.05372034115 0.56281479588 0.51162571747 0.54439526205 0.48897121289 0.62032535659 0.76163468636 0.64761462486 0.54477146617 0.65094214450 0.51740197817 0.50994505080 0.62682481528 0.53982235926 0.60937240238 0.66109587145 0.49435686827 0.55110380574 0.64652383853 0.71169128101 0.77024012818 0.61291572623 0.93751384063 1.60962194979 -165.9322317939 0.00138089416   -2 
 164 0.00000452027 0.00084384360 -12.969680646 0.18715080591 0.00511138207 0.05372058600 0.56281640422 0.51163209205 0.54442751823 0.48896898816 0.62031607257 0.76163325363 0.64760076227 0.54476883446 0.65093656917 0.51740254153 0.50994455574 0.62681586419 0.53982429787 0.60937382414 0.66109892392 0.49435640295 0.55110818806 0.64652354136 0.71169409604 0.77023774634 0.61290293262 0.93750267362 1.60962678699 -165.9322290522 0.00019799318   -2 
 165 0.00000452027 0.00084385362 -12.969919153 0.18715407506 0.00511143365 0.05372082028 0.56281614774 0.51163147404 0.54442817943 0.48896986917 0.62031592115 0.76163594685 0.64759688380 0.54476873927 0.65093534910 0.51740401197 0.50994523916 0.62681141047 0.53982670059 0.60937604996 0.66110244115 0.49435678586 0.55111243004 0.64652442481 0.71169752763 0.77023748500 0.61289370511 0.93749670841 1.60963413562 -165.9322287584 0.00053622271   -2 
 166 0.00000452030 0.00084385783 -12.970600573 0.18716311762 0.00511157987 0.05372148413 0.56281373786 0.51162837552 0.54442622643 0.48897221902 0.62031596857 0.76164315218 0.64758687714 0.54476852443 0.65093215647 0.51740805737 0.50994713970 0.62679927146 0.53983335524 0.60938222407 0.66111218868 0.49435787812 0.55112423831 0.64652692885 0.71170708316 0.77023684112 0.61286805598 0.93748035862 1.60965462431 -165.9322279502 0.00017207238   -2 
 167 0.00000452031 0.00084385975 -12.970889695 0.18716604670 0.00511165594 0.05372182727 0.56281285793 0.51162700147 0.54442267842 0.48897354603 0.62031721188 0.76164655524 0.64758428560 0.54476892754 0.65093158291 0.51741015405 0.50994830615 0.62679456400 0.53983666000 0.60938537396 0.66111696866 0.49435862878 0.55112998391 0.64652846001 0.71171188082 0.77023701715 0.61285632814 0.93747365977 1.60966488043 -165.9322278480 0.00021768979   -2 
 168 0.00000452031 0.00084386453 -12.971021289 0.18716653377 0.00511170485 0.05372204641 0.56281290767 0.51162660121 0.54441940062 0.48897445636 0.62031879370 0.76164844009 0.64758452441 0.54476957042 0.65093202330 0.51741148233 0.50994918877 0.62679278941 0.53983864372 0.60938733081 0.66111979005 0.49435924996 0.55113334805 0.64652960484 0.71171479905 0.77023754986 0.61285007864 0.93747077695 1.60967120799 -165.9322277365 0.00025954086   -2 
 169 0.00000452034 0.00084386622 -12.971553029 0.18716706188 0.00511192269 0.05372302122 0.56281246430 0.51162490205 0.54440349183 0.48897801476 0.62032622189 0.76165534982 0.64758811806 0.54477270167 0.65093487688 0.51741707155 0.50995309338 0.62678675499 0.53984697680 0.60939562037 0.66113157871 0.49436209710 0.55114753105 0.64653474346 0.71172719615 0.77024026513 0.61282442235 0.93745992727 1.60969729498 -165.9322274216 0.00020426565   -2 
 170 0.00000452034 0.00084386205 -12.971389797 0.18716624053 0.00511186717 0.05372277146 0.56281272866 0.51162572909 0.54440866688 0.48897681832 0.62032411868 0.76165280813 0.64758797888 0.54477194617 0.65093442127 0.51741543054 0.50995203368 0.62678914387 0.53984453963 0.60939322290 0.66112809357 0.49436137940 0.55114343109 0.64653338974 0.71172364694 0.77023970990 0.61283211543 0.93746365651 1.60968935554 -165.9322273460 0.00020284333   -2 
 171 0.00000452033 0.00084386277 -12.971205446 0.18716402844 0.00511182819 0.05372259367 0.56281392193 0.51162736695 0.54441427678 0.48897567448 0.62032262033 0.76164994007 0.64758965486 0.54477165132 0.65093482003 0.51741397170 0.50995126031 0.62679258556 0.53984231623 0.60939109931 0.66112483118 0.49436094630 0.55113968737 0.64653243808 0.71172050764 0.77023970647 0.61283981568 0.93746826882 1.60968191954 -165.9322272259 0.00022312895   -2 
 172 0.00000452033 0.00084385662 -12.971045158 0.18716145097 0.00511180473 0.05372248477 0.56281478029 0.51162882164 0.54441863055 0.48897458903 0.62032159045 0.76164706186 0.64759213922 0.54477158966 0.65093559490 0.51741273555 0.50995070138 0.62679618329 0.53984043908 0.60938933984 0.66112203554 0.49436070718 0.55113658075 0.64653180821 0.71171794913 0.77023996241 0.61284651941 0.93747285671 1.60967537000 -165.9322271232 0.00015297676   -2 
 173 0.00000452033 0.00084385704 -12.970941790 0.18715882382 0.00511180789 0.05372249554 0.56281580728 0.51162990994 0.54441986640 0.48897421403 0.62032186701 0.76164553485 0.64759518677 0.54477200276 0.65093681504 0.51741223914 0.50995066398 0.62679912279 0.53983960271 0.60938861740 0.66112070334 0.49436084470 0.55113518163 0.64653183044 0.71171690881 0.77024059683 0.61285027050 0.93747606450 1.60967216143 -165.9322270459 0.00020091519   -2 
 174 0.00000452033 0.00084385097 -12.970838694 0.18715547892 0.00511182362 0.05372256188 0.56281658264 0.51163082940 0.54441985887 0.48897384275 0.62032255699 0.76164376657 0.64759934973 0.54477263733 0.65093851004 0.51741176316 0.50995074441 0.62680279327 0.53983879136 0.60938795168 0.66111935466 0.49436113341 0.55113387582 0.64653205595 0.71171599197 0.77024151181 0.61285420205 0.93747972839 1.60966868913 -165.9322269565 0.00012320781   -2 
 175 0.00000452033 0.00084385096 -12.970789345 0.18715299246 0.00511184948 0.05372267464 0.56281728645 0.51163121173 0.54441832938 0.48897393762 0.62032361271 0.76164314844 0.64760254230 0.54477328990 0.65093992238 0.51741168349 0.50995100215 0.62680530735 0.53983856440 0.60938783057 0.66111888098 0.49436149830 0.55113353484 0.64653247390 0.71171585317 0.77024234976 0.61285601569 0.93748216986 1.60966723928 -165.9322269104 0.00013574032   -2 
 176 0.00000452034 0.00084384696 -12.970770450 0.18715061577 0.00511188787 0.05372284311 0.56281760810 0.51163114147 0.54441558644 0.48897415644 0.62032486631 0.76164278248 0.64760570035 0.54477398776 0.65094135037 0.51741170392 0.50995133648 0.62680770795 0.53983851012 0.60938787409 0.66111864418 0.49436194324 0.55113355026 0.64653302613 0.71171599935 0.77024324047 0.61285713872 0.93748444217 1.60966594305 -165.9322268714 0.00012328994   -2 
 177 0.00000452034 0.00084384961 -12.970794794 0.18715007395 0.00511191300 0.05372295495 0.56281781513 0.51163092900 0.54441410313 0.48897447289 0.62032544588 0.76164319556 0.64760636389 0.54477424865 0.65094174543 0.51741186819 0.50995153830 0.62680816056 0.53983873145 0.60938811865 0.66111890220 0.49436216465 0.55113399135 0.64653332951 0.71171639423 0.77024357222 0.61285662654 0.93748492911 1.60966607870 -165.9322268350 0.00017761661   -2 
 178 0.00000452037 0.00084384494 -12.971050324 0.18714849987 0.00511208429 0.05372371835 0.56281720163 0.51162841414 0.54440436666 0.48897618868 0.62032815112 0.76164575871 0.64760840111 0.54477535692 0.65094319787 0.51741286609 0.50995262162 0.62680946344 0.53984027913 0.60938972299 0.66112082375 0.49436340706 0.55113729324 0.64653508094 0.71171913129 0.77024520147 0.61285145754 0.93748659584 1.60966752547 -165.9322266074 0.00032201068   -2 
 179 0.00000452041 0.00084385002 -12.971467930 0.18714592127 0.00511236949 0.05372498963 0.56281711420 0.51162509375 0.54439016130 0.48897906295 0.62033248585 0.76165015094 0.64761139829 0.54477717539 0.65094549264 0.51741458398 0.50995443088 0.62681135936 0.53984290725 0.60939243700 0.66112411099 0.49436544981 0.55114283029 0.64653796979 0.71172371974 0.77024781396 0.61284272251 0.93748910942 1.60967047520 -165.9322263534 0.00016143121   -2 
 180 0.00000452080 0.00084385920 -12.975844881 0.18713970244 0.00511507609 0.05373710227 0.56282055361 0.51163445516 0.54440129011 0.48898472053 0.62033487712 0.76166043174 0.64760340443 0.54478154861 0.65094705557 0.51742419790 0.50996363742 0.62680806374 0.53986111934 0.60940982068 0.66114713531 0.49437818137 0.55118648672 0.64655513993 0.71175655176 0.77025969704 0.61275860711 0.93749527336 1.60969007434 -165.9322242303 0.00059801642   -2 
 181 0.00000452084 0.00084386792 -12.976262292 0.18713866147 0.00511535140 0.05373833363 0.56282166940 0.51163572164 0.54440343017 0.48898526809 0.62033517370 0.76166137294 0.64760287379 0.54478200457 0.65094727762 0.51742510854 0.50996450070 0.62680778778 0.53986279451 0.60941142070 0.66114924028 0.49437937433 0.55119050102 0.64655672607 0.71175955244 0.77026079387 0.61275087774 0.93749575295 1.60969203375 -165.9322239258 0.00019397356   -2 
 182 0.00000452111 0.00084385767 -12.978210091 0.18712081424 0.00511721695 0.05374665524 0.56283593846 0.51164185494 0.54445343980 0.48897886834 0.62032963919 0.76164836819 0.64760733431 0.54478017009 0.65094549590 0.51742312656 0.50996241970 0.62680493497 0.53986029118 0.60940836490 0.66114530134 0.49437916000 0.55119016610 0.64655461002 0.71175662333 0.77025715706 0.61274395086 0.93748381686 1.60968759437 -165.9322188775 0.00045982881   -2 
 183 0.00000452110 0.00084386412 -12.978118387 0.18712117131 0.00511715235 0.05374636655 0.56283494492 0.51164169482 0.54444990291 0.48897938329 0.62033016694 0.76164925970 0.64760734705 0.54478026739 0.65094563057 0.51742312201 0.50996240936 0.62680510736 0.53986017337 0.60940827388 0.66114516800 0.49437901979 0.55118966318 0.64655447207 0.71175631855 0.77025713048 0.61274513240 0.93748411945 1.60968746819 -165.9322186709 0.00027985025   -2 
 184 0.00000452107 0.00084386384 -12.977712705 0.18712156862 0.00511696899 0.05374554462 0.56282076555 0.51163855787 0.54441670580 0.48898249600 0.62033331251 0.76165416872 0.64760747822 0.54477984971 0.65094551056 0.51742151801 0.50996076678 0.62680548089 0.53985689509 0.60940504716 0.66114094795 0.49437650018 0.55118189994 0.64655102464 0.71175008326 0.77025449923 0.61275851370 0.93748279966 1.60968096591 -165.9322178483 0.00020196245   -2 
 185 0.00000452107 0.00084386708 -12.977682582 0.18712136247 0.00511697044 0.05374555029 0.56282134648 0.51163831368 0.54441561777 0.48898249092 0.62033328358 0.76165412009 0.64760740666 0.54477969658 0.65094536510 0.51742125551 0.50996050075 0.62680540449 0.53985643854 0.60940458494 0.66114035898 0.49437616277 0.55118094063 0.64655054496 0.71174926035 0.77025408420 0.61275997056 0.93748255886 1.60968005024 -165.9322177886 0.00019483237   -2 
 186 0.00000452109 0.00084386276 -12.977200186 0.18711809373 0.00511709347 0.05374608513 0.56283626358 0.51163031755 0.54440104747 0.48897910634 0.62032879024 0.76164780322 0.64760366710 0.54477469129 0.65094013770 0.51741422170 0.50995349733 0.62680217538 0.53984518356 0.60939305587 0.66112584640 0.49436794074 0.55115860382 0.64653879488 0.71172961529 0.77024335615 0.61279196053 0.93747569161 1.60965793354 -165.9322170344 0.00019958020   -2 
 187 0.00000452112 0.00084386800 -12.976587784 0.18711323985 0.00511733121 0.05374713013 0.56282175838 0.51162788598 0.54440017105 0.48897409672 0.62032230408 0.76163891686 0.64759808543 0.54476783716 0.65093272317 0.51740486605 0.50994403281 0.62679686732 0.53983024523 0.60937765842 0.66110669230 0.49435645360 0.55112873565 0.64652258424 0.71170333923 0.77022817738 0.61283336238 0.93746315199 1.60962949130 -165.9322162680 0.00037279209   -2 
 188 0.00000452113 0.00084386385 -12.976492543 0.18711259361 0.00511737661 0.05374733032 0.56281865484 0.51162742679 0.54440033619 0.48897307758 0.62032098432 0.76163715501 0.64759690866 0.54476654584 0.65093128794 0.51740319274 0.50994233541 0.62679578105 0.53982763582 0.60937495275 0.66110335758 0.49435439710 0.55112357279 0.64651970344 0.71169876821 0.77022544088 0.61284027272 0.93746074851 1.60962439323 -165.9322161474 0.00009163730    0 
-- Found new optimum with likelihood -165.932216147477163 and gradient 0.00009

---- Best joint likelihood found -165.932216147477163 with gradient 0.00009

---- Results for /scratch/40841209/tmp_72sd5fz 
--  Model: C
--        eps_an     theta_bar             a 
-- 0.00000452113 0.00084386385            -1 
--           S_d             b           p_b           S_b 
-- -12.976492543 0.18711259361 0.00511737661 0.05374733032 
--           r 2           r 3           r 4           r 5           r 6           r 7           r 8           r 9          r 10          r 11          r 12          r 13          r 14          r 15          r 16          r 17          r 18          r 19          r 20          r 21          r 22          r 23          r 24 
-- 0.56281865484 0.51162742679 0.54440033619 0.48897307758 0.62032098432 0.76163715501 0.64759690866 0.54476654584 0.65093128794 0.51740319274 0.50994233541 0.62679578105 0.53982763582 0.60937495275 0.66110335758 0.49435439710 0.55112357279 0.64651970344 0.71169876821 0.77022544088 0.61284027272 0.93746074851 1.60962439323 

---- Expected P_neut(i), 0 < i < n (neutral SFS per site) 
E[P_neut(1)] = 0.0008438603
E[P_neut(2)] = 0.0002374702
E[P_neut(3)] = 0.0001439141
E[P_neut(4)] = 0.0001148496
E[P_neut(5)] = 0.0000825251
E[P_neut(6)] = 0.0000872441
E[P_neut(7)] = 0.0000918166
E[P_neut(8)] = 0.0000683103
E[P_neut(9)] = 0.0000510787
E[P_neut(10)] = 0.0000549296
E[P_neut(11)] = 0.0000396925
E[P_neut(12)] = 0.0000358602
E[P_neut(13)] = 0.0000406869
E[P_neut(14)] = 0.0000325387
E[P_neut(15)] = 0.0000342821
E[P_neut(16)] = 0.0000348677
E[P_neut(17)] = 0.0000245395
E[P_neut(18)] = 0.0000258377
E[P_neut(19)] = 0.0000287147
E[P_neut(20)] = 0.0000300291
E[P_neut(21)] = 0.0000309511
E[P_neut(22)] = 0.0000235075
E[P_neut(23)] = 0.0000343961
E[P_neut(24)] = 0.0000565996

---- Expected P_sel(i), 0 < i < n (selected SFS per site) 
E[P_sel(1)] = 0.0007015593
E[P_sel(2)] = 0.0001782483
E[P_sel(3)] = 0.0001011575
E[P_sel(4)] = 0.0000770247
E[P_sel(5)] = 0.0000533852
E[P_sel(6)] = 0.0000548193
E[P_sel(7)] = 0.0000563070
E[P_sel(8)] = 0.0000410279
E[P_sel(9)] = 0.0000301248
E[P_sel(10)] = 0.0000318766
E[P_sel(11)] = 0.0000227020
E[P_sel(12)] = 0.0000202413
E[P_sel(13)] = 0.0000226898
E[P_sel(14)] = 0.0000179446
E[P_sel(15)] = 0.0000187115
E[P_sel(16)] = 0.0000188484
E[P_sel(17)] = 0.0000131458
E[P_sel(18)] = 0.0000137239
E[P_sel(19)] = 0.0000151299
E[P_sel(20)] = 0.0000157023
E[P_sel(21)] = 0.0000160677
E[P_sel(22)] = 0.0000121196
E[P_sel(23)] = 0.0000176169
E[P_sel(24)] = 0.0000288074

---- alpha_dfe = 0.010453

