---- Running command
---- ./polyDFE -d /scratch/40841203/tmpooh307qp -m C -i /scratch/40841203/tmpffnbox10 1 -v 1 
---- Performing inference using model C

---- Performing inference on /scratch/40841203/tmpooh307qp
----      with -i /scratch/40841203/tmpffnbox10 1
---- Data /scratch/40841203/tmpooh307qp does not contain divergence counts. Using option -w.
---- No mutation variability. Using Poisson likelihood.


---- Using provided initial values

-- Starting local optimization
-- Optimizing all parameters
  it        eps_an     theta_bar           S_d             b           p_b           S_b           r 2           r 3           r 4           r 5           r 6           r 7           r 8           r 9          r 10          r 11          r 12          r 13          r 14           ln lk          grad status 
   0 0.00000450123  0.0008663822 -44.346810000     0.1221405    0.01060767    0.09636954     0.6268517     0.6514728     0.6820074     0.5848618     0.7565646     0.6523473     0.6349214     0.7005902     0.6139579     0.6324166     0.6421517     0.7478784       1.22486 -132.8904207819 1.49943519693   -2 
   1 0.00000450123 0.00089166349 -44.246431214 0.12145587540 0.01060903313 0.09637019538 0.62806591971 0.65022048917 0.67901717041 0.58406341666 0.75528527891 0.65561332554 0.63922016796 0.69885806790 0.61550737754 0.63621174892 0.64042256645 0.75112398738 1.22880305424 -130.4054321882 0.74536661883   -2 
   2 0.00000450127 0.00089757071 -44.046364139 0.11882817093 0.01061477652 0.09637729898 0.60621764539 0.58925923200 0.58660207866 0.54929925986 0.70412628965 0.72483675813 0.74038076771 0.64583841782 0.64592727997 0.72785442024 0.59160890107 0.82546019160 1.30700973217 -118.0160837279 0.28966415077   -2 
   3 0.00000450127 0.00088688918 -44.083331848 0.11908528359 0.01061416410 0.09637664855 0.60829141803 0.59554257731 0.59113012142 0.54793183996 0.70256827649 0.72408270581 0.74254908643 0.64167222580 0.64699694133 0.73381655923 0.58652479660 0.83022373648 1.30813587947 -117.6566006644 0.52440610686   -2 
   4 0.00000450127 0.00088543848 -44.087139835 0.11929386205 0.01061324571 0.09637397868 0.62288244007 0.63045946914 0.61718136459 0.54301085910 0.69735048044 0.72108809323 0.75371277456 0.62258106370 0.65301108931 0.76462481076 0.56237937149 0.85499675104 1.31517015484 -116.2154115323 0.11963483967   -2 
   5 0.00000450128 0.00088322200 -44.098239831 0.12016153783 0.01061101342 0.09637004372 0.61811405411 0.62186190462 0.62965235486 0.55003759027 0.70746084131 0.72419113744 0.76248823634 0.61447027112 0.66145179256 0.79281460980 0.54274772724 0.88019860523 1.32777862389 -115.8580278823 0.11398788877   -2 
   6 0.00000450128 0.00088496217 -44.089232459 0.12009184319 0.01061117886 0.09637022880 0.61891838276 0.62253743827 0.62818610688 0.54962615679 0.70682338400 0.72410357439 0.76177992071 0.61533111055 0.66088114003 0.79055783058 0.54424049135 0.87829117138 1.32696312997 -115.8438292736 0.05821191720   -2 
   7 0.00000450128 0.00088414103 -44.062398491 0.12043795871 0.01061037996 0.09636877795 0.62213975185 0.62203808294 0.62156912894 0.55040791451 0.70749478046 0.72518356414 0.76060423057 0.61813048061 0.66116830529 0.78837016572 0.54498627090 0.87746554453 1.32752114636 -115.8079155526 0.06441558007   -2 
   8 0.00000450128 0.00088532124 -44.048582406 0.12049993258 0.01061021971 0.09636836266 0.62259422571 0.62193529209 0.62042525090 0.55070593782 0.70781564944 0.72552021026 0.76047081544 0.61876833416 0.66136484885 0.78818149599 0.54498147611 0.87758056554 1.32787353765 -115.8023247643 0.03722287253   -2 
   9 0.00000450128 0.00088552370 -43.963588554 0.12112300959 0.01060866379 0.09636489259 0.62117292921 0.62065541801 0.61638901861 0.55293762522 0.71042639077 0.72770087877 0.76032754357 0.62225469519 0.66328624380 0.78915610751 0.54345467516 0.88029189302 1.33105987412 -115.7831736000 0.03555764632   -2 
  10 0.00000450128 0.00088633955 -43.943824607 0.12117334871 0.01060851225 0.09636438257 0.62107976280 0.62071626987 0.61665836433 0.55311405724 0.71065162240 0.72788352244 0.76042943345 0.62252679526 0.66353900856 0.78945969233 0.54320048121 0.88073690691 1.33146576435 -115.7805075518 0.03974489126   -2 
  11 0.00000450129 0.00088569560 -43.703153728 0.12203890890 0.01060609161 0.09635727983 0.61939991381 0.62161086552 0.62225129054 0.55463980441 0.71269376539 0.72950280083 0.76181850054 0.62519294104 0.66659158955 0.79370340517 0.53964867235 0.88651187826 1.33613765822 -115.7563948677 0.02616914896   -2 
  12 0.00000450129 0.00088439462 -43.491034268 0.12252200016 0.01060462256 0.09635209437 0.62299826321 0.62262254669 0.62378771510 0.55487205084 0.71309909347 0.73004537695 0.76299714352 0.62590373939 0.66798340161 0.79596865395 0.53821137980 0.88923703666 1.33829832678 -115.7454932175 0.02941085291   -2 
  13 0.00000450129 0.00088480735 -43.458396990 0.12256040785 0.01060447931 0.09635142598 0.62332226147 0.62279082160 0.62386530103 0.55491117156 0.71316295133 0.73013525660 0.76317913113 0.62596560950 0.66813514494 0.79621967794 0.53811933076 0.88951653038 1.33856239087 -115.7444360919 0.01684805003   -2 
  14 0.00000450130 0.00088390394 -42.651692371 0.12335428329 0.01060134621 0.09633564607 0.62299026272 0.62612601361 0.62104879452 0.55553202348 0.71422965449 0.73209899421 0.76747930229 0.62610797539 0.67031026194 0.80007846174 0.53869476381 0.89308577435 1.34310276848 -115.7306110413 0.02405971040   -2 
  15 0.00000450130 0.00088278334 -42.402733913 0.12362225192 0.01060033876 0.09633071251 0.62294687010 0.62573416210 0.62113724887 0.55571883446 0.71449077330 0.73246855785 0.76812894276 0.62617358769 0.67070055652 0.80070135793 0.53911099333 0.89364893651 1.34395084953 -115.7267805879 0.06002471491   -2 
  16 0.00000450132 0.00088160787 -39.235721153 0.12686481340 0.01058779743 0.09626655168 0.62377480472 0.61957477487 0.62442094041 0.55846124554 0.71819619088 0.73722991237 0.77571169204 0.62733369315 0.67552095366 0.80809513383 0.54503569035 0.90035263335 1.35456039862 -115.6780909875 0.04568968288   -2 
  17 0.00000450143 0.00086956462 -26.215293360 0.14655415991 0.01052071274 0.09593156217 0.63019284594 0.63117833706 0.64406205578 0.56833150573 0.73110568776 0.75127655061 0.79122679808 0.63707793397 0.69256625118 0.83008373783 0.57369407313 0.92294391226 1.39093460522 -115.4395156933 0.14218436105   -2 
  18 0.00000450145 0.00086467407 -24.520225612 0.15028518615 0.01050933861 0.09587573091 0.63090159461 0.63319850971 0.64654697374 0.56988632364 0.73319363843 0.75351276141 0.79354009797 0.63889924572 0.69528467410 0.83347990461 0.57823001804 0.92659363065 1.39676790705 -115.4106705612 0.06979025012   -2 
  19 0.00000450151 0.00085892858 -20.174229788 0.16227367849 0.01047543336 0.09571216048 0.63250770790 0.64074121449 0.64723610378 0.57438274642 0.73979013330 0.76007443630 0.79885819706 0.64659049576 0.70247455085 0.84141405109 0.58831948396 0.93674892273 1.41279895969 -115.3434383696 0.06286372674   -2 
  20 0.00000450152 0.00085635246 -19.342123915 0.16544875788 0.01046736272 0.09567574655 0.63227172885 0.64116386868 0.64563007662 0.57522541822 0.74125387582 0.76151516068 0.79978850932 0.64904720466 0.70378516479 0.84254232112 0.58906400995 0.93887914524 1.41608538683 -115.3239752955 0.10529732512   -2 
  21 0.00000450155 0.00085530618 -17.394620300 0.17379325993 0.01044697672 0.09558399256 0.63188473850 0.64174651395 0.64111846543 0.57739775127 0.74511917434 0.76531910758 0.80221338641 0.65578221830 0.70704079255 0.84518513197 0.59007846472 0.94434329623 1.42452194378 -115.2841516736 0.04690719834   -2 
  22 0.00000450154 0.00085698949 -17.593945623 0.17303074832 0.01044888885 0.09559337333 0.63189235108 0.64103269409 0.64192144307 0.57708090147 0.74464215692 0.76493621677 0.80207624315 0.65531119377 0.70663449618 0.84479288928 0.58918936659 0.94382522691 1.42373133462 -115.2775930704 0.06483039596   -2 
  23 0.00000450153 0.00085897194 -18.545909939 0.17018423229 0.01045661742 0.09563487582 0.63107282234 0.63619114802 0.64554955331 0.57526119272 0.74208854599 0.76299415278 0.80141171351 0.65360351487 0.70450657449 0.84255282330 0.58341102125 0.94140819407 1.41998346054 -115.2504734462 0.03132034676   -2 
  24 0.00000450154 0.00085903167 -18.341714532 0.17085955372 0.01045483856 0.09562589375 0.63120708785 0.63753704411 0.64412201247 0.57562222344 0.74265021431 0.76340226996 0.80148206247 0.65419416817 0.70487539988 0.84285232442 0.58401902606 0.94190469535 1.42073430719 -115.2472626867 0.03649695996   -2 
  25 0.00000450154 0.00085810599 -18.208700392 0.17142130244 0.01045345911 0.09561963236 0.63114738424 0.63844595615 0.64278709202 0.57580592912 0.74298655004 0.76363641479 0.80146136291 0.65473760981 0.70504375330 0.84290521148 0.58394658140 0.94220741344 1.42117022728 -115.2443362309 0.03157187390   -2 
  26 0.00000450154 0.00085899983 -18.166403026 0.17167030973 0.01045288038 0.09561738970 0.63114034870 0.63866862283 0.64218381744 0.57583624566 0.74309907804 0.76372640209 0.80145676414 0.65513312249 0.70503549092 0.84278886254 0.58329162266 0.94232175228 1.42133275298 -115.2414443401 0.03816412728   -2 
  27 0.00000450154 0.00085907366 -18.000941628 0.17306988665 0.01044984094 0.09560724113 0.63058364357 0.63891462082 0.63926577979 0.57572772174 0.74334799650 0.76394527255 0.80128743435 0.65718321854 0.70475249613 0.84187307276 0.57900535922 0.94271076864 1.42182291457 -115.2297791177 0.02357111438   -2 
  28 0.00000450154 0.00085962507 -17.945077553 0.17353346907 0.01044881460 0.09560377856 0.63043252035 0.63885409897 0.63855116721 0.57568167995 0.74341391760 0.76401862548 0.80125851386 0.65789366545 0.70465057494 0.84156024541 0.57739659777 0.94285419823 1.42201564444 -115.2285741113 0.01900011813   -2 
  29 0.00000450155 0.00085933929 -17.887228684 0.17402154381 0.01044754771 0.09559955507 0.63018422272 0.63722346738 0.64040388444 0.57543413408 0.74312793804 0.76392756808 0.80137039632 0.65856061476 0.70444236175 0.84119053842 0.57437488526 0.94301172799 1.42227838615 -115.2232137440 0.03654093118   -2 
  30 0.00000450155 0.00085993385 -17.872947447 0.17409843498 0.01044729867 0.09559860265 0.63019357431 0.63691270407 0.64092571510 0.57539209630 0.74307371231 0.76391977856 0.80142380723 0.65869580192 0.70440813957 0.84113428233 0.57366988090 0.94306228390 1.42236959069 -115.2217175012 0.00712018320   -2 
  31 0.00000450155 0.00085956777 -17.857799975 0.17399834705 0.01044710405 0.09559734169 0.63025734318 0.63725387134 0.64209835926 0.57531609907 0.74286311139 0.76380411806 0.80158769853 0.65840300499 0.70439712381 0.84127594013 0.57257080334 0.94310380682 1.42249530975 -115.2208435002 0.00624260625   -2 
  32 0.00000450155 0.00085965191 -17.856692945 0.17397735434 0.01044709632 0.09559723477 0.63028305692 0.63730914868 0.64214473318 0.57531978267 0.74285780964 0.76380125284 0.80160713196 0.65836258256 0.70440293541 0.84130206403 0.57249328053 0.94310974046 1.42251113719 -115.2207864068 0.00468164302   -2 
  33 0.00000450155 0.00085935626 -17.853398638 0.17379509755 0.01044701590 0.09559642396 0.63044999344 0.63775920177 0.64202998361 0.57537394788 0.74285362402 0.76378078132 0.80173453261 0.65794284044 0.70446139084 0.84154665900 0.57202681347 0.94313099396 1.42258874638 -115.2204937711 0.00269107392   -2 
  34 0.00000450155 0.00085944395 -17.854525484 0.17376994762 0.01044698065 0.09559627627 0.63043685286 0.63770804595 0.64194370831 0.57538903158 0.74287349281 0.76378921545 0.80173823799 0.65789424589 0.70447147933 0.84157533630 0.57201299513 0.94312849725 1.42258425521 -115.2204584881 0.00515235851   -2 
  35 0.00000450156 0.00085940508 -17.861292932 0.17367212521 0.01044678665 0.09559558184 0.63032675497 0.63742113125 0.64152648640 0.57544270343 0.74294784761 0.76381257165 0.80173204791 0.65767238949 0.70450623447 0.84168678557 0.57196463009 0.94310154131 1.42253175393 -115.2203373436 0.00156788511   -2 
  36 0.00000450156 0.00085938028 -17.870076041 0.17367017064 0.01044655910 0.09559507911 0.63036982430 0.63754637013 0.64173501725 0.57533037995 0.74280644161 0.76370162376 0.80159409535 0.65764771282 0.70443039825 0.84156611650 0.57200099002 0.94299154177 1.42232112247 -115.2202756097 0.00402424653   -2 
  37 0.00000450156 0.00085945772 -17.873346732 0.17366451741 0.01044647443  0.0955948796 0.63038663938 0.63758566651 0.64180187179 0.57529498477 0.74276221471 0.76366616593 0.80154828815 0.65763865961 0.70440472066 0.84152530365 0.57201497725 0.94295327185 1.42224918822 -115.2202515560 0.00177530411   -2 
  38 0.00000450158 0.00085951628 -17.919274091 0.17349576923 0.01044533327 0.09559200037 0.63012032887 0.63727776191 0.64167121841 0.57514872616 0.74258983234 0.76346140031 0.80123162626 0.65747435860 0.70417883282 0.84119894062 0.57213642966 0.94257877891 1.42163296209 -115.2200530222 0.01102617958   -2 
  39 0.00000450160 0.00086000031 -17.985824452 0.17323167461 0.01044368388 0.09558778544 0.62979841599 0.63686534717 0.64147599854 0.57495221591 0.74235797642 0.76317937918 0.80079231298 0.65723902582 0.70385866727 0.84073836772 0.57230700092 0.94204640181 1.42076511150 -115.2197818941 0.00434365791   -2 
  40 0.00000450166 0.00086033141 -18.179439066 0.17231815913 0.01043894576 0.09557528421 0.63029346343 0.63666733434 0.64053366518 0.57450406236 0.74173625543 0.76243658355 0.79988045949 0.65648119523 0.70299672690 0.83961914964 0.57234775776 0.94069401412 1.41874574778 -115.2190163742 0.00577649844   -2 
  41 0.00000450167 0.00086059979 -18.227148161 0.17203865475 0.01043779428 0.09557209862 0.63010090667 0.63683367982 0.64055375130 0.57447146590 0.74165762295 0.76234281233 0.79982593655 0.65633063178 0.70285500642 0.83947192659 0.57218898925 0.94049220627 1.41851325462 -115.2187187782 0.01469868458   -2 
  42 0.00000450171 0.00086047472 -18.342292186 0.17139048600 0.01043503028 0.09556450287 0.62953773953 0.63720656459 0.64064013297 0.57439472339 0.74146506258 0.76212276447 0.79972209418 0.65597396956 0.70252878299 0.83914634584 0.57174931784 0.94003922844 1.41800817939 -115.2180534425 0.00522794329   -2 
  43 0.00000450172 0.00086026025 -18.394807840 0.17114417526 0.01043371787 0.09556099309 0.63002542676 0.63686271710 0.64078641549 0.57438193145 0.74140870680 0.76208401833 0.79976943934 0.65589229629 0.70248238970 0.83914929687 0.57130151619 0.94001468068 1.41801437996 -115.2176217920 0.01189795495   -2 
  44 0.00000450173 0.00086042323 -18.416744599 0.17103616573 0.01043316409 0.09555949574 0.63024261275 0.63672910911 0.64085655687 0.57438468878 0.74139693107 0.76207934458 0.79979940489 0.65586844596 0.70247379647 0.83916422370 0.57110296198 0.94002035184 1.41803840507 -115.2174419549 0.00301187478   -2 
  45 0.00000450174 0.00086064177 -18.454206059 0.17094723832 0.01043211313 0.09555686245 0.62984597756 0.63677140460 0.64084741522 0.57442091172 0.74145388622 0.76214644589 0.79986361780 0.65595579170 0.70257880589 0.83931656975 0.57064378691 0.94020210659 1.41821956541 -115.2172216802 0.00589874956   -2 
  46 0.00000450175 0.00086057520 -18.461342734 0.17093627639 0.01043190877 0.09555636320 0.62978610319 0.63677697367 0.64083529536 0.57442280722 0.74145862876 0.76215344426 0.79986842473 0.65597094068 0.70259653477 0.83934110030 0.57055930315 0.94023314616 1.41824403420 -115.2171825996 0.00231364177   -2 
  47 0.00000450175 0.00086060318 -18.484129786 0.17092561254 0.01043115749 0.09555453629 0.63008172561 0.63684640719 0.64070990144 0.57439455064 0.74143520052 0.76213575870 0.79981556796 0.65602739695 0.70265010688 0.83938998080 0.57032319477 0.94031887253 1.41823784462 -115.2170817853 0.00189213472   -2 
  48 0.00000450175 0.00086063809 -18.485231741 0.17092329731 0.01043111501 0.09555442441 0.63008801796 0.63685108354 0.64071013562 0.57439463552 0.74143573436 0.76213582938 0.79981336155 0.65603066295 0.70265281412 0.83939148124 0.57031676427 0.94032241876 1.41823633741 -115.2170775503 0.00110322091   -2 
  49 0.00000450176 0.00086068399 -18.496109411 0.17089574676 0.01043061974 0.09555307101 0.62992780512 0.63686454236 0.64078819987 0.57440049878 0.74144242311 0.76212917836 0.79978040453 0.65605238665 0.70266291541 0.83937185882 0.57034118146 0.94032065012 1.41817266031 -115.2170484192 0.00113095864   -2 
  50 0.00000450176 0.00086068193 -18.500693086 0.17088359960 0.01043040493 0.09555248145 0.62988340567 0.63686376776 0.64081442046 0.57440128654 0.74144265684 0.76212441409 0.79976593497 0.65605871520 0.70266450397 0.83936081270 0.57035489980 0.94031649340 1.41814271357 -115.2170450067 0.00151165291   -2 
  51 0.00000450177 0.00086079615 -18.527430503 0.17079892505 0.01042909713 0.09554884556 0.62984244360 0.63682852782 0.64091800205 0.57439876112 0.74143209132 0.76208927076 0.79968472371 0.65607840620 0.70265809980 0.83928238942 0.57045814576 0.94027197971 1.41795854669 -115.2170128117 0.00373416621   -2 
  52 0.00000450180 0.00086084387 -18.572912287 0.17065767944 0.01042687308 0.09554266717 0.62980714291 0.63676079591 0.64106205719 0.57438769750 0.74140509076 0.76202403370 0.79954681615 0.65610286254 0.70264001605 0.83914570906 0.57062933819 0.94018873725 1.41764451680 -115.2169738870 0.00275512948   -2 
  53 0.00000450178 0.00086077203 -18.548013713 0.17072910790 0.01042806411 0.09554595606 0.62991273461 0.63680828123 0.64090885086 0.57438468707 0.74140803199 0.76205623617 0.79963317482 0.65607159078 0.70263726772 0.83922072755 0.57052114060 0.94022287982 1.41783065169 -115.2169446258 0.00145775593   -2 
  54 0.00000450178 0.00086077915 -18.545948479 0.17072207224 0.01042811237 0.09554604436 0.63002129873 0.63682076589 0.64081210237 0.57437485154 0.74139516197 0.76205590902 0.79965724306 0.65604354535 0.70261872308 0.83922632233 0.57049737365 0.94020860202 1.41786673405 -115.2169266924 0.00208472100   -2 
  55 0.00000450178 0.00086074039 -18.545536793 0.17071954119 0.01042811357 0.09554603433 0.63004821200 0.63682270170 0.64077829515 0.57437035474 0.74138916930 0.76205434315 0.79966439830 0.65603227377 0.70261078083 0.83922672542 0.57048888316 0.94020164717 1.41787685550 -115.2169213769 0.00066990156   -2 
  56 0.00000450179 0.00086073819 -18.546519093 0.17067455761 0.01042788342 0.09554525664 0.63002607658 0.63684092097 0.64064435419 0.57435094534 0.74136154630 0.76204792262 0.79970977039 0.65595512988 0.70255332117 0.83922232125 0.57044206678 0.94014577402 1.41793158873 -115.2169092073 0.00090270992   -2 
  57 0.00000450179 0.00086071954 -18.546900165 0.17066858707 0.01042783599 0.09554510753 0.63001801019 0.63683792711 0.64063452364 0.57434717915 0.74135619899 0.76204449360 0.79971191192 0.65594367524 0.70254407477 0.83921922762 0.57043467085 0.94013597023 1.41793291123 -115.2169077278 0.00087649368   -2 
  58 0.00000450180 0.00086074163 -18.553351568 0.17058727253 0.01042710850 0.09554286259 0.62991613712 0.63676614824 0.64062932228 0.57430058137 0.74128916847 0.76198704866 0.79970132399 0.65580592253 0.70242640229 0.83916293268 0.57033947667 0.94000277200 1.41789445227 -115.2168735516 0.00094983449   -2 
  59 0.00000450180 0.00086073728 -18.558874028 0.17053338480 0.01042653450 0.09554112494 0.62987797244 0.63671436099 0.64063428800 0.57426420583 0.74123731892 0.76193684187 0.79967251461 0.65571272877 0.70234290653 0.83911193119 0.57027053946 0.93990315683 1.41783440893 -115.2168684684 0.00134593578   -2 
  60 0.00000450180 0.00086073728 -18.558874028 0.17053338480 0.01042653450 0.09554112494 0.62987797244 0.63671436099 0.64063428800 0.57426420583 0.74123731892 0.76193684187 0.79967251461 0.65571272877 0.70234290653 0.83911193119 0.57027053946 0.93990315683 1.41783440893 -115.2168684684           NAN   -8 
  61 0.00000450180 0.00086077186 -18.559435508 0.17053563293 0.01042649942 0.09554103658 0.62990775978 0.63672175702 0.64063570175 0.57426400166 0.74123729531 0.76193287605 0.79965911634 0.65571940067 0.70234579563 0.83910576455 0.57027126416 0.93990311485 1.41781300830 -115.2168631020 0.00188512150   -2 
  62 0.00000450181 0.00086075518 -18.562495138 0.17055114495 0.01042632261 0.09554060831 0.63002241067 0.63674671419 0.64063620686 0.57425927166 0.74123222695 0.76190994325 0.79959210651 0.65574846232 0.70235694424 0.83907334288 0.57027330122 0.93989995515 1.41770630390 -115.2168453863 0.00075183599   -2 
  63 0.00000450181 0.00086076486 -18.566329749 0.17056378982 0.01042609203 0.09554002588 0.63005929414 0.63677410597 0.64064649286 0.57426131916 0.74123646588 0.76189474381 0.79952907613 0.65578671660 0.70237503790 0.83904293349 0.57027874893 0.93990293611 1.41760173277 -115.2168400824 0.00120815430   -2 
  64 0.00000450181 0.00086080536 -18.568271960 0.17056661015 0.01042596876 0.09553970169 0.63005105953 0.63678559646 0.64065471002 0.57426530178 0.74124245777 0.76189243941 0.79950600841 0.65580665764 0.70238580034 0.83903170882 0.57028273819 0.93990734387 1.41756053748 -115.2168361378 0.00150363635   -2 
  65 0.00000450181 0.00086082594 -18.574676798 0.17057335290 0.01042556279 0.09553862750 0.62997423684 0.63680546385 0.64067716170 0.57427796307 0.74126128337 0.76188970640 0.79944650972 0.65586575697 0.70241864355 0.83900093784 0.57029558270 0.93992166019 1.41744836875 -115.2168245150 0.00075672980   -2 
  66 0.00000450182 0.00086086186 -18.578219099 0.17056777316 0.01042531895 0.09553795221 0.62993647519 0.63679756178 0.64068369607 0.57428512806 0.74127132539 0.76189602215 0.79943780746 0.65589074281 0.70243452558 0.83899362140 0.57030329348 0.93993165201 1.41742060223 -115.2168212461 0.00126335351   -2 
  67 0.00000450182 0.00086085441 -18.583040510 0.17055746684 0.01042498221 0.09553701188 0.62989491048 0.63677560321 0.64068538800 0.57429187269 0.74128059445 0.76190501721 0.79943613400 0.65591721437 0.70245208887 0.83898711928 0.57031267806 0.93994331103 1.41739844831 -115.2168165273 0.00123089212   -2 
  68 0.00000450183 0.00086091600 -18.596196816 0.17051407365 0.01042402351 0.09553428482 0.62985567691 0.63670738012 0.64067755832 0.57430510708 0.74129758450 0.76193311657 0.79946114750 0.65597064892 0.70249085887 0.83898113540 0.57033654218 0.93997211420 1.41738313842 -115.2168040726 0.00200939205   -2 
  69 0.00000450184 0.00086090075 -18.611418740 0.17046246172 0.01042290815 0.09553110635 0.62984194176 0.63663494101 0.64065954152 0.57431271408 0.74130624129 0.76195823696 0.79949273520 0.65601790281 0.70252585122 0.83897448012 0.57036010132 0.93999742344 1.41737437912 -115.2167957089 0.00203544626   -2 
  70 0.00000450186 0.00086096633 -18.628226007 0.17039401705 0.01042163130 0.09552742904 0.62991569792 0.63660561042 0.64063465153 0.57430911721 0.74129790644 0.76197163968 0.79953133421 0.65603985871 0.70254425765 0.83896969150 0.57037794606 0.94000923243 1.41738385116 -115.2167735011 0.00332759480   -2 
  71 0.00000450188 0.00086091066 -18.660700158 0.17026427372 0.01041916169 0.09552032128 0.63006780735 0.63657891226 0.64058054751 0.57428935523 0.74126362591 0.76197857000 0.79959466487 0.65605624177 0.70256015247 0.83895560216 0.57040282985 0.94001378059 1.41739850403 -115.2167355388 0.00195816133   -2 
  72 0.00000450188 0.00086095166 -18.654905396 0.17028328570 0.01041957184 0.09552148739 0.63002456035 0.63662838855 0.64060069690 0.57428780083 0.74126188988 0.76196349538 0.79957131380 0.65603099012 0.70254039039 0.83895571842 0.57038960987 0.93999710909 1.41739237135 -115.2167240362 0.00238319824   -2 
  73 0.00000450187 0.00086091679 -18.646359464 0.17031214806 0.01042016314 0.09552316812 0.62994397076 0.63672674451 0.64063316569 0.57427798830 0.74124850516 0.76192586311 0.79952321527 0.65597189966 0.70249413226 0.83895125932 0.57036091961 0.93995598468 1.41737567758 -115.2167111947 0.00096718559   -2 
  74 0.00000450187 0.00086093539 -18.649658576 0.17029659079 0.01041990077 0.09552240623 0.62999741835 0.63670124860 0.64062133543 0.57427492004 0.74124361112 0.76192664457 0.79953189459 0.65596988183 0.70249298338 0.83894983647 0.57036158391 0.93995374882 1.41737992810 -115.2167071813 0.00155096980   -2 
  75 0.00000450187 0.00086093539 -18.649658576 0.17029659079 0.01041990077 0.09552240623 0.62999741835 0.63670124860 0.64062133543 0.57427492004 0.74124361112 0.76192664457 0.79953189459 0.65596988183 0.70249298338 0.83894983647 0.57036158391 0.93995374882 1.41737992810 -115.2167071813 0.00155096980   -5 
  76 0.00000450187 0.00086090811 -18.649742618 0.17029615211 0.01041988812 0.09552236911 0.62999505896 0.63670524266 0.64062117652 0.57427252478 0.74124017584 0.76192206937 0.79952817252 0.65596265751 0.70248730065 0.83894831272 0.57035841651 0.93994827719 1.41737786202 -115.2167041734 0.00100874020   -2 
  77 0.00000450188 0.00086090005 -18.650696698 0.17025814462 0.01041953092 0.09552122227 0.62999380017 0.63686269956 0.64064738946 0.57422051449 0.74116325753 0.76180776311 0.79943778698 0.65575662996 0.70232817183 0.83891874843 0.57026915596 0.93979667715 1.41734552507 -115.2166763542 0.00086049447   -2 
  78 0.00000450188 0.00086090559 -18.650586103 0.17026393666 0.01041958308 0.09552139074 0.62999354001 0.63682674544 0.64064129919 0.57422964856 0.74117683025 0.76182775466 0.79945310390 0.65579123367 0.70235454019 0.83892303298 0.57028330421 0.93982127268 1.41734957097 -115.2166751336 0.00066502166   -2 
  79 0.00000450189 0.00086092168 -18.653912429 0.17020189393 0.01041886681 0.09551913277 0.62996064500 0.63665611491 0.64060087973 0.57418027991 0.74110690304 0.76172190482 0.79934945690 0.65555409649 0.70215667582 0.83885894344 0.57014711524 0.93961908883 1.41725216864 -115.2166527522 0.00100024127   -2 
  80 0.00000450189 0.00086093796 -18.653908000 0.17020277103 0.01041887480 0.09551915956 0.62996037757 0.63666444021 0.64059988890 0.57418142426 0.74110869922 0.76172568009 0.79935233473 0.65556307368 0.70216327813 0.83885903167 0.57015039629 0.93962480220 1.41725128721 -115.2166515943 0.00057035310   -2 
  81 0.00000450189 0.00086093749 -18.655314177 0.17020367594 0.01041876377 0.09551885362 0.62992953165 0.63671653423 0.64056599815 0.57417717771 0.74110561040 0.76174061159 0.79935586820 0.65561560553 0.70219403799 0.83883670286 0.57015432953 0.93963872858 1.41719989387 -115.2166470091 0.00044887259   -2 
  82 0.00000450189 0.00086094387 -18.655924702 0.17020332677 0.01041871101 0.09551870515 0.62992166516 0.63673261086 0.64055398174 0.57417541069 0.74110419890 0.76174583121 0.79935674229 0.65563518991 0.70220522097 0.83882742585 0.57015510108 0.93964318240 1.41717916332 -115.2166465783 0.00045232687   -2 
  83 0.00000450189 0.00086095655 -18.660638101 0.17018974806 0.01041823211 0.09551732514 0.62998176836 0.63668095993 0.64053087313 0.57416169027 0.74108842521 0.76174883034 0.79934432630 0.65569824621 0.70223347062 0.83877046907 0.57013978034 0.93963986985 1.41706911370 -115.2166397178 0.00059409268   -2 
  84 0.00000450189 0.00086094765 -18.662787011 0.17018290803 0.01041801102 0.09551668641 0.62999013727 0.63666300227 0.64052622331 0.57415660596 0.74108223906 0.76174765911 0.79933834129 0.65571850437 0.70224163489 0.83874839459 0.57013241144 0.93963637273 1.41702840409 -115.2166384943 0.00092235569   -2 
  85 0.00000450189 0.00086094765 -18.662787011 0.17018290803 0.01041801102 0.09551668641 0.62999013727 0.63666300227 0.64052622331 0.57415660596 0.74108223906 0.76174765911 0.79933834129 0.65571850437 0.70224163489 0.83874839459 0.57013241144 0.93963637273 1.41702840409 -115.2166384943           NAN   -8 
  86 0.00000450189 0.00086096602 -18.662875825 0.17018134243 0.01041799614 0.09551663938 0.62998280740 0.63666737460 0.64052966720 0.57415755094 0.74108323752 0.76174703573 0.79933853784 0.65571566674 0.70224009341 0.83874978394 0.57013204894 0.93963543308 1.41703190052 -115.2166371352 0.00079101380   -2 
  87 0.00000450190 0.00086096242 -18.663938949 0.17017303549 0.01041786422 0.09551624335 0.62991537354 0.63669294482 0.64055066093 0.57416107547 0.74108592317 0.76173722069 0.79933568703 0.65568967605 0.70222464498 0.83875739674 0.57012748174 0.93962494610 1.41705289371 -115.2166322488 0.00040838845   -2 
  88 0.00000450190 0.00086098029 -18.666427416 0.17015576903 0.01041755586 0.09551532709 0.62988933571 0.63671038091 0.64057255919 0.57416253255 0.74108413101 0.76171489240 0.79932517041 0.65563657429 0.70219113728 0.83876745154 0.57011599816 0.93959980065 1.41708456106 -115.2166293982 0.00118752329   -2 
  89 0.00000450190 0.00086096131 -18.668932988 0.17014055497 0.01041725438 0.09551443678 0.62987413797 0.63671963579 0.64058772090 0.57416202936 0.74108012881 0.76169303082 0.79931366138 0.65558688571 0.70215913309 0.83877485165 0.57010451246 0.93957505273 1.41710961552 -115.2166225945 0.00083964710   -2 
  90 0.00000450191 0.00086095426 -18.676276135 0.17009659209 0.01041636858 0.09551182039 0.62987941242 0.63672688732 0.64061371539 0.57415761407 0.74106587717 0.76163548156 0.79928055575 0.65545483985 0.70207230573 0.83879004337 0.57007153345 0.93950603778 1.41716445882 -115.2166174547 0.00128658004   -2 
  91 0.00000450191 0.00086098066 -18.678225195 0.17008509377 0.01041613209 0.09551112299 0.62989400953 0.63672215769 0.64061246183 0.57415540074 0.74106151140 0.76162459160 0.79927275548 0.65542823637 0.70205377877 0.83879074867 0.57006337188 0.93948986152 1.41716964516 -115.2166144760 0.00119699994   -2 
  92 0.00000450193 0.00086097270 -18.688490052 0.17003740175 0.01041493808 0.09550763429 0.62999386094 0.63665296533 0.64055376639 0.57413207172 0.74102789580 0.76158656792 0.79923205413 0.65533900474 0.70198264775 0.83876970931 0.57002363475 0.93941729634 1.41713000725 -115.2166017001 0.00105234547   -2 
  93 0.00000450192 0.00086099341 -18.686831852 0.17004579538  0.0104151328 0.09550820478 0.62995997280 0.63666705523 0.64055910840 0.57413516253 0.74103348899 0.76159920509 0.79924069231 0.65536814601 0.70200238783 0.83876783879 0.57003140518 0.93943360301 1.41712198799 -115.2165989833 0.00107611587   -2 
  94 0.00000450192 0.00086098088 -18.685890706 0.17005311250 0.01041525387 0.09550856621 0.62992287866 0.63667476291 0.64055594087 0.57413505504 0.74103535890 0.76161198874 0.79924665035 0.65540024947 0.70202210776 0.83876024263 0.57003711750 0.93944712906 1.41710033833 -115.2165961665 0.00071144856   -2 
  95 0.00000450192 0.00086099847 -18.685270550 0.17005967530 0.01041533826 0.09550882125 0.62988901309 0.63667893097 0.64054481330 0.57413285026 0.74103556189 0.76163014368 0.79925302465 0.65544634657 0.70204887422 0.83874527235 0.57004299483 0.93946324163 1.41706021350 -115.2165941673 0.00064089205   -2 
  96 0.00000450192 0.00086098520 -18.685530363 0.17006448237 0.01041532808 0.09550880460 0.62988748870 0.63666881391 0.64052436270 0.57412625372 0.74103008096 0.76164482689 0.79925446746 0.65549203103 0.70207326765 0.83872369336 0.57004581079 0.93947366491 1.41700596103 -115.2165916835 0.00118887804   -2 
  97 0.00000450192 0.00086101156 -18.686054939 0.17006968517 0.01041528894 0.09550870523 0.62989837070 0.63665346202 0.64049421357 0.57411656115 0.74102213223 0.76166752741 0.79925682457 0.65556281490 0.70211101286 0.83869005454 0.57004989734 0.93948988549 1.41692193743 -115.2165881116 0.00036260358   -2 
  98 0.00000450192 0.00086100012 -18.686983114 0.17006866819 0.01041518886 0.09550841789 0.62992022624 0.63664730800 0.64049129250 0.57411238788 0.74101733201 0.76166772330 0.79925349534 0.65558292691 0.70212074539 0.83867539917 0.57004918192 0.93949200982 1.41689098477 -115.2165869855 0.00072803691   -2 
  99 0.00000450192 0.00086101204 -18.688040060 0.17006603724 0.01041506824 0.09550806676 0.62994391747 0.63664352914 0.64049150762 0.57410906585 0.74101340127 0.76166723448 0.79925027578 0.65560230756 0.70213017538 0.83866095250 0.57004831982 0.93949396783 1.41686170265 -115.2165859042 0.00042362930   -2 
 100 0.00000450193 0.00086098964 -18.690892010 0.17005517538 0.01041473410 0.09550708003 0.62993093677 0.63665343091 0.64051011454 0.57410922651 0.74101185882 0.76165595324 0.79924337574 0.65561155514 0.70213354528 0.83864509625 0.57004432388 0.93949013798 1.41683859847 -115.2165831694 0.00156125499   -2 
 101 0.00000450194 0.00086102974 -18.701614682 0.17000902975 0.01041345128 0.09550327581 0.62988751167 0.63669770113 0.64058419786 0.57411409581 0.74101125564 0.76161611476 0.79922109717 0.65564147293 0.70214463299 0.83859129112 0.57002988230 0.93947658685 1.41676545604 -115.2165713831 0.00091669473   -2 
 102 0.00000450195 0.00086102767 -18.710543206 0.16997216757 0.01041238731 0.09550012591 0.62986436738 0.63672118807 0.64062864147 0.57411633713 0.74100881052 0.76158485814 0.79920259541 0.65565770476 0.70214876153 0.83855088663 0.57001733741 0.93946286248 1.41671197274 -115.2165680301 0.00106565014   -2 
 103 0.00000450195 0.00086102767 -18.710543206 0.16997216757 0.01041238731 0.09550012591 0.62986436738 0.63672118807 0.64062864147 0.57411633713 0.74100881052 0.76158485814 0.79920259541 0.65565770476 0.70214876153 0.83855088663 0.57001733741 0.93946286248 1.41671197274 -115.2165680301           NAN   -8 
 104 0.00000450195 0.00086104175 -18.711397113 0.16997012378 0.01041226581 0.09549977235 0.62995433625 0.63666084591 0.64054532393 0.57410956373 0.74100209936 0.76159924224 0.79920537790 0.65562184924 0.70212766870 0.83857026514 0.57001473570 0.93945106537 1.41674057209 -115.2165540280 0.00095634591   -2 
 105 0.00000450195 0.00086104175 -18.711397113 0.16997012378 0.01041226581 0.09549977235 0.62995433625 0.63666084591 0.64054532393 0.57410956373 0.74100209936 0.76159924224 0.79920537790 0.65562184924 0.70212766870 0.83857026514 0.57001473570 0.93945106537 1.41674057209 -115.2165540280           NAN   -8 
 106 0.00000450195 0.00086102708 -18.711507123 0.16997021313 0.01041225378 0.09549973816 0.62994989798 0.63665946772 0.64054199558 0.57410884775 0.74100126646 0.76159960478 0.79920512214 0.65561910594 0.70212591657 0.83857129684 0.57001438605 0.93944991190 1.41674196617 -115.2165530093 0.00049920633   -2 
 107 0.00000450195 0.00086102708 -18.711507123 0.16997021313 0.01041225378 0.09549973816 0.62994989798 0.63665946772 0.64054199558 0.57410884775 0.74100126646 0.76159960478 0.79920512214 0.65561910594 0.70212591657 0.83857129684 0.57001438605 0.93944991190 1.41674196617 -115.2165530093           NAN   -8 
 108 0.00000450195 0.00086102708 -18.711507123 0.16997021313 0.01041225378 0.09549973816 0.62994989798 0.63665946772 0.64054199558 0.57410884775 0.74100126646 0.76159960478 0.79920512214 0.65561910594 0.70212591657 0.83857129684 0.57001438605 0.93944991190 1.41674196617 -115.2165530093           NAN   -8 
 109 0.00000450195 0.00086102708 -18.711507123 0.16997021313 0.01041225378 0.09549973816 0.62994989798 0.63665946772 0.64054199558 0.57410884775 0.74100126646 0.76159960478 0.79920512214 0.65561910594 0.70212591657 0.83857129684 0.57001438605 0.93944991190 1.41674196617 -115.2165530093 0.00049920633   -8 
-- Local optimization: reached maximum number of likelihood evaluations allowed.
-- Found new optimum with likelihood -115.216553009394318 and gradient 0.00050

---- Best joint likelihood found -115.216553009394318 with gradient 0.00050

---- Results for /scratch/40841203/tmpooh307qp 
--  Model: C
--        eps_an     theta_bar             a 
-- 0.00000450195 0.00086102708            -1 
--           S_d             b           p_b           S_b 
-- -18.711507123 0.16997021313 0.01041225378 0.09549973816 
--           r 2           r 3           r 4           r 5           r 6           r 7           r 8           r 9          r 10          r 11          r 12          r 13          r 14 
-- 0.62994989798 0.63665946772 0.64054199558 0.57410884775 0.74100126646 0.76159960478 0.79920512214 0.65561910594 0.70212591657 0.83857129684 0.57001438605 0.93944991190 1.41674196617 

---- Expected P_neut(i), 0 < i < n (neutral SFS per site) 
E[P_neut(1)] = 0.0008610236
E[P_neut(2)] = 0.0002712010
E[P_neut(3)] = 0.0001827264
E[P_neut(4)] = 0.0001378807
E[P_neut(5)] = 0.0000988645
E[P_neut(6)] = 0.0001063368
E[P_neut(7)] = 0.0000936797
E[P_neut(8)] = 0.0000860172
E[P_neut(9)] = 0.0000627231
E[P_neut(10)] = 0.0000604551
E[P_neut(11)] = 0.0000656397
E[P_neut(12)] = 0.0000409005
E[P_neut(13)] = 0.0000622234
E[P_neut(14)] = 0.0000871359

---- Expected P_sel(i), 0 < i < n (selected SFS per site) 
E[P_sel(1)] = 0.0006592143
E[P_sel(2)] = 0.0001846356
E[P_sel(3)] = 0.0001163271
E[P_sel(4)] = 0.0000838848
E[P_sel(5)] = 0.0000581454
E[P_sel(6)] = 0.0000608809
E[P_sel(7)] = 0.0000524536
E[P_sel(8)] = 0.0000472572
E[P_sel(9)] = 0.0000338943
E[P_sel(10)] = 0.0000321934
E[P_sel(11)] = 0.0000344972
E[P_sel(12)] = 0.0000212402
E[P_sel(13)] = 0.0000319619
E[P_sel(14)] = 0.0000443097

---- alpha_dfe = 0.021878

