---- Running command
---- ./polyDFE -d /scratch/40840215/tmpo4p_0qk7 -m C -i /scratch/40840215/tmpq6j_3vn9 1 -v 1 
---- Performing inference using model C

---- Performing inference on /scratch/40840215/tmpo4p_0qk7
----      with -i /scratch/40840215/tmpq6j_3vn9 1
---- Data /scratch/40840215/tmpo4p_0qk7 does not contain divergence counts. Using option -w.
---- No mutation variability. Using Poisson likelihood.


---- Using provided initial values

-- Starting local optimization
-- Optimizing all parameters
  it        eps_an     theta_bar           S_d             b           p_b           S_b           r 2           r 3           r 4           ln lk          grad status 
   0 0.00000449599     0.0006164 -55.645569999     0.1199374     0.0151532     0.1308463     0.8958562     0.8771536     0.8733385 -35.36774264012 0.45000546357   -2 
   1 0.00000449598 0.00060570696 -54.520781057 0.11337858914 0.01518026959 0.13085836629 0.84724360899 0.95006261130 0.84612306900 -32.39216891719 0.28890969608   -2 
   2 0.00000449598 0.00060974875 -54.196380461 0.11156893286 0.01518797742 0.13086158012 0.84808137966 0.95762192692 0.84177484922 -32.15120552619 0.26434893057   -2 
   3 0.00000449598 0.00058800559 -52.141615292 0.10071082145 0.01523715092 0.13088082801 0.87054623668 0.96172044023 0.81050290726 -31.00817418406 0.16328695665   -2 
   4 0.00000449598 0.00059079503 -51.717765571 0.09863057873 0.01524720031 0.13088453321 0.87152423728 0.95318520805 0.81248154231 -30.85624442308 0.22508587938   -2 
   5 0.00000449598 0.00058470983 -50.902174727 0.09478467648 0.01526639077 0.13089105377 0.86517486223 0.92757022860 0.81969550040 -30.57449374688 0.05344619603   -2 
   6 0.00000449598 0.00058637626 -50.858273431 0.09464595007 0.01526703645 0.13089060044 0.85928104118 0.92928430329 0.82160740264 -30.55118436970 0.05397835642   -2 
   7 0.00000449598 0.00058569818 -50.849706142 0.09464132403 0.01526702702 0.13089021208 0.85712396446 0.92957473121 0.82204078066 -30.54551560352 0.00190325631   -2 
   8 0.00000449598 0.00058586184 -50.794611864 0.09468360646 0.01526647448 0.13088646145 0.85720785409 0.92905338441 0.82203845498 -30.54538556580 0.00621692661   -2 
   9 0.00000449598 0.00058580905 -50.736303780 0.09473378713 0.01526585593 0.13088241176 0.85717585903 0.92857252117 0.82200679286 -30.54525760466 0.00413618889   -2 
  10 0.00000449597 0.00058624537 -50.372579877 0.09498791545 0.01526234602 0.13085783984 0.85614255322 0.92904168640 0.82182828797 -30.54441015278 0.01223920409   -2 
  11 0.00000449597 0.00058617170 -50.078400730 0.09520283834 0.01525944234 0.13083772466 0.85544028354 0.92936491624 0.82164830335 -30.54392815036 0.00954992388   -2 
  12 0.00000449593 0.00058536632 -47.121358097 0.09727743353 0.01523039652 0.13063115819 0.85937494879 0.93121665641 0.82081135961 -30.53714344231 0.03138447335   -2 
  13 0.00000449592 0.00058585235 -46.109109162 0.09798919376 0.01522028804 0.13055810173 0.86062421957 0.93199436687 0.82098869135 -30.53470873541 0.02157313464   -2 
  14 0.00000449575 0.00058599339 -35.369193306 0.10682209812 0.01509923715 0.12967391236 0.86086062862 0.93920028747 0.83338708093 -30.50581498137 0.08932358837   -2 
  15 0.00000449568 0.00058340628 -31.717823488 0.11075246241 0.01504950168 0.12931170850 0.86060981800 0.94132478462 0.83790512000 -30.48603933734 0.03563186731   -2 
  16 0.00000449549 0.00058110801 -23.403945575 0.12206966398 0.01491398005 0.12831263004 0.86756505189 0.94587369180 0.84628252838 -30.45319637230 0.05611683420   -2 
  17 0.00000449540 0.00057850618 -20.280525706 0.12788977930 0.01485025305 0.12784380129 0.87049212747 0.94796326706 0.84941033057 -30.44537356070 0.03069629540   -2 
  18 0.00000449543 0.00057900150 -21.412559917 0.12568908338 0.01487418932 0.12802083508 0.86907570035 0.94741035761 0.84773353228 -30.44345484277 0.01613004702   -2 
  19 0.00000449539 0.00057844085 -20.060025407 0.12843290796 0.01484498255 0.12780693651 0.87036495069 0.94979470890 0.84686465187 -30.43978716261 0.02262820107   -2 
  20 0.00000449538 0.00057788128 -19.766706039 0.12910386951 0.01483819369 0.12775813463 0.87036438532 0.95036810662 0.84643150471 -30.43871096641 0.00842364176   -2 
  21 0.00000449537 0.00057812532 -19.530717710 0.12978484461 0.01483202254 0.12771652231 0.86968217119 0.95138288079 0.84557162892 -30.43785377799 0.00702014859   -2 
  22 0.00000449537 0.00057802487 -19.486203564 0.12996449948 0.01483060712 0.12770791348 0.86950478606 0.95142811538 0.84539832094 -30.43767839296 0.00721833588   -2 
  23 0.00000449536 0.00057864300 -19.266719324 0.13102450420 0.01482276129 0.12766271170 0.86918944935 0.95120349813 0.84491655130 -30.43677359803 0.00636603164   -2 
  24 0.00000449536 0.00057852046 -19.234643472 0.13121681759 0.01482141826 0.12765545115 0.86930544414 0.95108931288 0.84506962709 -30.43658918051 0.00780369297   -2 
  25 0.00000449536 0.00057870494 -19.143089706 0.13178046240 0.01481747485 0.12763421206 0.87014177503 0.95094467481 0.84603210308 -30.43607136393 0.00399271761   -2 
  26 0.00000449535 0.00057856473 -19.102244185 0.13205244044 0.01481554448 0.12762395342 0.87026047274 0.95163535682 0.84687084049 -30.43584231330 0.00564417797   -2 
  27 0.00000449535 0.00057864044 -19.090134274 0.13212546909 0.01481499863 0.12762094946 0.87032419914 0.95191556841 0.84713193121 -30.43577709925 0.00103083455   -2 
  28 0.00000449535 0.00057859198 -19.087925854 0.13212608893 0.01481489930 0.12762018586 0.87033900190 0.95213393676 0.84709153746 -30.43576331588 0.00108582686   -2 
  29 0.00000449535 0.00057860367 -19.087381274 0.13212416089 0.01481488025 0.12761999713 0.87035376566 0.95217765935 0.84708362844 -30.43576096203 0.00037605752   -2 
  30 0.00000449535 0.00057857630 -19.085406801 0.13210872449 0.01481479182 0.12761903522 0.87042490485 0.95220482935 0.84704523540 -30.43575783091 0.00040339758   -2 
  31 0.00000449535 0.00057855826 -19.084657998 0.13210235411 0.01481474609 0.12761858086 0.87041616616 0.95219020511 0.84704301017 -30.43575676251 0.00068423870   -2 
  32 0.00000449535 0.00057855218 -19.081319924 0.13207274116 0.01481454672 0.12761656027 0.87036951286 0.95212516129 0.84705307590 -30.43575251543 0.00010032430   -2 
  33 0.00000449535 0.00057854983 -19.081102387 0.13207110669 0.01481451855 0.12761633459 0.87036372993 0.95212111501 0.84705053190 -30.43575248249 0.00008142770    0 
-- Found new optimum with likelihood -30.435752482498003 and gradient 0.00008

---- Best joint likelihood found -30.435752482498003 with gradient 0.00008

---- Results for /scratch/40840215/tmpo4p_0qk7 
--  Model: C
--        eps_an     theta_bar             a 
-- 0.00000449535 0.00057854983            -1 
--           S_d             b           p_b           S_b 
-- -19.081102387 0.13207110669 0.01481451855 0.12761633459 
--           r 2           r 3           r 4 
-- 0.87036372993 0.95212111501 0.84705053190 

---- Expected P_neut(i), 0 < i < n (neutral SFS per site) 
E[P_neut(1)] = 0.0005785478
E[P_neut(2)] = 0.0002517741
E[P_neut(3)] = 0.0001836168
E[P_neut(4)] = 0.0001225173

---- Expected P_sel(i), 0 < i < n (selected SFS per site) 
E[P_sel(1)] = 0.0004148212
E[P_sel(2)] = 0.0001626950
E[P_sel(3)] = 0.0001125357
E[P_sel(4)] = 0.0000725346

---- alpha_dfe = 0.027945

