---- Running command
---- ./polyDFE -d /scratch/40840468/tmp82zf1akj -m C -i /scratch/40840468/tmpktoi4b98 1 -v 1 
---- Performing inference using model C

---- Performing inference on /scratch/40840468/tmp82zf1akj
----      with -i /scratch/40840468/tmpktoi4b98 1
---- Data /scratch/40840468/tmp82zf1akj does not contain divergence counts. Using option -w.
---- No mutation variability. Using Poisson likelihood.


---- Using provided initial values

-- Starting local optimization
-- Optimizing all parameters
  it        eps_an     theta_bar           S_d             b           p_b           S_b           r 2           r 3           r 4           r 5           r 6           r 7           r 8           r 9           ln lk          grad status 
   0 0.00000449946   0.000731729 -15.495060000     0.1773756  0.0009289272   0.007920217      0.756295     0.8118638     0.8203224     0.7703739     0.7596918     0.7652355     0.8437457      1.011566 -72.78470545549 1.18493201367   -2 
   1 0.00000449945 0.00075154649 -15.480125562 0.17711867505 0.00092893017 0.00792021711 0.75485569419 0.81288331704 0.82771785409 0.77444921121 0.76033506343 0.76378142224 0.84444738432 1.00994744029 -71.03586935904 0.49284769363   -2 
   2 0.00000449945 0.00075814681 -15.789429957 0.18276022937 0.00092886832 0.00792021565 0.70831382368 0.80147901476 0.90128243539 0.81249795429 0.75851649522 0.73808363057 0.84450658270 0.98003360745 -67.77878029691 0.21119822824   -2 
   3 0.00000449944 0.00075217185 -15.972334929 0.18628383188 0.00092883084 0.00792021500 0.72131047253 0.79943549178 0.90823943596 0.82200484284 0.75722613506 0.72726801756 0.84410268622 0.96711730967 -67.37007854887 0.41426840002   -2 
   4 0.00000449944 0.00075909142 -16.127243611 0.18928447747 0.00092879964 0.00792021454 0.73556368574 0.79952034615 0.91469303109 0.83158224388 0.75674792204 0.71762838464 0.84439527372 0.95560630726 -67.01970794517 0.08019514013   -2 
   5 0.00000449944 0.00076292324 -16.338857767 0.19257750459 0.00092876585 0.00792021510 0.72990488974 0.81054524723 0.90947774352 0.83706556618 0.76062285514 0.71260387002 0.84861012406 0.94954069238 -66.89986213571 0.04305461919   -2 
   6 0.00000449944 0.00076227802 -16.356419330 0.19278602379 0.00092876375 0.00792021524 0.72972363377 0.81044957491 0.90920414415 0.83705301501 0.76096901662 0.71257560218 0.84901588483 0.94950799416 -66.89645746753 0.03664949372   -2 
   7 0.00000449945 0.00076442042 -16.517566971 0.19422528295 0.00092874962 0.00792021750 0.73065650974 0.80689520735 0.90817191623 0.83590635102 0.76523683256 0.71415589877 0.85402512246 0.95146575673 -66.87488698736 0.01484763164   -2 
   8 0.00000449945 0.00076463149 -16.620052924 0.19458741358 0.00092874651 0.00792021963 0.73087810133 0.80663923981 0.90936789031 0.83530969132 0.76703914253 0.71596541588 0.85669080984 0.95377314940 -66.87148550461 0.01886228378   -2 
   9 0.00000449946 0.00076504777 -16.642303976 0.19451271611 0.00092874749 0.00792022032 0.73100934234 0.80718856991 0.90991317760 0.83540593974 0.76720868784 0.71646585357 0.85710592794 0.95442982465 -66.87015779273 0.02775659282   -2 
  10 0.00000449947 0.00076398474 -16.751948490 0.19406319283 0.00092875325 0.00792022374 0.73135160054 0.81020089128 0.91243482728 0.83606140949 0.76745254322 0.71875846882 0.85853793714 0.95747038988 -66.86446770216 0.01183112461   -2 
  11 0.00000449947 0.00076398973 -16.799354378 0.19349667281 0.00092876022 0.00792022588 0.73267714702 0.81031166427 0.91241228216 0.83728784683 0.76693716033 0.71916850883 0.85804997798 0.95809560792 -66.86210060782 0.02922217570   -2 
  12 0.00000449947 0.00076323274 -16.836388028 0.19310416280 0.00092876515 0.00792022749 0.73341381904 0.81023871708 0.91226402097 0.83811630582 0.76652057544 0.71937787647 0.85760581123 0.95843476282 -66.86047477451 0.01147586947   -2 
  13 0.00000449949 0.00076343535 -17.012447510 0.19125008539 0.00092878974 0.00792023602 0.73133134771 0.80906395239 0.91103573876 0.83988084187 0.76520665430 0.71872100926 0.85497102434 0.95777183727 -66.85467887024 0.01540534932   -2 
  14 0.00000449950 0.00076340526 -17.116302556 0.19028879254 0.00092880287 0.00792024087 0.73040525363 0.80840004440 0.91028457453 0.84025989787 0.76449137598 0.71818760514 0.85353876074 0.95714316560 -66.85369774268 0.02120447537   -2 
  15 0.00000449954 0.00076512045 -17.473598806 0.18761963395 0.00092884143 0.00792025702 0.72998681505 0.80669324313 0.90786440253 0.83779277181 0.76242533184 0.71565990825 0.84951501333 0.95377926282 -66.84601497304 0.06605512100   -2 
  16 0.00000449960 0.00076540194 -18.185598505 0.18289066353 0.00092891214 0.00792028763 0.72910645675 0.80333461826 0.90313642839 0.83235930587 0.75845309344 0.71069962608 0.84206718446 0.94710840662 -66.83215532797 0.02246726103   -2 
  17 0.00000449958 0.00076606379 -18.031324125 0.18453304905 0.00092888959 0.00792027998 0.72937429863 0.80533732627 0.90548777144 0.83271844163 0.75977310838 0.71203892065 0.84555993911 0.94854676002 -66.82692729284 0.04298147710   -2 
  18 0.00000449957 0.00076542852 -17.947312560 0.18561330685 0.00092887522 0.00792027547 0.72946974974 0.80647871513 0.90687394968 0.83276333903 0.76056494578 0.71281178152 0.84779146504 0.94933159978 -66.82361115049 0.01090539090   -2 
  19 0.00000449957 0.00076586727 -17.939596938 0.18620551422 0.00092886841 0.00792027444 0.73033095484 0.80669943484 0.90743082562 0.83249020255 0.76117114167 0.71314427308 0.84940689012 0.94953163606 -66.82222138482 0.01617934295   -2 
  20 0.00000449957 0.00076567431 -17.940982109 0.18639634160 0.00092886632 0.00792027424 0.73053389754 0.80671279135 0.90755145268 0.83240520081 0.76136200085 0.71323759171 0.84990968193 0.94957914701 -66.82182435069 0.00577038184   -2 
  21 0.00000449957 0.00076612493 -17.977448808 0.18670066386 0.00092886412 0.00792027505 0.73053462241 0.80666567477 0.90765207941 0.83269245658 0.76207119218 0.71353700862 0.85124528133 0.94980145390 -66.82111629677 0.00927375133   -2 
  22 0.00000449957 0.00076601743 -17.986635532 0.18675194230 0.00092886385 0.00792027530 0.73049848796 0.80665658558 0.90765551012 0.83276163419 0.76219656147 0.71359321262 0.85147527627 0.94984868690 -66.82098061327 0.00517627407   -2 
  23 0.00000449958 0.00076633052 -18.077152697 0.18671045432 0.00092886785 0.00792027873 0.73032112709 0.80713735373 0.90783953392 0.83373236791 0.76292027781 0.71407162616 0.85250861138 0.95044902603 -66.82008638953 0.00901868081   -2 
  24 0.00000449959 0.00076623349 -18.117099648 0.18667074509 0.00092886989 0.00792028028 0.73030903246 0.80730297710 0.90791128368 0.83408271513 0.76316758156 0.71425350120 0.85285391947  0.9506878308 -66.81989324657 0.00835557499   -2 
  25 0.00000449960 0.00076648677 -18.259249691 0.18626778380 0.00092888064 0.00792028674 0.73110748227 0.80773798579 0.90831828072 0.83483335211 0.76361483725 0.71475896455 0.85337938253 0.95143867714 -66.81886412728 0.01632488358   -2 
  26 0.00000449961 0.00076617982 -18.337618127 0.18603051639 0.00092888679 0.00792029034 0.73148267509 0.80788517010 0.90850310885 0.83509554631 0.76376012681 0.71497923586 0.85353008954 0.95178078516 -66.81830576095 0.01047770036   -2 
  27 0.00000449965 0.00076651003 -18.636243061 0.18470062823 0.00092891630 0.00792030517 0.73257816344 0.80813058215 0.90926987023 0.83493553198 0.76359134079 0.71540734234 0.85301828669 0.95256033687 -66.81616919157 0.02307419055   -2 
  28 0.00000449967 0.00076611813 -18.803907638 0.18396187847 0.00092893285 0.00792031346 0.73285565309 0.80814338110 0.90952979872 0.83467820042 0.76338549230 0.71553290430 0.85259685947 0.95282785259 -66.81493470740 0.01692835683   -2 
  29 0.00000449974 0.00076633757 -19.441946347 0.18102119742 0.00092899798 0.00792034515 0.73275787755 0.80801583955 0.90990423000 0.83324814351 0.76228338946 0.71554614090 0.85058409565 0.95310794065 -66.81181781874 0.02557497215   -2 
  30 0.00000449975 0.00076704898 -19.552034441 0.18048477313 0.00092900983 0.00792035074 0.73253147985 0.80791586607 0.90967586871 0.83294341780 0.76202168261 0.71537374282 0.85017066275 0.95286838745 -66.81037721814 0.02607393545   -2 
  31 0.00000449988 0.00076918733 -20.650631860 0.17555683927 0.00092912420 0.00792040560 0.72737453915 0.80506064770 0.90375135103 0.82886517917 0.75837776831 0.71167543198 0.84520966502 0.94732622424 -66.79648469442 0.02324375777   -2 
  32 0.00000449995 0.00077088082 -21.295967476 0.17287894844 0.00092918992 0.00792043696 0.72821306440 0.80213695471 0.89976748079 0.82586485201 0.75537007099 0.70799372720 0.84174126047 0.94173471931 -66.78735457223 0.02964586184   -2 
  33 0.00000449998 0.00077091094 -21.509394832 0.17204669240 0.00092921095 0.00792044709 0.72842859256 0.80118424729 0.89854245044 0.82486785146 0.75435139362 0.70673406765 0.84058747990 0.93982445299 -66.78608189486 0.01098621008   -2 
  34 0.00000449997 0.00077050768 -21.430786234 0.17237272571 0.00092920344 0.00792044349 0.72808676123 0.80180080239 0.89955464168 0.82525162246 0.75460828011 0.70695965436 0.84093298574 0.94016447977 -66.78543897034 0.01342296024   -2 
  35 0.00000449997 0.00077062464 -21.382006630 0.17255933447 0.00092919922 0.00792044144 0.72795197801 0.80225681423 0.90033390804 0.82550755896 0.75473666638 0.70701763101 0.84112689625 0.94024530569 -66.78505114883 0.00652311606   -2 
  36 0.00000449996 0.00077033951 -21.334856568 0.17276733022 0.00092919565 0.00792043999 0.72813935098 0.80264005848 0.90128412038 0.82571483391 0.75468526897 0.70671241119 0.84118750097 0.93976064914 -66.78467724953 0.00896034243   -2 
  37 0.00000449996 0.00077048281 -21.326266433 0.17279569131 0.00092919529 0.00792043986 0.72824792129 0.80268716939 0.90142271369 0.82575578033 0.75466797180 0.70662395603 0.84119091182 0.93961742194 -66.78454774572 0.00477613042   -2 
  38 0.00000449996 0.00077041228 -21.303917853 0.17288889904 0.00092919516 0.00792043984 0.72871173644 0.80251873461 0.90141180032 0.82580678243 0.75452729790 0.70614994228 0.84111349634 0.93884780111 -66.78431414830 0.00319212793   -2 
  39 0.00000449996 0.00077045143 -21.308190478 0.17286735395 0.00092919536 0.00792043993 0.72857950738 0.80254279659 0.90137653721 0.82579304794 0.75455513540 0.70623613278 0.84112585731 0.93898560538 -66.78429542015 0.00260416906   -2 
  40 0.00000449996 0.00077040848 -21.307895000 0.17285735082 0.00092919623 0.00792044040 0.72838913571 0.80245064035 0.90113940092 0.82575612249 0.75453753359 0.70616896501 0.84109423275 0.93886638398 -66.78423698642 0.00577707338   -2 
  41 0.00000449996 0.00077058982 -21.306451047 0.17283173430 0.00092919783 0.00792044117 0.72814646281 0.80232049535 0.90078746174 0.82570326260 0.75451040526 0.70605635945 0.84104455307 0.93866665857 -66.78414386552 0.00218401171   -2 
  42 0.00000449997 0.00077054536 -21.305457003 0.17281967199 0.00092919911 0.00792044185 0.72813123302 0.80221336727 0.90063088696 0.82562213587 0.75444910333 0.70594816354 0.84097462087 0.93849136294 -66.78411335816 0.00366426026   -2 
  43 0.00000449997 0.00077063869 -21.302947224 0.17278847027 0.00092920178 0.00792044318 0.72816618779 0.80203552628 0.90039216235 0.82546638741 0.75432591362 0.70573895665 0.84083551284 0.93815493865 -66.78406538744 0.00128255049   -2 
  44 0.00000449997 0.00077059964 -21.301417184 0.17276361754 0.00092920431 0.00792044444 0.72817374961 0.80201827672 0.90045680568 0.82534582541 0.75420395983 0.70559492312 0.84070380974 0.93793989797 -66.78404425592 0.00203754929   -2 
  45 0.00000449997 0.00077062148 -21.300654013 0.17275046357 0.00092920555 0.00792044507 0.72817666270 0.80202135955 0.90049926549 0.82529727550 0.75415091758 0.70553416274 0.84064544955 0.93785007436 -66.78403753522 0.00066208895   -2 
  46 0.00000449997 0.00077062148 -21.300654013 0.17275046357 0.00092920555 0.00792044507 0.72817666270 0.80202135955 0.90049926549 0.82529727550 0.75415091758 0.70553416274 0.84064544955 0.93785007436 -66.78403753522           NAN   -8 
  47 0.00000449997 0.00077063621 -21.300709775 0.17274647232 0.00092920611 0.00792044533 0.72815010203 0.80204659011 0.90053117999 0.82531132457 0.75414962551 0.70554173146 0.84063861810 0.93786572069 -66.78403489834 0.00106124492   -2 
  48 0.00000449997 0.00077063621 -21.300709775 0.17274647232 0.00092920611 0.00792044533 0.72815010203 0.80204659011 0.90053117999 0.82531132457 0.75414962551 0.70554173146 0.84063861810 0.93786572069 -66.78403489834 0.00106124492   -8 
  49 0.00000449997 0.00077061851 -21.300780980 0.17274663506 0.00092920620 0.00792044537 0.72814617862 0.80204743017 0.90053345073 0.82531219100 0.75414864022 0.70554236908 0.84063677185 0.93786751372 -66.78403360364 0.00036504615   -2 
  50 0.00000449997 0.00077061851 -21.300780980 0.17274663506 0.00092920620 0.00792044537 0.72814617862 0.80204743017 0.90053345073 0.82531219100 0.75414864022 0.70554236908 0.84063677185 0.93786751372 -66.78403360364 0.00036504615   -8 
  51 0.00000449997 0.00077061851 -21.300780980 0.17274663506 0.00092920620 0.00792044537 0.72814617862 0.80204743017 0.90053345073 0.82531219100 0.75414864022 0.70554236908 0.84063677185 0.93786751372 -66.78403360364 0.00036504615   -5 
  52 0.00000449997 0.00077061851 -21.300780980 0.17274663506 0.00092920620 0.00792044537 0.72814617862 0.80204743017 0.90053345073 0.82531219100 0.75414864022 0.70554236908 0.84063677185 0.93786751372 -66.78403360364 0.00036504615   -3 
-- Local optimization: stuck in the same solution
-- Found new optimum with likelihood -66.784033603645923 and gradient 0.00037

---- Best joint likelihood found -66.784033603645923 with gradient 0.00037

---- Results for /scratch/40840468/tmp82zf1akj 
--  Model: C
--        eps_an     theta_bar             a 
-- 0.00000449997 0.00077061851            -1 
--           S_d             b           p_b           S_b 
-- -21.300780980 0.17274663506 0.00092920620 0.00792044537 
--           r 2           r 3           r 4           r 5           r 6           r 7           r 8           r 9 
-- 0.72814617862 0.80204743017 0.90053345073 0.82531219100 0.75414864022 0.70554236908 0.84063677185 0.93786751372 

---- Expected P_neut(i), 0 < i < n (neutral SFS per site) 
E[P_neut(1)] = 0.0007706154
E[P_neut(2)] = 0.0002805606
E[P_neut(3)] = 0.0002060236
E[P_neut(4)] = 0.0001734916
E[P_neut(5)] = 0.0001272002
E[P_neut(6)] = 0.0000968605
E[P_neut(7)] = 0.0000776726
E[P_neut(8)] = 0.0000809772
E[P_neut(9)] = 0.0000803073

---- Expected P_sel(i), 0 < i < n (selected SFS per site) 
E[P_sel(1)] = 0.0005510793
E[P_sel(2)] = 0.0001760357
E[P_sel(3)] = 0.0001204049
E[P_sel(4)] = 0.0000967228
E[P_sel(5)] = 0.0000684756
E[P_sel(6)] = 0.0000507149
E[P_sel(7)] = 0.0000397431
E[P_sel(8)] = 0.0000406271
E[P_sel(9)] = 0.0000396053

---- alpha_dfe = 0.001947

