---- Running command
---- ./polyDFE -d /scratch/40841507/tmpv3ato8hu -m C -i /scratch/40841507/tmpxax84mfv 1 -v 1 
---- Performing inference using model C

---- Performing inference on /scratch/40841507/tmpv3ato8hu
----      with -i /scratch/40841507/tmpxax84mfv 1
---- Data /scratch/40841507/tmpv3ato8hu does not contain divergence counts. Using option -w.
---- No mutation variability. Using Poisson likelihood.


---- Using provided initial values

-- Starting local optimization
-- Optimizing all parameters
  it        eps_an     theta_bar           S_d             b           p_b           S_b           r 2           r 3           r 4           r 5           r 6           r 7           r 8           r 9          r 10          r 11          r 12          r 13          r 14          r 15          r 16          r 17          r 18          r 19          r 20          r 21          r 22          r 23          r 24           ln lk          grad status 
   0 0.00000450451  0.0008647194 -33.444059999     0.1398527   0.005009714    0.05328228     0.5834314      0.499803     0.5581096     0.5076067      0.557493     0.6522272     0.6050956     0.5227928     0.5765882     0.4982845     0.5150672     0.5206269      0.482151     0.5460091     0.5199818      0.523935     0.5814646     0.6159988     0.7697745     0.7047025     0.6593795      0.914738      1.558127 -173.7526703264 0.64502389146   -2 
   1 0.00000450451 0.00088201730 -33.461618224 0.13968182070 0.00500975921 0.05328228439 0.57293363531 0.49534669074 0.56089218584 0.51474498178 0.55533887614 0.65790448043 0.60708491133 0.52541955872 0.57563664133 0.50080135158 0.51621798099 0.52470353769 0.48405070497 0.55056635439 0.51622728715 0.52627378643 0.58050556074 0.61667169550 0.76612214458 0.70810802025 0.66080776042 0.91708155643 1.55468745400 -172.5407775840 1.09143446155   -2 
   2 0.00000450451 0.00087087721 -33.753946549 0.14090341742 0.00500919635 0.05328214674 0.53521304834 0.47782658530 0.56827330439 0.53912905193 0.54624471448 0.67669607452 0.61294727291 0.53411414017 0.57128064081 0.50937895587 0.51978940039 0.53918148530 0.49056058126 0.56690354544 0.50228827959 0.53444379480 0.57651181569 0.61859588765 0.75219342420 0.72003547028 0.66552665984 0.92475529338 1.54012561841 -168.7249514636 0.55687985488   -2 
   3 0.00000450451 0.00088096098 -33.843201342 0.14121161170 0.00500903818 0.05328208017 0.52778821460 0.47214693886 0.57098169871 0.54915886705 0.54256926730 0.68464342957 0.61552851670 0.53806870868 0.56937167307 0.51338623363 0.52147232537 0.54605123504 0.49366648467 0.57472648853 0.49584297332 0.53837427918 0.57465560320 0.61953411261 0.74576919790 0.72576488913 0.66780815123 0.92841937365 1.53361572308 -168.1395321983 0.46267928397   -2 
   4 0.00000450452 0.00087262437 -34.268664139 0.14362295194 0.00500797951 0.05328168118 0.52754208963 0.45907288972 0.57466491085 0.57489372544 0.53095827753 0.70564188969 0.62202457266 0.54974060249 0.56256262283 0.52591682102 0.52640859050 0.56854907749 0.50367789749 0.60077876881 0.47442006802 0.55133939131 0.56802840292 0.62220758821 0.72412645510 0.74466394451 0.67508586112 0.93985404508 1.51096971998 -166.7428921758 0.60051542535   -2 
   5 0.00000450452 0.00088110840 -34.423536727 0.14448810184 0.00500759095 0.05328149916 0.53340693258 0.45608040094 0.57592643947 0.58466731996 0.52669187523 0.71418779923 0.62494672074 0.55503377451 0.55977246538 0.53176458400 0.52878324329 0.57919330461 0.50846723893 0.61323723675 0.46479612893 0.55758716475 0.56506191949 0.62357327908 0.71444583268 0.75375349199 0.67864304403 0.94537575714 1.50136425623 -166.1482677055 0.47621863985   -2 
   6 0.00000450453 0.00087130602 -34.767497795 0.14675892604 0.00500662592 0.05328108525 0.55282268612 0.45712126407 0.57567618356 0.59407462937 0.52129368362 0.72445259919 0.62905235876 0.56339317216 0.55531057430 0.54169662128 0.53285368070 0.59788998971 0.51702991251 0.63557905075 0.44791073741 0.56897888966 0.55977380893 0.62605031583 0.69756601875 0.77027825729 0.68516266527 0.95523061884 1.48554205590 -165.1852720174 0.37566629557   -2 
   7 0.00000450453 0.00087526254 -34.867780437 0.14741053818 0.00500633944 0.05328093054 0.56181996577 0.46077807701 0.57566045424 0.59480941687 0.52080109265 0.72687769126 0.63069506010 0.56649884200 0.55419994088 0.54561431573 0.53464870052 0.60528945889 0.52062171514 0.64460470610 0.44144449444 0.57379942104 0.55788767327 0.62729123295 0.69132798411 0.77722885733 0.68807035689 0.95952993382 1.48086802279 -164.9168018629 0.33886023129   -2 
   8 0.00000450454 0.00086719219 -35.029987962 0.14854543095 0.00500585377 0.05328068556 0.57201124996 0.47084777153 0.57531800584 0.58977892761 0.52293891581 0.72653295604 0.63264225435 0.57008020558 0.55374183631 0.55075048075 0.53732919362 0.61513292716 0.52583672697 0.65703444363 0.43262435608 0.58092950978 0.55555486421 0.62940472071 0.68328156511 0.78742523942 0.69262240291 0.96603141041 1.47704101029 -164.5112346312 0.34466931744   -2 
   9 0.00000450455 0.00087121731 -35.080156042 0.14885870776 0.00500570003 0.05328056162 0.57582957793 0.47909262873 0.57580378778 0.58468130236 0.52607528695 0.72505134701 0.63399840823 0.57202027384 0.55436714317 0.55376433375 0.53919799131 0.62078551657 0.52916861029 0.66438267643 0.42765016183 0.58550755601 0.55450760181 0.63104390099 0.67913374972 0.79391503695 0.69576656059 0.97043512830 1.47698927935 -164.2701191093 0.29589154045   -2 
  10 0.00000450456 0.00086569263 -35.147295187 0.14931155047 0.00500548553 0.05328040239 0.57438830658 0.49013978428 0.57687508788 0.57588775053 0.53207492236 0.72119427919 0.63554309871 0.57372855075 0.55627093858 0.55699413193 0.54163729818 0.62677477299 0.53326699819 0.67257862165 0.42212303211 0.59123065424 0.55370947300 0.63343200563 0.67511574686 0.80193914931 0.69999479421 0.97616888906 1.47991829534 -163.9961182574 0.23645080455   -2 
  11 0.00000450456 0.00086920854 -35.135961521 0.14922190332 0.00500550054 0.05328035068 0.57158275006 0.49424200582 0.57798671184 0.57189981078 0.53575082664 0.71909223678 0.63632245308 0.57417978612 0.55785075835 0.55811662577 0.54281342497 0.62868554256 0.53500252889 0.67543238933 0.42026956130 0.59367804799 0.55377166273 0.63472670570 0.67425292513 0.80531128641 0.70203002722 0.97883984357 1.48323985238 -163.8891111334 0.20561480796   -2 
  12 0.00000450457 0.00086605413 -35.122290974 0.14919358553 0.00500549414 0.05328028494 0.56614508833 0.49628970001 0.57935312340 0.56776923360 0.54028436892 0.71629241982 0.63696277654 0.57407923922 0.56018873281 0.55872552521 0.54400068181 0.62953808146 0.53656396711 0.67719250486 0.41903025893 0.59595807475 0.55427166733 0.63624649597 0.67439700061 0.80836975115 0.70421178209 0.98153970322 1.48874795468 -163.7783375163 0.16725571949   -2 
  13 0.00000450458 0.00086868529 -35.078107229 0.14899134472 0.00500555867 0.05328023611 0.56241479288 0.49626740020 0.58063308804 0.56525248868 0.54403830509 0.71419931079 0.63744770290 0.57373066239 0.56244507644 0.55887009191 0.54491626554 0.62947096292 0.53760709671 0.67773814311 0.41860413363 0.59752248105 0.55499058794 0.63755312809 0.67527850124 0.81040502671 0.70594121473 0.98358495513 1.49437846005 -163.7166791853 0.13560024095   -2 
  14 0.00000450459 0.00086622421 -35.016513404 0.14888741095 0.00500558578 0.05328013148 0.55878087607 0.49348336082 0.58196567055 0.56280842961 0.54880732086 0.71133253060 0.63778184094 0.57270095076 0.56586936131 0.55844492167 0.54599283119 0.62819013574 0.53865341846 0.67714012908 0.41872780431 0.59922341540 0.55634588574 0.63938754360 0.67745206040 0.81250085175 0.70821655780 0.98605839379 1.50339264371 -163.6537352376 0.16734946400   -2 
  15 0.00000450460 0.00086907073 -34.964269374 0.14876826724 0.00500562623 0.05328006718 0.55888506553 0.49146950245 0.58244520917 0.56240255850 0.55072332552 0.71028517724 0.63787386247 0.57207089606 0.56760728101 0.55802881793 0.54644926911 0.62713621172 0.53900212378 0.67632260924 0.41912145703 0.59985141030 0.55717481181 0.64029827498 0.67893579229 0.81321322054 0.70927518577 0.98711987600 1.50819225299 -163.6035194076 0.14944355187   -2 
  16 0.00000450462 0.00086670490 -34.813516275 0.14883229432 0.00500559111 0.05327976967 0.56195316339 0.48359456527 0.58286920708 0.56231385107 0.55551292639 0.70722058108 0.63764980882 0.56951318028 0.57316683452 0.55603874080 0.54762008653 0.62260555779 0.53966426481 0.67235440626 0.42104204857 0.60135623274 0.56015020764 0.64319539322 0.68457950187 0.81470946200 0.71252170909 0.99004325609 1.52421797209 -163.4860412323 0.07683923554   -2 
  17 0.00000450462 0.00086819557 -34.755717250 0.14891478763 0.00500555779 0.05327964245 0.56357819209 0.48289895786 0.58255904892 0.56321325400 0.55555514241 0.70722009658 0.63748869425 0.56886661356 0.57430928707 0.55536476468 0.54777630427 0.62112455812 0.53961597673 0.67085719484 0.42189757650 0.60146657379 0.56105813574 0.64389646869 0.68641468163 0.81468498368 0.71324122242 0.99052571814 1.52802812931 -163.4660620633 0.12493120892   -2 
  18 0.00000450464 0.00086595438 -34.607184826 0.14941023765 0.00500536608 0.05327923327 0.56763605319 0.48190225411 0.58123277941 0.56613062578 0.55464923541 0.70764541296 0.63686226249 0.56704337326 0.57712694644 0.55334580709 0.54803847484 0.61679163899 0.53927355932 0.66635326871 0.42451301032 0.60151623607  0.5636333268 0.64574822617 0.69172242497 0.81424699152 0.71509019851 0.99156569722 1.53805126600 -163.4145490634 0.07354538996   -2 
  19 0.00000450465 0.00086776272 -34.435501018 0.14988284563 0.00500518296 0.05327878295 0.56805947211 0.48408610670 0.58044089593 0.56921943928 0.55249173952 0.70939269934 0.63652255315 0.56596643257 0.57881800157 0.55173858049 0.54812629166 0.61319972407 0.53876747726 0.66232900660 0.42729326914 0.60123199586 0.56603237067 0.64727460704 0.69671540439 0.81341640484 0.71652554839 0.99214967176 1.54539093475 -163.3777637091 0.15310772255   -2 
  20 0.00000450466 0.00086561864 -34.318631152 0.15033242091 0.00500501056 0.05327843724 0.56749099723 0.48588355360 0.57991668481 0.57124461134 0.55077242115 0.71072091082 0.63628366183 0.56529652609 0.57979731824 0.55064117424 0.54813776439 0.61074594377 0.53836087225 0.65951999129 0.42932529984 0.60095661061 0.56772046296 0.64830297591 0.70024862301 0.81273382832 0.71747558911 0.99246421966 1.55011228566 -163.3451551160 0.05565431127   -2 
  21 0.00000450467 0.00086648592 -34.207283482 0.15061218854 0.00500490172 0.05327814657 0.56595428953 0.48760355380 0.58015737972 0.57215209284 0.54957007267 0.71198724095 0.63637887164 0.56528234055 0.58000400501 0.55017361908 0.54813402300 0.60951381491 0.53807151057 0.65791799085 0.43087471556 0.60068761183 0.56888189196 0.64894524165 0.70263795120 0.81218712908 0.71804000228 0.99259736322 1.55223467116 -163.3320187867 0.04797230089   -2 
  22 0.00000450467 0.00086604668 -34.138824090 0.15080721096 0.00500482614 0.05327795957 0.56489956816 0.48850797678 0.58041660037 0.57241605919 0.54891647346 0.71271496436 0.63648754130 0.56540033563 0.57995089143 0.54999822331 0.54811718267 0.60897267180 0.53790006301 0.65713160322 0.43178320579 0.60050476508 0.56952031927 0.64927206965 0.70394040024 0.81184871065 0.71831665783 0.99263050843 1.55300032330 -163.3280832552 0.03297304070   -2 
  23 0.00000450468 0.00086725685 -33.916631810 0.15120842176 0.00500466666 0.05327741222 0.56342892280 0.48906484492 0.58224548750 0.57062063622 0.54844476747 0.71412958987 0.63739338732 0.56696299862 0.57835832455 0.55069279146 0.54805319567 0.60970045278 0.53762149829 0.65708182010 0.43372091995 0.59998192137 0.57051657030 0.64957256402 0.70578373975 0.81111143403 0.71847850818 0.99244294992 1.55037283727 -163.3130805511 0.09416143207   -2 
  24 0.00000450469 0.00086594881 -33.739538111 0.15160070848 0.00500451269 0.05327695238 0.56240702673 0.48927828861 0.58358322054 0.56906572237 0.54811432696 0.71512972082 0.63809849733 0.56824653160 0.57698909221 0.55129586842 0.54798322799 0.61039122943 0.53739369965 0.65714274091 0.43526235514 0.59954436682 0.57127097189 0.64976827761 0.70716529947 0.81050824980 0.71856188582 0.99225203648 1.54795623265 -163.3009531375 0.04376383161   -2 
  25 0.00000450470 0.00086688252 -33.645527870 0.15171196361 0.00500446733 0.05327673819 0.56390530774 0.48870392804 0.58341100592 0.56873721490 0.54842601922 0.71501963361 0.63832538610 0.56874859302 0.57646279655 0.55170940955 0.54799176876 0.61105782458 0.53739455644 0.65763187378 0.43568828306 0.59943557705 0.57138590073 0.64974002790 0.70727672336 0.81041101808 0.71850242008 0.99220135924 1.54653919684 -163.2911327851 0.08025892308   -2 
  26 0.00000450470 0.00086553921 -33.487478952 0.15198573934 0.00500435856 0.05327635079 0.56638554823 0.48755376011 0.58287595478 0.56820907534 0.54900100935 0.71464964622 0.63864581730 0.56956166724 0.57554794751 0.55242961346 0.54799316303 0.61226308394 0.53739984304 0.65855340627 0.43636880442 0.59924685390 0.57152554139 0.64964906879 0.70734620989 0.81025378807 0.71836051551 0.99209005307 1.54396054836 -163.2771713621 0.02469259868   -2 
  27 0.00000450473 0.00086464681 -32.968313741 0.15254040500 0.00500412408 0.05327515072 0.56381630294 0.48680479054 0.58097628635 0.56969225108 0.55149462693 0.71310041590 0.63924253724 0.57106628640 0.57443117272 0.55461143988 0.54836879307 0.61622875873 0.53793967253 0.66231715868 0.43742009592 0.59928298286 0.57138532553 0.64931062722 0.70623109643 0.81073189683 0.71796445878 0.99236643662 1.53849201761 -163.2561287018 0.05711970969   -2 
  28 0.00000450473 0.00086533016 -32.896022373 0.15260418135 0.00500409656 0.05327498694 0.56365240465 0.48679825504 0.58083420929 0.56988224422 0.55176875395 0.71295505325 0.63931283603 0.57123282775 0.57433150203 0.55487719708 0.54842519353 0.61671757752 0.53801845943 0.66279592797 0.43754357856 0.59930130290 0.57136542662 0.64927373638 0.70608164647 0.81081246075 0.71792180539 0.99242050734 1.53789656781 -163.2531703589 0.02446149746   -2 
  29 0.00000450478 0.00086392303 -32.008606383 0.15426817136 0.00500343712 0.05327271706 0.56741217711 0.48938256692 0.58285597757 0.57044186580 0.55135833549 0.71296152079 0.63892683038 0.57109356184 0.57482176302 0.55641815801 0.54898646160 0.62017276877 0.53893747822 0.66691788661 0.43811892744 0.59980609151 0.57083095163 0.64889431065 0.70395827366 0.81207823785 0.71754769257 0.99326986570 1.53567208171 -163.2277002717 0.04131394415   -2 
  30 0.00000450478 0.00086301733 -31.892928067 0.15451375717 0.00500334090 0.05327240979 0.56730329347 0.48954097374 0.58311083550 0.57049322341 0.55128161977 0.71312323415 0.63893499397 0.57106861579 0.57497605721 0.55655907984 0.54908196904 0.62048708641 0.53907073446 0.66733840896 0.43817679769 0.59990928526 0.57079581131 0.64889603919 0.70376146560 0.81228209311 0.71755468508 0.99344243176 1.53577404249 -163.2244894384 0.05166250942   -2 
  31 0.00000450488 0.00086253905 -30.387261295 0.15741432373 0.00500220640 0.05326842829 0.56275529096 0.49060880007 0.58664771806 0.57139434504 0.55051768367 0.71677766918 0.63981382399 0.57095699104 0.57780153718 0.55806975926 0.55061973679 0.62361388875 0.54099253282 0.67195172421 0.43886638210 0.60163407469 0.57073371277  0.6494485872 0.70204047624 0.81534783658 0.71821416140 0.99634829065 1.54051109155 -163.1847493535 0.04283148449   -2 
  32 0.00000450505 0.00086189500 -27.904064408 0.16275686575 0.00500017073 0.05326138962 0.56510988066 0.48745213173 0.58620856048 0.57236676028 0.55098810565 0.72245228715 0.64272136527 0.57183143803 0.58298616172 0.55962159782 0.55355976642 0.62591735928 0.54431972849 0.67651875503 0.44001104276 0.60525878377 0.57191567874 0.65186012272 0.70205882931 0.82109813228 0.72093450357 1.00261125658 1.55533903598 -163.1239969726 0.16493690030   -2 
  33 0.00000450514 0.00085838276 -26.654282861 0.16582053980 0.00499903615 0.05325757135 0.56620685431 0.48580114100 0.58576171937 0.57282638376 0.55130081743 0.72528586880 0.64427452174 0.57234551447 0.58571209622 0.56041943418 0.55513325717 0.62704564855 0.54609676404 0.67883275715 0.44063290612 0.60722516832 0.57261122684 0.65321709273 0.70220883104 0.82419720932 0.72246578638 1.00601753032 1.56344848046 -163.0925932657 0.04403052520   -2 
  34 0.00000450538 0.00085431773 -23.814008776 0.17333942104 0.00499628381 0.05324813430 0.56484166821 0.49179090228 0.58374891831 0.57489352290 0.55668554197 0.72461503730 0.64890758842 0.57694359834 0.58941320175 0.56246013736 0.55910120526 0.62739053100 0.55010303883 0.67996412639 0.44291886884 0.61267097357 0.57720997841 0.65923528057 0.70890900162 0.83183504670 0.72920727156 1.01592545176 1.58562097963 -163.0196234678 0.03547974067   -2 
  35 0.00000450540 0.00085311874 -23.617936127 0.17399299883 0.00499604470 0.05324739727 0.56504616600 0.49187033311 0.58421698107 0.57510833844 0.55710495102 0.72443309001 0.64919163099 0.57746362984 0.58942001360 0.56271445234 0.55939363313 0.62743734668 0.55037176541 0.67986499558 0.44319420634 0.61310868793 0.57780799987 0.65989752598 0.70992956559 0.83239038716 0.72995931441 1.01676015072 1.58699150443 -163.0152636410 0.06100809870   -2 
  36 0.00000450553 0.00085057384 -22.368679918 0.17823727092 0.00499449889 0.05324255478 0.56723918938 0.49198323715 0.58845265655 0.57677876492 0.55996011654 0.72332079602 0.65107079019 0.58122424099 0.58912675377 0.56462675128 0.56136156744 0.62788564418 0.55213065675 0.67902793303 0.44520326361 0.61606917573 0.58218724847 0.66463125308 0.71753079504 0.83606471968 0.73534371047 1.02246257265 1.59561440855 -162.9912881013 0.05273850388   -2 
  37 0.00000450553 0.00085127068 -22.367523495 0.17822740626 0.00499449954 0.05324254754 0.56718917090 0.49196118444 0.58847917325 0.57681307602 0.55993947951 0.72344872133 0.65108575992 0.58124737979 0.58912420707 0.56467335798 0.56137776325 0.62794352146 0.55214142440 0.67905393208 0.44523791899 0.61608648906 0.58224686032 0.66468123901 0.71763449400 0.83608162508 0.73540374679 1.02250080198 1.59556724338 -162.9889066221 0.02351901162   -2 
  38 0.00000450554 0.00085173837 -22.401501670 0.17841276828 0.00499438096 0.05324243703 0.56507126592 0.49097171101 0.58848664750 0.57717354955 0.55912155473 0.72597137028 0.65110512192 0.58150572927 0.58888236954 0.56555734743 0.56157520819 0.62911249007 0.55224317509 0.67951117655 0.44593992334 0.61631910547 0.58345400049 0.66563745293 0.71977540853 0.83624581818 0.73657864065 1.02307943119 1.59389878450 -162.9790191709 0.01841257713   -2 
  39 0.00000450555 0.00085171147 -22.416851532 0.17850053273 0.00499432603 0.05324238573 0.56461268209 0.49064328143 0.58846318341 0.57728490453 0.55879882132 0.72690042780 0.65110077949 0.58160129496 0.58877645907 0.56591943839 0.56165259987 0.62959817034 0.55228209448 0.67969977373 0.44624296518 0.61641441545 0.58397239378 0.66604488939 0.72069320133 0.83631018047 0.73708250787 1.02331814904 1.59318635275 -162.9780967915 0.02346453534   -2 
  40 0.00000450556 0.00085231350 -22.440595660 0.17862414806 0.00499423849 0.05324229400 0.56508512984 0.49042693451 0.58841137280 0.57738826604 0.55838840204 0.72801580421 0.65109092132 0.58173726025 0.58861881336 0.56647810774 0.56177422350 0.63036230322 0.55234551990 0.68000347196 0.44675208492 0.61657104365 0.58483311641 0.66671719391 0.72220597021 0.83641691785 0.73792075375 1.02370575669 1.59208463812 -162.9753262686 0.04274487729   -2 
  41 0.00000450557 0.00085179140 -22.477626617 0.17883658186 0.00499409978 0.05324215657 0.56595019094 0.49021227446 0.58830538295 0.57747816698 0.55784659828 0.72938355968 0.65105905697 0.58190772618 0.58839272991 0.56724190813 0.56193543605 0.63141803913 0.55242837361 0.68042069344 0.44747594205 0.61678638704 0.58605286917 0.66766502451 0.72434747436 0.83655945901 0.73910778820 1.02424037539 1.59053686089 -162.9716686863 0.01589904298   -2 
  42 0.00000450558 0.00085195693 -22.496091560 0.17888254714 0.00499402927 0.05324205315 0.56694100216 0.49084619079 0.58846579133 0.57751571540 0.55799318939 0.72925258925 0.65115890740 0.58202984134 0.58839473055 0.56761425172 0.56206679836 0.63195519779 0.55252162857 0.68069305595 0.44794346338 0.61695621206 0.58680144379 0.66825214476 0.72560520787 0.83671204243 0.73985479477 1.02461562305 1.59008728860 -162.9696101606 0.03107681954   -2 
  43 0.00000450559 0.00085140554 -22.509495745 0.17892214199 0.00499397753 0.05324197998 0.56748212690 0.49130454077 0.58858603325 0.57753411462 0.55814460741 0.72904402010 0.65123568266 0.58210872775 0.58841358353 0.56784000621 0.56215512260 0.63228610486 0.55258719417 0.68087058695 0.44825214252 0.61707120084 0.58728962226 0.66863500292 0.72641689985 0.83681918572 0.74034447139 1.02486488760 1.58986216718 -162.9683082809 0.01359896975   -2 
  44 0.00000450561 0.00085136408 -22.527745085 0.17886776136 0.00499390641 0.05324181825 0.56743958342 0.49239958264 0.58914257158 0.57773802938 0.55896662049 0.72804327948 0.65161012052 0.58234488998 0.58869284129 0.56815323396 0.56240087109 0.63275305457 0.55280028450 0.68124928838 0.44883491994 0.61736214479 0.58815220623 0.66933420402 0.72775456866 0.83715139876 0.74124547255 1.02543489259 1.59029937225 -162.9662944088 0.01729956034   -2 
  45 0.00000450561 0.00085110026 -22.531241376 0.17886375193 0.00499389137 0.05324178732 0.56736178544 0.49252625812 0.58923100041 0.57777816510 0.55911909402 0.72786741630 0.65168140652 0.58238699852 0.58875406010 0.56819251875 0.56244529305 0.63281294397 0.55284103270 0.68131190666 0.44892911509 0.61741434950 0.58828584162 0.66944402427 0.72795248773 0.83721444415 0.74138824874 1.02553276578 1.59043427099 -162.9659841923 0.00860182995   -2 
  46 0.00000450562 0.00085116887 -22.537128544 0.17881479732 0.00499385267 0.05324167929 0.56689916875 0.49244216554 0.58948496295 0.57799285734 0.55965055958 0.72747599622 0.65197687180 0.58255137771 0.58905556738 0.56821960977 0.56261066066 0.63285288219 0.55300709994 0.68149544387 0.44915861088 0.61759783031 0.58856375328 0.66969200879 0.72828064043 0.83746497787 0.74171596514 1.02583769420 1.59133704827 -162.9653383294 0.00761758309   -2 
  47 0.00000450562 0.00085103782 -22.538539095 0.17881452920 0.00499384059 0.05324165285 0.56685782464 0.49236979770 0.58950573401 0.57802886977 0.55973640041 0.72742964982 0.65203083703 0.58258147843 0.58912078311 0.56821070174 0.56264299230 0.63284012499 0.55304218758 0.68152656897 0.44919572661 0.61763449779 0.58860042064 0.66972753213 0.72830803320 0.83751791195 0.74176476157 1.02589354924 1.59155726266 -162.9652447325 0.00747845831   -2 
  48 0.00000450564 0.00085109765 -22.543161213 0.17881089497 0.00499377981 0.05324151154 0.56693182271 0.49192105103 0.58954108713 0.57819743470 0.56008442741 0.72735072750 0.65228379611 0.58272745559 0.58945301989 0.56813606802 0.56280231332 0.63272747365 0.55322138433 0.68166661659 0.44934834925 0.61781549260 0.58872111769 0.66985941616 0.72832659958 0.83778758060 0.74195118318 1.02615540659 1.59274138905 -162.9648847170 0.00459799117   -2 
  49 0.00000450564 0.00085099921 -22.543974532 0.17882358033 0.00499376508 0.05324148458 0.56699510145 0.49189672985 0.58951594174 0.57819837435 0.56008232734 0.72738758058 0.65229831411 0.58273937624 0.58948998659 0.56811656665 0.56281987735 0.63269728808 0.55324483834 0.68167807935 0.44935933098 0.61783806584 0.58871790874 0.66986242601 0.72829206170 0.83782365124 0.74195848790 1.02618298570 1.59290524173 -162.9648320806 0.00640804962   -2 
  50 0.00000450565 0.00085105147 -22.546083852 0.17887182941 0.00499370157 0.05324136136 0.56732607687 0.49186156385 0.58940592080 0.57819549160 0.56003450059 0.72760604718 0.65234990165 0.58278963510 0.58964367822 0.56803224323 0.56289545055 0.63256248073 0.55334766407 0.68172532963 0.44939855875 0.61793619955 0.58868833675 0.66986489587 0.72811375045 0.83798211871 0.74197599534 1.02629967066 1.59361291168 -162.9646507823 0.00300217326   -2 
  51 0.00000450566 0.00085099068 -22.546488894 0.17891427873 0.00499364072 0.05324123517 0.56718645571 0.49202935751 0.58939489624 0.57818045642 0.55992563742 0.72783258155 0.65235188214 0.58281809967 0.58972299097 0.56798272695 0.56294693333 0.63246861471 0.55342486451 0.68175545142 0.44940973016 0.61801040891 0.58863193535 0.66984482574 0.72792025119 0.83810498982 0.74195877728 1.02638144286 1.59407531589 -162.9645361476 0.00697946815   -2 
  52 0.00000450566 0.00085108580 -22.546239116 0.17893066630 0.00499361146 0.05324117123 0.56712828862 0.49211239379 0.58939790228 0.57817692346 0.55987572789 0.72794251624 0.65235426659 0.58283330656 0.58976113864 0.56796133601 0.56297295482 0.63242566843 0.55346344337 0.68177149342 0.44941518197 0.61804771845 0.58860421934 0.66983552923 0.72782538008 0.83816654317 0.74195056877 1.02642316801 1.59429881871 -162.9644826873 0.00104177214   -2 
  53 0.00000450568 0.00085104617 -22.543080581 0.17894478512 0.00499355012 0.05324101853 0.56723463418 0.49205281020 0.58948279265 0.57819175196 0.55985880736 0.72794517588 0.65234293765 0.58284500624 0.58976471291 0.56796880589 0.56300109323 0.63240894983 0.55351247526 0.68179500788 0.44941342671 0.61810045850 0.58855165843 0.66981750974 0.72767880272 0.83825276512 0.74192786405 1.02648443142 1.59445477415 -162.9644590879 0.00152610447   -2 
  54 0.00000450568 0.00085106567 -22.542489806 0.17894585901 0.00499354056 0.05324099373 0.56724127142 0.49204836254 0.58949290648 0.57819497945 0.55985861351 0.72794558457 0.65234261241 0.58284727440 0.58976547253 0.56797086650 0.56300546160 0.63240781753 0.55351979260 0.68179896449 0.44941338011 0.61810845157 0.58854444518 0.66981543433 0.72765841576 0.83826568116 0.74192505147 1.02649356886 1.59447624509 -162.9644564589 0.00104671178   -2 
  55 0.00000450570 0.00085105247 -22.535549626 0.17896301358 0.00499341971 0.05324068252 0.56714969109 0.49204352144 0.58954908886 0.57823009289 0.55987678569 0.72793697649 0.65234732201 0.58287266586 0.58977092390 0.56800113219 0.56305238780 0.63240743233 0.55359898430 0.68184443164 0.44941349679 0.61819716676 0.58846729686 0.66979600152 0.72744175903 0.83840800055 0.74189648995 1.02659077217 1.59468313610 -162.9644360831 0.00074878674   -2 
  56 0.00000450571 0.00085102238 -22.533366053 0.17897202307 0.00499337795 0.05324057882 0.56716186679 0.49205742531 0.58952508344 0.57822903669 0.55988387839 0.72793475128 0.65235125013 0.58287665852 0.58977179671 0.56800887101 0.56306082674 0.63241183059 0.55361450120 0.68185418525 0.44941417336 0.61821623265 0.58845227732 0.66979384427 0.72740026002 0.83843772343 0.74189217215 1.02661261800 1.59471147591 -162.9644319630 0.00197600082   -2 
  57 0.00000450573 0.00085102983 -22.527341015 0.17899367420 0.00499326732 0.05324030205 0.56720536286 0.49209826556 0.58945971866 0.57822638766 0.55990438854 0.72793214778 0.65236398295 0.58288763112 0.58977527237 0.56802979283 0.56308250270 0.63242551163 0.55365388955 0.68187986950 0.44941661452 0.61826511034 0.58841571111 0.66979000659 0.72729845615 0.83851354970 0.74188283536 1.02666921882 1.59478044616 -162.9644213222 0.00049259582   -2 
  58 0.00000450576 0.00085103310 -22.520000068 0.17902050626 0.00499313006 0.05323996029 0.56721455812 0.49211786957 0.58942223262 0.57822173792 0.55992408534 0.72794346669 0.65238335764 0.58289804019 0.58978334273 0.56805090319 0.56309975600 0.63244819982 0.55368497190 0.68190430789 0.44942240452 0.61830743671 0.58839330408 0.66979533576 0.72723317661 0.83857693925 0.74188354460 1.02672203365 1.59481879928 -162.9644177608 0.00138181129   -2 
  59 0.00000450578 0.00085100663 -22.514975136 0.17903991047 0.00499303420 0.05323972202 0.56721397019 0.49212630127 0.58940268466 0.57821850210 0.55993613581 0.72795181887 0.65239625825 0.58290467863 0.58978906401 0.56806465981 0.56311059943 0.63246396944 0.55370454953 0.68192024192 0.44942663345 0.61833467505 0.58838010088 0.66979991694 0.72719415216 0.83861749255 0.74188520175 1.02675649137 1.59484110824 -162.9644149223 0.00098565436   -2 
  60 0.00000450587 0.00085100072 -22.491391492 0.17912436284 0.00499258933 0.05323861278 0.56717673111 0.49212672236 0.58939554196 0.57821661075 0.55998163736 0.72800339308 0.65245567243 0.58293533538 0.58982140709 0.56812299458 0.56315397798 0.63253941746 0.55377915711 0.68198805197 0.44944997498 0.61844283473 0.58834438163 0.66983241451 0.72707729161 0.83877592606 0.74190741307 1.02689880389 1.59492042673 -162.9644019507 0.00165597700   -2 
  61 0.00000450591 0.00085096446 -22.479945783 0.17916641072 0.00499237097 0.05323806901 0.56715865184 0.49212199430 0.58940058678 0.57821712160 0.56000058505 0.72802748689 0.65248254360 0.58294970056 0.58983728122 0.56814983205 0.56317389427 0.63257522048 0.55381293444 0.68201970202 0.44946172308 0.61849245665 0.58833055024 0.66984946826 0.72702935270 0.83884828961 0.74192005569 1.02696496688 1.59495718929 -162.9643977815 0.00122564230   -2 
  62 0.00000450601 0.00085096153 -22.454357687 0.17925466906 0.00499188325 0.05323685072 0.56715870428 0.49209084183 0.58948252399 0.57823915999 0.56002204690 0.72807783554 0.65252911662 0.58298125130 0.58987665565 0.56819871266 0.56321124885 0.63264763998 0.55386893043 0.68208115979 0.44949190618 0.61857848275 0.58833144712 0.66989896373 0.72699947489 0.83897113071 0.74196509840 1.02709054442 1.59503786620 -162.9643831096 0.00290051492   -2 
  63 0.00000450608 0.00085089088 -22.437035818 0.17931681954 0.00499154763 0.05323601388 0.56716041058 0.49206821338 0.58954094955 0.57825556491 0.56003231651 0.72810902816 0.65255712390 0.58300196953 0.58990332985 0.56822949823 0.56323519358 0.63269471164 0.55390352469 0.68212098371 0.44951301496 0.61863248127 0.58833737197 0.66993429954 0.72699204884 0.83904775516 0.74199841836 1.02717184918 1.59509300591 -162.9643707357 0.00132113302   -2 
  64 0.00000450618 0.00085086911 -22.411519088 0.17940324349 0.00499105087 0.05323477350 0.56719662669 0.49205803683 0.58962758425 0.57829504104 0.56003694483 0.72814865861 0.65258738098 0.58303448324 0.58994607226 0.56826601853 0.56326720506 0.63275461616 0.55393976162 0.68217315097 0.44954820888 0.61869067485 0.58837558947 0.66999651198 0.72704920467 0.83912803059 0.74206333954 1.02727348209 1.59519284865 -162.9643574117 0.00210480992   -2 
  65 0.00000450618 0.00085086911 -22.411519088 0.17940324349 0.00499105087 0.05323477350 0.56719662669 0.49205803683 0.58962758425 0.57829504104 0.56003694483 0.72814865861 0.65258738098 0.58303448324 0.58994607226 0.56826601853 0.56326720506 0.63275461616 0.55393976162 0.68217315097 0.44954820888 0.61869067485 0.58837558947 0.66999651198 0.72704920467 0.83912803059 0.74206333954 1.02727348209 1.59519284865 -162.9643574117           NAN   -8 
  66 0.00000450618 0.00085083958 -22.411548304 0.17940410115 0.00499104827 0.05323476758 0.56719501975 0.49206152546 0.58962269354 0.57829564546 0.56003581159 0.72814711660 0.65258571857 0.58303456206 0.58994623770 0.56826474789 0.56326678488 0.63275306737 0.55393784266 0.68217223431 0.44954877312 0.61868778647 0.58837958584 0.66999782305 0.72705825234 0.83912369090 0.74206549605 1.02727110746 1.59519591849 -162.9643530262 0.00131106198   -2 
  67 0.00000450620 0.00085082703 -22.409984282 0.17940209923 0.00499096648 0.05323455828 0.56720961572 0.49221222105 0.58948939279 0.57834181944 0.56001600238 0.72812080702 0.65254673081 0.58305094494 0.58996446901 0.56823046340 0.56326129276 0.63270909466 0.55387770404 0.68215043031 0.44957325903 0.61859324993 0.58852775991 0.67005209320 0.72738727973 0.83898109311 0.74214979697 1.02718866835 1.59533070225 -162.9643094223 0.00099746006   -2 
  68 0.00000450620 0.00085086210 -22.409511457 0.17940251435 0.00499093898 0.05323448939 0.56720887483 0.49216814111 0.58952536405 0.57834106514 0.56001916595 0.72812567839 0.65254776298 0.58305464856 0.58996859910 0.56822671218 0.56326170897 0.63270321323 0.55386689459 0.68214795301 0.44957969585 0.61857422804 0.58856202365 0.67006509574 0.72746002033 0.83895288674 0.74217011665 1.02717548713 1.59535688315 -162.9643004791 0.00274093944   -2 
  69 0.00000450622 0.00085083334 -22.408870317 0.17940647826 0.00499088645 0.05323435999 0.56720098703 0.49208383810 0.58958940495 0.57833646371 0.56002353223 0.72813261673 0.65254859221 0.58306002939 0.58997488179 0.56821927207 0.56326172615 0.63269189258 0.55384675054 0.68214267119 0.44959110514 0.61853906445 0.58862397171 0.67008811339 0.72759165286 0.83890081657 0.74220652685 1.02715047204 1.59540131276 -162.9642853756 0.00042843670   -2 
  70 0.00000450623 0.00085081399 -22.408016111 0.17941531100 0.00499081490 0.05323418443 0.56720476787 0.49212742486 0.58957544723 0.57832488496 0.56002693657 0.72813692416 0.65255516631 0.58306019307 0.58997608935 0.56821835108 0.56326246830 0.63268858102 0.55383547454 0.68214097758 0.44960080992 0.61851569770 0.58867122798 0.67010526539 0.72768557982 0.83886719560 0.74223512886 1.02713372660 1.59541875829 -162.9642819297 0.00141659971   -2 
  71 0.00000450624 0.00085082883 -22.407430460 0.17941963986 0.00499077241 0.05323407953 0.56720870603 0.49215254266 0.58956829307 0.57831942130 0.56002952409 0.72814026791 0.65255964140 0.58306074105 0.58997719370 0.56821831400 0.56326327295 0.63268720006 0.55382936577 0.68214046995 0.44960663435 0.61850258602 0.58869882611 0.67011548933 0.72774006041 0.83884837082 0.74225201449 1.02712490640 1.59542968769 -162.9642796533 0.00025928289   -2 
  72 0.00000450625 0.00085083178 -22.406463755 0.17942170257 0.00499071782 0.05323394352 0.56720709696 0.49211705392 0.58957763767 0.57833557345 0.56003412653 0.72814677598 0.65256607222 0.58306489991 0.58998108818 0.56822435386 0.56326766788 0.63269360820 0.55383258406 0.68214602163 0.44961192187 0.61850268276 0.58871374673 0.67012311525 0.72776283799 0.83884912577 0.74226370262 1.02713812743 1.59543921022 -162.9642782150 0.00042765355   -2 
  73 0.00000450625 0.00085082601 -22.406340630 0.17942227426 0.00499070979 0.05323392376 0.56720660845 0.49211380232 0.58957834787 0.57833716010 0.56003453435 0.72814734723 0.65256672751 0.58306535473 0.58998152257 0.56822509417 0.56326820261 0.63269441230 0.55383301411 0.68214671996 0.44961260978 0.61850272747 0.58871564100 0.67012408048 0.72776566478 0.83884928747 0.74226519562 1.02713954714 1.59544024028 -162.9642780508 0.00018373700   -2 
  74 0.00000450637 0.00085078099 -22.396975174 0.17946118808 0.00499014235 0.05323251303 0.56722039620 0.49215561230 0.58958587234 0.57838237535 0.56005286185 0.72817146469 0.65259977525 0.58309377822 0.59000932756 0.56827124973 0.56330323398 0.63274671811 0.55386639805 0.68219346651 0.44965609074 0.61851708802 0.58882346458 0.67018327249 0.72791692683 0.83887788134 0.74235448554 1.02723456368 1.59550212719 -162.9642737506 0.00129191863   -2 
  75 0.00000450640 0.00085078876 -22.394744731 0.17946982697 0.00499000994 0.05323218327 0.56722482246 0.49216501627 0.58958874907 0.57839222533 0.56005760440 0.72817779144 0.65260770734 0.58310063412 0.59001606379 0.56828190870 0.56331149177 0.63275882854 0.55387430448 0.68220444557 0.44966614961 0.61852085577 0.58884794744 0.67019700911 0.72795109706 0.83888507360 0.74237500684 1.02725661452 1.59551771147 -162.9642722618 0.00028166729   -2 
  76 0.00000450643 0.00085079178 -22.392728291 0.17947846515 0.00498988849 0.05323188120 0.56722809228 0.49216757058 0.58959405733 0.57839527180 0.56006250249 0.72818463311 0.65261426234 0.58310674684 0.59002230308 0.56828999973 0.56331854024 0.63276829592 0.55388135587 0.68221377954 0.44967440225 0.61852574541 0.58886598531 0.67020833495 0.72797539513 0.83889329841 0.74239121944 1.02727421477 1.59553537361 -162.9642718988 0.00071549641   -2 
  77 0.00000450643 0.00085079178 -22.392728291 0.17947846515 0.00498988849 0.05323188120 0.56722809228 0.49216757058 0.58959405733 0.57839527180 0.56006250249 0.72818463311 0.65261426234 0.58310674684 0.59002230308 0.56828999973 0.56331854024 0.63276829592 0.55388135587 0.68221377954 0.44967440225 0.61852574541 0.58886598531 0.67020833495 0.72797539513 0.83889329841 0.74239121944 1.02727421477 1.59553537361 -162.9642718988 0.00071549641   -5 
  78 0.00000450643 0.00085078295 -22.392719573 0.17947899814 0.00498988639 0.05323187636 0.56722735305 0.49216613163 0.58959434333 0.57839395015 0.56006253158 0.72818473138 0.65261406428 0.58310669581 0.59002231734 0.56828967557 0.56331846312 0.63276799975 0.55388136451 0.68221368505 0.44967428140 0.61852608866 0.58886522774 0.67020817091 0.72797413901 0.83889370606 0.74239083144 1.02727391962 1.59553616570 -162.9642714726 0.00030201263   -2 
  79 0.00000450643 0.00085078295 -22.392719573 0.17947899814 0.00498988639 0.05323187636 0.56722735305 0.49216613163 0.58959434333 0.57839395015 0.56006253158 0.72818473138 0.65261406428 0.58310669581 0.59002231734 0.56828967557 0.56331846312 0.63276799975 0.55388136451 0.68221368505 0.44967428140 0.61852608866 0.58886522774 0.67020817091 0.72797413901 0.83889370606 0.74239083144 1.02727391962 1.59553616570 -162.9642714726           NAN   -8 
  80 0.00000450643 0.00085079143 -22.392557733 0.17947985479 0.00498987735 0.05323185402 0.56722734802 0.49216151847 0.58959708711 0.57838937753 0.56006355021 0.72818638199 0.65261406428 0.58310710091 0.59002295009 0.56828871408 0.56331854952 0.63276717502 0.55388175417 0.68221374440 0.44967394660 0.61852796993 0.58886214398 0.67020780693 0.72796892379 0.83889598738 0.74238951500 1.02727249864 1.59554109139 -162.9642711026 0.00057002489   -2 
  81 0.00000450643 0.00085079143 -22.392557733 0.17947985479 0.00498987735 0.05323185402 0.56722734802 0.49216151847 0.58959708711 0.57838937753 0.56006355021 0.72818638199 0.65261406428 0.58310710091 0.59002295009 0.56828871408 0.56331854952 0.63276717502 0.55388175417 0.68221374440 0.44967394660 0.61852796993 0.58886214398 0.67020780693 0.72796892379 0.83889598738 0.74238951500 1.02727249864 1.59554109139 -162.9642711026           NAN   -8 
  82 0.00000450643 0.00085078491 -22.392543902 0.17948027731 0.00498987539 0.05323184953 0.56722677058 0.49216054140 0.58959724302 0.57838838326 0.56006356843 0.72818645330 0.65261390813 0.58310706593 0.59002297107 0.56828844418 0.56331849093 0.63276692961 0.55388176917 0.68221367574 0.44967384398 0.61852827916 0.58886148016 0.67020766999 0.72796782394 0.83889635020 0.74238917570 1.02727227672 1.59554187185 -162.9642708272 0.00024446985   -2 
  83 0.00000450643 0.00085078491 -22.392543902 0.17948027731 0.00498987539 0.05323184953 0.56722677058 0.49216054140 0.58959724302 0.57838838326 0.56006356843 0.72818645330 0.65261390813 0.58310706593 0.59002297107 0.56828844418 0.56331849093 0.63276692961 0.55388176917 0.68221367574 0.44967384398 0.61852827916 0.58886148016 0.67020766999 0.72796782394 0.83889635020 0.74238917570 1.02727227672 1.59554187185 -162.9642708272 0.00024446985   -5 
  84 0.00000450643 0.00085078491 -22.392543902 0.17948027731 0.00498987539 0.05323184953 0.56722677058 0.49216054140 0.58959724302 0.57838838326 0.56006356843 0.72818645330 0.65261390813 0.58310706593 0.59002297107 0.56828844418 0.56331849093 0.63276692961 0.55388176917 0.68221367574 0.44967384398 0.61852827916 0.58886148016 0.67020766999 0.72796782394 0.83889635020 0.74238917570 1.02727227672 1.59554187185 -162.9642708272 0.00024446985   -8 
  85 0.00000450643 0.00085078491 -22.392543902 0.17948027731 0.00498987539 0.05323184953 0.56722677058 0.49216054140 0.58959724302 0.57838838326 0.56006356843 0.72818645330 0.65261390813 0.58310706593 0.59002297107 0.56828844418 0.56331849093 0.63276692961 0.55388176917 0.68221367574 0.44967384398 0.61852827916 0.58886148016 0.67020766999 0.72796782394 0.83889635020 0.74238917570 1.02727227672 1.59554187185 -162.9642708272 0.00024446985   -8 
-- Local optimization: reached maximum number of likelihood evaluations allowed.
-- Found new optimum with likelihood -162.964270827213880 and gradient 0.00024

---- Best joint likelihood found -162.964270827213880 with gradient 0.00024

---- Results for /scratch/40841507/tmpv3ato8hu 
--  Model: C
--        eps_an     theta_bar             a 
-- 0.00000450643 0.00085078491            -1 
--           S_d             b           p_b           S_b 
-- -22.392543902 0.17948027731 0.00498987539 0.05323184953 
--           r 2           r 3           r 4           r 5           r 6           r 7           r 8           r 9          r 10          r 11          r 12          r 13          r 14          r 15          r 16          r 17          r 18          r 19          r 20          r 21          r 22          r 23          r 24 
-- 0.56722677058 0.49216054140 0.58959724302 0.57838838326 0.56006356843 0.72818645330 0.65261390813 0.58310706593 0.59002297107 0.56828844418 0.56331849093 0.63276692961 0.55388176917 0.68221367574 0.44967384398 0.61852827916 0.58886148016 0.67020766999 0.72796782394 0.83889635020 0.74238917570 1.02727227672 1.59554187185 

---- Expected P_neut(i), 0 < i < n (neutral SFS per site) 
E[P_neut(1)] = 0.0008507813
E[P_neut(2)] = 0.0002412931
E[P_neut(3)] = 0.0001395738
E[P_neut(4)] = 0.0001254047
E[P_neut(5)] = 0.0000984165
E[P_neut(6)] = 0.0000794154
E[P_neut(7)] = 0.0000885040
E[P_neut(8)] = 0.0000694041
E[P_neut(9)] = 0.0000551219
E[P_neut(10)] = 0.0000501982
E[P_neut(11)] = 0.0000439537
E[P_neut(12)] = 0.0000399386
E[P_neut(13)] = 0.0000414114
E[P_neut(14)] = 0.0000336596
E[P_neut(15)] = 0.0000386945
E[P_neut(16)] = 0.0000239111
E[P_neut(17)] = 0.0000309551
E[P_neut(18)] = 0.0000278333
E[P_neut(19)] = 0.0000300109
E[P_neut(20)] = 0.0000309675
E[P_neut(21)] = 0.0000339871
E[P_neut(22)] = 0.0000287102
E[P_neut(23)] = 0.0000380004
E[P_neut(24)] = 0.0000565645

---- Expected P_sel(i), 0 < i < n (selected SFS per site) 
E[P_sel(1)] = 0.0006677674
E[P_sel(2)] = 0.0001684226
E[P_sel(3)] = 0.0000908102
E[P_sel(4)] = 0.0000777286
E[P_sel(5)] = 0.0000588120
E[P_sel(6)] = 0.0000460943
E[P_sel(7)] = 0.0000501436
E[P_sel(8)] = 0.0000385206
E[P_sel(9)] = 0.0000300500
E[P_sel(10)] = 0.0000269348
E[P_sel(11)] = 0.0000232509
E[P_sel(12)] = 0.0000208562
E[P_sel(13)] = 0.0000213715
E[P_sel(14)] = 0.0000171832
E[P_sel(15)] = 0.0000195555
E[P_sel(16)] = 0.0000119713
E[P_sel(17)] = 0.0000153622
E[P_sel(18)] = 0.0000136991
E[P_sel(19)] = 0.0000146560
E[P_sel(20)] = 0.0000150117
E[P_sel(21)] = 0.0000163601
E[P_sel(22)] = 0.0000137278
E[P_sel(23)] = 0.0000180543
E[P_sel(24)] = 0.0000267113

---- alpha_dfe = 0.010979

