---- Running command
---- ./polyDFE -d /scratch/38996041/tmpusofwr_i -m C -i /scratch/38996041/tmp6pgfdcfv 1 -v 1 
---- Performing inference using model C

---- Performing inference on /scratch/38996041/tmpusofwr_i
----      with -i /scratch/38996041/tmp6pgfdcfv 1
---- Data /scratch/38996041/tmpusofwr_i does not contain divergence counts. Using option -w.
---- No mutation variability. Using Poisson likelihood.


---- Using provided initial values

-- Starting local optimization
-- Optimizing all parameters
  it     theta_bar           S_d             b           r 2           r 3           r 4           r 5           r 6           r 7           r 8           r 9          r 10          r 11          r 12          r 13          r 14          r 15          r 16          r 17          r 18          r 19           ln lk          grad status 
   0   0.003173891 -107.30439999     0.3296192     0.9469638     0.9230956     0.9466103     0.9502794     0.8771146     0.9116737     0.9146468     0.9159601     0.9612144     0.8649103      0.980338     0.9128444     0.9628696     0.9582216      1.012621      1.209005      1.301762      1.559119 -257.8462566595 1.72233956517   -2 
   1 0.00320042182 -107.11902471 0.32892015480 0.95523687591 0.92435589595 0.94487325105 0.95407712619 0.88031979002 0.91152683855 0.91472019911 0.91942689734 0.96067921744 0.86091078302      0.980338 0.90976483539 0.96348254428 0.95784000399 1.01421562358 1.21100879869 1.30032336059 1.55673961254 -256.3984053671 2.02439199470   -2 
   2 0.00316547471 -107.01107368 0.33261716997 1.00700978416 0.92919140780 0.92875117583 0.98047181155 0.90316670410 0.90876280751 0.91385585070 0.94515493311 0.95535978724 0.82973378016 0.97930785660 0.88546265084 0.96738835903 0.95411971960 1.02583206842 1.22558073452 1.28816354640 1.53707689588 -249.2772175604 1.00777029544   -2 
   3 0.00312457500 -106.28372724 0.33170161354 1.01887916982 0.93985924632 0.92105837300 1.01193356132 0.93247663597 0.90863987530 0.91550304120 0.98024850876 0.95099922210 0.79229210363 0.97994054707 0.85566627914 0.97422296162 0.95062817869 1.04317629083 1.24722656070 1.27410288604 1.51386735774 -245.9183414108 1.50982135486   -2 
   4 0.00313908658 -105.90231181 0.33050376567 1.01829663405 0.94384410410 0.92079340997 1.02140626790 0.94180939758 0.90927279311 0.91658584272 0.99199567450 0.95009329324 0.78069271665 0.98055271352 0.84628997644 0.97683166093 0.94976393343 1.04935048127 1.25490202726 1.26985764793 1.50675489072 -245.0058915937 1.15564150073   -2 
   5 0.00312532072 -105.48137334 0.33103051684 0.99907674827 0.94958644902 0.92548031968 1.03411030713 0.95693469450 0.91164148856 0.91953927123 1.01407385892 0.94928193303 0.75909662501 0.98242116754 0.82838097966 0.98258452426 0.94850413424 1.06242698004 1.27102599972 1.26202483640 1.49351660025 -243.4430920695 0.72388693913   -2 
   6  0.0031393734 -105.33691315 0.33115634699 0.99463744452 0.94982309769 0.92828279497 1.03394424560 0.95822333595 0.91264768065 0.92052459531 1.01755887822 0.94965243761 0.75553953578 0.98314378694 0.82524580561 0.98400101500 0.94853013048 1.06533607771 1.27454668587 1.26086817951 1.49146790091 -243.1918407013 0.70667444520   -2 
   7 0.00314318926 -105.18300584 0.33351427910 0.98311887430 0.94742299990 0.93648835938 1.02816708584 0.95749272601 0.91531832877 0.92299034519 1.02334185114 0.95104977573 0.74843633858 0.98508355472 0.81859064973 0.98744043955 0.94884207193 1.07224666303 1.28277918486 1.25861283977 1.48741396770 -242.7020428981 0.45818300701   -2 
   8 0.00315554159 -104.89461396 0.33389463754 0.98208536684 0.94480665051 0.94100307553 1.02190449568 0.95436392827 0.91697107177 0.92443924744 1.02427699325 0.95230794219 0.74591257670 0.98638056924 0.81582139219 0.98939504988 0.94930427089 1.07596849590 1.28708830991 1.25795782140 1.48611697694 -242.5002669634 0.70758230904   -2 
   9 0.00315082824 -104.41131283 0.33522853286 0.98181906077 0.93901602857 0.94827820135 1.00894576630 0.94707040955 0.91977313921 0.92687721486 1.02457035618 0.95466463490 0.74186829567 0.98871232277 0.81106993681 0.99289113221 0.95018406187 1.08267213482 1.29475508331 1.25688465883 1.48399931568 -242.1612804462 0.34410968700   -2 
  10 0.00315272010 -103.95340891 0.33459069915 0.98540447626 0.93741211194 0.94915460185 1.00341928788 0.94270400823 0.92077451474 0.92776554222 1.02291239460 0.95592069651 0.74108994211 0.98982281950 0.80958088498 0.99443474860 0.95076559581 1.08556282094 1.29791726059 1.25680373979 1.48371016368 -242.0348201622 0.45520704548   -2 
  11 0.00314398740 -103.64533078 0.33444335124 0.98796668180 0.93651426796 0.94879503103 0.99976234863 0.93935389396 0.92128325378 0.92823043983 1.02114985246 0.95678536626 0.74082454829 0.99056007774 0.80869549843 0.99546125246 0.95119128835 1.08750946559 1.29998763404 1.25681595265 1.48364294438 -241.9521202235 0.19689133624   -2 
  12 0.00314458944 -103.17523661 0.33425409968 0.99058373960 0.93801892652 0.94536991674 0.99833269532 0.93572615861 0.92136440586 0.92837844244 1.01739746672 0.95785718710 0.74186567960 0.99138359917 0.80859272562 0.99649420689 0.95189030172 1.08938865024 1.30177065474 1.25736246168 1.48444240875 -241.8786111851 0.29712464710   -2 
  13 0.00313956611 -102.87157001 0.33455203892 0.99161421111 0.93920799712 0.94256843415 0.99776023484 0.93323478453 0.92128636296 0.92837389756 1.01444482174 0.95859283225 0.74281581318 0.99193644404 0.80865110434 0.99718529789 0.95240671634 1.09065592986 1.30291939334 1.25781552367 1.48512677794 -241.8367527163 0.20247657534   -2 
  14 0.00314455096 -102.35183252 0.33534984901 0.99088548895 0.94166650353 0.93825083918 0.99896127166 0.93041190965 0.92097314234 0.92822088082 1.00946871691 0.95975976475 0.74505374675 0.99280212572 0.80929923176 0.99820110405 0.95336465169 1.09244215982 1.30439286846 1.25887751880 1.48674891464 -241.7781364874 0.23779495575   -2 
  15 0.00314265330 -102.15693106 0.33592882646 0.98983102063 0.94235428015 0.93676145080 0.99979932821 0.92960715816 0.92076075462 0.92808479167 1.00747594809 0.96017298781 0.74609165655 0.99310698412 0.80967259663 0.99855618635 0.95375679451 1.09306817009 1.30485668563 1.25935431466 1.48748602047 -241.7557661692 0.16166489555   -2 
  16 0.00314706770 -101.72736810 0.33670648912 0.98697661631 0.94271862115 0.93564423565 1.00253463128 0.92956260242 0.92031486989 0.92777593379 1.00440460310 0.96079529095 0.74831811822 0.99358216474 0.81071599098 0.99907343042 0.95451334029 1.09392079260 1.30534843313 1.26041257895 1.48911286923 -241.7220200807 0.15669659108   -2 
  17 0.00314472443 -101.53389583 0.33707100817 0.98584844443 0.94227001976 0.93578876222 1.00375783640 0.93002624536 0.92006896340 0.92758602067 1.00339433008 0.96094894737 0.74932587350 0.99370765686 0.81126202804 0.99920528950 0.95481557489 1.09412890747 1.30537623431 1.26088816315 1.48984726662 -241.7078399709 0.17717492347   -2 
  18 0.00314575978 -100.85946707 0.33753307990 0.98394218931 0.94031747512 0.93756735397 1.00739591024 0.93236397626 0.91940689011 0.92705711002 1.00122186041 0.96127132771 0.75237617530 0.99400473824 0.81307212516 0.99949030875 0.95570693085 1.09450894045 1.30520999004 1.26238189878 1.49213289969 -241.6694227787 0.14333302585   -2 
  19 0.00314147871 -100.49710244 0.33793296222 0.98426304522 0.93916354842 0.93893189918 1.00871129435 0.93391092566 0.91909543275 0.92678661692 1.00068796231 0.96130318898 0.75391349482 0.99407225159 0.81408794202 0.99953363225 0.95613333145 1.09452408089 1.30493756244 1.26316337309 1.49331796546 -241.6515298894 0.20399439107   -2 
  20 0.00314070093 -99.835473320 0.33838774964 0.98613508106 0.93763768904 0.94155428473 1.01048554217 0.93674956866 0.91873040698 0.92644986344 1.00038116370 0.96133027232 0.75644454140 0.99418584166 0.81586226816 0.99959106129 0.95685828961 1.09446958496 1.30442554626 1.26452296033 1.49535051201 -241.6220686331 0.12482959506   -2 
  21 0.00313630379 -99.410046568 0.33909971763 0.98813935225 0.93774081449 0.94310252904 1.01056677978 0.93855178634 0.91878166762 0.92644908906 1.00114526416 0.96130544833 0.75787736547 0.99425772110 0.81705153063 0.99960550539 0.95731923932 1.09431535229 1.30403834522 1.26543486501 1.49665992450 -241.6038861808 0.19145055480   -2 
  22 0.00313650334 -98.944084157 0.33970485376 0.99035191726 0.93850245185 0.94462011953 1.01036433529 0.94036297051 0.91904253471 0.92662051877 1.00236943770 0.96133502423 0.75925295694 0.99439013246 0.81828934014 0.99966499927 0.95782011530 1.09416900030 1.30370219271 1.26641598450 1.49803422378 -241.5840472450 0.11487258635   -2 
  23 0.00313139955 -98.072675435 0.34109943875 0.99261819495 0.94164659550 0.94658720484 1.00910193829 0.94318424370 0.92019945818 0.92751367032 1.00596894076 0.96159571812 0.76138588372 0.99484521864 0.82057520264 0.99995094344 0.95883078847 1.09397268459 1.30334199194 1.26835364509 1.50062611458 -241.5568734551 0.16791313577   -2 
  24 0.00313251063 -97.701922354 0.34145092513 0.99289582874 0.94314774687 0.94713892601 1.00866596416 0.94410522518 0.92088567057 0.92807833285 1.00768591762 0.96183108801 0.76210268721 0.99514345267 0.82146278421 1.00017954619 0.95928283567 1.09398977170 1.30336851547 1.26917682542 1.50168657782 -241.5435500317 0.16185729491   -2 
  25 0.00312716758 -96.794393357 0.34248634067 0.99143974665 0.94679048569 0.94766737570 1.00772306472 0.94569293578 0.92303772257 0.92991796982 1.01250617517 0.96269890788 0.76350929429 0.99613889198 0.82357570715 1.00098203466 0.96050338844 1.09424826921 1.30383208044 1.27131258606 1.50433958369 -241.5112560858 0.11037945501   -2 
  26 0.00312848207 -96.511256655 0.34268021690 0.99079956228 0.94724841762 0.94748112333 1.00789321531 0.94574143076 0.92388332057 0.93070067030 1.01402268755 0.96317729860 0.76369684369 0.99662692781 0.82411274706 1.00139875844 0.96094248399 1.09452958405 1.30429575552 1.27200357386 1.50513752517 -241.5021478365 0.15520261638   -2 
  27 0.00312511081 -95.774152129 0.34357107311 0.98873825722 0.94738035912 0.94643846135 1.00878873795 0.94525529383 0.92632975103 0.93303929292 1.01814254526 0.96470211828 0.76388996055 0.99815439818 0.82543646327 1.00272666931 0.96220947687 1.09552382345 1.30593067881 1.27392316764 1.50727874770 -241.4770732324 0.10722472828   -2 
  28 0.00312661300 -95.256856506 0.34424443518 0.98875505531 0.94643850503 0.94565064906 1.00995720371 0.94447200336 0.92798455900 0.93474050749 1.02062513234 0.96598320749 0.76371061872 0.99942188723 0.82616910057 1.00386984338 0.96316784582 1.09651037334 1.30750591455 1.27527940849 1.50871350253 -241.4623706621 0.17169071500   -2 
  29 0.00312385510 -94.776036986 0.34512571177 0.98913691257 0.94516484318 0.94488354521 1.01117602051 0.94355392954 0.92947927185 0.93634298807 1.02278466670 0.96726768944 0.76340908338 1.00069957381 0.82678974928 1.00504143690 0.96411033550 1.09756461637 1.30917645843 1.27657916593 1.51005480278 -241.4489869150 0.08931385133   -2 
  30 0.00312480246 -94.578869669 0.34534968103 0.99046857450 0.94465099662 0.94507910280 1.01181709988 0.94318599237 0.92969808975 0.93674759526 1.02285120219 0.96782386210 0.76308836536 1.00127271232 0.82682322769 1.00562123118 0.96449804818 1.09820251285 1.31012218104 1.27703014598 1.51045850865 -241.4408004095 0.12025586480   -2 
  31 0.00312221377 -94.359736831 0.34573288372 0.99205503151 0.94408220196 0.94547064158 1.01256012319 0.94275620364 0.92977938090 0.93710679150 1.02259157402 0.96848253432 0.76262494797 1.00196457448 0.82677228268 1.00634745189 0.96495852846 1.09904204130 1.31134842440 1.27753231669 1.51087691074 -241.4330188251 0.06276325769   -2 
  32 0.00312184171 -94.084011424 0.34579684833 0.99272557637 0.94484071760 0.94696900943 1.01341136656 0.94283092765 0.92927890367 0.93708147844 1.02101229336 0.96927545870 0.76191976220 1.00284721389 0.82641287232 1.00738304504 0.96554538177 1.10041029873 1.31322392030 1.27804810130 1.51122470377 -241.4229433627 0.14279331504   -2 
  33 0.00311852751 -93.854350748 0.34601044384 0.99297708798 0.94558542497 0.94831294775 1.01410941655 0.94295621591 0.92876412531 0.93699872261 1.01946650946 0.96997478145 0.76126841168 1.00363843262 0.82605250411 1.00832925720 0.96607520174 1.10168144519 1.31495340994 1.27849905153 1.51151554215 -241.4145315780 0.04982736915   -2 
  34 0.00311987282 -93.729766644 0.34640327587 0.99207413594 0.94643740691 0.94893713849 1.01432587369 0.94354970992 0.92846284070 0.93686511709 1.01836059153 0.97039938473 0.76094325426  1.0041594526 0.82577400758 1.00901314469 0.96647223977 1.10267120478 1.31621551384 1.27881846034 1.51174087769 -241.4094904583 0.04329760080   -2 
  35 0.00311946452 -93.719004391 0.34647130201 0.99193408272 0.94648963191 0.94892912110 1.01430363218 0.94365290409 0.92843964972 0.93684165413 1.01824985665 0.97043262062 0.76092315160 1.00420821654 0.82574050185 1.00908723662 0.96651724895 1.10278784817 1.31635441345 1.27885241021 1.51176646509 -241.4089777556 0.02312952194   -2 
  36 0.00312028690 -93.645004823 0.34662773194 0.99136355861 0.94638487271 0.94812662114 1.01379459609 0.94464780252 0.92853620629 0.93670224906 1.01795544485 0.97047978102 0.76105246697 1.00438295179 0.82558420888 1.00945685120 0.96677927627 1.10346390863 1.31705114390 1.27904556342 1.51195701261 -241.4071050415 0.02108848360   -2 
  37 0.00311982797 -93.633919022 0.34663349209 0.99140486428 0.94630712302 0.94799934411 1.01370770282 0.94475261619 0.92855922500 0.93667917123 1.01795419011 0.97046215705 0.76109084903 1.00438550767 0.82556478756 1.00949119471 0.96680852325 1.10354447613 1.31712000578 1.27906428446 1.51197874878 -241.4068535711 0.02507979842   -2 
  38 0.00311966411 -93.598582929 0.34657973923 0.99166889900 0.94610125376 0.94771489842 1.01350909075 0.94498152927 0.92863648396 0.93663042350 1.01800259618 0.97040348969 0.76121092925 1.00437708940 0.82552440945 1.00956488349 0.96687882077 1.10373558076 1.31726903965 1.27910969634 1.51203685436 -241.4063078807 0.00675315605   -2 
  39 0.00311947720 -93.581728647 0.34660782608 0.99183382973 0.94601256546 0.94765952056 1.01343935451 0.94501006965 0.92869647809 0.93660751603 1.01810894271 0.97033296418 0.76132213179 1.00433750264 0.82550798225 1.00958105011 0.96691173741 1.10382961440 1.31731075510 1.27912737689 1.51206945741 -241.4062173382 0.01139455733   -2 
  40 0.00311961948 -93.572299364 0.34661876697 0.99189895591 0.94598940965 0.94765738745 1.01342043783 0.94501175616 0.92873011207 0.93660021588 1.01817425124 0.97029589705 0.76138426881 1.00431502601 0.82550229974 1.00958680137 0.96692836071 1.10387527980 1.31732692702 1.27913690593 1.51208797386 -241.4061667178 0.00876857408   -2 
  41 0.00311955158 -93.525587167 0.34674201145 0.99198111266 0.94597413670 0.94777634825 1.01340045376 0.94492586628 0.92891250316 0.93657630973 1.01857925068 0.97008067223 0.76174981065 1.00416940256 0.82548232330 1.00959716179 0.96701245343 1.10410397683 1.31737541449 1.27918430624 1.51219081853 -241.4059469780 0.01070439084   -2 
  42 0.00311968694 -93.505448857 0.34675783292 0.99194485530 0.94601122489 0.94784209759 1.01342585664 0.94489341688 0.92897246792 0.93658012903 1.01871792905 0.97001833490 0.76187701898 1.00412526215 0.82548188810 1.00960133769 0.96704311878 1.10417984419 1.31738977052 1.27920495773 1.51223228366 -241.4058689831 0.01358227956   -2 
  43 0.00311938236 -93.468306157 0.34679044068 0.99180292267 0.94610109156 0.94796809069 1.01349491198 0.94482900756 0.92907007859 0.93659567519 1.01895776475 0.96991691921 0.76210438396 1.00404898564 0.82548617956 1.00960711476 0.96709826710 1.10431092836 1.31741044038 1.27924419410 1.51231001044 -241.4057347201 0.00473711725   -2 
  44 0.00311939632 -93.457669503 0.34678465425 0.99178659331 0.94614496115 0.94798849301 1.01354633926 0.94483131296 0.92906882793 0.93661951489 1.01896909368 0.96993320240 0.76213139079 1.00405345323 0.82549918798 1.00961158469 0.96710995566 1.10432412480 1.31741285257 1.27925931020 1.51233287950 -241.4057092745 0.00833027067   -2 
  45 0.00311908717 -93.433991402 0.34678941079 0.99174874787 0.94624375207 0.94802489461 1.01367501627 0.94484182237 0.92905235281 0.93668263965 1.01897285392 0.96998831589 0.76218230200 1.00407468594 0.82553477954 1.00962216421 0.96713617989 1.10434619115 1.31741598909 1.27929667994 1.51238773546 -241.4056571869 0.00580930978   -2 
  46 0.00311914205 -93.393688725 0.34686495303 0.99184228993 0.94636566852 0.94806390844 1.01390366837 0.94490606974 0.92899823148 0.93682698337 1.01890850458 0.97016039505 0.76222552177 1.00416222618 0.82562415833 1.00965433022 0.96718666902 1.10436077672 1.31742889398 1.27938216083 1.51250269980 -241.4055464115 0.01220727929   -2 
  47 0.00311895254 -93.369977590 0.34692189409 0.99189537560 0.94642283708 0.94808338651 1.01403084859 0.94494724098 0.92896594283 0.93691423187 1.01886595867 0.97026852418 0.76224772329 1.00421934511 0.82568020232 1.00967524655 0.96721777014 1.10436816389 1.31743817297 1.27943567189 1.51257380457 -241.4054920130 0.00434244349   -2 
  48 0.00311877696 -93.301921573 0.34700199231 0.99203770211 0.94630920087 0.94814088432 1.01409285354 0.94512255299 0.92898431754 0.93711448796 1.01878605381 0.97057835208 0.76224724179 1.00443036678 0.82584936879 1.00977682296 0.96731838250 1.10439286839 1.31752766421 1.27961183628 1.51278890259 -241.4053887898 0.00720370539   -2 
  49 0.00311865696 -93.294644180 0.34701417603 0.99203047325 0.94629744578 0.94814658725 1.01408591204 0.94514068423 0.92899290624 0.93713183098 1.01878287705 0.97060943253 0.76224532570 1.00445530492 0.82586839064 1.00979057420 0.96733064868 1.10439708172 1.31754163116 1.27963297350 1.51281383536 -241.4053726269 0.00522437216   -2 
  50 0.00311862087 -93.255145946 0.34704851019 0.99188604295 0.94629465552 0.94818886546 1.01397504263 0.94522513817 0.92909415088 0.93718435281 1.01882355474 0.97073620167 0.76222846058 1.00459182120 0.82596459217 1.00988009377 0.96740257092 1.10443546832 1.31764662306 1.27975234626 1.51294887133 -241.4052976438 0.00328788401   -2 
  51 0.00311855373 -93.242767388 0.34707576208 0.99186485833 0.94631036046 0.94819485341 1.01392756534  0.9452379162 0.92913870358 0.93718316710 1.01885612534 0.97075807202 0.76222092289 1.00463468778 0.82599360348 1.00991475261 0.96742847622 1.10445412011 1.31769161601 1.27979369187 1.51299331970 -241.4052840662 0.00623669162   -2 
  52 0.00311863489 -93.222289205 0.34711410076 0.99186111765 0.94634633644 0.94820390281 1.01385631204 0.94525235362 0.92921391358 0.93717430344 1.01891727561 0.97078324232 0.76220948414 1.00470042954 0.82603794125 1.00997205011 0.96747071612 1.10448734413 1.31776790991 1.27986001511 1.51306373426 -241.4052610873 0.00335268100   -2 
  53 0.00311850777 -93.204445781 0.34714522280 0.99191899429 0.94637918132 0.94820240256 1.01382532434 0.94524395246 0.92927541863 0.93714872714 1.01898556313 0.97077566286 0.76220200737 1.00474340484 0.82606785545 1.01002226423 0.96750675371 1.10452304943 1.31784019999 1.27991385332 1.51311828617 -241.4052427479 0.00536886058   -2 
  54 0.00311852166 -93.192373192 0.34715718172 0.99196369436 0.94640158994 0.94820381210 1.01381869938 0.94523725910 0.92931295573 0.93713168128 1.01903176274 0.97076627579 0.76219909631 1.00476803553 0.82608522941 1.01005438390 0.96752987983 1.10454787655 1.31788747618 1.27994757608 1.51315214281 -241.4052311062 0.00283365822   -2 
  55 0.00311835241 -93.175839572 0.34716687737 0.99200848248 0.94642135234 0.94821165147 1.01386372470 0.94522254116 0.92935068763 0.93710666661 1.01909983906 0.97073530063 0.76220241132 1.00478705257 0.82610118408 1.01009626451 0.96756079255 1.10458868835 1.31795419875 1.27998954363 1.51319282292 -241.4052181714 0.00345417273   -2 
  56 0.00311835946 -93.169297208 0.34716858736 0.99201857641 0.94642831789 0.94821879388 1.01389378139 0.94521876564 0.92936212385 0.93709939818 1.01912666883 0.97072146050 0.76220625160 1.00479208918 0.82610602301 1.01011249859 0.96757299275 1.10460648677 1.31798059324 1.28000533009 1.51320806577 -241.4052130876 0.00287048875   -2 
  57 0.00311826739 -93.155103214 0.34718621769 0.99200100529 0.94643496479 0.94824417341 1.01399752908 0.94521468226 0.92937642154 0.93708910377 1.01918923463 0.97068194078 0.76222323307 1.00479509211 0.82611268604 1.01015002741 0.96760248120 1.10465501880 1.31804463883 1.28004089437 1.51324195976 -241.4051996596 0.00235689703   -2 
  58 0.00311829389 -93.150360525 0.34719314535 0.99199517677 0.94643712570 0.94825483094 1.01403453233 0.94521646555 0.92937875549 0.93708915842 1.01920887568 0.97066949156 0.76223113406 1.00479475078 0.82611421908 1.01016228624 0.96761263980 1.10467269562 1.31806610322 1.28005260480 1.51325326104 -241.4051967822 0.00197595429   -2 
  59 0.00311828579 -93.145782648 0.34720719810 0.99198365307 0.94643653120 0.94826760985 1.01407474062 0.94522295896 0.92937608669 0.93709468032 1.01922624209 0.97065719586 0.76224317144 1.00479147727 0.82611435529 1.01017443385 0.96762373676 1.10469377456 1.31808865353 1.28006441752 1.51326477602 -241.4051940024 0.00120948285   -2 
  60 0.00311831779 -93.144182691 0.34721227814 0.99198414414 0.94643560050 0.94827293238 1.01408394548 0.94523130207 0.92937042689 0.93710394644 1.01922682214 0.97065659251 0.76225131221 1.00478819440 0.82611311632 1.01017727006 0.96762757753 1.10470278134 1.31809498023 1.28006752666 1.51326820052 -241.4051927591 0.00177154259   -2 
  61 0.00311830961 -93.141308023 0.34722450365 0.99198710237 0.94643160389 0.94828213898 1.01409491201 0.94525166723 0.92935513949 0.93712756636 1.01922304453 0.97065824697 0.76227036092 1.00477958259 0.82610937830 1.01018149955 0.96763478868 1.10472151903 1.31810561694 1.28007243403 1.51327400499 -241.4051902553 0.00133655077   -2 
  62 0.00311832016 -93.137025605 0.34722921691 0.99199374779 0.94643006645 0.94829197350 1.01409719988 0.94528027623 0.92933513579 0.93716221772 1.01921305387 0.97066629127 0.76229668428 1.00476826696 0.82610415847 1.01018465761 0.96764307953 1.10474468252 1.31811570131 1.28007720011 1.51328055605 -241.4051875962 0.00200598261   -2 
  63 0.00311827507 -93.133425255 0.34723293742 0.99199813298 0.94642918672 0.94829843824 1.01409558333 0.94530402756 0.92931832319 0.93719213610 1.01920300214 0.97067456096 0.76231958630 1.00475882252 0.82609952422 1.01018672019 0.96764987104 1.10476420826 1.31812328368 1.28008080459 1.51328582456 -241.4051856402 0.00096866425   -2 
  64 0.00311826627 -93.131504315 0.34723030336 0.99199989092 0.94643289890 0.94829899671 1.01409025483 0.94531207454 0.92931450825 0.93720464418 1.01919766752 0.97068137345 0.76232992896 1.00475619980 0.82609790307 1.01018700761 0.96765267972 1.10477216805 1.31812516720 1.28008216567 1.51328835868 -241.4051848080 0.00096993699   -2 
  65 0.00311824242 -93.130616589 0.34722950145 0.99200074579 0.94643587934 0.94829809453 1.01408573840 0.94531464599 0.92931393636 0.93721032895 1.01919451416 0.97068599212 0.76233517815 1.00475532508 0.82609719048 1.01018686189 0.96765395794 1.10477588293 1.31812544412 1.28008267877 1.51328961423 -241.4051844397 0.00053347166   -2 
  66 0.00311824403 -93.129391285 0.34722889157 0.99200183567 0.94644683657 0.94829247112 1.01407398409 0.94531170377 0.92932140873 0.93721542895 1.01918924337 0.97069881844 0.76234297233 1.00475748036 0.82609723817 1.01018590174 0.96765543322 1.10477994362 1.31812314225 1.28008325250 1.51329213625 -241.4051838338 0.00103367976   -2 
  67 0.00311823114 -93.128765418 0.34722983777 0.99199992600 0.94645324124 0.94828849308 1.01406590987 0.94530881895 0.92932705049 0.93721794250 1.01918582814 0.97070749090 0.76234778135 1.00475919937 0.82609738889 1.01018504283 0.96765627072 1.10478221389 1.31812122041 1.28008351123 1.51329372680 -241.4051834848 0.00046460581   -2 
  68 0.00311824476 -93.128255827 0.34723308365 0.99199871581 0.94645645912 0.94828497783 1.01405649895 0.94530305883 0.92933652231 0.93721811132 1.01918276495 0.97071901329 0.76235262070 1.00476251130 0.82609829441 1.01018383685 0.96765712525 1.10478388672 1.31811793530 1.28008383434 1.51329595796 -241.4051831486 0.00036584761   -2 
  69 0.00311824049 -93.128205133 0.34723415087 0.99200032602 0.94645450450 0.94828473291 1.01405613326 0.94530102748 0.92933928864 0.93721689204 1.01918264799 0.97072170176 0.76235313154 1.00476368942 0.82609879131 1.01018343569 0.96765714453 1.10478369372 1.31811677759 1.28008386563 1.51329651246 -241.4051830686 0.00047040106   -2 
  70 0.00311825244 -93.127997032 0.34723487988 0.99200306292 0.94644952222 0.94828538126 1.01405722971 0.94529712708 0.92934498588 0.93721366503 1.01918347433 0.97072669145 0.76235356096 1.00476606667 0.82610008240 1.01018288684 0.96765719299 1.10478291983 1.31811447471 1.28008404419 1.51329774627 -241.4051829112 0.00046943916   -2 
  71 0.00311825138 -93.127866445 0.34723546531 0.99200497354 0.94644543721 0.94828608552 1.01405850193 0.94529422641 0.92934906304 0.93721091396 1.01918426110 0.97073017396 0.76235366239 1.00476828139 0.82610110713 1.01018254724 0.96765714891 1.10478215548 1.31811266112 1.28008414699 1.51329863513 -241.4051828545 0.00042797246   -2 
  72 0.00311824507 -93.127844025 0.34723539997 0.99200361673 0.94644488835 0.94828632035 1.01405924606 0.94529390034 0.92934951343 0.93721024644 1.01918461547 0.97073049399 0.76235349561 1.00476872670 0.82610133422 1.01018243107 0.96765711695 1.10478188495 1.31811231509 1.28008415781 1.51329877136 -241.4051828001 0.00035227873   -2 
  73 0.00311824507 -93.127844025 0.34723539997 0.99200361673 0.94644488835 0.94828632035 1.01405924606 0.94529390034 0.92934951343 0.93721024644 1.01918461547 0.97073049399 0.76235349561 1.00476872670 0.82610133422 1.01018243107 0.96765711695 1.10478188495 1.31811231509 1.28008415781 1.51329877136 -241.4051828001 0.00035227873   -5 
  74 0.00311824917 -93.127787366 0.34723490011 0.99200270519 0.94644508008 0.94828675167 1.01405991340 0.94529402526 0.92934957253 0.93720995055 1.01918488626 0.97073046375 0.76235333744 1.00476911540 0.82610148181 1.01018243107 0.96765711695 1.10478173445 1.31811222132 1.28008420338 1.51329886706 -241.4051827562 0.00029290225   -2 
  75 0.00311824146 -93.127684485 0.34723390148 0.99199832427 0.94644563369 0.94828825179 1.01406235253 0.94529422118 0.92934955039 0.93720839285 1.01918590436 0.97073027488 0.76235249005 1.00477042419 0.82610207317 1.01018229913 0.96765703851 1.10478086667 1.31811160266 1.28008427155 1.51329913598 -241.4051826704 0.00016142401   -2 
  76 0.00311824146 -93.127684485 0.34723390148 0.99199832427 0.94644563369 0.94828825179 1.01406235253 0.94529422118 0.92934955039 0.93720839285 1.01918590436 0.97073027488 0.76235249005 1.00477042419 0.82610207317 1.01018229913 0.96765703851 1.10478086667 1.31811160266 1.28008427155 1.51329913598 -241.4051826704 0.00016142401   -5 
  77 0.00311824410 -93.127677180 0.34723389624 0.99199832427 0.94644574289 0.94828830848 1.01406258053 0.94529424786 0.92934951000 0.93720817454 1.01918611466 0.97073024904 0.76235235492 1.00477059017 0.82610217124 1.01018222081 0.96765703851 1.10478073380 1.31811150652 1.28008428517 1.51329918081 -241.4051826616 0.00013052167   -2 
  78 0.00311824803 -93.127727602 0.34723505270 0.99199832427 0.94644633278 0.94828885536 1.01406671541 0.94529427874 0.92934903466 0.93720509319 1.01918742920 0.97072967084 0.76235041932 1.00477289572 0.82610343689 1.01018179774 0.96765674205 1.10477874264 1.31810998975 1.28008432572 1.51329961329 -241.4051826165 0.00018651539   -2 
  79 0.00311824803 -93.127727602 0.34723505270 0.99199832427 0.94644633278 0.94828885536 1.01406671541 0.94529427874 0.92934903466 0.93720509319 1.01918742920 0.97072967084 0.76235041932 1.00477289572 0.82610343689 1.01018179774 0.96765674205 1.10477874264 1.31810998975 1.28008432572 1.51329961329 -241.4051826165 0.00018651539   -5 
  80 0.00311824803 -93.127727602 0.34723505270 0.99199832427 0.94644633278 0.94828885536 1.01406671541 0.94529427874 0.92934903466 0.93720509319 1.01918742920 0.97072967084 0.76235041932 1.00477289572 0.82610343689 1.01018179774 0.96765674205 1.10477874264 1.31810998975 1.28008432572 1.51329961329 -241.4051826165 0.00018651539   -5 
  81 0.00311824803 -93.127727602 0.34723505270 0.99199832427 0.94644633278 0.94828885536 1.01406671541 0.94529427874 0.92934903466 0.93720509319 1.01918742920 0.97072967084 0.76235041932 1.00477289572 0.82610343689 1.01018179774 0.96765674205 1.10477874264 1.31810998975 1.28008432572 1.51329961329 -241.4051826165 0.00018651539   -3 
-- Local optimization: stuck in the same solution
-- Found new optimum with likelihood -241.405182616524542 and gradient 0.00019

---- Best joint likelihood found -241.405182616524542 with gradient 0.00019

---- Results for /scratch/38996041/tmpusofwr_i 
--  Model: C
--        eps_an     theta_bar             a 
--             0 0.00311824803            -1 
--           S_d             b           p_b           S_b 
-- -93.127727602 0.34723505270             0             1 
--           r 2           r 3           r 4           r 5           r 6           r 7           r 8           r 9          r 10          r 11          r 12          r 13          r 14          r 15          r 16          r 17          r 18          r 19 
-- 0.99199832427 0.94644633278 0.94828885536 1.01406671541 0.94529427874 0.92934903466 0.93720509319 1.01918742920 0.97072967084 0.76235041932 1.00477289572 0.82610343689 1.01018179774 0.96765674205 1.10477874264 1.31810998975 1.28008432572 1.51329961329 

---- Expected P_neut(i), 0 < i < n (neutral SFS per site) 
E[P_neut(1)] = 0.0031182480
E[P_neut(2)] = 0.0015466484
E[P_neut(3)] = 0.0009837515
E[P_neut(4)] = 0.0007392500
E[P_neut(5)] = 0.0006324223
E[P_neut(6)] = 0.0004912770
E[P_neut(7)] = 0.0004139915
E[P_neut(8)] = 0.0003653047
E[P_neut(9)] = 0.0003531199
E[P_neut(10)] = 0.0003026976
E[P_neut(11)] = 0.0002161089
E[P_neut(12)] = 0.0002610943
E[P_neut(13)] = 0.0001981535
E[P_neut(14)] = 0.0002249998
E[P_neut(15)] = 0.0002011596
E[P_neut(16)] = 0.0002153109
E[P_neut(17)] = 0.0002417761
E[P_neut(18)] = 0.0002217567
E[P_neut(19)] = 0.0002483602

---- Expected P_sel(i), 0 < i < n (selected SFS per site) 
E[P_sel(1)] = 0.0015485862
E[P_sel(2)] = 0.0005741171
E[P_sel(3)] = 0.0003120832
E[P_sel(4)] = 0.0002115833
E[P_sel(5)] = 0.0001678591
E[P_sel(6)] = 0.0001229076
E[P_sel(7)] = 0.0000986696
E[P_sel(8)] = 0.0000835659
E[P_sel(9)] = 0.0000779594
E[P_sel(10)] = 0.0000647677
E[P_sel(11)] = 0.0000449645
E[P_sel(12)] = 0.0000529675
E[P_sel(13)] = 0.0000392817
E[P_sel(14)] = 0.0000436668
E[P_sel(15)] = 0.0000382803
E[P_sel(16)] = 0.0000402303
E[P_sel(17)] = 0.0000444084
E[P_sel(18)] = 0.0000400811
E[P_sel(19)] = 0.0000442131

---- alpha_dfe = 0.000000

