---- Running command
---- ./polyDFE -d /scratch/40841794/tmpdjxb0i06 -m C -i /scratch/40841794/tmp1jjy2yyy 1 -v 1 
---- Performing inference using model C

---- Performing inference on /scratch/40841794/tmpdjxb0i06
----      with -i /scratch/40841794/tmp1jjy2yyy 1
---- Data /scratch/40841794/tmpdjxb0i06 does not contain divergence counts. Using option -w.
---- No mutation variability. Using Poisson likelihood.


---- Using provided initial values

-- Starting local optimization
-- Optimizing all parameters
  it        eps_an     theta_bar           S_d             b           p_b           S_b           r 2           r 3           r 4           r 5           r 6           r 7           r 8           r 9          r 10          r 11          r 12          r 13          r 14          r 15          r 16          r 17          r 18          r 19          r 20          r 21          r 22          r 23          r 24          r 25          r 26          r 27          r 28          r 29          r 30          r 31          r 32          r 33          r 34          r 35          r 36          r 37          r 38          r 39           ln lk          grad status 
   0 0.00000450288   0.001050261 -26.884510000     0.1464485   0.004419742    0.05627203     0.4932568     0.4490162      0.411058     0.4293708     0.4059378     0.3950674     0.4836194     0.4412304     0.4459431     0.5171633     0.4880109      0.499798     0.5114526     0.4705895     0.3840001     0.3914661     0.4942643     0.4410675     0.4295933     0.3836019     0.3386893     0.4566943     0.4425798     0.4623484      0.424307     0.4116725     0.4906384     0.4335386     0.4045893     0.5819833     0.4816641     0.5724359     0.5396078     0.5300813       0.62822     0.8578236      0.810246      2.052769 -270.6143914868 0.63933823087   -2 
   1 0.00000450288 0.00103361722 -26.880547330 0.14794684168 0.00441937122 0.05627184673 0.48793384277 0.43648484801 0.41143803373 0.42157097704 0.41462216624 0.39470284688 0.48581418961 0.44406132951 0.44391120419 0.51253076735 0.48978066459 0.49441148996 0.50504288877 0.48008307887 0.38364511953 0.38858433441 0.49292590307 0.44308750772 0.42645578935 0.38716597018 0.34090985695 0.45379097781 0.44096526132 0.46024968368 0.42586645026 0.40752845608 0.48621979771 0.43473068413 0.40384481426 0.57992157150 0.48428966871 0.56686390626 0.54299911416 0.52960593763 0.63098515504 0.85639050245 0.81642702937 2.04629369545 -268.5789206504 1.57206374683   -2 
   2 0.00000450288 0.00106985941 -26.617947308 0.15298559033 0.00441827215 0.05627113775 0.46997122594 0.38681908756 0.41458972018 0.38880318886 0.45783874294 0.39375518485 0.49701691667 0.45811736505 0.43522228599 0.49228742633 0.49872329920 0.47063672937 0.47673288822 0.52731162627 0.38228163226 0.37564709426 0.48713363398 0.45298200962 0.41233503440 0.40452494553 0.35168509618 0.44069445082 0.43372105008 0.45079081348 0.43347168156 0.38879699299 0.46625042202 0.44056832413 0.40053423501 0.57066746067 0.49701820232 0.54168581281 0.55944311341 0.52761955147 0.64443263248 0.85025681040 0.84646275182 2.01855969217 -260.2664818660 0.44890738612   -2 
   3 0.00000450289 0.00105283865 -26.155856297 0.15747603054 0.00441740421 0.05627036392 0.48135987067 0.39550095499 0.40946782714 0.37443217435 0.47528487509 0.39075353235 0.50066535134 0.46602560800 0.42678805311 0.47527890367 0.50421791602 0.44974127585 0.45182273814 0.57147255955 0.38017576071 0.36251575229 0.48061281605 0.46209507772 0.39783369806 0.42258833608 0.36302020254 0.42695881959 0.42572241635 0.44054049903 0.44112439429 0.36920356281 0.44547437142 0.44643738652 0.39659479825 0.56044313464 0.51048782940 0.51551709286 0.57688351537 0.52497865925 0.65820215099 0.84289611114 0.87725498747 1.98966177052 -257.1099775462 1.35850751660   -2 
   4 0.00000450289 0.00106970880 -25.809899790 0.15949020569 0.00441709248 0.05626995687 0.48892274970 0.40264492133 0.40689176564 0.36746841496 0.48473508357 0.38922053839 0.50283200315 0.47067502775 0.42217652205 0.46598675285 0.50754489560 0.43817988560 0.43804577421 0.59881598356 0.37901501244 0.35503073012 0.47692700110 0.46764447516 0.38954232348 0.43373993104 0.36999276641 0.41906546638 0.42109894719 0.43461736647 0.44580982131 0.35799798618 0.43357610189 0.45003728972 0.39430300349 0.55452907657 0.51876269336 0.50054989046 0.58761106939 0.52347684441 0.66663639142 0.83871798508 0.89615880319 1.97363885088 -255.2817709785 0.35368148057   -2 
   5 0.00000450291 0.00106128330 -24.971948469 0.15904963413 0.00441761716 0.05626972903 0.47669032970 0.42771070995 0.40616992052 0.37774054958 0.47062202410 0.38844146397 0.50129992281 0.47171382032 0.41920763476 0.46032392013 0.51001245737 0.42776566235 0.42462930460 0.62610483026 0.37766150743 0.34515015315 0.47265669026 0.47533025071 0.37818234644 0.45058705946 0.38114801203 0.40788646160 0.41445878055 0.42605560770 0.45334550910 0.34079526264 0.41587352306 0.45603122485 0.39077599687 0.54601577711 0.53237508022 0.47806193071 0.60508221770 0.52138545806 0.68023198708 0.83345098274 0.92482904336 1.96034672991 -253.3213528868 0.40921596240   -2 
   6 0.00000450291 0.00106702749 -24.868503350 0.15878226036 0.00441773378 0.05626972840 0.47652300546 0.42897121766 0.40637881237 0.37932750933 0.46870726931 0.38850358324 0.50105653244 0.47157599924 0.41919136706 0.46028856087 0.51013338034 0.42724671489 0.42385845384 0.62763645532 0.37758063378 0.34436130721 0.47237404582 0.47598402331 0.37724354863 0.45209069015 0.38219290966 0.40693756058 0.41389388428 0.42531995665 0.45405902595 0.33922736665 0.41429985638 0.45661377709 0.39045990635 0.54528863921 0.53367661391 0.47604535282 0.60673820838 0.52121713695 0.68151574558 0.83306385866 0.92740089605 1.95986835169 -253.1595654731 0.29945110164   -2 
   7 0.00000450294 0.00105747229 -23.845959041 0.15630600169 0.00441887914 0.05626978350 0.48143729210 0.42247934096 0.40968187699 0.40079557518 0.44240409680 0.38974388346 0.49610666391 0.46624286572 0.42147276333 0.46521268777 0.50894401781 0.42714576941 0.42164903054 0.62773824119 0.37696308185 0.33797877591 0.47053457733 0.48092406278 0.36924362929 0.46514643552 0.39200121221 0.39851675079 0.40876051698 0.41861758236 0.46073605112 0.32411423981 0.39956974232 0.46223728922 0.38732362954 0.53864177380 0.54625985197 0.45697879006 0.62257328084 0.51959097430 0.69357125517 0.82987921427 0.94985720058 1.96181889694 -251.9031302296 0.15585534694   -2 
   8 0.00000450294 0.00106104208 -23.764408302 0.15624100080 0.00441894125 0.05626977402 0.48161768338 0.42100085798 0.40979534078 0.40107292480 0.44194554375 0.38989009969 0.49582307343 0.46568011747 0.42189772196 0.46609950075 0.50862403315 0.42783655376 0.42229001535 0.62575926279 0.37696610083 0.33780561654 0.47058296754 0.48098242730 0.36893981495 0.46561561918 0.39251807570 0.39813033670 0.40850886981 0.41828061326 0.46109419278 0.32313038502 0.39870964800 0.46257645916 0.38711585993 0.53830478053 0.54700054332 0.45581794201 0.62346287098 0.51949393358 0.69421494073 0.82978723076 0.95069881073 1.96282070042 -251.8424810264 0.25267988407   -2 
   9 0.00000450296 0.00106021114 -23.138868901 0.15657564432 0.00441922906 0.05626962182 0.48108667673 0.40709032633 0.40995725891 0.40090536063 0.43988150641 0.39091053770 0.49320613356 0.46045215220 0.42563987620 0.47414812779 0.50534104008 0.43458202936 0.42879445325 0.60617943283 0.37695622411 0.33670135149 0.47112203594 0.48086946100 0.36671443643 0.46871011052 0.39650860745 0.39513156528 0.40648829369 0.41558418424 0.46383402644 0.31500652217 0.39172777049 0.46525688820 0.38533364674 0.53557813943 0.55290687104 0.44633333283 0.63047253562 0.51861978839 0.69915970482 0.82902952064 0.95634024080 1.97177084429 -251.4252516257 0.17285864501   -2 
  10 0.00000450296 0.00105726574 -23.114865230 0.15674596270 0.00441920286 0.05626959800 0.48068854149 0.40742358765 0.40977414218 0.40042601700 0.44017804432 0.39086840961 0.49311457254 0.46025279573 0.42574071458 0.47441747914 0.50514032418 0.43493453698 0.42918644454 0.60509637511 0.37694398341 0.33671900386 0.47115735601 0.48074877388 0.36668234730 0.46866095528 0.39659314604 0.39505181856 0.40642013692 0.41549528407 0.46388763104 0.31466500789 0.39146790098 0.46533017982 0.38524814893 0.53548204085 0.55307709787 0.44596308803 0.63065452226 0.51856899365 0.69926129133 0.82899538880 0.95627544019 1.97209691505 -251.3890436547 0.17167350676   -2 
  11 0.00000450297 0.00105952496 -22.745066978 0.15876184361 0.00441894365 0.05626926985 0.47642465519 0.41798619895 0.40728537369 0.39259292380 0.44666149300 0.39023106589 0.49270207403 0.45847161130 0.42687129856 0.47746519517 0.50275961872 0.43977159283 0.43479614347 0.59124293323 0.37687728482 0.33745667797 0.47186191810 0.47879069976 0.36681483279 0.46710040462 0.39716703096 0.39452357067 0.40584030067 0.41471974867 0.46425595183 0.31069500941 0.38870564530 0.46606057174 0.38425364005 0.53461744085 0.55472590016 0.44187102789 0.63224599030 0.51800279478 0.69997677255 0.82885750490 0.95391097794 1.97673759624 -251.0604001447 0.06821708817   -2 
  12 0.00000450298 0.00106002556 -22.540276672 0.15972550612 0.00441884302 0.05626912489 0.48149987380 0.41604339213 0.40736513065 0.39154730102 0.44839044539 0.38990321277 0.49313281673 0.45875225702 0.42685477311 0.47762211971 0.50231345539 0.44132726018 0.43693396289 0.58771036726 0.37691180692 0.33817620721 0.47230222953 0.47773318593 0.36734230573 0.46569690251 0.39693637081 0.39474730544 0.40586608702 0.41472787554 0.46412303629 0.30929784075 0.38803201464 0.46618304386 0.38391780038 0.53460287410 0.55493515924 0.44068503818 0.63224429625 0.51785283943 0.69976708142 0.82910844836 0.95172613962 1.97863426930 -250.9955529357 0.10941444088   -2 
  13 0.00000450298 0.00105841174 -22.501166252 0.15992937605 0.00441881991 0.05626909744 0.48200299351 0.41563144933 0.40739529553 0.39142601537 0.44864770787 0.38984398687 0.49321947392 0.45882507331 0.42684084300 0.47762522275 0.50224661553 0.44160378098 0.43732671355 0.58712082959 0.37692067169 0.33832333756 0.47238973576 0.47753050969 0.36745486916 0.46541572984 0.39688262927 0.39480147311 0.40587833935 0.41473825460 0.46409250494 0.30903395149 0.38791406731 0.46620385075 0.38385566646 0.53460988421 0.55496625837 0.44046911647 0.63223112543 0.51782758163 0.69971821516 0.82916725250 0.95128975289 1.97899977372 -250.9854360153 0.05883326316   -2 
  14 0.00000450300 0.00105895876 -21.829994418 0.16198002759 0.00441877586 0.05626881407 0.47731310530 0.41104404659 0.40919393887 0.39271269290 0.45081644039 0.38966970659 0.49520165780 0.46087381093 0.42679265689 0.47742608353 0.50232228974 0.44517330675 0.44260639959 0.58188214578 0.37731375930 0.34078709819 0.47397388952 0.47499262959 0.36949752132 0.46141502078 0.39604223213 0.39602169067 0.40640561304 0.41527991595 0.46371869041 0.30551232250 0.38668150787 0.46659420840 0.38315592844 0.53517810922 0.55537368086 0.43787449592 0.63195840801 0.51773806155 0.69909403733 0.83066515429 0.94522148706 1.98569212441 -250.8949893001 0.05481409454   -2 
  15 0.00000450300 0.00105947297 -21.862672334 0.16178685517 0.00441880125 0.05626885056 0.47905490407 0.41322746531 0.40850606595 0.39260778302 0.44989200390 0.38974142942 0.49475574451 0.46053351471 0.42679343682 0.47740480120 0.50242314760 0.44454223767 0.44175261382 0.58315906479 0.37729583306 0.34053965906 0.47380533746 0.47537038491 0.36932394782 0.46190486882 0.39612985991 0.39595099679 0.40639969533 0.41527909565 0.46377512731 0.30587388091 0.38686898107 0.46657380966 0.38325408139 0.53519026232 0.55533762251 0.43819805791 0.63199338822 0.51779414925 0.69919274728 0.83060559895 0.94600559854 1.98497102875 -250.8784887500 0.08502033097   -2 
  16 0.00000450300 0.00105812901 -21.867899758 0.16176047951 0.00441880537 0.05626886169 0.47961694825 0.41410480162 0.40820708972 0.39257510648 0.44947782789 0.38976670942 0.49456866013 0.46040077865 0.42678720773 0.47738339664 0.50246957578 0.44429523030 0.44142980193 0.58368715341 0.37729260657 0.34046487539 0.47375019902 0.47550493182 0.36927775788 0.46206584560 0.39615427871 0.39593958344 0.40640631336 0.41528868104 0.46379350317 0.30598261282 0.38693724833 0.46656968180 0.38328797955 0.53520652404 0.55532516177 0.43830666663 0.63200197404 0.51781899970 0.69922601950 0.83060302979 0.94626919511 1.98472957990 -250.8718707342 0.03118485107   -2 
  17 0.00000450301 0.00105829349 -21.756589263 0.16186224031 0.00441886289 0.05626888699 0.47979443900 0.41637908195 0.40761146256 0.39286233802 0.44821478159 0.38997009597 0.49422702566 0.46027338378 0.42683752685 0.47733619425 0.50282434685 0.44379130105 0.44085233575 0.58548892908 0.37739619400 0.34058229736 0.47382824453 0.47577877157 0.36946406150 0.46219136567 0.39615378421 0.39615077915 0.40657858270 0.41547999304 0.46385655695 0.30590817745 0.38709459325 0.46665716082 0.38335901345 0.53544816033 0.55537820122 0.43842043047 0.63204321735 0.51797087900 0.69933894076 0.83095975220 0.94658442781 1.98509498267 -250.8605006194 0.06186207336   -2 
  18 0.00000450301 0.00105718183 -21.709147910 0.16194353294 0.00441887903 0.05626889456 0.47971994321 0.41704555949 0.40741451806 0.39297246429 0.44775889178 0.39004402547 0.49410600756 0.46023373075 0.42685464571 0.47731379409 0.50296229696 0.44360925632 0.44064994922 0.58617259416 0.37743941004 0.34064333882 0.47386747514 0.47587408177 0.36955105222 0.46221881981 0.39614806269 0.39624353907 0.40665151595 0.41556088158 0.46387944540 0.30585773079 0.38715213781 0.46669453285 0.38338399129 0.53554970990 0.55540130085 0.43845255271 0.63205748213 0.51803226762 0.69938050326 0.83111237726 0.94667680535 1.98527386068 -250.8564633822 0.03895448211   -2 
  19 0.00000450303 0.00105691757 -21.175228935 0.16288562424 0.00441905837 0.05626896436 0.47808753215 0.41871807486 0.40692403834 0.39414827181 0.44502388106 0.39078954778 0.49361656808 0.46030690538 0.42713910666 0.47725967869 0.50433390432 0.44244396738 0.43943332949 0.59190895172 0.37795104432 0.34150453921 0.47447812501 0.47661963967 0.37062398927 0.46218864773 0.39607312169 0.39730009843 0.40745545004 0.41644382567 0.46412963397 0.30508276055 0.38764441724 0.46714922971 0.38360452181 0.53665113859 0.55573441377 0.43858131853 0.63225840535 0.51867998644 0.69982364827 0.83283862480 0.94716015341 1.98810569209 -250.8258221608 0.08860977707   -2 
  20 0.00000450304 0.00105501612 -20.962187122 0.16335355406 0.00441911289 0.05626898694 0.47755725258 0.41895464195 0.40678812766 0.39454660469 0.44409707952 0.39105389309 0.49344826940 0.46034183776 0.42724328409 0.47723575349 0.50485256407 0.44201230084 0.43898725519 0.59408741105 0.37815428510 0.34185756172 0.47472529845 0.47690209764 0.37106129253 0.46215965464 0.39604008519 0.39772873898 0.40778017876 0.41680063638 0.46422892025 0.30475632284 0.38783825016 0.46733430389 0.38369132871 0.53709640485 0.55587110732 0.43862358312 0.63233966719 0.51894172303 0.70000060210 0.83353605120 0.94732994197 1.98925015954 -250.8158436030 0.07423086884   -2 
  21 0.00000450311 0.00105385877 -19.778697556 0.16633815891 0.00441936729 0.05626908913 0.47736776202 0.41681381566 0.40696894259 0.39617404589 0.44108595888 0.39230341569 0.49306419831 0.46076402340 0.42785701532 0.47726113396 0.50748905464 0.44015047647 0.43708508286 0.60473339207 0.37930374401 0.34388247145 0.47617331101 0.47837448050 0.37353878263 0.46194582635 0.39589811588 0.40014455505 0.40961344632 0.41881145289 0.46482678588 0.30288425165 0.38890382197 0.46842290062 0.38419081124 0.53961133284 0.55671795287 0.43882294420 0.63288254860 0.52044148251 0.70106125201 0.83748695295 0.94822098237 1.99603380916 -250.7606032584 0.11680005376   -2 
  22 0.00000450311 0.00105155830 -19.616614296 0.16690985215 0.00441937263 0.05626909656 0.47750146157 0.41624659409 0.40703853814 0.39623142864 0.44099703531 0.39240190092 0.49306735323 0.46082716556 0.42792778202 0.47727622649 0.50777548900 0.43997453038 0.43690626762 0.60587544092 0.37945733504 0.34416027048 0.47637175478 0.47855866634 0.37387889523 0.46191415364 0.39588559724 0.40047773502 0.40986776924 0.41909045259 0.46491613381 0.30261973691 0.38905152899 0.46858162987 0.38426418451 0.53996248174 0.55684787639 0.43884983608 0.63297281859 0.52065702448 0.70122128261 0.83803589874 0.94834792382 1.99698274417 -250.7464036179 0.09222160955   -2 
  23 0.00000450317 0.00105224782 -18.693011085 0.17090421097 0.00441928107 0.05626911912 0.48081407323 0.41189891830 0.40825337812 0.39523483513 0.44410675086 0.39242433605 0.49397754054 0.46146326649 0.42836563735 0.47770957818 0.50871326754 0.44003447281 0.43695865973 0.60865289311 0.38031000245 0.34566392329 0.47752983892 0.47946986221 0.37570698832 0.46185597727 0.39597805209 0.40228971732 0.41128842921 0.42064169700 0.46555004475 0.30121382691 0.38989755558 0.46958461461 0.38475362476 0.54194166412 0.55776907663 0.43905899375 0.63373335216 0.52196046707 0.70234841275 0.84113118310 0.94931364842 2.00283787631 -250.6601529761 0.15822980385   -2 
  24 0.00000450319 0.00104940166 -18.384565715 0.17244980730 0.00441922058 0.05626912446 0.48149367374 0.41058464766 0.40863299956 0.39477879319 0.44539271051 0.39236761086 0.49433981733 0.46168853735 0.42850921235 0.47788396980 0.50895312239 0.44015982538 0.43708324832 0.60920792132 0.38059839304 0.34616936901 0.47792732332 0.47976917606 0.37632271905 0.46185411145 0.39602995049 0.40290455846 0.41177570016 0.42117322385 0.46578462189 0.30074379930 0.39019273533 0.46994367405 0.38493309647 0.54262430395 0.55811010373 0.43914180222 0.63402772639 0.52242242263 0.70276673213 0.84219831719 0.94968680993 2.00490240132 -250.6336298201 0.09101933743   -2 
  25 0.00000450330 0.00104901695 -16.813827259 0.18134070268 0.00441884479 0.05626921711 0.47917671747 0.40903607832 0.41052011907 0.39192064423 0.45474157923 0.39172836077 0.49733620327 0.46336218370 0.42951965053 0.47953649921 0.50947429921 0.44254147129 0.43946173614 0.60699768838 0.38216255024 0.34865607923 0.48016012250 0.48133791019 0.37934088228 0.46235032246 0.39674307418 0.40599186782 0.41433742642 0.42394582026 0.46738132457 0.29866985520 0.39185500596 0.47210658256 0.38610691824 0.54625608044 0.56037308934 0.43985672130 0.63622744987 0.52509792415 0.70559136248 0.84793157840 0.95264771460 2.01744086576 -250.5088742905 0.12214059315   -2 
  26 0.00000450332 0.00104677707 -16.611550957 0.18262690584 0.00441878771 0.05626924204 0.47855881339 0.40926991444 0.41060713395 0.39162380615 0.45578925632 0.39164517834 0.49773785115 0.46359856860 0.42967245852 0.47980357661 0.50951097618 0.44297447752 0.43989820315 0.60641468053 0.38237846967 0.34897134947 0.48047318574 0.48155977289 0.37972472628 0.46247581105 0.39688537336 0.40639428591 0.41468466297 0.42431954021 0.46763617341 0.29843846875 0.39209532266 0.47242848772 0.38629254731 0.54675426378 0.56072881989 0.43998973405 0.63659471356 0.52548852741 0.70604239769 0.84872595125 0.95316815464 2.01930906386 -250.4924387253 0.09576866661   -2 
  27 0.00000450339 0.00104629824 -15.803654299 0.18761832117 0.00441864803 0.05626945496 0.47562085926 0.41334780195 0.41015322546 0.39135710943 0.45842802063 0.39153941945 0.49946377174 0.46475626946 0.43051808683 0.48128155243 0.50962391304 0.44548515354 0.44244154590 0.60258960296 0.38332570401 0.35012054894 0.48186992275 0.48259303612 0.38112024373 0.46343610551 0.39780414593 0.40792455574 0.41610631239 0.42583136846 0.46895951973 0.29787685493 0.39318621785 0.47394568276 0.38724042135 0.54882591544 0.56252835640 0.44080218416 0.63858756327 0.52727275890 0.70837190471 0.85210145711 0.95617616126 2.02830609393 -250.4247178491 0.07607785070   -2 
  28 0.00000450341 0.00104424411 -15.543112845 0.18929549960 0.00441861088 0.05626955759 0.47508621030 0.41479718898 0.40980562218 0.39150131668 0.45870339511 0.39156868198 0.49997545537 0.46515207370 0.43083894084 0.48183739080 0.50967344259 0.44645952968 0.44343775444 0.60111861509 0.38365752403 0.35046720861 0.48236308302 0.48297524590 0.38154198254 0.46387500015 0.39820009559 0.40840803550 0.41658453613 0.42633542526 0.46947804527 0.29779476376 0.39358418980 0.47450920107 0.38761161045 0.54953282584 0.56322458044 0.44115144232 0.63938740674 0.52792480865 0.70928429486 0.85327202070 0.95742174722 2.03164233882 -250.4132764364 0.08989599359   -2 
  29 0.00000450345 0.00104427769 -15.139582664 0.19176415020 0.00441860218 0.05626977821 0.47537418992 0.41702117035 0.40910852048 0.39215642664 0.45823353997 0.39177443025 0.50071270510 0.46582431551 0.43143590726 0.48283264954 0.50983178131 0.44819649233 0.44522552883 0.59866733931 0.38421812711 0.35096165451 0.48319842731 0.48365738900 0.38214126358 0.46476890314 0.39897409025 0.40912982204 0.41734830165 0.42713239397 0.47042479990 0.29784769693 0.39426958981 0.47549245426 0.38828827739 0.55067507163 0.56447976510 0.44183472171 0.64087035291 0.52904524032 0.71094580936 0.85519741112 0.95978997014 2.03748846122 -250.3901106443 0.09426866050   -2 
  30 0.00000450349 0.00104130421 -14.776979340 0.19406609387 0.00441860265 0.05627002310 0.47614113472 0.41860760096 0.40838460772 0.39297591323 0.45718757024 0.39205083929 0.50129402545 0.46644417300 0.43202816892 0.48380209327 0.51002862489 0.44990768832 0.44700047566 0.59638126920 0.38475955813 0.35138260276 0.48400615500 0.48434149835 0.38265157635 0.46573407697 0.39979488809 0.40977232160 0.41806471187 0.42787487495 0.47139330128 0.29802441673 0.39494870590 0.47647292588 0.38898298781 0.55175735492 0.56575631538 0.44256488285 0.64240283265 0.53015399212 0.71264533432 0.85704270027 0.96226696825 2.04326878017 -250.3715187547 0.07847709334   -2 
  31 0.00000450352 0.00104109912 -14.460029651 0.19596701647 0.00441864715 0.05627030431 0.47750333545 0.41916297638 0.40787704684 0.39398995405 0.45566660607 0.39246588969 0.50172736385 0.46703067000 0.43263950060 0.48474542631 0.51034440458 0.45153770738 0.44870928874 0.59455117479 0.38528945103 0.35172307955 0.48479243722 0.48504732522 0.38306011530 0.46679140895 0.40067457158 0.41032158486 0.41872598830 0.42855285399 0.47238984173 0.29836827872 0.39562231711 0.47744939007 0.38970142631 0.55276681440 0.56705706948 0.44335843564 0.64399338559 0.53124649834 0.71438922534 0.85879460554 0.96487714902 2.04897047696 -250.3541960303 0.09000059188   -2 
  32 0.00000450356 0.00103839802 -14.194790129 0.19761464257 0.00441869179 0.05627058678 0.47864608633 0.41893029068 0.40754057540 0.39495828062 0.45404568104 0.39290576607 0.50201040562 0.46752842106 0.43319893305 0.48557928217 0.51069867725 0.45297763888 0.45023562436 0.59315677216 0.38577257851 0.35199162203 0.48550631104 0.48571398342 0.38338056187 0.46782792385 0.40152915029 0.41077908974 0.41931069715 0.42914795744 0.47333635939 0.29879051373 0.39624993819 0.47835993709 0.39038898404 0.55366752520 0.56828711155 0.44414033755 0.64551370344 0.53226030287 0.71604463250 0.86037488902 0.96738829154 2.05418878234 -250.3393872964 0.07099889547   -2 
  33 0.00000450359 0.00103866700 -13.972403767 0.19889205254 0.00441876765 0.05627089634 0.47939293492 0.41780415080 0.40759244008 0.39589549793 0.45247075281 0.39344075746 0.50217618533 0.46797637431 0.43375024041 0.48633455270 0.51118304335 0.45422892505 0.45158757635 0.59242827780 0.38624029674 0.35219722861 0.48618816638 0.48639302734 0.38361909031 0.46891186264 0.40241203555 0.41115630518 0.41984200208 0.42968188700 0.47428619577 0.29935733179 0.39686543746 0.47924999473 0.39108752670 0.55449405775 0.56951118414 0.44496818494 0.64704763365 0.53324381229 0.71770006663 0.86185134507 0.96994288288 2.05913822801 -250.3250428604 0.08480830838   -2 
  34 0.00000450362 0.00103645879 -13.773714928 0.20011047225 0.00441883655 0.05627122383 0.47957604790 0.41625245750 0.40780429015 0.39673137148 0.45096385286 0.39399402828 0.50224630174 0.46836937736 0.43427758827 0.48702404996 0.51172213408 0.45536463074 0.45283683059 0.59205986230 0.38669922527 0.35236737076 0.48685179643 0.48707997974 0.38381309547 0.47003128404 0.40332161670 0.41149280980 0.42035015854 0.43018874033 0.47525066068 0.30001574353 0.39748471698 0.48014255460 0.39180525708 0.55529151247 0.57075088944 0.44583719799 0.64861229530 0.53422809277 0.71938006149 0.86328864793 0.97255192394 2.06393782087 -250.3126722397 0.06043084625   -2 
  35 0.00000450363 0.00103762119 -13.724114657 0.20039332111 0.00441886956 0.05627136356 0.47909644205 0.41557967005 0.40811722312 0.39687326251 0.45071351713 0.39421459591 0.50221109152 0.46846526193 0.43444522615 0.48719532848 0.51199690792 0.45561005312 0.45313448300 0.59243002648 0.38685804060 0.35239695725 0.48707227216 0.48733946267 0.38384042970 0.47046302664 0.40367147784 0.41157255457 0.42050825991 0.43034204847 0.47560801664 0.30035765190 0.39771074214 0.48046187052 0.39208260253 0.55554497993 0.57120555111 0.44619408613 0.64919644687 0.53457838142 0.71999859521 0.86375910177 0.97352394319 2.06544463712 -250.3047855851 0.07459253827   -2 
  36 0.00000450365 0.00103665361 -13.610191157 0.20121018882 0.00441893646 0.05627178032 0.47711133794 0.41358847268 0.40910163842 0.39703097281 0.45024937629 0.39480458606 0.50199188876 0.46864138403 0.43485936991 0.48756142378 0.51281314395 0.45611445660 0.45380258629 0.59393864817 0.38728890300 0.35243796186 0.48766086886 0.48807170057 0.38386485406 0.47170968335 0.40468492412 0.41174876364 0.42092565480 0.43074160956 0.47662972401 0.30144140431 0.39835489260 0.48136486928 0.39289154376 0.55622469602 0.57250423908 0.44725559897 0.65087590964 0.53556963425 0.72176682477 0.86503367781 0.97630682356 2.06939651527 -250.2871909517 0.03357219973   -2 
  37 0.00000450368 0.00103790853 -13.555605330 0.20199799341 0.00441895898 0.05627227323 0.47659039745 0.41317972147 0.40994494523 0.39647690123 0.45085748250 0.39520729666 0.50160212199 0.46858416998 0.43508831588 0.48758515955 0.51369748433 0.45603092518 0.45391278094 0.59675157633 0.38767287664 0.35238268941 0.48815052413 0.48879707711 0.38376434040 0.47299769757 0.40575715344 0.41180434397 0.42127178329 0.43105886199 0.47768128452 0.30288890056 0.39902680780 0.48227511788 0.39378613610 0.55681462818 0.57384059279 0.44848650755 0.65262540667 0.53657731153 0.72358128713 0.86616417275 0.97912653383 2.07229768221 -250.2749556264 0.10994388170   -2 
  38 0.00000450373 0.00103623055 -13.466936193 0.20355258831 0.00441897348 0.05627318976 0.47577882757 0.41260216925 0.41135148839 0.39537346617 0.45203846937 0.39588674775 0.50085372739 0.46843067958 0.43546469374 0.48756859738 0.51529765840 0.45579422107 0.45403427688 0.60204702026 0.38836506448 0.35226455304 0.48902731025 0.49011971295 0.38355989421 0.47536791433 0.40773773045 0.41188754775 0.42189614721 0.43162883209 0.47961934902 0.30561952596 0.40026781047 0.48395130649 0.39544798951 0.55788556770 0.57630629523 0.45078141331 0.65585682378 0.53843619174 0.72692747638 0.86821802576 0.98431451352 2.07743551287 -250.2527666771 0.04678863321   -2 
  39 0.00000450378 0.00103652535 -13.406333866 0.20510262525 0.00441896927 0.05627415369 0.47774134376 0.41382568106 0.41166065892 0.39465163816 0.45339110880 0.39629988930 0.50053344100 0.46835752090 0.43575194411 0.48751268787 0.51665138258 0.45539115773 0.45391888940 0.60700697168 0.38900490574 0.35217255835 0.48981608318 0.49134359330 0.38337728668 0.47754228453 0.40960897456 0.41196399627 0.42248722716 0.43216725347 0.48145806411 0.30844567481 0.40148456151 0.48555743002 0.39709577247 0.55889914322 0.57865823006 0.45307568424 0.65892530416 0.54023883661 0.73009414938 0.87013837864 0.98909189734 2.08166982924 -250.2330061890 0.07965637002   -2 
  40  0.0000045038 0.00103528412 -13.392007476 0.20557785903 0.00441896229 0.05627444214 0.47830228832 0.41425564801 0.41164666503 0.39450253311 0.45376526954 0.39639405619 0.50049237378 0.46835173602 0.43583013658 0.48750143409 0.51701464945 0.45527008381 0.45387223805 0.60837781242 0.38918756117 0.35215170261 0.49003949803 0.49169080699 0.38333013283 0.47815547765 0.41014409759 0.41198929214 0.42265914978 0.43232424942 0.48198587955 0.30928223645 0.40183934143 0.48602143782 0.39757747787 0.55919306881 0.57933538530 0.45374744491 0.65980614902 0.54076256661 0.73100242245 0.87069102205 0.99044414377 2.08283251843 -250.2275165823 0.02701929597   -2 
  41 0.00000450382 0.00103535114 -13.384230836 0.20621296562 0.00441898875 0.05627506830 0.47920153380 0.41605658190 0.41066922857 0.39538735392 0.45427972120 0.39638910500 0.50138997110 0.46876325540 0.43604646166 0.48774416282 0.51734416476 0.45518178217 0.45376563385 0.60961752538 0.38951479754 0.35226271171 0.49042801474 0.49222997753 0.38339955638 0.47895520542 0.41093653442 0.41213756081 0.42300294293 0.43264989639 0.48281058477 0.31082295826 0.40247428451 0.48679450931 0.39843105654 0.55974249885 0.58041219741 0.45493548657 0.66115574503 0.54166984836 0.73239671885 0.87165913475 0.99227162194 2.08439409056 -250.2192583706 0.03941300718   -2 
  42 0.00000450383 0.00103473610 -13.384574631 0.20632737474 0.00441899442 0.05627519520 0.47925081848 0.41633865448 0.41047868646 0.39560214206 0.45435427658 0.39638129482 0.50160586573 0.46886526667 0.43609290853 0.48780833779 0.51738475230 0.45517910772 0.45374928998 0.60975743158 0.38957636663 0.35229488666 0.49050060894 0.49232502718 0.38342470652 0.47908336449 0.41107271032 0.41217388310 0.42307071290 0.43271499803 0.48295639544 0.31111394056 0.40259354055 0.48693551124 0.39859048730 0.55984814682 0.58060425643 0.45515679574 0.66139199564 0.54183818430 0.73264120527 0.87184034223 0.99257125120 2.08465987886 -250.2178211243 0.02297541200   -2 
  43 0.00000450386 0.00103497265 -13.393227692 0.20658284902 0.00441908162 0.05627589256 0.47858670069 0.41701470428 0.40981675072 0.39714167972 0.45456319698 0.39636375830 0.50315829977 0.46966808842 0.43643298127 0.48837284951 0.51741758496 0.45537916983 0.45377333840 0.60945885038 0.38988966048 0.35259031710 0.49087095391 0.49273053901 0.38369714476 0.47946034151 0.41157772317 0.41245742700 0.42343927678 0.43307968446 0.48354828690 0.31246154050 0.40315502395 0.48755696376 0.39932275164 0.56038826743 0.58139816078 0.45616173130 0.66231532845 0.54260760554 0.73360597971 0.87271712176 0.99352831947 2.08582170093 -250.2122345791 0.02331703779   -2 
  44 0.00000450386 0.00103455610 -13.395959045 0.20660914279 0.00441909564 0.05627599958 0.47852387736 0.41696311096 0.40980168117 0.39732098761 0.45456694217 0.39636509983 0.50336552946 0.46978695579 0.43648450046 0.48846429172 0.51740632662 0.45542636855 0.45378821131 0.60932599074 0.38993193776 0.35264366003 0.49092078296 0.49277758287 0.38374907232 0.47948501590 0.41162899713 0.41250673312 0.42349298985 0.43313393064 0.48361556405 0.31263886080 0.40322949284 0.48763429013 0.39941820673 0.56046397796 0.58149060717 0.45629122012 0.66241601381 0.54270712826 0.73371226145 0.87283374964 0.99360414799 2.08595969048 -250.2114996773 0.02386690676   -2 
  45 0.00000450389 0.00103474636 -13.416451541 0.20664372421 0.00441923231 0.05627682020 0.47854161135 0.41602412314 0.41017064521 0.39842419907 0.45453354881 0.39643699135 0.50480588333 0.47069156195 0.43689973284 0.48920498536 0.51728992227 0.45588240596 0.45397666103 0.60798929211 0.39024061687 0.35309461502 0.49128670255 0.49308478873 0.38419915363 0.47954020875 0.41191069497 0.41291768393 0.42389832425 0.43354845172 0.48403194045 0.31385377104 0.40374939483 0.48815038871 0.40007262135 0.56101963015 0.58207286318 0.45716903761 0.66301101853 0.54338909163 0.73434872586 0.87366266489 0.99389363973 2.08693864100 -250.2069186121 0.01383304142   -2 
  46 0.00000450390 0.00103440201 -13.421988963 0.20664693458 0.00441925961 0.05627698892 0.47866614710 0.41588722721 0.41031962933 0.39845201145 0.45451471732 0.39646331767 0.50494236219 0.47081443335 0.43696770505 0.48932680357 0.51726524355 0.45598208363 0.45402838859 0.60769573636 0.39029139847 0.35318779932 0.49134661204 0.49312511673 0.38429601733 0.47951502830 0.41193344697 0.41300314209 0.42397245906 0.43362587709 0.48408316052 0.31405048384 0.40383512399 0.48822734444 0.40017784848 0.56111734565 0.58214851895 0.45730691848 0.66307512063 0.54349752510 0.73441990457 0.87379760319 0.99386964503 2.08708255982 -250.2064121270 0.02213889367   -2 
  47 0.00000450392 0.00103456776 -13.438509068 0.20662163613 0.00441935266 0.05627751875 0.47917996671 0.41557473380 0.41084898739 0.39839304283 0.45446955300 0.39656694009 0.50524551507 0.47115308706 0.43717353280 0.48968865695 0.51720155433 0.45630377455 0.45420729937 0.60679030379 0.39044392801 0.35348193531 0.49152708756 0.49323845130 0.38460496488 0.47941287206 0.41197959225 0.41327396986 0.42419973277 0.43386458351 0.48421909935 0.31462290485 0.40408811507 0.48844739607 0.40048480749 0.56141321999 0.58235327625 0.45770523016 0.66323326833 0.54381369437 0.73459969595 0.87419769641 0.99373862845 2.08751962685 -250.2049535837 0.01158368145   -2 
  48 0.00000450393 0.00103420799 -13.450941752 0.20659907501 0.00441941503 0.05627787437 0.47930519924 0.41567683980 0.41113469663 0.39813164701 0.45446728512 0.39665110009 0.50519542156 0.47125602184 0.43727404647 0.48985514717 0.51718509380 0.45650348442 0.45433756144 0.60629244831 0.39052522171 0.35366633231 0.49162293573 0.49328505976 0.38480533984 0.47931162063 0.41196752664 0.41344789888 0.42433371051 0.43400777497 0.48426420529 0.31492039099 0.40422371156 0.48855192635 0.40064436964 0.56158194503 0.58242959239 0.45790542209 0.66326303401 0.54397627042 0.73464176434 0.87440762222 0.99356559102 2.08774298659 -250.2042477081 0.02456187617   -2 
  49 0.00000450395 0.00103448100 -13.469455622 0.20654221848 0.00441951735 0.05627843037 0.47946757229 0.41592291608 0.41155306683 0.39770417479 0.45448489885 0.39679072987 0.50507128581 0.47139133613 0.43742530103 0.49009828760 0.51717472757 0.45681123441 0.45454518215 0.60556819561 0.39064880600 0.35395046421 0.49176901023 0.49335419691 0.38511588282 0.47915150626 0.41194119900 0.41371753330 0.42453900247 0.43422773463 0.48432582182 0.31536235181 0.40442748319 0.48870597066 0.40088227529 0.56183901965 0.58253626135 0.45820155635 0.66329465938 0.54421877483 0.73469239071 0.87472374417 0.99328569414 2.08809330318 -250.2032052681 0.00955564160   -2 
  50 0.00000450396 0.00103430617 -13.482259874 0.20649648554 0.00441958740 0.05627880483 0.47928032316 0.41621216174 0.41158983080 0.39744907140 0.45454177710 0.39687537811 0.50485565370 0.47137253634 0.43748154963 0.49016936132 0.51720581725 0.45696760038 0.45467201499 0.60530890514 0.39070869668 0.35410957286 0.49183919607 0.49337873312 0.38529738252 0.47904203323 0.41189816084 0.41387615421 0.42465174310 0.43435072619 0.48433297330 0.31557367633 0.40452946468 0.48877080559 0.40099672778 0.56197568612 0.58255986403 0.45833642995 0.66326290271 0.54433353379 0.73467100166 0.87487388048 0.99307099377 2.08826355324 -250.2026934195 0.01641823974   -2 
  51 0.00000450397 0.00103455144 -13.489925358 0.20645809695 0.00441963417 0.05627904309 0.47916755369 0.41639737914 0.41158212217 0.39730875684 0.45458698858 0.39692835153 0.50471152686 0.47134862964 0.43751198428 0.49020236223 0.51723325057 0.45705891263 0.45475056988 0.60518515484 0.39074388142 0.35420541536 0.49188044031 0.49339237151 0.38540807804 0.47897463565 0.41186841775 0.41397328964 0.42471972507 0.43442522338 0.48433351368 0.31569501046 0.40458925630 0.48880685060 0.40106286218 0.56205736827 0.58256884613 0.45841279776 0.66323663222 0.54439965998 0.73465106228 0.87496085161 0.99293576879 2.08836732447 -250.2023959203 0.00647516627   -2 
  52 0.00000450398 0.00103449519 -13.506326097 0.20637552970 0.00441973483 0.05627955483 0.47900391183 0.41658648681 0.41127020208 0.39721358885 0.45470151570 0.39699400687 0.50435984697 0.47118075694 0.43750647347 0.49014342402 0.51732518024 0.45715489773 0.45487309353 0.60525390807 0.39078106646 0.35434869772 0.49192166751 0.49339062450 0.38558761471 0.47884466413 0.41178019586 0.41413405729 0.42482110580 0.43454006434 0.48429279152 0.31583673991 0.40466556421 0.48883042699 0.40114021018 0.56217230450 0.58252768470 0.45848790431 0.66312071095 0.54447195717 0.73454420615 0.87504944027 0.99264740080 2.08845794529 -250.2019835803 0.01251572305   -2 
  53 0.00000450399 0.00103470914 -13.513005083 0.20633412095 0.00441977983 0.05627977624 0.47897444334 0.41664212660 0.41113760712 0.39719410629 0.45474985395 0.39701847041 0.50421933665 0.47110640627 0.43750041016 0.49011147505 0.51736645238 0.45718839997 0.45492148605 0.60530720448 0.39079443672 0.35440499438 0.49193620722 0.49338830129 0.38565965470 0.47879154420 0.41174153812 0.41419901371 0.42486117723 0.43458581464 0.48427296726 0.31588887345 0.40469453078 0.48883692074 0.40116874439 0.56221706613 0.58250634659 0.45851378031 0.66306788931 0.54449801493 0.73449497914 0.87508049126 0.99252692381 2.08848867864 -250.2018181373 0.00706011241   -2 
  54 0.00000450402 0.00103468484 -13.535110191 0.20620506490 0.00441992895 0.05628051204 0.47911933330 0.41653698956 0.41074112289 0.39727298752 0.45485536428 0.39704430192 0.50384920266 0.47084032031 0.43743682686 0.48994303405 0.51748968283 0.45722095402 0.45502931341 0.60563568216 0.39080899880 0.35453907620 0.49194693140 0.49335803690 0.38584618952 0.47863264004 0.41160449626 0.41437074673 0.42495748710 0.43469972750 0.48418359346 0.31598823256 0.40475427349 0.48882321014 0.40122091315 0.56231795105 0.58240072651 0.45854354196 0.66286383513 0.54453721861 0.73429877446 0.87511106087 0.99214650538 2.08845822906 -250.2013816585 0.00885442658   -2 
  55 0.00000450402 0.00103483488 -13.539628342 0.20617183424 0.00441996325 0.05628067544 0.47916200647 0.41649980112 0.41068599279 0.39730280400 0.45487096164 0.39704517592 0.50379144981 0.47078863104 0.43742102835 0.48990479999 0.51751369119 0.45722056496 0.45504673096 0.60571702631 0.39080946267 0.35456236160 0.49194591111 0.49334991689 0.38588067160 0.47860130157 0.41157485179 0.41440306098 0.42497452376 0.43472039388 0.48416254761 0.31600254295 0.40476362553 0.48881700852 0.40122806349 0.56233489877 0.58237506188 0.45854456864 0.66281794388 0.54454110802 0.73425419503 0.87511063622 0.99206809529 2.08843991677 -250.2012982067 0.00633175771   -2 
  56 0.00000450405 0.00103479337 -13.563410807 0.20599812284 0.00442014762 0.05628155438 0.47933334744 0.41617699042 0.41064752258 0.39752679700 0.45486397348 0.39699574950 0.50366750699 0.47056337610 0.43731250868 0.48968452248 0.51759743965 0.45714754321 0.45507690861 0.60619310961 0.39078352445 0.35462989532 0.49190464618 0.49328724695 0.38600451091 0.47845849655 0.41141770398 0.41452445362 0.42502602743 0.43478909941 0.48403474311 0.31601556218 0.40477881922 0.48875344446 0.40122773221 0.56237565281 0.58221359721 0.45850175453 0.66256007329 0.54451834472 0.73399889417 0.87503884686 0.99169246438 2.08819971327 -250.2009411534 0.00872604304   -2 
  57 0.00000450405 0.00103494363 -13.565089880 0.20597809904 0.00442016518 0.05628163205 0.47932462271 0.41617194826 0.41067790299 0.39754403829 0.45485632851 0.39698877049 0.50368294672 0.47055749280 0.43730414649 0.48967021597 0.51759864446 0.45713556463 0.45507264441 0.60622897737 0.39077879750 0.35462901841 0.49189807051 0.49328081158 0.38600758087 0.47845060060 0.41140583729 0.41452838791 0.42502582365 0.43478999698 0.48402325720 0.31600981219 0.40477629530 0.48874519874 0.40122355941 0.56237344553 0.58219837791 0.45849311696 0.66253868101 0.54451180690 0.73397724491 0.87502575266 0.99166833740 2.08816716770 -250.2008548444 0.00748689137   -2 
  58 0.00000450408 0.00103495910 -13.584423371 0.20577835356 0.00442035725 0.05628250483 0.47894076288 0.41625146607 0.41119958196 0.39767344994 0.45469255494 0.39687432993 0.50401175296 0.47057426754 0.43720504802 0.48953313143 0.51754664503 0.45695026788 0.45496257148 0.60655280162 0.39070039498 0.35456351961 0.49179252574 0.49319187800 0.38597856620 0.47838718948 0.41128146632 0.41451683246 0.42498281352 0.43475623386 0.48388621330 0.31589312124 0.40471532194 0.48862735523 0.40114264415 0.56229852852 0.58201309308 0.45835649531 0.66229984879 0.54439923437 0.73373053444 0.87481546661 0.99144513280 2.08766072873 -250.2001711355 0.00498774782   -2 
  59 0.00000450411 0.00103475698 -13.602267293 0.20561554297 0.00442053894 0.05628334342 0.47923596981 0.41637797914 0.41139707097 0.39764352854 0.45456345916 0.39678100676 0.50430172613 0.47065740221 0.43713305696 0.48946450866 0.51743864221 0.45676539696 0.45481497504 0.60667049809 0.39060883543 0.35445110290 0.49167227214 0.49309803793 0.38588621532 0.47835358785 0.41118230241 0.41444563012 0.42490031196 0.43467799068 0.48375748933 0.31573643851 0.40462547592 0.48849593822 0.40103400459 0.56217679924 0.58183470813 0.45819349092 0.66209170427 0.54425622980 0.73350990154 0.87456382248 0.99129079387 2.08708745912 -250.1997761268 0.01412235243   -2 
  60 0.00000450412 0.00103492325 -13.610483906 0.20553194896 0.00442062762 0.05628374683 0.47938082787 0.41643907669 0.41147455968 0.39762808239 0.45451131471 0.39674187070 0.50443424957 0.47070017460 0.43710262288 0.48943732639 0.51738844643 0.45668065549 0.45474579615 0.60671900673 0.39056595298 0.35439678114 0.49161614820 0.49305455494 0.38584061144 0.47833953661 0.41113678606 0.41441007725 0.42486014891 0.43463963304 0.48369732605 0.31566048705 0.40458197784 0.48843348836 0.40098152733 0.56211779663 0.58175089084 0.45811524449 0.66199483610 0.54418749342 0.73340702672 0.87444415559 0.99122150758 2.08682065268 -250.1995892891 0.00474014248   -2 
  61 0.00000450426 0.00103536996 -13.692593420 0.20469492340 0.00442152210 0.05628782898 0.47918890631 0.41648648634 0.41068773135 0.39728607956 0.45455099347 0.39665482603 0.50491828771 0.47110710528 0.43699195650 0.48944233414 0.51693220132 0.45608008834 0.45414101138 0.60652022867 0.39017947767 0.35382110110 0.49112185341 0.49267618927 0.38528706248 0.47827525255 0.41078991273 0.41394348972 0.42439935824 0.43418054415 0.48317450758 0.31485600046 0.40410621845 0.48782798917 0.40042288635 0.56146149745 0.58100339258 0.45732278126 0.66118904786 0.54347234892 0.73253432327 0.87327101473 0.99073431798 2.08448219892 -250.1982433067 0.00648501646   -2 
  62 0.00000450427 0.00103526120 -13.697562807 0.20465132710 0.00442157405 0.05628807107 0.47916959321 0.41645410543 0.41067917069 0.39727877233 0.45454936036 0.39665162200 0.50488100575 0.47109674245 0.43698412903 0.48943644701 0.51691166186 0.45606051961 0.45411638606 0.60648378579 0.39016001277 0.35379243446 0.49109717899 0.49265498663 0.38525639079 0.47826656008 0.41077207422 0.41391516351 0.42437223858 0.43415285324 0.48314703916 0.31481293634 0.40407851763 0.48779494914 0.40039125615 0.56142310697 0.58096436518 0.45727995430 0.66114794672 0.54343183072 0.73248893432 0.87320795018 0.99069992581 2.08435919610 -250.1981638467 0.00938033753   -2 
  63 0.00000450441 0.00103590048 -13.783564971 0.20383587492 0.00442252041 0.05629243317 0.47894314584 0.41572889787 0.41084451889 0.39727478728 0.45452539606 0.39662976435 0.50379284833 0.47069274467 0.43685270778 0.48930628388 0.51661138482 0.45583814998 0.45376881158 0.60568261524 0.38984419393 0.35332437162 0.49069950425 0.49229444787 0.38472857319 0.47808433920 0.41047744563 0.41340895489 0.42389352617 0.43365906827 0.48268627825 0.31407606061 0.40358963881 0.48722880593 0.39983833457 0.56074604627 0.58030949819 0.45654569296 0.66046696768 0.54272433841 0.73173016327 0.87213741467 0.99006358922 2.08232752944 -250.1968151902 0.00555516762   -2 
  64 0.00000450451 0.00103595752 -13.839968617 0.20332116482 0.00442315386 0.05629536886 0.47911737463 0.41594791976 0.41093868721 0.39725641886 0.45434339459 0.39653343621 0.50305891121 0.47021920392 0.43669977003 0.48909396497 0.51644813650 0.45578844772 0.45363461628 0.60508342278 0.38966533219 0.35309262155 0.49047258550 0.49205377052 0.38442914857 0.47787749834 0.41029151276 0.41308782671 0.42359027494 0.43334002875 0.48240842618 0.31366504884 0.40327953989 0.48688682225 0.39949875618 0.56031657755 0.57992543764 0.45611948535 0.66006658695 0.54228531062 0.73127407054 0.87150441345 0.98952004137 2.08105533321 -250.1962384768 0.01209392459   -2 
  65 0.00000450453 0.00103614697 -13.850194538 0.20322103008 0.00442327337 0.05629591795 0.47915001380 0.41600418895 0.41095275235 0.39725352592 0.45430901015 0.39651440791 0.50293952535 0.47013231858 0.43667068060 0.48905230058 0.51642058776 0.45578259848 0.45361395455 0.60497645928 0.38963410735 0.35305366478 0.49043288350 0.49201006663 0.38437675412 0.47783642082 0.41025776314 0.41302992565 0.42353550122 0.43328212705 0.48235860014 0.31359277066 0.40322326072 0.48682548289 0.39943751987 0.56023883010 0.57985695516 0.45604368937 0.65999503916 0.54220597214 0.73119216529 0.87139176688 0.98941561802 2.08082733509 -250.1961266316 0.00387612740   -2 
  66 0.00000450458 0.00103620651 -13.876852099 0.20293881235 0.00442361115 0.05629746497 0.47898765960 0.41631636584 0.41083787408 0.39720836892 0.45417332918 0.39641219999 0.50298991209 0.46992053390 0.43655700825 0.48887260020 0.51637732235 0.45581208893 0.45362833504 0.60477396255 0.38958189207 0.35302887991 0.49036312267 0.49190046951 0.38429889438 0.47765827805 0.41017498150 0.41290620222 0.42341536804 0.43314966626 0.48225353694 0.31348404719 0.40309573974 0.48669998245 0.39930844403 0.56006526050 0.57972380606 0.45590762369 0.65985001547 0.54203354445 0.73101771309 0.87117622985 0.98903764884 2.08031278249 -250.1958777034 0.00362819753   -2 
  67 0.00000450459 0.00103631010 -13.881099431 0.20289106512 0.00442367017 0.05629773441 0.47899515442 0.41631918386 0.41081373787 0.39719874019 0.45415667241 0.39639362366 0.50304396265 0.46990055523 0.43653657308 0.48883978839 0.51637273760 0.45581878176 0.45363707673 0.60475803277 0.38957723979 0.35303534574 0.49035600314 0.49188369542 0.38429512061 0.47762079534 0.41016213854 0.41289095480 0.42339980779 0.43313163012 0.48224000140 0.31347895168 0.40307841616 0.48668487428 0.39929253599 0.56004210852 0.57970865010 0.45589508884 0.65983200323 0.54201119329 0.73099466922 0.87115246119 0.98896312075 2.08023837720 -250.1958422786 0.00665627572   -2 
  68 0.00000450467 0.00103632243 -13.917986622 0.20251060902 0.00442416889 0.05630003461 0.47907990876 0.41621672051 0.41059302680 0.39710365532 0.45401966954 0.39622840517 0.50357166526 0.46975759417 0.43635622784 0.48855288602 0.51633118140 0.45587169263 0.45371717123 0.60465290186 0.38954275440 0.35310853450 0.49030032085 0.49174116897 0.38427951198 0.47728604491 0.41005310930 0.41277102734 0.42327530641 0.43298543091 0.48213090252 0.31346165032 0.40293849790 0.48656662647 0.39916815337 0.55985552332 0.57959165732 0.45580813882 0.65968837209 0.54183310891 0.73080785650 0.87097029160 0.98830614224 2.07960799082 -250.1955596485 0.00261952247   -2 
  69 0.00000450466 0.00103633658 -13.912861359 0.20256672316 0.00442409980 0.05629971889 0.47906561887 0.41622262845 0.41063530155 0.39711926269 0.45404471139 0.39625475779 0.50349057074 0.46978434225 0.43638329270 0.48859657866 0.51633606461 0.45586175938 0.45370461495 0.60467222083 0.38954791046 0.35309979363 0.49030827695 0.49176143592 0.38428358763 0.47733231586 0.41006835525 0.41278928271 0.42329389207 0.43300704186 0.48214679740 0.31346765417 0.40295916939 0.48658443144 0.39918707643 0.55988311816 0.57960927101 0.45582286377 0.65970927715 0.54185964718 0.73083480365 0.87099775106 0.98839682857 2.07969551019 -250.1955493298 0.00228948051   -2 
  70 0.00000450465 0.00103628295 -13.911411707 0.20259613332 0.00442407894 0.05629963367 0.47905218089 0.41619604847 0.41067961894 0.39712978171 0.45406912705 0.39627207660 0.50344446644 0.46981311860 0.43639695719 0.48862067344 0.51633442026 0.45585060279 0.45369640298 0.60469262547 0.38955056314 0.35310181040 0.49031128997 0.49176883625 0.38429093509 0.47734517901 0.41007321135 0.41279985371 0.42330358973 0.43301768658 0.48215393681 0.31348108421 0.40296936789 0.48659422731 0.39919809009 0.55989678653 0.57961897011 0.45583585119 0.65971866080 0.54187345318 0.73084612502 0.87101302758 0.98842027294 2.07972112905 -250.1955302416 0.00397688438   -2 
  71 0.00000450465 0.00103633740 -13.908931182 0.20264932672 0.00442404689 0.05629950770 0.47903445656 0.41613681568 0.41077593654 0.39715300233 0.45412346552 0.39630856655 0.50335726870 0.46987767043 0.43642439841 0.48866926145 0.51633073736 0.45582716161 0.45368078102 0.60473916176 0.38955644157 0.35310974587 0.49031757550 0.49178254225 0.38430856186 0.47736517472 0.41008167096 0.41282160578 0.42332310275 0.43303872483 0.48216796381 0.31351302889 0.40298945929 0.48661425929 0.39922064937 0.55992386701 0.57963898193 0.45586451516 0.65973714829 0.54190106955 0.73086789253 0.87104476643 0.98845624751 2.07976649158 -250.1954972876 0.00126327828   -2 
  72 0.00000450465 0.00103629658 -13.909566483 0.20266613147 0.00442406054 0.05629959321 0.47904934440 0.41610880832 0.41080521182 0.39716086305 0.45415111788 0.39632412165 0.50334499298 0.46992205398 0.43643383363 0.48868776958 0.51632666615 0.45581261909 0.45367614427 0.60477684916 0.38956080062 0.35312671725 0.49032099463 0.49178481345 0.38432702580 0.47735475119 0.41008139898 0.41283428167 0.42333304298 0.43304819759 0.48217396471 0.31354686758 0.40299854036 0.48662576309 0.39923396664 0.55993643925 0.57965110113 0.45588836787 0.65974550786 0.54191509556 0.73087586927 0.87106423308 0.98843654029 2.07976782151 -250.1954864020 0.00336070141   -2 
  73 0.00000450466 0.00103634300 -13.910901780 0.20269344509 0.00442409282 0.05629978340 0.47908458212 0.41606264907 0.41085808226 0.39717672459 0.45420466587 0.39635427723 0.50332900443 0.47000920996 0.43645216245 0.48872319121 0.51631991588 0.45578544777 0.45366871868 0.60485226639 0.38956996037 0.35316184193 0.49032838269 0.49178917802 0.38436449829 0.47733209181 0.41008060862 0.41285937789 0.42335262616 0.43306668514 0.48218586322 0.31361521615 0.40301621257 0.48664861331 0.39926026470 0.55996103985 0.57967535329 0.45593622658 0.65976215279 0.54194261381 0.73089154085 0.87110335625 0.98839436143 2.07977155379 -250.1954653566 0.00146943513   -2 
  74 0.00000450467 0.00103629034 -13.912279653 0.20267876865 0.00442412761 0.05629994837 0.47905646577 0.41612492277 0.41081417177 0.39717366777 0.45419138060 0.39635007181 0.50336975260 0.47000851318 0.43645137181 0.48871957774 0.51632534688 0.45578958335 0.45367624320 0.60486514215 0.38957430225 0.35317680746 0.49033281012 0.49178931560 0.38437728913 0.47731727250 0.41007920302 0.41286507332 0.42335664531 0.43306964627 0.48218873385 0.31363944495 0.40301903384 0.48665445253 0.39926653776 0.55996540458 0.57968243671 0.45595138404 0.65976667988 0.54194816929 0.73089480202 0.87111491285 0.98837214566 2.07977929116 -250.1954432197 0.00392216766   -2 
  75 0.00000450467 0.00103633102 -13.914000748 0.20265742445 0.00442417474 0.05630017024 0.47902941084 0.41620384435 0.41076065365 0.39717101277 0.45417571241 0.39634550288 0.50342356304 0.47000867332 0.43645102218 0.48871565190 0.51633313535 0.45579543286 0.45368658246 0.60488300118 0.38958036395 0.35319698789 0.49033907129 0.49178987408 0.38439460650 0.47729786475 0.41007754785 0.41287293300 0.42336225925 0.43307385062 0.48219282660 0.31367207539 0.40302300651 0.48666250851 0.39927512449 0.55997154598 0.57969219758 0.45597189403 0.65977306454 0.54195586748 0.73089952814 0.87113088257 0.98834254251 2.07979138700 -250.1954199617 0.00125217391   -2 
  76 0.00000450468 0.00103635352 -13.914731665 0.20265658601 0.00442419055 0.05630025195 0.47908431724 0.41615065586 0.41078509557 0.39717280514 0.45417985046 0.39634636131 0.50341976115 0.47000991402 0.43645110877 0.48871564900 0.51633319501 0.45579531206 0.45368755197 0.60488546267 0.38958140004 0.35320183264 0.49033983695 0.49178952202 0.38439903628 0.47729275090 0.41007675056 0.41287495567 0.42336362833 0.43307484745 0.48219355183 0.31368243754 0.40302406856 0.48666451729 0.39927766726 0.55997293201 0.57969444227 0.45597802487 0.65977414512 0.54195791169 0.73090006182 0.87113412772 0.98833093002 2.07978770714 -250.1954080186 0.00208987435   -2 
  77 0.00000450468 0.00103632572 -13.915127357 0.20265630768 0.00442419826 0.05630029211 0.47909876693 0.41613325958 0.41079256284 0.39717316144 0.45418079684 0.39634640664 0.50341930235 0.47001021942 0.43645098315 0.48871538210 0.51633323669 0.45579528057 0.45368808845 0.60488672004 0.38958190411 0.35320428666 0.49034020521 0.49178929328 0.38440125204 0.47729006604 0.41007631861 0.41287593735 0.42336428141 0.43307531078 0.48219388825 0.31368757020 0.40302456774 0.48666549577 0.39927890641 0.55997358820 0.57969554692 0.45598105687 0.65977466407 0.54195889379 0.73090029027 0.87113572443 0.98832518588 2.07978593327 -250.1954041241 0.00091737047   -2 
  78 0.00000450471 0.00103637561 -13.923807666 0.20261252670 0.00442440266 0.05630131512 0.47911288007 0.41603408194 0.41086626924 0.39718809455 0.45419517753 0.39635152545 0.50346740186 0.47002440085 0.43645497721 0.48871462527 0.51634784889 0.45580486899 0.45371177197 0.60493291443 0.38959993382 0.35327191421 0.49035681400 0.49178933267 0.38446200094 0.47722452980 0.41006878698 0.41290436424 0.42338430766 0.43309039753 0.48220670684 0.31381983098 0.40303973067 0.48669423468 0.39931268016 0.55999478557 0.57972876368 0.45606112948 0.65979375785 0.54198737564 0.73091262199 0.87118573125 0.98819307910 2.07978495005 -250.1953705032 0.00246351156   -2 
  79 0.00000450472 0.00103634178 -13.925634073 0.20260441174 0.00442444490 0.05630152730 0.47910971248 0.41602553204 0.41087546614 0.39719032165 0.45419716444 0.39635225589 0.50347590022 0.47002671468 0.43645555134 0.48871427334 0.51635037156 0.45580654706 0.45371614463 0.60494128778 0.38960333108 0.35328510252 0.49035986517 0.49178917823 0.38447388817 0.47721154599 0.41006718932 0.41290988654 0.42338816682 0.43309327674 0.48220911030 0.31384640759 0.40304266797 0.48669982373 0.39931936676 0.55999882665 0.57973519239 0.45607707941 0.65979732988 0.54199292416 0.73091481862 0.87119524243 0.98816701296 2.07978342550 -250.1953637838 0.00200335352   -2 
  80 0.00000450479 0.00103639212 -13.942592441 0.20251862490 0.00442486014 0.05630359847 0.47905703552 0.41610717317 0.41090300485 0.39721099351 0.45421478632 0.39636214569 0.50354744004 0.47004836775 0.43646346976 0.48871469383 0.51637444338 0.45582327810 0.45375561079 0.60501328438 0.38963451710 0.35340432257 0.49038796985 0.49178900102 0.38458212870 0.47709633051 0.41005326430 0.41296068555 0.42342383346 0.43311999236 0.48223146724 0.31409488525 0.40307006095 0.48675141251 0.39938166025 0.56003604845 0.57979427984 0.45622528140 0.65983016466 0.54204428704 0.73093505399 0.87128137807 0.98793414587 2.07977062230 -250.1953061262 0.00139574716   -2 
  81 0.00000450482 0.00103641034 -13.948527244 0.20248904272 0.00442500954 0.05630434384 0.47906025969 0.41614821268 0.41090089708 0.39721706797 0.45421998839 0.39636586423 0.50356588820 0.47005477239 0.43646633580 0.48871545729 0.51638164178 0.45582850133 0.45376753849 0.60503380736 0.38964431216 0.35344242920 0.49039660265 0.49178886400 0.38461706597 0.47705958893 0.41004861352 0.41297712803 0.42343534202 0.43312856934 0.48223852604 0.31417888435 0.40307901443 0.48676816219 0.39940238953 0.56004789385 0.57981328715 0.45627474094 0.65984038476 0.54206102715 0.73094099668 0.87130820077 0.98785884303 2.07976330808 -250.1953002217 0.00145197080   -2 
  82 0.00000450482 0.00103637638 -13.950049245 0.20248281710 0.00442505193 0.05630455535 0.47908481975 0.41616547853 0.41088821745 0.39721705436 0.45422004424 0.39636699291 0.50356196317 0.47005476380 0.43646705965 0.48871631316 0.51638171842 0.45582887673 0.45376796232 0.60503276286 0.38964522258 0.35344708845 0.49039709766 0.49178865836 0.38462181990 0.47705508992 0.41004770597 0.41297940841 0.42343687393 0.43312964015 0.48223921923 0.31419577198 0.40308036830 0.48677055302 0.39940609165 0.56004921978 0.57981574355 0.45628380429 0.65984117082 0.54206351037 0.73094093481 0.87131039114 0.98784811333 2.07975701976 -250.1952941984 0.00226957076   -2 
  83 0.00000450484 0.00103639491 -13.952890852 0.20246895812 0.00442513822 0.05630498345 0.47914589799 0.41620341330 0.41085946793 0.39721751630 0.45422088591 0.39637021562 0.50355059448 0.47005475535 0.43646921239 0.48871921070 0.51638165501 0.45582963356 0.45376774597 0.60502782401 0.38964637510 0.35345331218 0.49039749916 0.49178861475 0.38462877881 0.47704972775 0.41004638698 0.41298293288 0.42343925591 0.43313130014 0.48224019673 0.31422602602 0.40308263546 0.48677432685 0.39941251159 0.56005109521 0.57981940066 0.45629948251 0.65984199478 0.54206751941 0.73094029259 0.87131237909 0.98783325674 2.07974463197 -250.1952835115 0.00058128270   -2 
  84 0.00000450485 0.00103643995 -13.953697135 0.20245598415 0.00442521553 0.05630534469 0.47910902712 0.41619337627 0.41083627553 0.39722039119 0.45422594013 0.39637909966 0.50350782523 0.47005218856 0.43647546119 0.48873068160 0.51637645496 0.45582788805 0.45375368065 0.60499089904 0.38963801241 0.35342041679 0.49038908970 0.49179086735 0.38460252557 0.47708651171 0.41005008041 0.41297196333 0.42343165493 0.43312556405 0.48223464795 0.31420435301 0.40307800901 0.48676370248 0.39940435327 0.56004162096 0.57980547766 0.45628017708 0.65983175252 0.54205757965 0.73093156331 0.87128322410 0.98789640065 2.07972657524 -250.1952755175 0.00247242777   -2 
  85 0.00000450487 0.00103642052 -13.954638769 0.20244390081 0.00442529691 0.05630572710 0.47907337584 0.41618195979 0.41081210805 0.39722217639 0.45422983727 0.39638735093 0.50346346661 0.47004874261 0.43648122399 0.48874172003 0.51637037223 0.45582554683 0.45373864050 0.60495207080 0.38962899897 0.35338592012 0.49037991311 0.49179277879 0.38457491199 0.47712442338 0.41005366927 0.41296026788 0.42342346973 0.43311932141 0.48222855688 0.31418157867 0.40307297521 0.48675233581 0.39939564255 0.56003139448 0.57979059602 0.45625978725 0.65982064821 0.54204691371 0.73092198577 0.87125222955 0.98796133746 2.07970535092 -250.1952683147 0.00099229773   -2 
  86 0.00000450486 0.00103643134 -13.954537803 0.20244603009 0.00442528794 0.05630568760 0.47910141428 0.41618574476 0.41082036950 0.39722000988 0.45422683570 0.39638394194 0.50347459518 0.47004835674 0.43647888190 0.48873800478 0.51637057253 0.45582516707 0.45374083353 0.60495913323 0.38963007875 0.35339136831 0.49038085143 0.49179171716 0.38457904704 0.47711727285 0.41005263854 0.41296172284 0.42342434537 0.43311987417 0.48222901567 0.31418476963 0.40307339806 0.48675364077 0.39939663651 0.56003242927 0.57979234107 0.45626249815 0.65982169284 0.54204804831 0.73092267224 0.87125629161 0.98794882702 2.07970513814 -250.1952657392 0.00117494074   -2 
  87 0.00000450486 0.00103641209 -13.954557262 0.20244757836 0.00442528622 0.05630568256 0.47912267066 0.41618803797 0.41082613167 0.39721780472 0.45422396534 0.39638109530 0.50348167337 0.47004750822 0.43647690381 0.48873509346 0.51637009308 0.45582446907 0.45374161458 0.60496267090 0.38963029995 0.35339373832 0.49038089212 0.49179072864 0.38458070213 0.47711335885 0.41005186411 0.41296209299 0.42342444409 0.43311982024 0.48222887168 0.31418591977 0.40307333199 0.48675388306 0.39939681980 0.56003248933 0.57979269978 0.45626336150 0.65982166879 0.54204818118 0.73092240940 0.87125747778 0.98794152874 2.07970268951 -250.1952640640 0.00040943839   -2 
  88 0.00000450487 0.00103641900 -13.954781330 0.20244585162 0.00442530472 0.05630577385 0.47914032554 0.41619148188 0.41083243518 0.39721529294 0.45422069971 0.39637825520 0.50348609891 0.47004581309 0.43647493592 0.48873259139 0.51636833693 0.45582296155 0.45373994334 0.60496109376 0.38962877365 0.35339016973 0.49037905986 0.49178951444 0.38457735795 0.47711507214 0.41005136309 0.41296008871 0.42342276239 0.43311831371 0.48222725364 0.31418258555 0.40307205019 0.48675169536 0.39939510417 0.56003025333 0.57978992503 0.45626009224 0.65981909179 0.54204592917 0.73091974415 0.87125247609 0.98794367863 2.07969422570 -250.1952631075 0.00076780520   -2 
  89 0.00000450487 0.00103640589 -13.955062392 0.20244402678 0.00442532588 0.05630587856 0.47915291815 0.41619435340 0.41083800427 0.39721276102 0.45421742630 0.39637545291 0.50348972541   0.470043953 0.43647295362 0.48873014583 0.51636635347 0.45582130488 0.45373789123 0.60495870305 0.38962698244 0.35338577542 0.49037693636 0.49178823509 0.38457331532 0.47711751558 0.41005087421 0.41295773999 0.42342081649 0.43311658580 0.48222540819 0.31417862875 0.40307058327 0.48674915279 0.39939311224 0.56002767600 0.57978669029 0.45625624457 0.65981613167 0.54204332655 0.73091672536 0.87124658567 0.98794701135 2.07968483687 -250.1952622482 0.00054528366   -2 
  90 0.00000450487 0.00103640589 -13.955062392 0.20244402678 0.00442532588 0.05630587856 0.47915291815 0.41619435340 0.41083800427 0.39721276102 0.45421742630 0.39637545291 0.50348972541   0.470043953 0.43647295362 0.48873014583 0.51636635347 0.45582130488 0.45373789123 0.60495870305 0.38962698244 0.35338577542 0.49037693636 0.49178823509 0.38457331532 0.47711751558 0.41005087421 0.41295773999 0.42342081649 0.43311658580 0.48222540819 0.31417862875 0.40307058327 0.48674915279 0.39939311224 0.56002767600 0.57978669029 0.45625624457 0.65981613167 0.54204332655 0.73091672536 0.87124658567 0.98794701135 2.07968483687 -250.1952622482           NAN   -8 
  91 0.00000450487 0.00103642008 -13.955142030 0.20244244266 0.00442533416 0.05630591857 0.47914601671 0.41619466103 0.41083805633 0.39721308263 0.45421770110 0.39637555253 0.50348953435 0.47004387649 0.43647296303 0.48873021954 0.51636608533 0.45582108390 0.45373724701 0.60495753560 0.38962644627 0.35338394691 0.49037636539 0.49178811567 0.38457171822 0.47711913767 0.41005091705 0.41295693859 0.42342019890 0.43311606863 0.48222488124 0.31417706261 0.40307013407 0.48674829947 0.39939242697 0.56002686721 0.57978559516 0.45625480095 0.65981522272 0.54204246445 0.73091587440 0.87124458069 0.98794960603 2.07968299471 -250.1952615357 0.00087119734   -2 
  92 0.00000450488 0.00103641979 -13.955669923 0.20243559271 0.00442537868 0.05630613495 0.47910887203 0.41619447986 0.41083707020 0.39721384182 0.45421815751 0.39637543527 0.50348763593 0.47004278160 0.43647247936 0.48873001583 0.51636404949 0.45581946518 0.45373339817 0.60495066392 0.38962331016 0.35337392622 0.49037294699 0.49178713173 0.38456293538 0.47712755414 0.41005094181 0.41295243014 0.42341668006 0.43311308672 0.48222181184 0.31416852686 0.40306755989 0.48674350228 0.39938859745 0.56002225233 0.57977944207 0.45624686537 0.65981002092 0.54203761557 0.73091094549 0.87123338608 0.98796298863 2.07967116205 -250.1952585965 0.00044169247   -2 
  93 0.00000450488 0.00103641979 -13.955669923 0.20243559271 0.00442537868 0.05630613495 0.47910887203 0.41619447986 0.41083707020 0.39721384182 0.45421815751 0.39637543527 0.50348763593 0.47004278160 0.43647247936 0.48873001583 0.51636404949 0.45581946518 0.45373339817 0.60495066392 0.38962331016 0.35337392622 0.49037294699 0.49178713173 0.38456293538 0.47712755414 0.41005094181 0.41295243014 0.42341668006 0.43311308672 0.48222181184 0.31416852686 0.40306755989 0.48674350228 0.39938859745 0.56002225233 0.57977944207 0.45624686537 0.65981002092 0.54203761557 0.73091094549 0.87123338608 0.98796298863 2.07967116205 -250.1952585965 0.00044169247   -5 
  94 0.00000450488 0.00103641979 -13.955669923 0.20243559271 0.00442537868 0.05630613495 0.47910887203 0.41619447986 0.41083707020 0.39721384182 0.45421815751 0.39637543527 0.50348763593 0.47004278160 0.43647247936 0.48873001583 0.51636404949 0.45581946518 0.45373339817 0.60495066392 0.38962331016 0.35337392622 0.49037294699 0.49178713173 0.38456293538 0.47712755414 0.41005094181 0.41295243014 0.42341668006 0.43311308672 0.48222181184 0.31416852686 0.40306755989 0.48674350228 0.39938859745 0.56002225233 0.57977944207 0.45624686537 0.65981002092 0.54203761557 0.73091094549 0.87123338608 0.98796298863 2.07967116205 -250.1952585965           NAN   -8 
  95 0.00000450488 0.00103641979 -13.955669923 0.20243559271 0.00442537868 0.05630613495 0.47910887203 0.41619447986 0.41083707020 0.39721384182 0.45421815751 0.39637543527 0.50348763593 0.47004278160 0.43647247936 0.48873001583 0.51636404949 0.45581946518 0.45373339817 0.60495066392 0.38962331016 0.35337392622 0.49037294699 0.49178713173 0.38456293538 0.47712755414 0.41005094181 0.41295243014 0.42341668006 0.43311308672 0.48222181184 0.31416852686 0.40306755989 0.48674350228 0.39938859745 0.56002225233 0.57977944207 0.45624686537 0.65981002092 0.54203761557 0.73091094549 0.87123338608 0.98796298863 2.07967116205 -250.1952585965 0.00044169247   -8 
-- Local optimization: reached maximum number of likelihood evaluations allowed.
-- Found new optimum with likelihood -250.195258596582846 and gradient 0.00044

---- Best joint likelihood found -250.195258596582846 with gradient 0.00044

---- Results for /scratch/40841794/tmpdjxb0i06 
--  Model: C
--        eps_an     theta_bar             a 
-- 0.00000450488 0.00103641979            -1 
--           S_d             b           p_b           S_b 
-- -13.955669923 0.20243559271 0.00442537868 0.05630613495 
--           r 2           r 3           r 4           r 5           r 6           r 7           r 8           r 9          r 10          r 11          r 12          r 13          r 14          r 15          r 16          r 17          r 18          r 19          r 20          r 21          r 22          r 23          r 24          r 25          r 26          r 27          r 28          r 29          r 30          r 31          r 32          r 33          r 34          r 35          r 36          r 37          r 38          r 39 
-- 0.47910887203 0.41619447986 0.41083707020 0.39721384182 0.45421815751 0.39637543527 0.50348763593 0.47004278160 0.43647247936 0.48873001583 0.51636404949 0.45581946518 0.45373339817 0.60495066392 0.38962331016 0.35337392622 0.49037294699 0.49178713173 0.38456293538 0.47712755414 0.41005094181 0.41295243014 0.42341668006 0.43311308672 0.48222181184 0.31416852686 0.40306755989 0.48674350228 0.39938859745 0.56002225233 0.57977944207 0.45624686537 0.65981002092 0.54203761557 0.73091094549 0.87123338608 0.98796298863 2.07967116205 

---- Expected P_neut(i), 0 < i < n (neutral SFS per site) 
E[P_neut(1)] = 0.0010364154
E[P_neut(2)] = 0.0002482780
E[P_neut(3)] = 0.0001437835
E[P_neut(4)] = 0.0001064495
E[P_neut(5)] = 0.0000823358
E[P_neut(6)] = 0.0000784599
E[P_neut(7)] = 0.0000586871
E[P_neut(8)] = 0.0000652279
E[P_neut(9)] = 0.0000541289
E[P_neut(10)] = 0.0000452367
E[P_neut(11)] = 0.0000460480
E[P_neut(12)] = 0.0000445974
E[P_neut(13)] = 0.0000363399
E[P_neut(14)] = 0.0000335898
E[P_neut(15)] = 0.0000417987
E[P_neut(16)] = 0.0000252383
E[P_neut(17)] = 0.0000215437
E[P_neut(18)] = 0.0000282351
E[P_neut(19)] = 0.0000268262
E[P_neut(20)] = 0.0000199284
E[P_neut(21)] = 0.0000235478
E[P_neut(22)] = 0.0000193175
E[P_neut(23)] = 0.0000186084
E[P_neut(24)] = 0.0000182849
E[P_neut(25)] = 0.0000179556
E[P_neut(26)] = 0.0000192225
E[P_neut(27)] = 0.0000120598
E[P_neut(28)] = 0.0000149197
E[P_neut(29)] = 0.0000173957
E[P_neut(30)] = 0.0000137979
E[P_neut(31)] = 0.0000187233
E[P_neut(32)] = 0.0000187782
E[P_neut(33)] = 0.0000143294
E[P_neut(34)] = 0.0000201132
E[P_neut(35)] = 0.0000160511
E[P_neut(36)] = 0.0000210429
E[P_neut(37)] = 0.0000244050
E[P_neut(38)] = 0.0000269469
E[P_neut(39)] = 0.0000552714

---- Expected P_sel(i), 0 < i < n (selected SFS per site) 
E[P_sel(1)] = 0.0008885306
E[P_sel(2)] = 0.0001936165
E[P_sel(3)] = 0.0001050838
E[P_sel(4)] = 0.0000741424
E[P_sel(5)] = 0.0000552205
E[P_sel(6)] = 0.0000510201
E[P_sel(7)] = 0.0000371820
E[P_sel(8)] = 0.0000404093
E[P_sel(9)] = 0.0000328800
E[P_sel(10)] = 0.0000270017
E[P_sel(11)] = 0.0000270563
E[P_sel(12)] = 0.0000258315
E[P_sel(13)] = 0.0000207744
E[P_sel(14)] = 0.0000189715
E[P_sel(15)] = 0.0000233445
E[P_sel(16)] = 0.0000139488
E[P_sel(17)] = 0.0000117908
E[P_sel(18)] = 0.0000153111
E[P_sel(19)] = 0.0000144211
E[P_sel(20)] = 0.0000106251
E[P_sel(21)] = 0.0000124570
E[P_sel(22)] = 0.0000101433
E[P_sel(23)] = 0.0000097018
E[P_sel(24)] = 0.0000094686
E[P_sel(25)] = 0.0000092377
E[P_sel(26)] = 0.0000098279
E[P_sel(27)] = 0.0000061288
E[P_sel(28)] = 0.0000075385
E[P_sel(29)] = 0.0000087406
E[P_sel(30)] = 0.0000068956
E[P_sel(31)] = 0.0000093085
E[P_sel(32)] = 0.0000092888
E[P_sel(33)] = 0.0000070536
E[P_sel(34)] = 0.0000098538
E[P_sel(35)] = 0.0000078276
E[P_sel(36)] = 0.0000102161
E[P_sel(37)] = 0.0000117969
E[P_sel(38)] = 0.0000129707
E[P_sel(39)] = 0.0000264960

---- alpha_dfe = 0.009573

