---- Running command
---- ./polyDFE -d /scratch/40841170/tmpkkwqxho0 -m C -i /scratch/40841170/tmp7eklhqh3 1 -v 1 
---- Performing inference using model C

---- Performing inference on /scratch/40841170/tmpkkwqxho0
----      with -i /scratch/40841170/tmp7eklhqh3 1
---- Data /scratch/40841170/tmpkkwqxho0 does not contain divergence counts. Using option -w.
---- No mutation variability. Using Poisson likelihood.


---- Using provided initial values

-- Starting local optimization
-- Optimizing all parameters
  it        eps_an     theta_bar           S_d             b           p_b           S_b           r 2           r 3           r 4           r 5           r 6           r 7           r 8           r 9          r 10          r 11          r 12          r 13          r 14          r 15          r 16          r 17          r 18          r 19           ln lk          grad status 
   0 0.00000449744  0.0008503307 -68.014330000     0.1127644   0.003905648    0.03800569     0.5669393     0.5649833     0.5475162     0.4995644     0.5648594     0.6039999     0.4662727     0.5802472     0.5323765     0.5838853     0.5587549     0.5490204     0.5681745     0.5012596     0.6027202     0.6738647     0.7739941      1.427315 -159.3185877910 0.76112468031   -2 
   1 0.00000449744 0.00083005077 -68.333419912 0.11498610468 0.00390503412 0.03800556638 0.58551481621 0.57679087964 0.54253321193 0.49663763060 0.54553567731 0.59660396630 0.46195596219 0.57263310961 0.53817576893 0.58436701457 0.55322246984 0.54674464541 0.56864492443 0.50041781890 0.60420689540 0.67386508601 0.77952696851 1.42634018211 -156.6385509764 1.41281588750   -2 
   2 0.00000449744 0.00084694892 -68.714895258 0.11879982935 0.00390401802 0.03800533202 0.63258639330 0.60768020984 0.53348480594 0.49137504602 0.50394251672 0.58098947408 0.45261812405 0.55593908476 0.55319468847 0.58645514116 0.54089955951 0.54199279002 0.57047065839 0.49889470019 0.60848283286 0.67464261510 0.79396436989 1.42663537052 -151.4841809578 0.37846941924   -2 
   3 0.00000449746 0.00085886734 -69.102638318 0.12346311541 0.00390284665 0.03800514218 0.59932283416 0.62253359462 0.53316077103 0.48993359411 0.45986989925 0.56558819497 0.44089295062 0.53469176807 0.58088609746 0.59282056519 0.52307920512 0.53610408597 0.57589821262 0.49780343523 0.61833126887 0.67858135270 0.82277560510 1.43601446319 -148.9735911094 0.25715531441   -2 
   4 0.00000449746 0.00086395483 -69.058995821 0.12349022622 0.00390284400 0.03800513976 0.59887586632 0.62059120192 0.53339082834 0.48998179586 0.45830306226 0.56504987945 0.44021634485 0.53351760830 0.58272023098 0.59329226192 0.52185742972 0.53570715533 0.57634947519 0.49774548579 0.61914376124 0.67893704590 0.82502426073 1.43680470042 -148.8716879307 0.23579478054   -2 
   5 0.00000449747 0.00086728084 -68.793061565 0.12393402418 0.00390275792 0.03800511711 0.59784941255 0.59620646421 0.53431313033 0.48980695865 0.45075606899 0.56195458743 0.43529564216 0.52539247467 0.59496941938 0.59617891079 0.51265769230 0.53245594210 0.57941142839 0.49706830955 0.62501215286 0.68128621435 0.84147592447 1.44127112895 -148.4042300686 0.14367097338   -2 
   6 0.00000449747 0.00086502740 -68.786527776 0.12393231459 0.00390275784 0.03800511505 0.59789730087 0.59666784275 0.53413157945 0.48970872335 0.45110055479 0.56200420654 0.43527315608 0.52540661516 0.59480143962 0.59609808258 0.51256707110 0.53238691501 0.57938202014 0.49702468886 0.62501610667 0.68125236421 0.84149926443 1.44106209388 -148.3844929113 0.06906578221   -2 
   7 0.00000449748 0.00086178548 -68.245269517 0.12273092659 0.00390306909 0.03800509977 0.60260777187 0.60277116371 0.53160141204 0.48829519328 0.45792429663 0.56317227486 0.43370989222 0.52389186122 0.59518446512 0.59563632935 0.50798830803 0.53012388345 0.58006460825 0.49606372562 0.62739196995 0.68165142525 0.84790290182 1.43903320128 -148.2901250451 0.04761100415   -2 
   8 0.00000449748 0.00086011472 -68.078150760 0.12247879331 0.00390313577 0.03800508805 0.60273076437 0.60332614163 0.53125847376 0.48802968438 0.45974451131 0.56350685039 0.43322345251 0.52339939862 0.59544805400 0.59555179885 0.50647502757 0.52938753205 0.58032977948 0.49575175405 0.62823522088 0.68181930645 0.85012406581 1.43852868317 -148.2821468069 0.06988343507   -2 
   9 0.00000449749 0.00086045289 -67.810966393 0.12211618055 0.00390323280 0.03800506706 0.60235580265 0.60341476482 0.53114521764 0.48781954990 0.46223854228 0.56402889962 0.43253753196 0.52270030523 0.59596476537 0.59550046034 0.50420302237 0.52829898168 0.58078310609 0.49529660053 0.62958190637 0.68212513018 0.85360459709 1.43796263799 -148.2693995206 0.05192804158   -2 
  10 0.00000449749 0.00085931805 -67.608242679 0.12200573725 0.00390326411 0.03800503900 0.60125412743 0.60240793624 0.53137922936 0.48778744101 0.46369916331 0.56433726226 0.43202033274 0.52215767438 0.59641669450 0.59548090064 0.50240009313 0.52742903307 0.58114747635 0.49492001154 0.63067108146 0.68236895764 0.85637613795 1.43756792223 -148.2606091808 0.05522582635   -2 
  11 0.00000449749 0.00086022512 -67.427219702 0.12196548015 0.00390327711 0.03800500928 0.60031897322 0.60120308917 0.53179907215 0.48787969144 0.46457211406 0.56455224184 0.43163488123 0.52174868284 0.59683213356 0.59550044322 0.50093210636 0.52672356328 0.58146741351 0.49460959729 0.63160067678 0.68258954595 0.85868676936 1.43734236097 -148.2538612399 0.03848357429   -2 
  12 0.00000449750 0.00085983416 -67.261419404 0.12212905210 0.00390323696 0.03800496591 0.59946628145 0.59960784029 0.53231550812 0.48804006922 0.46468368525 0.56457350239 0.43132074528 0.52139911294 0.59718356187 0.59551035443 0.49962662715 0.52607793758 0.58173279073 0.49430054218 0.63242391800 0.68276381238 0.86067257974 1.43713613306 -148.2483044736 0.04475686571   -2 
  13 0.00000449750 0.00086096638 -67.097247508 0.12233077638 0.00390318687 0.03800491873 0.59905577194 0.59826819834 0.53283463778 0.48824271382 0.46441191476 0.56452049106 0.43108780385 0.52113299247 0.59749014113 0.59553456582 0.49852436988 0.52552817534 0.58196421491 0.49402517500 0.63314468703 0.68291785853 0.86235311981 1.43701726480 -148.2435996334 0.03618648866   -2 
  14 0.00000449751 0.00086087489 -66.873183475 0.12278046221 0.00390307321 0.03800483892 0.59897028246 0.59690221664 0.53335016669 0.48848552117 0.46336550216 0.56424747535 0.43084554150 0.52083802442 0.59778804904 0.59553699908 0.49722877924 0.52485432213 0.58220305068 0.49365243284 0.63398032336 0.68306497202 0.86421017283 1.43684856171 -148.2378384207 0.04437009895   -2 
  15 0.00000449751 0.00086208539 -66.670759294 0.12315770323 0.00390297821 0.03800476846 0.59925065841 0.59632053655 0.53367716020 0.48868710826 0.46228810218 0.56398447851 0.43071080047 0.52066518764 0.59799529878 0.59555271039 0.49631271847 0.52437145923 0.58237944671 0.49336907674 0.63460255604 0.68317791466 0.86551968549 1.43679713631 -148.2333615386 0.03648367083   -2 
  16 0.00000449752 0.00086195070 -66.384348065 0.12373051241 0.00390283370 0.03800466491 0.59974597858 0.59648751655 0.53376189117 0.48885733531 0.46056800563 0.56354356605 0.43062514737 0.52053506413 0.59814600379 0.59556014125 0.49538319800 0.52385726737 0.58254368496 0.49302822419 0.63525808915 0.68328147258 0.86676069952 1.43679835379 -148.2278174035 0.03948382257   -2 
  17 0.00000449753 0.00086284567 -66.180163329 0.12404644174 0.00390275460 0.03800459815 0.60010741203 0.59711213767 0.53370069599 0.48894813803 0.45949767271 0.56329692936 0.43064409980 0.52053842275 0.59821054832 0.59559177741 0.49498914611 0.52363422638 0.58263410757 0.49285762784 0.63559549575 0.68335075732 0.86730108220 1.43693261042 -148.2244931725 0.03256227786   -2 
  18 0.00000449754 0.00086244727 -65.874414828 0.12444911348 0.00390265407 0.03800450328 0.60026163004 0.59852986073 0.53335598299 0.48898155007 0.45816146308 0.56300729496 0.43077603226 0.52066769145 0.59821213923 0.59565555255 0.49479593183 0.52350506825 0.58271225939 0.49269966710 0.63588676409 0.68343097593 0.86755323353 1.43728133459 -148.2203071555 0.03238027542   -2 
  19 0.00000449754 0.00086301902 -65.654006160 0.12462131550 0.00390261191 0.03800444430 0.60026392221 0.59956044255 0.53310427041 0.48899480272 0.45752481639 0.56291852259 0.43093600768 0.52084324660 0.59820106797 0.59573749542 0.49489694829 0.52354944030 0.58275875117 0.49266453576 0.63599142813 0.68349946960 0.86747130845 1.43767182463 -148.2178050657 0.03208802929   -2 
  20 0.00000449755 0.00086217466 -65.149882470 0.12491661831 0.00390254063 0.03800431805 0.59984107090 0.60145661173 0.53248592558 0.48895242937 0.45661054225 0.56287443241 0.43138415889 0.52134936967 0.59812237828 0.59595455734 0.49551032509 0.52386129370 0.58282843131 0.49269974462 0.63603693920 0.68365291509 0.86681289809 1.43871527198 -148.2130761886 0.03903978708   -2 
  21 0.00000449756 0.00086282851 -64.843093318 0.12497848577 0.00390252736 0.03800425014 0.59971429057 0.60200574918 0.53228053195 0.48895122539 0.45648361503 0.56299111105 0.43169138406 0.52170556593 0.59809716521 0.59612431224 0.49606950679 0.52416790715 0.58287715524 0.49280081164 0.63599088450 0.68376865453 0.86626069860 1.43945106996 -148.2089744401 0.05103348292   -2 
  22 0.00000449763 0.00085969868 -62.177863241 0.12552468468 0.00390241036 0.03800365090 0.59831566133 0.60372079464 0.53081050478 0.48880394725 0.45669160764 0.56430523094 0.43443453029 0.52489896253 0.59780286183 0.59762689701 0.50164332996 0.52722920758 0.58323619609 0.49391523983 0.63522761864 0.68477488815 0.86068122931 1.44595874337 -148.1779368621 0.04741542392   -2 
  23 0.00000449765 0.00086015965 -61.226347074 0.12578811448 0.00390235174 0.03800342673 0.59911523848 0.60273010847 0.53104479637 0.48888645236 0.45738982043 0.56484835199 0.43523601455 0.52583197984 0.59782968040 0.59814124079 0.50357074709 0.52833613160 0.58340247359 0.49440548671 0.63495668644 0.68516688057 0.85897489748 1.44793852887 -148.1667243858 0.08900372740   -2 
  24 0.00000449770 0.00085752804 -59.483956750 0.12646330666 0.00390219626 0.03800299416 0.60075473933 0.60008729724 0.53175496192 0.48904285776 0.45893496260 0.56581314790 0.43658256993 0.52739476110 0.59790890514 0.59903813362 0.50708035767 0.53036781321 0.58370474433 0.49534682710 0.63443256999 0.68588257946 0.85594626858 1.45128878543 -148.1459444502 0.03387593545   -2 
  25 0.00000449773 0.00085909725 -58.401046853 0.12760921595 0.00390191884 0.03800267059 0.60152694409 0.59896156100 0.53425815801 0.48977620052 0.46106333550 0.56626123889 0.43630878292 0.52706764569 0.59867271409 0.59937191357 0.50785145083 0.53112087507 0.58414637145 0.49612027636 0.63455187293 0.68646536735 0.85659076089 1.45128210311 -148.1273963578 0.11279973729   -2 
  26 0.00000449778 0.00085776507 -56.896191147 0.12943606252 0.00390148038 0.03800219859 0.60215874256 0.59748722819 0.53777162540 0.49081098642 0.46411261942 0.56683028255 0.43578072034 0.52644161048 0.59980680975 0.59979734930 0.50875100267 0.53210834132 0.58479056256 0.49722989810 0.63476889824 0.68729577446 0.85779724833 1.45100307854 -148.1014139396 0.04044960091   -2 
  27 0.00000449786 0.00085816768 -54.372284071 0.13263864679 0.00390073183 0.03800140453 0.60053361536 0.60164786717 0.54055625090 0.49280362764 0.46806979146 0.56798325218 0.43452348178 0.52507734148 0.60260114824 0.60078878567 0.50858195204 0.53319525812 0.58652020689 0.49930464968 0.63630548953 0.68923684029 0.86339968979 1.45099245272 -148.0698070957 0.03991563296   -2 
  28 0.00000449784 0.00085778430 -55.172521566 0.13134490012 0.00390103645 0.03800168888 0.60181041800 0.60056040985 0.53817925216 0.49200150801 0.46589205621 0.56772685145 0.43516130699 0.52584227763 0.60179641318 0.60065565928 0.50834575519 0.53273841651 0.58615576040 0.49864386041 0.63619350749 0.68879715722 0.86230394133 1.45191461480 -148.0609155557 0.02714557657   -2 
  29 0.00000449785 0.00085744649 -54.747763969 0.13195083283 0.00390089487 0.03800154990 0.60101554708 0.60149849936 0.53880688550 0.49236797557 0.46662130814 0.56790306182 0.43489520290 0.52554735954 0.60229628549 0.60080863714 0.50824815402 0.53289565450 0.58645928070 0.49900252325 0.63647598767 0.68913144837 0.86336869141 1.45179810863 -148.0580848822 0.04178937447   -2 
  30 0.00000449786 0.00085826819 -54.461368612 0.13225200547 0.00390082654 0.03800146743 0.60074715961 0.60225596370 0.53884600312 0.49258748591 0.46684162636 0.56807269949 0.43479595325 0.52546012169 0.60267999304 0.60098264439 0.50807744633 0.53296608232 0.58673881900 0.49925167401 0.63681004984 0.68942893800 0.86435943035 1.45203759130 -148.0542542140 0.04423163818   -2 
  31 0.00000449792 0.00085705618 -52.821753564 0.13389821281 0.00390046022 0.03800100964 0.59984953981 0.60618124430 0.53741275202 0.49356263520 0.46698093579 0.56909855867 0.43446304134 0.52529917560 0.60496840119 0.60217212153 0.50665943561 0.53319786987 0.58858702950 0.50069892132 0.63923319564 0.69137172539 0.87104413593 1.45441037144 -148.0355453709 0.04684406738   -2 
  32 0.00000449796 0.00085773428 -51.909792076 0.13460609856 0.00390030995 0.03800077307 0.60071343116 0.60698704814 0.53650567865 0.49398302311 0.46666818816 0.56974351061 0.43454271291 0.52554056126 0.60619509356 0.60296419650 0.50589800173 0.53334170786 0.58970900736 0.50150442028 0.64077028053 0.69256300777 0.87487505848 1.45643406936 -148.0256762135 0.08856159752   -2 
  33 0.00000449803 0.00085481799 -50.019241368 0.13613853729 0.00389998780 0.03800027370 0.60284161883 0.60736946402 0.53456579770 0.49469181865 0.46572646967 0.57107041718 0.43487043840 0.52624495397 0.60867932659 0.60467902004 0.50431353503 0.53363992802 0.59211233862 0.50319184637 0.64411836776 0.69512728872 0.88297237693 1.46107102616 -148.0013733404 0.05157441598   -2 
  34 0.00000449807 0.00085495073 -49.053515324 0.13680990452 0.00389985227 0.03800002479 0.60393361857 0.60673198445 0.53416193482 0.49500276721 0.46524343226 0.57177711174 0.43526041362 0.52686069090 0.60982713408 0.60562251963 0.50370530986 0.53387239360 0.59335592230 0.50404663634 0.64586885818 0.69648096739 0.88683260185 1.46384683048 -147.9933904436 0.05573031787   -2 
  35 0.00000449812 0.00085285252 -47.686519686 0.13778921320 0.00389965611 0.03799966865 0.60479193067 0.60493128450 0.53427038644 0.49531584385 0.46457699723 0.57272807915 0.43603887969 0.52798297751 0.61123834789 0.60698366946 0.50308675331 0.53428264971 0.59509495244 0.50523076519 0.64834671915 0.69841149510 0.89184630899 1.46809074262 -147.9833597022 0.05140985156   -2 
  36 0.00000449813 0.00085379199 -47.414694817 0.13792567201 0.00389963116 0.03799960340 0.60439463169 0.60449775166 0.53497550324 0.49533771844 0.46460706563 0.57287845133 0.43637267185 0.52839093147 0.61131045107 0.60724750213 0.50325282249 0.53445812587 0.59537031474 0.50541943664 0.64874613928 0.69875541072 0.89222181325 1.46906807087 -147.9766546541 0.06428751668   -2 
  37 0.00000449818 0.00085243911 -46.373569330 0.13860346461 0.00389949996 0.03799934548 0.60140183953 0.60252706325 0.53868627335 0.49520235963 0.46494368688 0.57324538395 0.43794169369 0.53023697451 0.61108712099 0.60816681974 0.50440872178 0.53526970065 0.59624166063 0.50602445933 0.65005639027 0.69995029075 0.89236661602 1.47285899608 -147.9543147076 0.03000696147   -2 
  38 0.00000449817 0.00085284989 -46.589708430 0.13854348809 0.00389950809 0.03799939821 0.60301947749 0.60378637325 0.53784671041 0.49515618489 0.46511113131 0.57300163594 0.43773396660 0.52993297875 0.61077019390 0.60784492073 0.50460736103 0.53520848785 0.59585041530 0.50577245513 0.64949873277 0.69953213086 0.89116144302 1.47180748502 -147.9493639112 0.03379183591   -2 
  39 0.00000449817 0.00085232965 -46.637240877 0.13856163268 0.00389950261 0.03799940918 0.60333753338 0.60412906431 0.53770098643 0.49512484221 0.46519829092 0.57291170756 0.43772465864 0.52989551811 0.61061369524 0.60774787593 0.50475884607 0.53522298881 0.59571805577 0.50568850631 0.64931413037 0.69940444006 0.89062022346 1.47153786311 -147.9478088187 0.02333222130   -2 
  40 0.00000449817 0.00085277808 -46.760373202 0.13865075931 0.00389947916 0.03799944714 0.60424593242 0.60586927506 0.53783858843 0.49501872799 0.46597060937 0.57249605822 0.43805854240 0.53010700601 0.60955253704 0.60733610619 0.50615614036 0.53555504385 0.59500615971 0.50524444864 0.64831309764 0.69879689367 0.88685143795 1.47066660507 -147.9421726484 0.02746409708   -2 
  41 0.00000449817 0.00085232510 -46.784756915 0.13868815653 0.00389947024 0.03799945695 0.60416965744 0.60609675315 0.53797239707 0.49499644024 0.46619675960 0.57239696934 0.43819323230 0.53021159114 0.60924114891 0.60723603218 0.50661628309 0.53567759768 0.59480560550 0.50511750609 0.64802896815 0.69863392683 0.88570058636 1.47050109334 -147.9407345311 0.02777156264   -2 
  42 0.00000449817 0.00085295707 -46.826353599 0.13873800818 0.00389946009 0.03799949529 0.60330985437 0.60626482066 0.53880980823 0.49502180156 0.46706980962 0.57217684342 0.43882641301 0.53076002714 0.60816012914 0.60697691625 0.50849140408 0.53623455673 0.59412447636 0.50468062699 0.64704094085 0.69811371432 0.88139129932 1.47028334501 -147.9359712523 0.01727554758   -2 
  43 0.00000449817 0.00085266000 -46.822344037 0.13874312421 0.00389945990 0.03799950322 0.60309555057 0.60596213228 0.53894217038 0.49503391666 0.46717067234 0.57217504250 0.43895304420 0.53087863153 0.60800901567 0.60695921338 0.50884118870 0.53634941578 0.59402239802 0.50460929702 0.64688720762 0.69804281590 0.88066441912 1.47034208320 -147.9352649587 0.02026696325   -2 
  44 0.00000449817 0.00085298932 -46.790844986 0.13870638135 0.00389947192 0.03799952404 0.60273503889 0.60498830031 0.53922597197 0.49509529141 0.46732772876 0.57224623130 0.43925688086 0.53117779604 0.60775945523 0.60697645160 0.50963307631 0.53663146153 0.59383905069 0.50447064365 0.64659533914 0.69793170235 0.87916168789 1.47064654620 -147.9337800417 0.00991630941   -2 
  45 0.00000449818 0.00085273708 -46.766925698 0.13869380632 0.00389947674 0.03799953178 0.60275697142 0.60461120850 0.53919540480 0.49510066745 0.46727151013 0.57229507121 0.43933073357 0.53125673119 0.60775425235 0.60700856572 0.50983205545 0.53671262027 0.59381409432 0.50443969579 0.64654677877 0.69792571097 0.87885538858 1.47081009285 -147.9334341443 0.01442727749   -2 
  46 0.00000449818 0.00085284501 -46.710757496 0.13865111247 0.00389949080 0.03799954714 0.60292749668 0.60399167837 0.53908774229 0.49511433870 0.46711544646 0.57240972461 0.43945549710 0.53139614045 0.60780024424 0.60709115178 0.51016521266 0.53686000143 0.59379564235 0.50439559179 0.64649226242 0.69793973300 0.87841679429 1.47116716216 -147.9328488158 0.00833586948   -2 
  47 0.00000449819 0.00085244893 -46.633201510 0.13863308542 0.00389950031 0.03799956410 0.60309089438 0.60376766037 0.53883044815 0.49508957515 0.46682819529 0.57252270589 0.43952174010 0.53148123132 0.60793957050 0.60719321492 0.51038712103 0.53697750252 0.59382039885 0.50436746526 0.64649872968 0.69798782543 0.87825658644 1.47154173385 -147.9323505442 0.01761201218   -2 
  48 0.00000449820 0.00085246523 -46.503099966 0.13859783461 0.00389951733 0.03799959144 0.60335135147 0.60361406865 0.53844020983 0.49505649863 0.46637241397 0.57270393895 0.43961211344 0.53160301998 0.60818764364 0.60736298062 0.51070037978 0.53715483635 0.59387758174 0.50433341834 0.64653320121 0.69807887981 0.87810300124 1.47213820206 -147.9315936292 0.01116872614   -2 
  49 0.00000449822 0.00085186298 -46.289708568 0.13864378084 0.00389952115 0.03799963224 0.60326001923 0.60404095906 0.53798815135 0.49498101943 0.46573053431 0.57289663128 0.43966061768 0.53169241232 0.60858628253 0.60759370908 0.51099708644 0.53735791972 0.59399598182 0.50430120565 0.64664010580 0.69823377283 0.87818588650 1.47287621041 -147.9304975371 0.02153795453   -2 
  50 0.00000449823 0.00085198188 -46.131018591 0.13868626045 0.00389952208 0.03799966207 0.60317698376 0.60444449620 0.53774953849 0.49494094539 0.46531962589 0.57302395254 0.43968476414 0.53174521114 0.60887412194 0.60775730812 0.51117749162 0.53749399549 0.59409153742 0.50428699933 0.64673221721 0.69835316834 0.87831285411 1.47337812177 -147.9297138313 0.01261351033   -2 
  51 0.00000449827 0.00085141610 -45.754254593 0.13901334937 0.00389947243 0.03799972708 0.60266594193 0.60542260142 0.53780062016 0.49488256305 0.46479463843 0.57312694712 0.43962732435 0.53173199073 0.60941766987 0.60803409176 0.51131154917 0.53768725532 0.59432996080 0.50429275793 0.64699614308 0.69862497092 0.87897464464 1.47409185369 -147.9277881183 0.02475226745   -2 
  52 0.00000449830 0.00085152832 -45.388505554 0.13934685354 0.00389942095 0.03799979002 0.60231243761 0.60626848193 0.53796737590 0.49485806523 0.46440036454 0.57321357211 0.43956909836 0.53171499848 0.60991988249 0.60829257849 0.51140541717 0.53786173893 0.59456944474 0.50431328903 0.64726572351 0.69889483639 0.87967202169 1.47473453501 -147.9265197981 0.02058911879   -2 
  53 0.00000449859 0.00084982797 -42.639118390 0.14285693308 0.00389882314 0.03800026797 0.60307614844 0.60745227189 0.54119704152 0.49522508115 0.46415048192 0.57337433107 0.43904561299 0.53143859071 0.61281578294 0.60984858154 0.51125936684 0.53881561092 0.59646123414 0.50477613230 0.64951038557 0.70098106021 0.88591336628 1.47808878077 -147.9103468359 0.05160434362   -2 
  54 0.00000449864 0.00085036955 -42.170544420 0.14345642705 0.00389872431 0.03800035423 0.60331812241 0.60751528648 0.54170874506 0.49535851201 0.46425233109 0.57345815299 0.43900704440 0.53144925534 0.61328758088 0.61013500080 0.51125382935 0.53899870908 0.59681098187 0.50489447720 0.64992485508 0.70137092278 0.88700171178 1.47874363574 -147.9073913826 0.02762721754   -2 
  55 0.00000449886 0.00084915861 -40.149646466 0.14618478306 0.00389827862 0.03800076921 0.60440586225 0.60475995449 0.54225096885 0.49678082277 0.46687257877 0.57454114590 0.43963950474 0.53236751939 0.61451743246 0.61145230817 0.51151401848 0.53997938817 0.59851543643 0.50596861109 0.65195604330 0.70335226047 0.89132878925 1.48236175992 -147.8937485542 0.02584472347   -2 
  56 0.00000449890 0.00084957529 -39.832337124 0.14655730495 0.00389822246 0.03800084513 0.60427710717 0.60474863132 0.54208782841 0.49710015716 0.46752240362 0.57487747443 0.43992469567 0.53271495536 0.61459680718 0.61170627730 0.51167934237 0.54020505124 0.59882816782 0.50626648933 0.65232451502 0.70373721828 0.89185955945 1.48320427871 -147.8915346854 0.04236672188   -2 
  57 0.00000449906 0.00084808376 -38.556811343 0.14813308379 0.00389798377 0.03800116997 0.60307704155 0.60519526860 0.54098795596 0.49844300396 0.47043227855 0.57642199090 0.44133564629 0.53439593404 0.61470654786 0.61277222784 0.51252417531 0.54121190694 0.60014336958 0.50766436649 0.65387441760 0.70539096667 0.89374111009 1.48694674068 -147.8822881357 0.01660677399   -2 
  58 0.00000449915 0.00084730752 -37.813988355 0.14902319199 0.00389785344 0.03800139418 0.60341852392 0.60676057860 0.54057853967 0.49905542339 0.47191714021 0.57751284139 0.44254504386 0.53577855011 0.61462103327 0.61351444424 0.51343214008 0.54201820154 0.60100127402 0.50883409836 0.65487310978 0.70653638790 0.89428370468 1.48977404823 -147.8792851804 0.02310912060   -2 
  59 0.00000449916 0.00084680504 -37.752998220 0.14911639585 0.00389783853 0.03800141713 0.60355195394 0.60691699581 0.54063057709 0.49906935329 0.47196416303 0.57760336752 0.44267395563 0.53592100988 0.61461608257 0.61358986965 0.51355611994 0.54211076267 0.60108151604 0.50896963662 0.65496497425 0.70665072461 0.89426746481 1.49006696768 -147.8785455395 0.01835784653   -2 
  60 0.00000449921 0.00084616263 -37.438422062 0.14957332964 0.00389776711 0.03800156806 0.60533194232 0.60803706145 0.54175002834 0.49896787934 0.47165667078 0.57813245857 0.44355959408 0.53687885217 0.61471520414 0.61413967828 0.51458368183 0.54280971778 0.60159744119 0.50996188122 0.65553755609 0.70741675017 0.89381535973 1.49212811135 -147.8749765456 0.01145927104   -2 
  61 0.00000449921 0.00084608661 -37.474942952 0.14955799219 0.00389776774 0.03800156914 0.60468782390 0.60775610681 0.54185764594 0.49899839297 0.47152476591 0.57810603525 0.44352530097 0.53683891225 0.61483010400 0.61417180254 0.51463378910 0.54283995874 0.60160594087 0.50998034314 0.65553929245 0.70742840423 0.89379939260 1.49214443228 -147.8742571372 0.01855484657   -2 
  62 0.00000449921 0.00084645974 -37.499528754 0.14954070225 0.00389776974 0.03800157417 0.60426171972 0.60756393519 0.54198386975 0.49902807741 0.47140295838 0.57809976954 0.44351817138 0.53682906629 0.61494053391 0.61421776523 0.51470728778 0.54288715102 0.60162884986 0.51002363528 0.65555744057 0.70746064079 0.89377725178 1.49221804688 -147.8737505725 0.00654680746   -2 
  63 0.00000449922 0.00084643286 -37.557492412 0.14959874586 0.00389775442 0.03800163672 0.60417001492 0.60714527712 0.54250473291 0.49900941962 0.47074460511 0.57809688532 0.44364091199 0.53694230435 0.61537594620 0.61448351719 0.51524700917 0.54322598859 0.60180397796 0.51042887629 0.65572282057 0.70773391670 0.89348081186 1.49283487968 -147.8729347520 0.01346249493   -2 
  64 0.00000449922 0.00084664730 -37.572348025 0.14960800737 0.00389775177 0.03800165663 0.60421984988 0.60708575215 0.54263644072 0.49900766539 0.47057233048 0.57810272972 0.44368157738 0.53698114465 0.61549931809 0.61456308847 0.51540773229 0.54332810834 0.60185860516 0.51055254333 0.65577522861 0.70781840944 0.89339770637 1.49302310079 -147.8727201267 0.00656948517   -2 
  65 0.00000449923 0.00084648005 -37.611733760 0.14964567426 0.00389774231 0.03800173398 0.60478549860 0.60737540517 0.54273100010 0.49898779411 0.47021353805 0.57813470986 0.44382276331 0.53711874709 0.61580112608 0.61478990150 0.51590685060 0.54364922272 0.60203451385 0.51096729051 0.65595000568 0.70809517597 0.89313944130 1.49357511679 -147.8722254954 0.00566809546   -2 
  66 0.00000449923 0.00084656477 -37.615828118 0.14964321418 0.00389774287 0.03800174848 0.60483604174 0.60746358302 0.54271886665 0.49899735246 0.47020780873 0.57815144029 0.44384728569 0.53714454888 0.61583556564 0.61482285542 0.51597572135 0.54369640524 0.60206398263 0.51103045262 0.65598046390 0.70813964141 0.89311682828 1.49365757482 -147.8721679530 0.00582851823   -2 
  67 0.00000449924 0.00084638768 -37.636100524 0.14963324841 0.00389774530 0.03800183495 0.60489369092 0.60800221937 0.54254896092 0.49907350420 0.47032480491 0.57826505211 0.44398200092 0.53728995340 0.61597298221 0.61498604651 0.51632033986 0.54394095780 0.60222575211 0.51137034743 0.65615144673 0.70838135152 0.89303735396 1.49406932228 -147.8719122343 0.00325894095   -2 
  68 0.00000449924 0.00084646850 -37.637653882 0.14962388392 0.00389774764 0.03800185875 0.60484844672 0.60799393676 0.54253713874 0.49911236911 0.47042996547 0.57830665205 0.44400998379 0.53732345976 0.61597818383 0.61501242845 0.51636424082 0.54398073555 0.60226147249 0.51143138901 0.65619165687 0.70843029692 0.89306631646 1.49413497001 -147.8718605870 0.00641158780   -2 
  69 0.00000449925 0.00084636094 -37.642886272 0.14960628911 0.00389775251 0.03800193218 0.60468201584 0.60790550485 0.54250220899 0.49922630395 0.47076312406 0.57842821834 0.44408898364 0.53741896921 0.61597914504 0.61508270061 0.51648073615 0.54409152127 0.60236491819 0.51160734844 0.65630951177 0.70857154435 0.89316448333 1.49430783482 -147.8717227960 0.00195378961   -2 
  70 0.00000449926 0.00084635321 -37.643343666 0.14961320651 0.00389775204 0.03800197751 0.60486675448 0.60781542087 0.54254878397 0.49924715206 0.47088233508 0.57845675916 0.44410490005 0.53744073791 0.61595034798 0.61508842538 0.51647912651 0.54411018470 0.60239752403 0.51165481620 0.65635125787 0.70861298755 0.89324788778 1.49431265298 -147.8716783091 0.00182386767   -2 
  71 0.00000449926 0.00084632536 -37.643424703 0.14961537163 0.00389775173 0.03800198393 0.60487780380 0.60781046813 0.54255525174 0.49924837721 0.47089344140 0.57845906848 0.44410615966 0.53744262469 0.61594650660 0.61508842830 0.51647717764 0.54411142538 0.60240103585 0.51165947446 0.65635597725 0.70861729121 0.89325926772 1.49431147957 -147.8716749857 0.00084471349   -2 
  72 0.00000449927 0.00084632798 -37.641799152 0.14963885746 0.00389774963 0.03800207644 0.60486362261 0.60789756788 0.54266316253 0.49925871909 0.47097883786 0.57848296534 0.44411851070 0.53746308697 0.61590920941 0.61508872320 0.51643414638 0.54411719060 0.60244335700 0.51170254365 0.65641417817 0.70866556934 0.89342481102 1.49430135570 -147.8716554602 0.00043866795   -2 
  73 0.00000449928 0.00084632508 -37.641400971 0.14964332279 0.00389774927 0.03800209533 0.60486208449 0.60791118979 0.54267994775 0.49926097885 0.47099287749 0.57848759601 0.44412104361 0.53746716551 0.61590337660 0.61508932917 0.51642629454 0.54411847838 0.60245157279 0.51171069088 0.65642542371 0.70867494815 0.89345629970 1.49430121810 -147.8716550449 0.00047612124   -2 
  74 0.00000449930 0.00084631304 -37.634670436 0.14966837919 0.00389774986 0.03800227167 0.60491472350 0.60788893819 0.54264969085 0.49929072945 0.47100465544 0.57852487660 0.44414684748 0.53750373415 0.61591628078 0.61511720576 0.51638982337 0.54413662557 0.60251436276 0.51176499224 0.65650866270 0.70874634262 0.89366615676 1.49437680271 -147.8716460238 0.00064859049   -2 
  75 0.00000449931 0.00084632219 -37.633108522 0.14967251311 0.00389775024 0.03800230842 0.60491944130 0.60788761952 0.54264486087 0.49929646202 0.47100562536 0.57853196678 0.44415207422 0.53751092725 0.61592065943 0.61512345023 0.51638440926 0.54414074430 0.60252644015 0.51177541319 0.65652453725 0.70876018561 0.89370424893 1.49439400780 -147.8716452998 0.00063093878   -2 
  76 0.00000449933 0.00084630652 -37.626386557 0.14968746738 0.00389775235 0.03800245812 0.60490106878 0.60789368609 0.54263126662 0.49931484344 0.47100174029 0.57855516423 0.44417135357 0.53753650627 0.61594457456 0.61514925200 0.51637221984 0.54415812582 0.60256940662 0.51181266201 0.65658068039 0.70881013319 0.89382926844 1.49446620321 -147.8716422237 0.00066139726   -2 
  77 0.00000449934 0.00084631550 -37.624244239 0.14969076564 0.00389775321 0.03800250152 0.60489550428 0.60789894402 0.54263122730 0.49931891043 0.47100005866 0.57856049348 0.44417636966 0.53754289416 0.61595257586 0.61515665039 0.51637144350 0.54416334761 0.60258009693 0.51182207184 0.65659451187 0.70882277866 0.89385712460 1.49448693380 -147.8716414515 0.00059554425   -2 
  78 0.00000449936 0.00084629227 -37.614748252 0.14970431079 0.00389775700 0.03800268817 0.60486916667 0.60792758572 0.54264448855 0.49932811175 0.47098984562 0.57857469621 0.44419379784 0.53756384742 0.61598858154 0.61518572314 0.51637895612 0.54418512621 0.60261644562 0.51185514487 0.65664123385 0.70886710491 0.89393699918 1.49456846672 -147.8716386038 0.00069663677   -2 
  79 0.00000449938 0.00084629963 -37.609029633 0.14971113575 0.00389775928 0.03800279507 0.60487179360 0.60794220145 0.54265771804 0.49933075679 0.47098553920 0.57857971969 0.44420184840 0.53757293339 0.61600855854 0.61520064721 0.51638821975 0.54419718035 0.60263255513 0.51187045419 0.65666165159 0.70888747711 0.89396356512 1.49460991831 -147.8716368445 0.00117184495   -2 
  80 0.00000449946 0.00084622805 -37.578788948 0.14975086580 0.00389777082 0.03800336415 0.60490505115 0.60800483293 0.54273004155 0.49933851820 0.47096507378 0.57859926130 0.44423982220 0.53761451682 0.61610992901 0.61527451798 0.51644401785 0.54425893910 0.60270852393 0.51194443761 0.65675760774 0.70898528834 0.89407072492 1.49481459786 -147.8716305938 0.00078204895   -2 
  81 0.00000449951 0.00084620121 -37.561244789 0.14977465061 0.00389777737 0.03800369318 0.60493275296 0.60803072694 0.54276789923 0.49934418074 0.47095925670 0.57861053995 0.44426007753 0.53763652207 0.61616401287 0.61531433187 0.51647848262 0.54429343097 0.60274815682 0.51198368315 0.65680725104 0.70903694374 0.89411928967 1.49492380757 -147.8716278602 0.00085213135   -2 
  82 0.00000449963 0.00084613453 -37.516777204 0.14984350545 0.00389779222 0.03800452993 0.60501648409 0.60803303039 0.54282847254 0.49936844215 0.47098216699 0.57864189707 0.44430163006 0.53768131173 0.61626995244 0.61539675564 0.51657433348 0.54437252703 0.60282432872 0.51206281488 0.65690003946 0.70913965935 0.89417333988 1.49514357246 -147.8716224453 0.00120950379   -2 
  83 0.00000449970 0.00084612715 -37.491831673 0.14988259851 0.00389780048 0.03800499856 0.60505090489 0.60803230356 0.54285486795 0.49938542006 0.47100243079 0.57866181954 0.44432361130 0.53770537334 0.61632247591 0.61543945291 0.51662803460 0.54441500371 0.60286306170 0.51210347084 0.65694644732 0.70919234421 0.89419509167 1.49525666238 -147.8716188549 0.00146816085   -2 
  84 0.00000449985 0.00084604848 -37.435141013 0.14997741994 0.00389781822 0.03800607129 0.60507448712 0.60802572531 0.54289022681 0.49943056954 0.47106560491 0.57871185709 0.44436925909 0.53775649292 0.61642126704 0.61552571341 0.51674797745 0.54450561982 0.60294016271 0.51218571482 0.65703675819 0.70929852529 0.89422361178 1.49548261650 -147.8716071433 0.00218814685   -2 
  85 0.00000450000 0.00084604532 -37.379446771 0.15006908187 0.00389783589 0.03800712219 0.60508052377 0.60802953265 0.54291728241 0.49947872619 0.47113426398 0.57876476064 0.44441285190 0.53780633490 0.61650867286 0.61560578830 0.51686274964 0.54459148094 0.60301161627 0.51226182403 0.65711923540 0.70939699706 0.89424768474 1.49569205182 -147.8715920458 0.00156374176   -2 
  86 0.00000450004 0.00084600915 -37.366164897 0.15009278862 0.00389783983 0.03800737643 0.60505294035 0.60804314559 0.54291077279 0.49949134215 0.47115491535 0.57877990502 0.44442043617 0.53781657609 0.61651388754 0.61561666141 0.51688298201 0.54460611864 0.60302214104 0.51227287510 0.65712983279 0.70941158387 0.89425068230 1.49572104070 -147.8715848175 0.00190369970   -2 
  87 0.00000450015 0.00084601222 -37.326486241 0.15015976221 0.00389785215 0.03800812873 0.60496373333 0.60810213012 0.54288344427 0.49953148085 0.47122081734 0.57882924786 0.44444089158 0.53784655353 0.61651373770 0.61564109027 0.51693474332 0.54464345932 0.60304716357 0.51229816985 0.65715222703 0.70944590066 0.89425988300 1.49578804387 -147.8715782624 0.00131717525   -2 
  88 0.00000450015 0.00084603328 -37.327143686 0.15015744612 0.00389785216 0.03800811461 0.60497635054 0.60810090782 0.54288310113 0.49952987483 0.47121890569 0.57882845439 0.44443947334 0.53784542379 0.61650837119 0.61563756532 0.51692990812 0.54464011344 0.60304433866 0.51229477965 0.65714850359 0.70944182742 0.89426068955 1.49577982011 -147.8715758059 0.00113248869   -2 
  89 0.00000450014 0.00084601264 -37.329432927 0.15014937716 0.00389785254 0.03800807262 0.60507150491 0.60808430677 0.54286760083 0.49951331218 0.47120416725 0.57882254888 0.44442432947 0.53783429528 0.61644496307 0.61559871250 0.51688162117 0.54460622541 0.60301409863 0.51225894734 0.65710770185 0.70939872911 0.89426646158 1.49568923667 -147.8715648235 0.00086151655   -2 
  90 0.00000450014 0.00084602749 -37.328527945 0.15015045538 0.00389785290 0.03800808966 0.60503221694 0.60809091384 0.54287052962 0.49951697867 0.47120761720 0.57882446112 0.44442645771 0.53783620060 0.61645219587 0.61560339055 0.51688724604 0.54461013347 0.60301742451 0.51226249747 0.65711183673 0.70940329576 0.89426617658 1.49570097396 -147.8715627223 0.00081453024   -2 
  91 0.00000450014 0.00084601624 -37.328068033 0.15015106077 0.00389785316 0.03800809999 0.60501329575 0.60809247331 0.54286997941 0.49951730205 0.47120821326 0.57882479904 0.44442595676 0.53783599072 0.61644933940 0.61560175503 0.51688528362 0.54460864108 0.60301588613 0.51226045126 0.65710951374 0.70940103800 0.89426624242 1.49569774079 -147.8715615089 0.00075072787   -2 
  92 0.00000450015 0.00084603629 -37.325942624 0.15015058878 0.00389785488 0.03800814248 0.60496311216 0.60809799335 0.54286633610 0.49951697899 0.47120925338 0.57882619854 0.44442177072 0.53783387246 0.61642719813 0.61558888701 0.51686924421 0.54459696395 0.60300458778 0.51224580369 0.65709301632 0.70938451955 0.89426819937 1.49567019423 -147.8715581754 0.00078834972   -2 
  93 0.00000450016 0.00084602891 -37.323185627 0.15015072996 0.00389785707 0.03800820097 0.60492417913 0.60809695775 0.54285779273 0.49951333580 0.47120806566 0.57882565157 0.44441419813 0.53782904808 0.61639224798 0.61556784276 0.51684350010 0.54457800730 0.60298628225 0.51222269681 0.65706687865 0.70935811747 0.89426942981 1.49562377189 -147.8715554696 0.00120370745   -2 
  94 0.00000450017 0.00084606158 -37.318077168 0.15014947086 0.00389786131 0.03800830791 0.60489583417 0.60808952044 0.54284171968 0.49950508522 0.47120424085 0.57882308545 0.44439979643 0.53781939706 0.61632847743 0.61552884293 0.51679557720 0.54454256860 0.60295211395 0.51217963722 0.65701832180 0.70930893656 0.89427086352 1.49553735280 -147.8715499552 0.00149323924   -2 
  95 0.00000450020 0.00084604724 -37.311202844 0.15014943801 0.00389786695 0.03800845991 0.60488536406 0.60806859100 0.54281641215 0.49948995380 0.47119556612 0.57881554457 0.44437831909 0.53780376429 0.61624017047 0.61547346443 0.51672789833 0.54449197449 0.60290317336 0.51211849269 0.65694940790 0.70923894792 0.89426985286 1.49541448859 -147.8715430496 0.00114861622   -2 
  96 0.00000450021 0.00084606619 -37.308059274 0.15014851543 0.00389786984 0.03800853188 0.60490790937 0.60805499644 0.54280610521 0.49948168357 0.47118961364 0.57880954641 0.44436857304 0.53779578968 0.61620543966 0.61545025933 0.51669901585 0.54446987923 0.60288169893 0.51209157838 0.65691945507 0.70920837225 0.89426697032 1.49536349176 -147.8715396935 0.00103715870   -2 
  97 0.00000450021 0.00084605051 -37.306218150 0.15014860919 0.00389787158 0.03800858015 0.60493126739 0.60804251860 0.54279956503 0.49947479971 0.47118383972 0.57880313708 0.44436210724 0.53778964049 0.61618741326 0.61543677449 0.51668204003 0.54445636696 0.60286842922 0.51207504897 0.65690130342 0.70918969795 0.89426269462 1.49533399474 -147.8715376762 0.00046746476   -2 
  98 0.00000450022 0.00084605614 -37.305567402 0.15014803905 0.00389787250 0.03800860236 0.60494741670 0.60803734611 0.54279929417 0.49947147549 0.47117995272 0.57879838257 0.44436003542 0.53778666458 0.61618786326 0.61543465909 0.51667855683 0.54445285783 0.60286482771 0.51207036126 0.65689671808 0.70918481943 0.89425847287 1.49533004675 -147.8715370674 0.00045779665   -2 
  99 0.00000450022 0.00084604704 -37.305126701 0.15014781149 0.00389787328 0.03800862411 0.60495979621 0.60803256100 0.54279986427 0.49946806747 0.47117553666 0.57879281994 0.44435839046 0.53778361033 0.61619242023 0.61543451660 0.51667732751 0.54445077305 0.60286253996 0.51206729067 0.65689414486 0.70918189849 0.89425308469 1.49533066944 -147.8715366268 0.00031396753   -2 
 100 0.00000450022 0.00084605007 -37.304573997 0.15014679092 0.00389787473 0.03800865945 0.60497073715 0.60802915951 0.54280318001 0.49946378071 0.47116868797 0.57878399353 0.44435687246 0.53777926455 0.61620619124 0.61543776686 0.51667908504 0.54444995136 0.60286126981 0.51206506850 0.65689344836 0.70918057951 0.89424364381 1.49533971828 -147.8715361425 0.00040250475   -2 
 101 0.00000450023 0.00084604234 -37.303799244 0.15014555193 0.00389787703 0.03800871763 0.60498108104 0.60802485732 0.54280846718 0.49945720770 0.47115778987 0.57876989738 0.44435465844 0.53777233736 0.61622991580 0.61544385848 0.51668297517 0.54444930349 0.60285984623 0.51206224948 0.65689326445 0.70917937252 0.89422773717 1.49535599878 -147.8715334032 0.00033702131   -2 
 102 0.00000450023 0.00084604727 -37.304285767 0.15014633985 0.00389787608 0.03800869632 0.60495849000 0.60803214291 0.54280575692 0.49946231308 0.47116442624 0.57877839525 0.44435652080 0.53777634478 0.61622143363 0.61544295250 0.51668354954 0.54445125273 0.60286207290 0.51206530976 0.65689557383 0.70918215193 0.89423476174 1.49535205914 -147.8715328402 0.00017833816   -2 
 103 0.00000450023 0.00084604257 -37.304096194 0.15014608990 0.00389787668 0.03800871406 0.60496508908 0.60802993433 0.54280730662 0.49946021531 0.47116104955 0.57877400116 0.44435590953 0.53777423374 0.61622913959 0.61544508272 0.51668514939 0.54445133088 0.60286189259 0.51206480075 0.65689591412 0.70918216865 0.89422964440 1.49535781013 -147.8715327208 0.00026524318   -2 
 104 0.00000450024 0.00084604603 -37.303849992 0.15014557682 0.00389787761 0.03800874172 0.60496954748 0.60802910277 0.54280961066 0.49945826931 0.47115709300 0.57876881235 0.44435548499 0.53777170408 0.61624113178 0.61544899300 0.51668850505 0.54445223136 0.60286240311 0.51206492150 0.65689745385 0.70918326213 0.89422239223 1.49536748261 -147.8715325223 0.00029892819   -2 
 105 0.00000450025 0.00084603810 -37.303428627 0.15014516757 0.00389787974 0.03800880945 0.60496902919 0.60802921551 0.54281375903 0.49945492283 0.47114918509 0.57875839727 0.44435486339 0.53776638491 0.61626867892 0.61545850747 0.51669721793 0.54445505138 0.60286429216 0.51206609268 0.65690202081 0.70918680250 0.89420586970 1.49539039477 -147.8715321632 0.00029562895   -2 
 106 0.00000450025 0.00084604346 -37.303399866  0.1501451312 0.00389788001 0.03800881714 0.60496656866 0.60803048151 0.54281377165 0.49945543163 0.47114940161 0.57875866332 0.44435505794 0.53776638752 0.61627040246 0.61545939835 0.51669822773 0.54445558510 0.60286476343 0.51206654861 0.65690278408 0.70918749447 0.89420496214 1.49539230780 -147.8715320303 0.00023164257   -2 
 107 0.00000450025 0.00084604296 -37.303418408 0.15014597488 0.00389788094 0.03800885077 0.60495185297 0.60803548378 0.54281219094 0.49945812089 0.47115135302 0.57876115359 0.44435592432 0.53776681006 0.61627543792 0.61546257210 0.51670235860 0.54445790785 0.60286683170 0.51206873530 0.65690612033 0.70919057424 0.89420180960 1.49539828630 -147.8715317269 0.00009052170    0 
-- Found new optimum with likelihood -147.871531726983676 and gradient 0.00009

---- Best joint likelihood found -147.871531726983676 with gradient 0.00009

---- Results for /scratch/40841170/tmpkkwqxho0 
--  Model: C
--        eps_an     theta_bar             a 
-- 0.00000450025 0.00084604296            -1 
--           S_d             b           p_b           S_b 
-- -37.303418408 0.15014597488 0.00389788094 0.03800885077 
--           r 2           r 3           r 4           r 5           r 6           r 7           r 8           r 9          r 10          r 11          r 12          r 13          r 14          r 15          r 16          r 17          r 18          r 19 
-- 0.60495185297 0.60803548378 0.54281219094 0.49945812089 0.47115135302 0.57876115359 0.44435592432 0.53776681006 0.61627543792 0.61546257210 0.51670235860 0.54445790785 0.60286683170 0.51206873530 0.65690612033 0.70919057424 0.89420180960 1.49539828630 

---- Expected P_neut(i), 0 < i < n (neutral SFS per site) 
E[P_neut(1)] = 0.0008460395
E[P_neut(2)] = 0.0002559067
E[P_neut(3)] = 0.0001714741
E[P_neut(4)] = 0.0001148102
E[P_neut(5)] = 0.0000845124
E[P_neut(6)] = 0.0000664356
E[P_neut(7)] = 0.0000699508
E[P_neut(8)] = 0.0000469930
E[P_neut(9)] = 0.0000505526
E[P_neut(10)] = 0.0000521395
E[P_neut(11)] = 0.0000473371
E[P_neut(12)] = 0.0000364294
E[P_neut(13)] = 0.0000354336
E[P_neut(14)] = 0.0000364324
E[P_neut(15)] = 0.0000288824
E[P_neut(16)] = 0.0000347360
E[P_neut(17)] = 0.0000352951
E[P_neut(18)] = 0.0000420306
E[P_neut(19)] = 0.0000665915

---- Expected P_sel(i), 0 < i < n (selected SFS per site) 
E[P_sel(1)] = 0.0006255586
E[P_sel(2)] = 0.0001683149
E[P_sel(3)] = 0.0001058041
E[P_sel(4)] = 0.0000678968
E[P_sel(5)] = 0.0000484323
E[P_sel(6)] = 0.0000371383
E[P_sel(7)] = 0.0000383096
E[P_sel(8)] = 0.0000252915
E[P_sel(9)] = 0.0000267979
E[P_sel(10)] = 0.0000272706
E[P_sel(11)] = 0.0000244628
E[P_sel(12)] = 0.0000186219
E[P_sel(13)] = 0.0000179331
E[P_sel(14)] = 0.0000182700
E[P_sel(15)] = 0.0000143609
E[P_sel(16)] = 0.0000171347
E[P_sel(17)] = 0.0000172813
E[P_sel(18)] = 0.0000204355
E[P_sel(19)] = 0.0000321641

---- alpha_dfe = 0.008327

