---- Running command
---- ./polyDFE -d /scratch/40840718/tmp7x8lus4u -m C -i /scratch/40840718/tmpuq8zwu18 1 -v 1 
---- Performing inference using model C

---- Performing inference on /scratch/40840718/tmp7x8lus4u
----      with -i /scratch/40840718/tmpuq8zwu18 1
---- Data /scratch/40840718/tmp7x8lus4u does not contain divergence counts. Using option -w.
---- No mutation variability. Using Poisson likelihood.


---- Using provided initial values

-- Starting local optimization
-- Optimizing all parameters
  it        eps_an     theta_bar           S_d             b           p_b           S_b           r 2           r 3           r 4           r 5           r 6           r 7           r 8           r 9          r 10          r 11          r 12          r 13          r 14           ln lk          grad status 
   0 0.00000450123  0.0008663822 -44.346810000     0.1221405    0.01060767    0.09636954     0.6268517     0.6514728     0.6820074     0.5848618     0.7565646     0.6523473     0.6349214     0.7005902     0.6139579     0.6324166     0.6421517     0.7478784       1.22486 -101.0511401480 0.67952993125   -2 
   1 0.00000450122 0.00087707236 -44.304308927 0.12183690689 0.01060825190 0.09636970588 0.62827924910 0.65183996964 0.68417945523 0.58530826482 0.75712139346 0.65493071472 0.63612114137 0.70071907174 0.61524255280 0.63193903167 0.64336494655 0.74650036047 1.22404362961 -100.5523858880 0.31477081330   -2 
   2 0.00000450122 0.00086270915 -44.276050527 0.12054251038 0.01061045347 0.09636979325 0.64207010071 0.64441404516 0.73505025202 0.59005881611 0.76230867007 0.72895481062 0.66695993269 0.69816204673 0.65068634376 0.61335750180 0.67707326644 0.70098119418 1.18875786932 -97.82420942797 0.14571452823   -2 
   3 0.00000450122 0.00085682581 -44.326792085 0.12101814945 0.01060953696 0.09636928179 0.63921647398 0.65496489647 0.72547708587 0.59303810023 0.76621569608 0.73477491039 0.67260452379 0.70018469904 0.65892999303 0.61109960378 0.68602468786 0.69309254752 1.18784330489 -97.57678467060 0.33697347628   -2 
   4 0.00000450122 0.00086120291 -44.334365675 0.12122843860 0.01060914702 0.09636896526 0.63806189808 0.66361988153 0.71825083249 0.59569122644 0.76970516416 0.73904786803 0.67718922275 0.70211147231 0.66566422930 0.60954425525 0.69340198050 0.68713275147 1.18781190557 -97.39637221622 0.06263211028   -2 
   5 0.00000450122 0.00086140172 -44.361033781 0.12221063504 0.01060734932 0.09636776430 0.64527050985 0.65914327384 0.71605613323 0.59836682346 0.77325137183 0.73516002776 0.68042582850 0.70615285919 0.67285003455 0.60958325329 0.70284142597 0.68223229432 1.19357263891 -97.31300787884 0.04916805698   -2 
   6 0.00000450122 0.00086026311 -44.360173206 0.12238020201 0.01060704531 0.09636753259 0.64462570728 0.65893118130 0.71666749146 0.59860004985 0.77355897384 0.73458967459 0.68070644680 0.70674206243 0.67366029507 0.60976185772 0.70405673555 0.68183311911 1.19464685319 -97.30548788856 0.07165603778   -2 
   7 0.00000450123 0.00086179460 -44.319967623 0.12297732111 0.01060601135 0.09636653920 0.64117318417 0.65894141830 0.72051915892 0.59967532568 0.77497667281 0.73235802555 0.68192437973 0.70949116582 0.67713532867 0.61082085508 0.70940022976 0.68047771813 1.19985888625 -97.27741474534 0.01873012074   -2 
   8 0.00000450123 0.00086188704 -44.186110909 0.12356355049 0.01060504591 0.09636493685 0.64302157577 0.66153626876 0.72289266781 0.59964904231 0.77494269925 0.73230618023 0.68221978491 0.71138794652 0.67883621830 0.61252624339 0.71305020956 0.68083592809 1.20448538643 -97.26873857741 0.04308721543   -2 
   9 0.00000450123 0.00086108918 -44.149649434 0.12373015218 0.01060477088 0.09636448843 0.64343106791 0.66209244274 0.72335821143 0.59964250198 0.77493636303 0.73237441675 0.68228888169 0.71183683209 0.67922058046 0.61297295307 0.71391774873 0.68097968096 1.20560853501 -97.26653821538 0.01466832136   -2 
  10 0.00000450124 0.00086042058 -43.637043030 0.12459005537 0.01060359078 0.09636029819 0.64567317685 0.66258669900 0.72223918955 0.60111152613 0.77700177080 0.73756597705 0.68361944194 0.71417288973 0.68046912580 0.61690528581 0.71749211563 0.68471209859 1.21175965059 -97.25616978853 0.02144788795   -2 
  11 0.00000450124 0.00086005009 -43.649727524 0.12455412049 0.01060364396 0.09636041345 0.64518328082 0.66253418058 0.72244823600 0.60105479137 0.77691494233 0.73720730607 0.68358618969 0.71399478994 0.68037465592 0.61665823474 0.71717555909 0.68455690828 1.21125370313 -97.25515347308 0.02352075959   -2 
  12 0.00000450124 0.00086057405 -43.640835645 0.12444942921 0.01060383046 0.09636047595 0.64379278583 0.66248034709 0.72321148569 0.60102457963 0.77684156927 0.73637358883 0.68362288631 0.71356308093 0.68015520494 0.61609941558 0.71631138970 0.68434016025 1.20993710145 -97.25283059616 0.01061760322   -2 
  13 0.00000450124 0.00086020544 -43.584178342 0.12444286277 0.01060387309 0.09636011186 0.64341732535 0.66227561507 0.72344976811 0.60103002571 0.77682920851 0.73597390216 0.68370218112 0.71326073354 0.67997251350 0.61582392995 0.71565551159 0.68441828501 1.20902714916 -97.25195377493 0.02504222572   -2 
  14 0.00000450124 0.00086063887 -43.387253981 0.12440303473 0.01060405521 0.09635888363 0.64271208469 0.66172038188 0.72409899593 0.60108658825 0.77684776895 0.73487685770 0.68398118108 0.71237639541 0.67943154386 0.61503821627 0.71367148643 0.68474123502 1.20633311378 -97.24938151770 0.01524413998   -2 
  15 0.00000450124 0.00086011467 -43.131208730 0.12444776854 0.01060412387 0.09635716094 0.64298617791 0.66119286156 0.72391744704 0.60100113914 0.77669832939 0.73400939529 0.68414361461 0.71149197906 0.67882451500 0.61428642035 0.71165118701 0.68514680956 1.20375863671 -97.24718108437 0.02685490796   -2 
  16 0.00000450124 0.00086049171 -42.984307260 0.12447084148 0.01060417041 0.09635618242 0.64329290043 0.66101495206 0.72370228016 0.60094671285 0.77661431100 0.73366275094 0.68420784600 0.71107698307 0.67852449386 0.61392866367 0.71065966456 0.68536945890 1.20255692169 -97.24593212497 0.01565641519   -2 
  17 0.00000450124 0.00085990932 -42.619448105 0.12466153007 0.01060405866 0.09635359642 0.64402881242 0.66105899496 0.72230822779 0.60061862805 0.77620815961 0.73358789812 0.68405180795 0.71051303593 0.67798416142 0.61340957466 0.70913128913 0.68577649682 1.20111591893 -97.24323399699 0.02593081929   -2 
  18 0.00000450124 0.00086034012 -42.427097237 0.12476141530 0.01060400512 0.09635224103 0.64428118541 0.66119288676 0.72165366095 0.60046538184 0.77602919344 0.73370557540 0.68394664084 0.71034167629 0.67777443255 0.61322913872 0.70855702572 0.68596408251 1.20071664569 -97.24185489591 0.02243543605   -2 
  19 0.00000450125 0.00085958411 -41.370390983 0.12553114285 0.01060334648 0.09634445772 0.64363199585 0.66204202690 0.71861705208 0.59958458926 0.77505237117 0.73513344182 0.68306891164 0.71009981847 0.67701125431 0.61276619625 0.70684681904 0.68671304243 1.20070711454 -97.23511122978 0.03627345152   -2 
  20 0.00000450125 0.00086034064 -41.291827881 0.12559004723 0.01060329907 0.09634388496 0.64347186580 0.66202165120 0.71886519379 0.59961014452 0.77509923800 0.73527971801 0.68303807781 0.71021536480 0.67706387964 0.61283853147 0.70700345802 0.68672347473 1.20105478075 -97.23265846393 0.03486309054   -2 
  21 0.00000450126 0.00086000888 -40.631706033 0.12644450516 0.01060228860 0.09633859470 0.64054678486 0.66050615504 0.72370574261 0.60015003317 0.77591382228 0.73641117756 0.68278419098 0.71189789050 0.67809574913 0.61406810189 0.71018376943 0.68634479526 1.20608274457 -97.21397132844 0.02740635831   -2 
  22 0.00000450126 0.00085780483 -40.068914804 0.12744414064 0.01060097485 0.09633367879 0.64368507737 0.66057007718 0.72583061769 0.60097432936 0.77702582870 0.73692751181 0.68312625617 0.71369706551 0.67956050478 0.61566328477 0.71424983800 0.68586032229 1.21111670182 -97.20023210753 0.08855877790   -2 
  23 0.00000450127 0.00085877664 -39.786490624 0.12789447814 0.01060041513 0.09633127970 0.64542125317 0.66092727823 0.72675655539 0.60147955514 0.77770168378 0.73725532668 0.68342149036 0.71463821284 0.68035614648 0.61650537181 0.71631087549 0.68568755410 1.21363245781 -97.18925947528 0.02596543562   -2 
  24 0.00000450128 0.00085834112 -38.971628420 0.12930651306 0.01059864576 0.09632419967 0.64787488173 0.66399000733 0.72696962145 0.60330691302 0.78011794128 0.73851841171 0.68517760189 0.71736035514 0.68296879397 0.61914869243 0.72208456477 0.68577441888 1.22009584574 -97.17880087496 0.06486747454   -2 
  25 0.00000450128 0.00085697411 -38.725494895 0.12976844106 0.01059806034 0.09632200066 0.64811706088 0.66488952951 0.72688694903 0.60385775825 0.78084663961 0.73894162420 0.68578464479 0.71815639142 0.68376760343 0.61995031319 0.72374390888 0.68588629257 1.22189669980 -97.17329736946 0.03245539667   -2 
  26 0.00000450129 0.00085701600 -38.027254927 0.13084634473 0.01059683740 0.09631611742 0.64551514194 0.66718991157 0.72649406284 0.60554879586 0.78309556904 0.74083597228 0.68827106148 0.72013948952 0.68603060043 0.62210430055 0.72708933167 0.68721389221 1.22530327168 -97.16074324569 0.02250104821   -2 
  27 0.00000450129 0.00085602428 -37.781592692 0.13117333592 0.01059650734 0.09631412552 0.64510801299 0.66653584555 0.72662272480 0.60578631800 0.78342534572 0.74156842998 0.68919387094 0.72040413318 0.68655114779 0.62257453482 0.72705520980  0.6882232769 1.22508331924 -97.15667560634 0.05816158276   -2 
  28 0.00000450131 0.00085642545 -36.510424694 0.13269434693 0.01059513756 0.09630392109 0.64411338629 0.66293347178 0.72774159725 0.60693259710 0.78502997024 0.74547066422 0.69402804687 0.72162272374 0.68914319949 0.62488487778 0.72625466926 0.69381309299 1.22336144824 -97.13751919844 0.03180239009   -2 
  29 0.00000450131 0.00085601408 -36.773907008 0.13236943159 0.01059543063 0.09630606635 0.64494191744 0.66424672849 0.72747179586 0.60650180325 0.78444336214 0.74432448305 0.69265760161 0.72121633839 0.68839869398 0.62423039936 0.72618618650 0.69254810540 1.22360081978 -97.13452366110 0.02832084023   -2 
  30 0.00000450131 0.00085648553 -36.820691408 0.13228466125 0.01059552893 0.09630648465 0.64542507802 0.66475935298 0.72745833461 0.60634019536 0.78422818588 0.74396688645 0.69223281695 0.72106668803 0.68815849715 0.62401869027 0.72602546515 0.69228881886 1.22357354408 -97.13303926875 0.02258145015   -2 
  31 0.00000450130 0.00085600108 -36.868089106 0.13219642070 0.01059563342 0.09630691587 0.64636784433 0.66569109499 0.72743588603 0.60592695574 0.78368478584 0.74321326281 0.69135885032 0.72068821189 0.68763160448 0.62355510090 0.72544540939 0.69195744619 1.22327565091 -97.13091943483 0.01360084516   -2 
  32 0.00000450130 0.00085629331 -36.862263541 0.13216116151 0.01059570157 0.09630694199 0.64659990951 0.66595707345 0.72750473149 0.60576752694 0.78347929037 0.74294091214 0.69102007146 0.72051630269 0.68740473578 0.62334735910 0.72507206942 0.69193023720 1.22306251100 -97.13033064713 0.01798228732   -2 
  33 0.00000450130 0.00085593619 -36.821642960 0.13209145596 0.01059587123 0.09630683988 0.64691079077 0.66650833346 0.72770409653 0.60522062865 0.78277784825 0.74205528421 0.68990605315 0.71990009973 0.68662017894 0.62262185348 0.72367105461 0.69193433521 1.22220294707 -97.12856660479 0.01455848311   -2 
  34 0.00000450130 0.00085614589 -36.764986998 0.13201649848 0.01059606956 0.09630666004 0.64687747818 0.66674424034 0.72787584999 0.60476543065 0.78219883431 0.74131026415 0.68892520339 0.71932647217 0.68588887389 0.62192940355 0.72227741797 0.69200221019 1.22134710106 -97.12768542318 0.01628173467   -2 
  35 0.00000450130 0.00085578960 -36.682126395 0.13196833811 0.01059625825 0.09630631642 0.64605783236 0.66620083067 0.72780391228 0.60443801935 0.78178982082 0.74077772977 0.68814814657 0.71877975131 0.68520302291 0.62124517300 0.72083986534 0.69213567881 1.22041597163 -97.12607916999 0.03221152682   -2 
  36 0.00000450130 0.00085653291 -36.609230975 0.13191398522 0.01059644466 0.09630602919 0.64542316334 0.66565456055 0.72769684696 0.60426900416 0.78158313763 0.74049189799 0.68768267322 0.71841453176 0.68474122976 0.62076671075 0.71981485160 0.69225438878 1.21975270284 -97.12411028171 0.01495894721   -2 
  37 0.00000450131 0.00085647669 -36.507795212 0.13189758125 0.01059660717 0.09630555925 0.64459926511 0.66460275077 0.72721493348 0.60413702617 0.78142266806 0.74031718771 0.68735146908 0.71801861720 0.68426964652 0.62024624447 0.71871636657 0.69236232421 1.21894075046 -97.12292821955 0.01202638163   -2 
  38 0.00000450131 0.00085681060 -36.455036094 0.13190159108   0.010596671 0.09630529814 0.64448763042 0.66416227204 0.72687376798 0.60412614434 0.78140917613 0.74034728397 0.68736473466 0.71789891483 0.68414449991 0.62008286617 0.71839034620 0.69237459609 1.21863611635 -97.12245908807 0.01534282733   -2 
  39 0.00000450131 0.00085661306 -36.327280173 0.13196305316 0.01059674045 0.09630459968 0.64442447782 0.66319801003 0.72591353702 0.60410584512 0.78137791562 0.74048867110 0.68754692619 0.71765948886 0.68393228874 0.61976997609 0.71781850638 0.69233416779 1.21795742682 -97.12142344937 0.01173698297   -2 
  40 0.00000450131 0.00085690655 -36.223555514 0.13203240641 0.01059676507 0.09630400501 0.64464576790 0.66294461076 0.72533457205 0.60410947859 0.78137454120 0.74065760349 0.68783045433 0.71756453355 0.68389243433 0.61964626405 0.71766058789 0.69223823468 1.21758707059 -97.12072356435 0.01999376843   -2 
  41 0.00000450131 0.00085639784 -35.979280594 0.13225365133 0.01059672980 0.09630252924 0.64511163154 0.66266978971 0.72413298787 0.60408671462 0.78132380602 0.74103511602 0.68854242375 0.71738027340 0.68386307093 0.61942467430 0.71747340022 0.69195153486 1.21680147677 -97.11906515467 0.01717425476   -2 
  42 0.00000450132 0.00085644646 -35.534175550 0.13268026321 0.01059663708 0.09629979983 0.64565922694 0.66302363273 0.72291836281 0.60408532946 0.78129428011 0.74168150101 0.68982947535 0.71722021381 0.68398315778 0.61921781060 0.71752802247 0.69141648257 1.21579546408 -97.11686329910 0.02802766462   -2 
  43 0.00000450132 0.00085544290 -35.092862398 0.13316817238 0.01059645124 0.09629699962 0.64573273077 0.66362124976 0.72234581856 0.60408066047 0.78127315885 0.74222633143 0.69099851098 0.71714563360 0.68417164457 0.61910945356 0.71776197311 0.69089607764 1.21505203121 -97.11417492548 0.03608377637   -2 
  44 0.00000450134 0.00085521439 -33.881779891 0.13453149666 0.01059596553 0.09628918064 0.64546570955 0.66570627384 0.72228776011 0.60421933802 0.78144890741 0.74363509811 0.69399898958 0.71722140132 0.68489402547 0.61906652779 0.71878689258 0.68961316602 1.21375213704 -97.10686037277 0.03790683533   -2 
  45 0.00000450135 0.00085383822 -33.361412227 0.13522702978 0.01059561407 0.09628566359 0.64498721329 0.66626690801 0.72316769420 0.60435009617 0.78165361859 0.74405054878 0.69491380941 0.71744153882 0.68530306247 0.61922426609 0.71942806055 0.68923646046 1.21380545355 -97.10213047618 0.05124714853   -2 
  46 0.00000450139 0.00085303751 -31.253075736 0.13817491754 0.01059419601 0.09627095613 0.64333849102 0.66806212688 0.72881463159 0.60528615983 0.78310197451 0.74557387093 0.69795652830 0.71894049941 0.68733169423 0.62037524879 0.72259524187 0.68825371524 1.21571284428 -97.08505973383 0.04208265422   -2 
  47 0.00000450138 0.00085257000 -31.612216573 0.13772525412 0.01059433996 0.09627348803 0.64403921278 0.66730541330 0.72779090838 0.60521166473 0.78298877874 0.74520803352 0.69707047294 0.71884717351 0.68704507690 0.62033169484 0.72213243383 0.68869203445 1.21595024078 -97.08128663005 0.04247345121   -2 
  48 0.00000450137 0.00085362211 -32.062170428 0.13719214683 0.01059449702 0.09627665386 0.64551293472 0.66600688679 0.72667867871 0.60530671981 0.78312554485 0.74469104980 0.69555206056 0.71901112769 0.68682445395 0.62052522499 0.72172369563 0.68963279826 1.21710095221 -97.07556521653 0.02591614799   -2 
  49 0.00000450137 0.00085321593 -32.236740605 0.13706708058 0.01059444244 0.09627782789 0.64593083896 0.66533178482 0.72650450815 0.60543864330 0.78332667750 0.74439742576 0.69461854579 0.71927546048 0.68683659464 0.62079516517 0.72170938195 0.69029434678 1.21819812946 -97.07338977588 0.03063518117   -2 
  50 0.00000450137 0.00085403178 -32.502899301 0.13688905874 0.01059435426 0.09627964778 0.64645233429 0.66441136399 0.72665681581 0.60579017801 0.78385139943 0.74393410555 0.69292552940 0.71992437639 0.68699390786 0.62143617012 0.72187268904 0.69163863520 1.22059103815 -97.07004849009 0.02180217989   -2 
  51 0.00000450137 0.00085372357 -32.648381191 0.13685228169 0.01059422129 0.09628061200 0.64622108902 0.66420039621 0.72705391447 0.60602693258 0.78420321082 0.74366849571 0.69186354941 0.72042621468 0.68717573117 0.62195189282 0.72211196448 0.69260166448 1.22234425327 -97.06824415092 0.02595984515   -2 
  52 0.00000450137 0.00085434170 -32.788369304 0.13681425733 0.01059410588 0.09628157184 0.64583867977 0.66433146497 0.72768671383 0.60631333280 0.78461940854 0.74346286331 0.69081819742 0.72102957048 0.68744033900 0.62257887167 0.72246812349 0.69370330033 1.22434956032 -97.06657974344 0.01504738945   -2 
  53 0.00000450137 0.00085397041 -32.773094081 0.13684126638 0.01059408738 0.09628146328 0.64576784710 0.66454831536 0.72770938929 0.60628136194 0.78456798244 0.74352346870 0.69096775413 0.72101282766 0.68746151556 0.62258423869 0.72251039848 0.69367441339 1.22425513693 -97.06608412170 0.01671116134   -2 
  54 0.00000450137 0.00085386953 -32.670950985 0.13699745512 0.01059401952 0.09628083281 0.64536724898 0.66663344953 0.72826824243 0.60618415960 0.78437142609 0.74409588722 0.69204469565 0.72113162911 0.68779902897 0.62288644408 0.72306583684 0.69382623317 1.22417993804 -97.06353725116 0.00958085508   -2 
  55 0.00000450138 0.00085242518 -32.357166703  0.1378885474 0.01059327958 0.09627890020 0.64774540244 0.66745807021 0.73069683025 0.60698996959 0.78538146192 0.74608247151 0.69457783079 0.72288513663 0.68981715490 0.62525935044 0.72608906498 0.69631247937 1.22758622342 -97.05772598776 0.03220876728   -2 
  56 0.00000450138 0.00085279569 -32.295641425 0.13804212837 0.01059316970 0.09627854528 0.64808842089 0.66760322726 0.73111137600 0.60719291496 0.78564645268 0.74645848959 0.69502095510 0.72324106488 0.69020751967 0.62571192663 0.72665388441 0.69679801174 1.22828119732 -97.05645406331 0.01557258511   -2 
  57 0.00000450139 0.00085267791 -32.013249382 0.13879816177 0.01059260612 0.09627691433 0.64669055416 0.66754375619 0.73153546079 0.60854259406 0.78752717515 0.74776711924 0.69614185731 0.72493145077 0.69185160867 0.62758714284 0.72881760083 0.69899539113 1.23169539646 -97.05166789221 0.01047836375   -2 
  58 0.00000450140 0.00085243937 -31.932462945 0.13901224993 0.01059244840 0.09627644224 0.64648972623 0.66753250020 0.73147666604 0.60886667555 0.78798649033 0.74801438785 0.69629932987 0.72533802980 0.69223200120 0.62802112379 0.72929184212 0.69953673645 1.23253529772 -97.05131066643 0.01505200762   -2 
  59 0.00000450140 0.00085265610 -31.743345595 0.13946895057 0.01059214701 0.09627536548 0.64652259947 0.66760817004 0.73117999618 0.60951466609 0.78891446669 0.74841524421 0.69644551078 0.72615642309 0.69297265618 0.62885985026 0.73016217456 0.70064079660 1.23424974062 -97.05018384785 0.01745539636   -2 
  60 0.00000450141 0.00085231125 -31.474708656 0.14012760474 0.01059170931 0.09627381001 0.64679426414 0.66774554480 0.73072160809 0.61031414387 0.79006636910 0.74886583040 0.69653271815 0.72721243265 0.69392053280 0.62993575540 0.73124831979 0.70209911541 1.23648658574 -97.04917894311 0.01495608362   -2 
  61 0.00000450142 0.00085154430 -31.153701269 0.14069978306 0.01059149372 0.09627203276 0.64907557737 0.66868269604 0.73128553422 0.61000784110 0.78964892128 0.74863310009 0.69605511468 0.72735710510 0.69403060894 0.63003511098 0.73113194095 0.70256210624 1.23692753058 -97.04410013614 0.01975856345   -2 
  62 0.00000450142 0.00085173973 -31.039994760 0.14086869940 0.01059147150 0.09627143611 0.64959942423 0.66901153219 0.73157401129 0.60989420643 0.78949144581 0.74857349337 0.69591958400 0.72737216239 0.69403502890 0.63001796588 0.73103814665 0.70265702029 1.23699430723 -97.04327863663 0.02109836272   -2 
  63 0.00000450144 0.00085050720 -30.306067176 0.14189998163 0.01059145266 0.09626763861 0.64985678134 0.67060559731 0.73371694895 0.60905375126 0.78832345611 0.74827041029 0.69523912404 0.72713487269 0.69375579895 0.62948396315 0.73000432777 0.70272218359 1.23666716774 -97.03671318171 0.03490424273   -2 
  64 0.00000450145 0.00085090994 -29.968616460 0.14233806144 0.01059151904 0.09626592717 0.64960936603 0.67111742746 0.73457749315 0.60878725608 0.78795751983 0.74823775697 0.69504937050 0.72705182622 0.69364798170 0.62923903699 0.72955680388 0.70271811455 1.23653831987 -97.03413316679 0.03140496101   -2 
  65 0.00000450147 0.00084997630 -29.129389631 0.14347083162 0.01059168551 0.09626165719 0.64745187538 0.67107640415 0.73571853548 0.60847819719 0.78757285055 0.74841840300 0.69494860372 0.72687193125 0.69340383498 0.62860954775 0.72852862219 0.70255005835 1.23620784302 -97.02701453493 0.03295288701   -2 
  66 0.00000450148 0.00085049851 -28.750380748 0.14396697524 0.01059181425 0.09625975281 0.64659503482 0.67065164499 0.73576681139 0.60853207840 0.78768222983 0.74862778474 0.69508191450 0.72685555463 0.69335351838 0.62837693153 0.72817949953 0.70246003271 1.23616282553 -97.02426103309 0.03375509147   -2 
  67 0.00000450149 0.00084965696 -28.044294141 0.14498640852 0.01059197186 0.09625614740 0.64527086109 0.66891436895 0.73467322893 0.60890556521 0.78830313247 0.74914536367 0.69560568493 0.72688881060 0.69333050122 0.62802241296 0.72773903129 0.70222847096 1.23619800887 -97.01853969480 0.03083054810   -2 
  68 0.00000450150 0.00085008169 -27.724322054 0.14545552167 0.01059206003 0.09625452721 0.64522476317 0.66803506899 0.73380316175 0.60920953369 0.78878389200 0.74944577165 0.69598362750 0.72697456709 0.69339254858 0.62794745568 0.72770370531 0.70213265406 1.23635306717 -97.01612629368 0.02775286938   -2 
  69 0.00000450151 0.00084937609 -27.408083008 0.14599752126 0.01059205824 0.09625289853 0.64571196575 0.66711178394 0.73248676247 0.60959503331 0.78939363910 0.74974655865 0.69647839659 0.72711333107 0.69352057377 0.62797354692 0.72787103126 0.70203505266 1.23663669250 -97.01354518437 0.02014780046   -2 
  70 0.00000450152 0.00084960695 -27.280882263 0.14623292185 0.01059204682 0.09625227086 0.64627710681 0.66698161366 0.73190361072 0.60981987547 0.78973947823 0.74989501244 0.69677551634 0.72724508630 0.69365347249 0.62809176121 0.72812576657 0.70202977469 1.23691220615 -97.01247509251 0.01883401624   -2 
  71 0.00000450152 0.00084900393 -27.131457748 0.14658443428 0.01059194524 0.09625153318 0.64712548282 0.66713791319 0.73120478394 0.61012911188 0.79021253950 0.75007064705 0.69722578792 0.72748438647 0.69390697180 0.62837112720 0.72867219165 0.70206414613 1.23743131874 -97.01116618634 0.01667358680   -2 
  72 0.00000450153 0.00084913275 -27.000521150 0.14692170516 0.01059183742 0.09625094238 0.64784842137 0.66774981036 0.73092827867 0.61047751897 0.79072746008 0.75029010108 0.69774847077 0.72783425082 0.69427472184 0.62880047385 0.72944356807 0.70218772009 1.23817542541 -97.00998177372 0.02306998667   -2 
  73 0.00000450154 0.00084809944 -26.747710880 0.14767197258 0.01059152054 0.09624981184 0.64881532822 0.66923451345 0.73080579947 0.61118366180 0.79175861333 0.75076502136 0.69886020531 0.72864327549 0.69512887701 0.62981895555 0.73122778778 0.70252990046 1.23989665287 -97.00779426128 0.02454789702   -2 
  74 0.00000450154 0.00084860526 -26.680102972 0.14787442077 0.01059145261 0.09624957821 0.64866348852 0.66970137274 0.73133331281 0.61141733450 0.79207708678 0.75100861444 0.69922084296 0.72898426935 0.69547754523 0.63022248811 0.73186620855 0.70274628452 1.24058803249 -97.00598305823 0.03083479410   -2 
  75 0.00000450155 0.00084793692 -26.464660970 0.14865167167 0.01059108984 0.09624886294 0.64730961028 0.67099808783 0.73376229796 0.61215314014 0.79305164847 0.75191606348 0.70042600622 0.73024274457 0.69676770426 0.63172294629 0.73416593747 0.70363850814 1.24312912170 -97.00062261638 0.01119062255   -2 
  76 0.00000450156 0.00084742288 -26.346490524 0.14915397969 0.01059084638 0.09624864880 0.64756063397 0.67066103491 0.73542845191 0.61251057479 0.79347701336 0.75270247608 0.70105010699 0.73116177085 0.69770744387 0.63278209467 0.73555875666 0.70455581935 1.24491693213 -96.99908718864 0.02137823434   -2 
  77 0.00000450157 0.00084766901 -26.303829437 0.14932280980 0.01059078168 0.09624860166 0.64780459199 0.67051969506 0.73596896384 0.61264458004 0.79363618357 0.75301238783 0.70126925145 0.73150623266 0.69805857890 0.63317137984 0.73604640306 0.70492485079 1.24557807492 -96.99846052355 0.00927096340   -2 
  78 0.00000450157 0.00084739111 -26.253791389 0.14955242529 0.01059069849 0.09624867009 0.64865746733 0.67021514776 0.73596023096 0.61277074252 0.79378243492 0.75346132483 0.70144979127 0.73194686494 0.69851681282 0.63365916130 0.73651061119 0.70558304879 1.24639234439 -96.99772649911 0.00756419585   -2 
  79 0.00000450157 0.00084751864 -26.245509201 0.14958094004 0.01059070370 0.09624871265 0.64877627635 0.67023015705 0.73586433790 0.61279733134 0.79381732124 0.75354284675 0.70147098275 0.73201778487 0.69859120968 0.63373272472 0.73655408764 0.70571949729 1.24651683074 -96.99762155478 0.00678250064   -2 
  80 0.00000450157 0.00084737625 -26.213567070 0.14970176480 0.01059073999 0.09624899574 0.64898527125 0.67048083841 0.73508231050 0.61289618964 0.79395967934 0.75386849628 0.70150172482 0.73227816533 0.69887382161 0.63399573701 0.73658778239 0.70637961059 1.24695378694 -96.99724186386 0.00438688193   -2 
  81 0.00000450157 0.00084749321 -26.208979288 0.14970548332 0.01059077211 0.09624907873 0.64887277778 0.67055763135 0.73504103453 0.61291329582 0.79398771694 0.75389254940 0.70150056102 0.73229539776 0.69889545341 0.63400993768 0.73654944250 0.70647652606 1.24697713923 -96.99717476846 0.00617204815   -2 
  82 0.00000450158 0.00084743121 -26.199906883 0.14971814720 0.01059083782 0.09624927772 0.64855788662 0.67070431613 0.73497540941 0.61293864033 0.79403432127 0.75391939597 0.70148645025 0.73231313640 0.69892492995 0.63402308797 0.73643901174 0.70668054020 1.24699319984 -96.99705549914 0.00173021851   -2 
  83 0.00000450158 0.00084740480 -26.173570061 0.14972288703 0.01059112514 0.09625008611 0.64851253949 0.67059735499 0.73530817123 0.61290974466 0.79402804994 0.75375779407 0.70138706055 0.73218692569 0.69884070894 0.63389489070 0.73593768662 0.70711973994 1.24673762389 -96.99692887766 0.00172088968   -2 
  84 0.00000450158 0.00084737566 -26.167797178 0.14972548364 0.01059118841 0.09625027210 0.64851400387 0.67057483182 0.73535809003 0.61290192224 0.79402311427 0.75372433800 0.70136638347 0.73215950047 0.69882123196 0.63386639035 0.73583402820 0.70720688433 1.24668274616 -96.99692329122 0.00158104083   -2 
  85 0.00000450158 0.00084739507 -26.153015245 0.14973904951 0.01059135860 0.09625081570 0.64864020296 0.67055928851 0.73525283631 0.61287945989 0.79398980633 0.75367911317 0.70133742365 0.73210678569 0.69877275287 0.63380114342 0.73566064863 0.70732433261 1.24658037229 -96.99689052154 0.00275448708   -2 
  86 0.00000450158 0.00084734559 -26.147918190 0.14974629585 0.01059141736 0.09625101636 0.64866764525 0.67055460828 0.73520264377 0.61287066331 0.79397584754 0.75366641216 0.70132869160 0.73208986089 0.69875592688 0.63377922352 0.73560920444 0.70735480308 1.24654828942 -96.99687971483 0.00145832423   -2 
  87 0.00000450159 0.00084738737 -26.121484311 0.14978632380 0.01059174397 0.09625216437 0.64858538771 0.67060474544 0.73488781598 0.61285005961 0.79392542691 0.75368469632 0.70133221761 0.73205789699 0.69870083558 0.63370598128 0.73551958477 0.70736225138 1.24649514074 -96.99683723121 0.00178804521   -2 
  88 0.00000450159 0.00084735506 -26.115073507 0.14979841864 0.01059182486 0.09625246137 0.64855230937 0.67060523889 0.73483834699 0.61284462392 0.79391394916 0.75369089463 0.70133403358 0.73205353248 0.69869010672 0.63369217616 0.73551311987 0.70735033212 1.24648982489 -96.99683157903 0.00196106795   -2 
  89 0.00000450160 0.00084741330 -26.074124241 0.14987223239 0.01059235713 0.09625439853 0.64835187552 0.67057031571 0.73471542787 0.61282178957 0.79386612060 0.75374734387 0.70135843042 0.73205306095 0.69864626407 0.63363432916 0.73555719932 0.70721587814 1.24650934448 -96.99678758745 0.00243023126   -2 
  90 0.00000450161 0.00084733587 -26.049294721 0.14992319707 0.01059268560 0.09625562565 0.64829987895 0.67051905772 0.73473032697 0.61280582175 0.79384267285 0.75377025114 0.70136857077 0.73205750718 0.69862849701 0.63361183473 0.73561050869 0.70711628290 1.24653256221 -96.99675898559 0.00446095733   -2 
  91 0.00000450163 0.00084736320 -25.950390876 0.15011845788 0.01059401030 0.09626053475 0.64823614018 0.67032729568 0.73490642213 0.61275671698 0.79377959503 0.75385752927 0.70141275689 0.73209056129 0.69857960834 0.63354657095 0.73585402047 0.70671958313 1.24665350769 -96.99664683807 0.00264946790   -2 
  92 0.00000450165 0.00084724911 -25.894030865 0.15023715019 0.01059478195 0.09626343181 0.64831503460 0.67027849350 0.73504087460 0.61274511486 0.79377901426 0.75388471363 0.70143404290 0.73211966911 0.69857839827 0.63353907235 0.73600264821 0.70652601667 1.24674186690 -96.99661030273 0.00368300001   -2 
  93 0.00000450166 0.00084727671 -25.862184302 0.15030237324 0.01059522779 0.09626509850 0.64839990004 0.67029632395 0.73512449866 0.61275396761 0.79380416396 0.75389732763 0.70145001762 0.73214552898 0.69859468866 0.63355206397 0.73608946567 0.70644300825 1.24680733210 -96.99657709535 0.00319395520   -2 
  94 0.00000450167 0.00084711355 -25.827847831 0.15038190421 0.01059572800 0.09626701691 0.64851178446 0.67040199785 0.73519894498 0.61279359778 0.79388148589 0.75389939758 0.70147270814 0.73219133621 0.69864980916 0.63360515762 0.73618357422 0.70641942931 1.24690691061 -96.99652771948 0.00460923937   -2 
  95 0.00000450169 0.00084703565 -25.760767607 0.15053169145 0.01059672488 0.09627081414 0.64873694031 0.67067020944 0.73534561263 0.61290373638 0.79407930052 0.75391536847 0.70153374525 0.73230327962 0.69879081829 0.63374122002 0.73637075952 0.70643203552 1.24713721375 -96.99644661887 0.00285989964   -2 
  96 0.00000450171 0.00084682878 -25.671517440 0.15074112155 0.01059808775 0.09627605889 0.64887926391 0.67102140261 0.73550865257 0.61309969178 0.79440212723 0.75397867608 0.70165439478 0.73249565796 0.69903853009 0.63398131980 0.73662149449 0.70657151014 1.24751421019 -96.99638261618 0.00354215770   -2 
  97 0.00000450174 0.00084688294 -25.602857512 0.15091116977 0.01059919963 0.09628038706 0.64868523005 0.67109619002 0.73559278317 0.61332017141 0.79470577024 0.75416534974 0.70184743027 0.73273153195 0.69932830266 0.63426202115 0.73681797164 0.70691184237 1.24794575478 -96.99623895301 0.00860520252   -2 
  98 0.00000450175 0.00084669724 -25.555066829 0.15104073938 0.01059998213 0.09628348657 0.64852744153 0.67110320763 0.73563343255 0.61346959568 0.79490590241 0.75430687208 0.70198989645 0.73290164915 0.69953777565 0.63446672895 0.73695196524 0.70717844734 1.24825682443 -96.99611681473 0.00295380911   -2 
  99 0.00000450178 0.00084668503 -25.481907114 0.15125864969 0.01060124000 0.09628856410 0.64860255966 0.67089801776 0.73566065660 0.61364668522 0.79509680396 0.75463037695 0.70227669103 0.73320229597 0.69989225552 0.63482467885 0.73714085713 0.70778220632 1.24880377559 -96.99598944382 0.00365618099   -2 
 100 0.00000450179 0.00084660992 -25.458480637 0.15133308107 0.01060164833 0.09629023352 0.64864441097 0.67083703680 0.73566889954 0.61369278152 0.79514250286 0.75473455221 0.70236883771 0.73329685892 0.70000295237 0.63493845078 0.73719915187 0.70798484986 1.24897741552 -96.99596896201 0.00208065662   -2 
 101 0.00000450179 0.00084660121 -25.440928644 0.15140289071 0.01060200047 0.09629173750 0.64887700411 0.67095605725 0.73572666565 0.61363721319 0.79505387748 0.75481199004 0.70243695261 0.73334767947 0.70004807312 0.63500214421 0.73722819919 0.70819225389 1.24908474465 -96.99591687127 0.00232734086   -2 
 102 0.00000450179 0.00084655915 -25.438558191 0.15141445098 0.01060205350 0.09629197279 0.64889860325 0.67098049996 0.73573840612 0.61362511274 0.79503649587 0.75482168255 0.70244580070 0.73335294146 0.70005087920 0.63500862849 0.73723156428 0.70822372714 1.24909758978 -96.99591026712 0.00109784623   -2 
 103 0.00000450180 0.00084657049 -25.433893286 0.15143715941 0.01060220469 0.09629262421 0.64885503520 0.67110752380 0.73581398669 0.61358582036 0.79499010414 0.75484217371 0.70246578320 0.73335663501 0.70003348499 0.63500443358 0.73724006846 0.70830449659 1.24911828258 -96.99589660028 0.00047110830   -2 
 104 0.00000450180 0.00084656262 -25.433955479 0.15143719222 0.01060220972 0.09629264647 0.64885103480 0.67110182751 0.73581358329 0.61358679995 0.79499230886 0.75484149666 0.70246545770 0.73335588169 0.70003135182 0.63500248796 0.73724034763 0.70830467310 1.24911755243 -96.99589624632 0.00040223285   -2 
 105 0.00000450180 0.00084657355 -25.433945871 0.15143693335 0.01060226817 0.09629288373 0.64882350398 0.67106841659 0.73581879816 0.61359415919 0.79500999610 0.75483923556 0.70246558671 0.73335126953 0.70001325635 0.63498654067 0.73724441411 0.70831279059 1.24911543081 -96.99589484412 0.00016375782   -2 
 106 0.00000450180 0.00084657670 -25.433918418 0.15143698621 0.01060228774 0.09629296323 0.64881832852 0.67106152380 0.73581977109 0.61359553327 0.79501388306 0.75483838358 0.70246545398 0.73334974078 0.70000775751 0.63498168039 0.73724546906 0.70831544452 1.24911476886 -96.99589478637 0.00018150293   -2 
 107 0.00000450180 0.00084657031 -25.433633181 0.15143881090 0.01060239352 0.09629339551 0.64882229802 0.67105859122 0.73581715477 0.61359343247 0.79501723236 0.75483230270 0.70246274874 0.73334121162 0.69998240856 0.63495911169 0.73724813750 0.70832850570 1.24910992568 -96.99589435470 0.00054414327   -2 
 108 0.00000450180 0.00084658081 -25.433342649 0.15143982957 0.01060248268 0.09629375577 0.64882746583 0.67105902674 0.73581564398 0.61359181149 0.79501948319 0.75482799819 0.70246088405 0.73333478944 0.69996275743 0.63494143648 0.73725038146 0.70833915362  1.2491061498 -96.99589385229 0.00014668261   -2 
 109 0.00000450180 0.00084657847 -25.433068945 0.15144078183 0.01060256671 0.09629409489 0.64882878957 0.67106307238 0.73581372933 0.61358953825 0.79501786842 0.75482514833 0.70245925627 0.73333030534 0.69994949477 0.63492873550 0.73725151684 0.70834682660 1.24910327029 -96.99589374509 0.00012604730   -2 
 110 0.00000450180 0.00084658091 -25.432886556 0.15144106401 0.01060261653 0.09629429417 0.64882855174 0.67106627157 0.73581306115 0.61358837279 0.79501616573 0.75482429105 0.70245860993 0.73332859137 0.69994414897 0.63492314388 0.73725195583 0.70835044423 1.24910170875 -96.99589370691 0.00010314041   -2 
 111 0.00000450181 0.00084657865 -25.432619749 0.15144136484 0.01060268935 0.09629458672 0.64882574009 0.67107027822 0.73581228544 0.61358680248 0.79501236883 0.75482403782 0.70245792470 0.73332736743 0.69994030857 0.63491807495 0.73725198565 0.70835397050 1.24909984417 -96.99589366093 0.00011926289   -2 
 112 0.00000450181 0.00084658068 -25.432321066 0.15144144929 0.01060276684 0.09629489700 0.64882303124 0.67107371280 0.73581192011 0.61358550147 0.79500844852 0.75482435539 0.70245748192 0.73332680757 0.69993816227 0.63491427117 0.73725187384 0.70835687653 1.24909836510 -96.99589362291 0.00009161652    0 
-- Found new optimum with likelihood -96.995893622917222 and gradient 0.00009

---- Best joint likelihood found -96.995893622917222 with gradient 0.00009

---- Results for /scratch/40840718/tmp7x8lus4u 
--  Model: C
--        eps_an     theta_bar             a 
-- 0.00000450181 0.00084658068            -1 
--           S_d             b           p_b           S_b 
-- -25.432321066 0.15144144929 0.01060276684 0.09629489700 
--           r 2           r 3           r 4           r 5           r 6           r 7           r 8           r 9          r 10          r 11          r 12          r 13          r 14 
-- 0.64882303124 0.67107371280 0.73581192011 0.61358550147 0.79500844852 0.75482435539 0.70245748192 0.73332680757 0.69993816227 0.63491427117 0.73725187384 0.70835687653 1.24909836510 

---- Expected P_neut(i), 0 < i < n (neutral SFS per site) 
E[P_neut(1)] = 0.0008465772
E[P_neut(2)] = 0.0002746395
E[P_neut(3)] = 0.0001893721
E[P_neut(4)] = 0.0001557306
E[P_neut(5)] = 0.0001038897
E[P_neut(6)] = 0.0001121729
E[P_neut(7)] = 0.0000912885
E[P_neut(8)] = 0.0000743359
E[P_neut(9)] = 0.0000689802
E[P_neut(10)] = 0.0000592556
E[P_neut(11)] = 0.0000488647
E[P_neut(12)] = 0.0000520126
E[P_neut(13)] = 0.0000461304
E[P_neut(14)] = 0.0000755365

---- Expected P_sel(i), 0 < i < n (selected SFS per site) 
E[P_sel(1)] = 0.0006358686
E[P_sel(2)] = 0.0001842057
E[P_sel(3)] = 0.0001193680
E[P_sel(4)] = 0.0000941877
E[P_sel(5)] = 0.0000609372
E[P_sel(6)] = 0.0000642191
E[P_sel(7)] = 0.0000512258
E[P_sel(8)] = 0.0000410069
E[P_sel(9)] = 0.0000374913
E[P_sel(10)] = 0.0000317849
E[P_sel(11)] = 0.0000259035
E[P_sel(12)] = 0.0000272784
E[P_sel(13)] = 0.0000239574
E[P_sel(14)] = 0.0000388764

---- alpha_dfe = 0.021979

