---- Running command
---- ./polyDFE -d /scratch/40841691/tmplwok848e -m C -i /scratch/40841691/tmpeqmed4cw 1 -v 1 
---- Performing inference using model C

---- Performing inference on /scratch/40841691/tmplwok848e
----      with -i /scratch/40841691/tmpeqmed4cw 1
---- Data /scratch/40841691/tmplwok848e does not contain divergence counts. Using option -w.
---- No mutation variability. Using Poisson likelihood.


---- Using provided initial values

-- Starting local optimization
-- Optimizing all parameters
  it        eps_an     theta_bar           S_d             b           p_b           S_b           r 2           r 3           r 4           r 5           r 6           r 7           r 8           r 9          r 10          r 11          r 12          r 13          r 14          r 15          r 16          r 17          r 18          r 19          r 20          r 21          r 22          r 23          r 24          r 25          r 26          r 27          r 28          r 29           ln lk          grad status 
   0 0.00000450268  0.0009259123 -45.463749999     0.1287808   0.009184894     0.1083917     0.5642878      0.496756     0.4953868     0.4840476     0.4906511     0.4906073     0.5437098     0.5553355     0.5124802     0.5092361     0.6175192     0.5977393     0.4504409      0.522028     0.3860458     0.4756257     0.5506624     0.3834732      0.531485     0.4975372     0.5880576     0.5381713     0.7063446     0.5665509     0.6574706     0.6611074     0.9643355       1.73894 -232.5421599320 0.76220159576   -2 
   1 0.00000450268 0.00094305707 -45.495752756 0.12920182985 0.00918429064 0.10839112521 0.56919636176 0.50432849967 0.50098069718 0.48594681713 0.49041116848 0.48180939719 0.54423564973 0.55133218521 0.51297925740 0.50973236409 0.61575843484 0.60463202386 0.44955361046 0.52304306987 0.38720489215 0.47702725242 0.55199303633 0.38539500532 0.53200051319 0.49656682272 0.58468759975 0.53505460214 0.70634471585 0.56873538238 0.65716067272 0.66642598117 0.95966420902 1.74343538258 -230.9660334864 1.27181608024   -2 
   2 0.00000450270 0.00092441274 -46.441867767 0.13699020984 0.00917353858 0.10838376809 0.60187897033 0.57056906595 0.55008840824 0.50079101957 0.48603094012 0.40625721573 0.54710432151 0.51407098693 0.51621501584 0.51310086965 0.59814680652 0.67045471926 0.44065061105 0.53161479089 0.39766250965 0.48955974656 0.56365070610 0.40335075237 0.53611338572 0.48703166715 0.55343587832 0.50622451587 0.70536159959 0.58883703413 0.65349183804 0.71710102049 0.91577386658 1.78155688447 -220.2197823643 0.44784505552   -2 
   3 0.00000450272 0.00091876695 -46.664338639 0.13795231195 0.00917247221 0.10838489442 0.57153980790 0.54212075247 0.54862876588 0.50844301960 0.49131344722 0.39031475976 0.55361629008 0.50669500897 0.52167726718 0.51834222867 0.59575024515 0.70547683866 0.43825641011 0.53909406320 0.40550418721 0.49899486320 0.57294727018 0.41609799771 0.54083380461 0.48330534667 0.53821371158 0.49139019471 0.70809723786 0.60348329838 0.65397766548 0.75153679912 0.89682169171 1.81255624693 -217.3152851386 1.11827764694   -2 
   4 0.00000450273 0.00093542148 -46.678034086 0.13789241515 0.00917265153 0.10838562813 0.56171316889 0.53078833376 0.54768801512 0.51183341469 0.49388919417 0.38407970834 0.55669465628 0.50386515659 0.52427100203 0.52083302833 0.59495238197 0.72146153520 0.43728891665 0.54259382717 0.40916751266 0.50339506457 0.57728840755 0.42207852123 0.54307711716 0.48169995545 0.53154346334 0.48485559731 0.70947221729 0.61033620226 0.65430649769 0.76773768793 0.88860097140 1.82692370279 -216.0906539754 0.29833681613   -2 
   5 0.00000450275 0.00093269103 -46.690002678 0.13847133199 0.00917200441 0.10838547956 0.58967392122 0.52178649920 0.53194568149 0.50905480362 0.49594177148 0.38019638487 0.55957254630 0.50151772546 0.52792888173 0.52472018541 0.59388255124 0.74536185815 0.43504418575 0.54942235963 0.41752732804 0.51298302093 0.58645219366 0.43668068660 0.54798721059 0.47767333503 0.51593593528 0.46908411623 0.71228541481 0.62674186243 0.65481720297 0.80621609946 0.87029303126 1.85167973628 -214.6369118508 0.24839584249   -2 
   6 0.00000450275 0.00092745816 -46.696465170 0.13861883645 0.00917181387 0.10838531126 0.58950674393 0.52328257979 0.53113216335 0.50847985955 0.49598752894 0.38052834057 0.55968167141 0.50164560618 0.52822826995 0.52507643607 0.59392226359 0.74693373653 0.43483992169 0.55015480692 0.41853321963 0.51409104337 0.58749206888 0.43851294259 0.54859139664 0.47721254169 0.51412313818 0.46718262786 0.71265640061 0.62878056834 0.65491694585 0.81085033451 0.86831966540 1.85397122000 -214.5203056302 0.32495996022   -2 
   7 0.00000450278 0.00092741710 -46.514139505 0.13873035744 0.00917169877 0.10838403928 0.58141105700 0.54716071891 0.52880516880 0.50375819087 0.49675617776 0.38662757872 0.56085449797 0.50475754109 0.53122185015 0.52863308190 0.59546933275 0.75840464631 0.43343146744 0.55722845094 0.42834240838 0.52479652192 0.59755000047 0.45653491438 0.55467774809 0.47318876968 0.49767604663 0.44967194898 0.71670033483 0.64877590594 0.65632394743 0.85585049376 0.85108996039 1.87519992625 -213.5871124469 0.12110992169   -2 
   8 0.00000450279 0.00092926334 -46.288370480 0.13966707644 0.00917049471 0.10838096360 0.58624200919 0.54161180482 0.54086343162 0.50604769291 0.49739536581 0.39421118128 0.56127288637 0.50943975505 0.53241868217 0.53022351343 0.59836581886 0.75457251424 0.43377127088 0.56069501464 0.43415084368 0.53061712161 0.60290812133 0.46789118943 0.55871670284 0.47147425551 0.48907728644 0.43950228754 0.71995313054 0.66127236475 0.65807214573 0.88082648162 0.84437320791 1.88219063522 -213.2693785355 0.30928651188   -2 
   9 0.00000450280 0.00092507317 -46.229613802 0.14010870771 0.00916992668 0.10837984838 0.58736818661 0.53966334668 0.54448209122 0.50681706442 0.49757307625 0.39661321694 0.56137931564 0.51092544421 0.53275836568 0.53068805714 0.59929706006 0.75312184535 0.43390708183 0.56174323665 0.43597200633 0.53241715241 0.60455628473 0.47150686317 0.55999118697 0.47095493232 0.48643343225 0.43634401019 0.72099102630 0.66523446850 0.65864446596 0.88865350594 0.84238000295 1.88416528333 -213.1844536750 0.04700497372   -2 
  10 0.00000450280 0.00092563591 -45.975325367 0.14101253365 0.00916884359 0.10837698596 0.58358688579 0.54189124346 0.53963403039 0.51057956195 0.49916201688 0.39754533510 0.56279940464 0.51265087915 0.53329630929 0.53112277029 0.60143341618 0.74858423695 0.43544198742 0.56184122128 0.43661460608 0.53264386293 0.60480289872 0.47306477887 0.56116566723 0.47182102129 0.48686270544 0.43539351711 0.72271077102 0.66708884771 0.66025896082 0.88803115149 0.84588919536 1.88296313448 -213.1333138571 0.05174104552   -2 
  11 0.00000450281 0.00092657536 -45.925917409 0.14111008324 0.00916873274 0.10837654821 0.58387906633 0.54196303204 0.53934696865 0.51091408363 0.49933789064 0.39765008195 0.56297776796 0.51286653541 0.53337674638 0.53119007519 0.60172019070 0.74805339684 0.43566842317 0.56186004402 0.43670209017 0.53267358882 0.60483874710 0.47327546376 0.56133799995 0.47196189572 0.48695463968 0.43527919247 0.72296792243 0.66734483036 0.66050617189 0.88790207721 0.84643509527 1.88285704531 -213.1287321770 0.06206787079   -2 
  12 0.00000450282 0.00092538605 -45.479721802 0.14219784303 0.00916747558 0.10837228666 0.58820174209 0.54136714256 0.53790199308 0.51298738576 0.50057501348 0.39841206270 0.56434940152 0.51459854472 0.53401318820 0.53172571054 0.60414366128 0.74354014064 0.43770246786 0.56197731050 0.43744318516 0.53288037544 0.60510121674 0.47511645272 0.56286977197 0.47326749434 0.48785798057 0.43428165849 0.72527783645 0.66959156304 0.66276121777 0.88651694389 0.85147726224 1.88183978032 -213.0950894300 0.03927712370   -2 
  13 0.00000450285 0.00092248914 -44.144936108 0.14397062697 0.00916565244 0.10836184237 0.58666901072 0.54088263505 0.54475008411 0.51308220643 0.50233621701 0.39988082958 0.56699769060 0.51779455636 0.53597935495 0.53352895818 0.60902407177 0.73904136687 0.44239634109 0.56296865318 0.43936839797 0.53384712094 0.60633355451 0.47937520392 0.56671700555 0.47673532702 0.49061042069 0.43258595218 0.73103170066 0.67496128159 0.66847190245 0.88416822110 0.86361900256 1.88412827944 -213.0357028440 0.11605681689   -2 
  14 0.00000450286 0.00092364023 -43.904259937 0.14423504174 0.00916539799 0.10836002551 0.58658827597 0.54096428194 0.54585001717 0.51308991369 0.50262877800 0.40013400979 0.56744133778 0.51831744764 0.53633561890 0.53386076943 0.60982664404 0.73850088114 0.44318860255 0.56317307289 0.43970907070 0.53403970914 0.60657660751 0.48010397402 0.56738408513 0.47734051881 0.49109967703 0.43232469853 0.73202423560 0.67588632106 0.66946017175 0.88384029127 0.86568405188 1.88471394619 -213.0244768270 0.04017231263   -2 
  15 0.00000450292 0.00091958902 -41.478289904 0.14692042139 0.00916294388 0.10834176314 0.59134646545 0.54785560541 0.54432710628 0.51112605039 0.50273496979 0.40132180097 0.56870730571 0.51965993145 0.53924343619 0.53692752682 0.61269502119 0.74704908168 0.44792539906 0.56623163555 0.44264355853 0.53669698635 0.60982596499 0.48525379230 0.57251468904 0.48236395599 0.49565830520 0.43175230955 0.73938549291 0.68278353072 0.67715400945 0.88507648552 0.87939377139 1.89845178742 -212.9387473475 0.06106886712   -2 
  16 0.00000450294 0.00091751985 -40.747628543 0.14783263011 0.00916210499 0.10833598308 0.59208683394 0.54933032596 0.54392028104 0.51080255932 0.50283022341 0.40168466903 0.56909289449 0.52002638285 0.54012586203 0.53786882658 0.61346481127 0.74992301378 0.44927248246 0.56722062781 0.44354365945 0.53756033715 0.61087466137 0.48677402279 0.57405062829 0.48388297986 0.49705941538 0.43167275787 0.74157193202 0.68484034336 0.67945625718 0.88568086803 0.88336002434 1.90291087247 -212.9301448363 0.08049536145   -2 
  17 0.00000450298 0.00091674802 -39.039318699 0.15003443910 0.00916011582 0.10832211859 0.59249492222 0.55130363509 0.54343052150 0.51087753199 0.50332895901 0.40258602320 0.57009863992 0.52086723385 0.54221271235 0.54010844772 0.61508890645 0.75714490448 0.45218397777 0.56967937216 0.44566421295 0.53971714064 0.61347684694 0.49019425253 0.57756606204 0.48738485255 0.50034603466 0.43173159581 0.74652975758 0.68952161955 0.68470453515 0.88767476383 0.89204887580 1.91397708348 -212.9014669614 0.10322761497   -2 
  18 0.00000450304 0.00091314631 -37.026690459 0.15297992234 0.00915745342 0.10830475575 0.59210830859 0.55261946946 0.54313387216 0.51139711969 0.50406704452 0.40369327911 0.57136135235 0.52188202667 0.54473289236 0.54282844774 0.61697161004 0.76605869450 0.45560572543 0.57274200214 0.44826155262 0.54241923300 0.61672604173 0.49430826320 0.58182129760 0.49164883005 0.50437832026 0.43193918535 0.75250658287 0.69518363790 0.69106132922 0.89042483260 0.90237077624 1.92770900055 -212.8762118540 0.08390508540   -2 
  19 0.00000450310 0.00091414183 -35.066320961 0.15650807096 0.00915422246 0.10828634500 0.59009973812 0.54931841496 0.54530065426 0.51433611911 0.50575050692 0.40490604112 0.57304438238 0.52308426177 0.54699661627 0.54531016602 0.61852007773 0.77372429146 0.45807222083 0.57588552525 0.45071324836 0.54529436770 0.62011833563 0.49772865557 0.58552757209 0.49543517725 0.50812819636 0.43288799189 0.75756922878 0.70006833705 0.69652936865 0.89469861788 0.91009182709 1.94126122136 -212.8138024255 0.19154704489   -2 
  20 0.00000450314 0.00091056441 -33.534391515 0.15971105262 0.00915129686 0.10827090637 0.58829964731 0.54615988873 0.54723404140 0.51693647923 0.50718968789 0.40587744054 0.57442880471 0.52406803221 0.54876162357 0.54726203704 0.61971214651 0.77965799286 0.45992322479 0.57844619760 0.45268911147 0.54766293643 0.62290139171 0.50041316178 0.58846529234 0.49845990023 0.51115576164 0.43378690106 0.76155691321 0.70393985758 0.70086390222 0.89843538614 0.91598321587 1.95219965760 -212.7652567316 0.07211170005   -2 
  21 0.00000450315 0.00091270814 -33.312494267 0.16056980689 0.00915043574 0.10826811608 0.59090861392 0.54650303004 0.54831067317 0.51799255723 0.50784651978 0.40600554637 0.57488234953 0.52444180200 0.54857896659 0.54709400782 0.61972777708 0.77773460349 0.45918718867 0.57860338276 0.45268173341 0.54795534896 0.62317858870 0.49993629069 0.58814320747 0.49818376417 0.51106820658 0.43461249128 0.76097212596 0.70347754220 0.70028942969 0.90012661141 0.91389912990 1.95220511728 -212.7286783502 0.17668361370   -2 
  22 0.00000450316 0.00091033140 -32.864357608 0.16266061005 0.00914831948 0.10826200698 0.59596781732 0.54718781382 0.55050461640 0.52020175149 0.50922987550 0.40623095229 0.57581964017 0.52523179487 0.54805278496 0.54659915955 0.61968390091 0.77302306530 0.45738512543 0.57885424646 0.45257984546 0.54853756422 0.62370639827 0.49870933918 0.58726664665 0.49741602379 0.51074324022 0.43652312337 0.75943903254 0.70223802999 0.69877115666 0.90394566657 0.90879427954 1.95174181569 -212.6581051474 0.06585008175   -2 
  23 0.00000450318 0.00091139211 -32.350229200 0.16393437944 0.00914722225 0.10825677105 0.58901986041 0.54952748579 0.55186712913 0.52201221904 0.51102442148 0.40683556819 0.57746780232 0.52671470283 0.54779919552 0.54625036917 0.62023507059 0.76723087698 0.45482507097 0.57922943170 0.45234192872 0.54933720166 0.62443150895 0.49663487064 0.58579701862 0.49588876477 0.50989092279 0.43959924981 0.75696419624 0.70006424175 0.69602612936 0.90956945945 0.90079285798 1.95158407376 -212.5821473915 0.04175746731   -2 
  24 0.00000450319 0.00090894540 -31.871919526 0.16427826233 0.00914719632 0.10825332172 0.58961067356 0.54811117301 0.55016372239 0.52129515832 0.51136386788 0.40722660168 0.57830357199 0.52771219574 0.54779130527 0.54611124862 0.62086389805 0.76381138005 0.45266800243  0.5794962833 0.45206433128 0.54997142260 0.62499528326 0.49460882789 0.58438853829 0.49426445728 0.50889931990 0.44269414871 0.75466890640 0.69792023113 0.69326221743 0.91452451767 0.89348599102 1.95179297764 -212.5507336699 0.15393323784   -2 
  25 0.00000450321 0.00091007271 -31.368804307 0.16450642549 0.00914732427 0.10824982907 0.59064713955 0.54672610339 0.54846370924 0.52053023991 0.51168318848 0.40764033349 0.57915521464 0.52873961404 0.54782651786 0.54600751656 0.62154505130 0.76049050399 0.45048357970 0.57979029571 0.45178924700 0.55063935487 0.62559371362 0.49253166125 0.58295397624 0.49259082004 0.50787746104 0.44594740376 0.75233156804 0.69572468365 0.69042282541 0.91967730785 0.88603129709 1.95212768622 -212.5182802479 0.02112405001   -2 
  26 0.00000450323 0.00090918260 -30.802405446 0.16466306892 0.00914769180 0.10824674035 0.58957518046 0.54740718107 0.54903156851 0.51808870563 0.50883722991 0.40692283807 0.57700302894 0.52745590392 0.54788560573 0.54606705118 0.62137224788 0.76393158768 0.44973714755 0.57961850079 0.45147752235 0.55070011439 0.62557747634 0.49096112424 0.58198210802 0.49101772195 0.50678015652 0.44905568574 0.75094207905 0.69405174657 0.68810584417 0.92191712209 0.88173331102 1.95239848462 -212.5008552142 0.01907628492   -2 
  27 0.00000450323 0.00090954983 -30.774113033 0.16470391714 0.00914767782 0.10824657083 0.58964556941 0.54735108208 0.54903617749 0.51809087531 0.50875704160 0.40686849525 0.57688917012 0.52735255758 0.54787504374 0.54606332983 0.62132721866 0.76419306310 0.44976316812 0.57958992839 0.45146212989 0.55067396609 0.62554789315 0.49092274251 0.58196311497 0.49096189848 0.50673451201 0.44916730498 0.75092696874 0.69400965115 0.68804030394 0.92187011815 0.88170343002 1.95237608161 -212.5001475192 0.02560769982   -2 
  28 0.00000450325 0.00090941987 -30.478873936 0.16547029934 0.00914718664 0.10824454316 0.59046052625 0.54615045930 0.54881387878 0.51855520097 0.50808545791 0.40614828164 0.57555195712 0.52599699257 0.54764204111 0.54594130259 0.62061475298 0.76736028187 0.45030566674 0.57914712343 0.45127033572 0.55022426741 0.62505647089 0.49065732448 0.58185730735 0.49042895012 0.50625260187 0.45018509292 0.75096564053 0.69370047547 0.68751384932 0.92059174395 0.88215852751 1.95180916079 -212.4924810457 0.01562605223   -2 
  29 0.00000450326 0.00090940737 -30.366946765 0.16576432496 0.00914700044 0.10824378469 0.59054667694 0.54580390394 0.54872531717 0.51876561913 0.50791719133 0.40589818851 0.57512010870 0.52552337394 0.54755771737 0.54589860114 0.62035343392 0.76849293100 0.45054225282 0.57898322229 0.45120441002 0.55004941016 0.62486874296 0.49059041955 0.58184276501 0.49025312496 0.50608657311 0.45053278499 0.75102128371 0.69362127942 0.68736105932 0.92004176820 0.88244976599 1.95162278579 -212.4918246423 0.01895174052   -2 
  30 0.00000450327 0.00091003112 -30.212946279 0.16612732927 0.00914679638 0.10824284708 0.58965522573 0.54594520345 0.54862174709 0.51913808623 0.50809632753 0.40570184997 0.57494230340 0.52513392726 0.54748256290 0.54587097740 0.62008408383 0.76957258647 0.45097641779 0.57880499178 0.45115517754 0.54981830822 0.62463651795 0.49065399134 0.58194091773 0.49014420554 0.50594987468 0.45082219962 0.75127750859 0.69369139425 0.68737348651 0.91908470029 0.88333708257 1.95156909905 -212.4891362255 0.04173422630   -2 
  31 0.00000450328 0.00090960299 -30.078575472 0.16647310421 0.00914659076 0.10824201297 0.58877341912 0.54610295274 0.54850587390 0.51943872423 0.50829565423 0.40554693640 0.57484136542 0.52482882045 0.54741396751 0.54584315972 0.61985472123 0.77041829409 0.45137104069 0.57865006470 0.45111473983 0.54961181526 0.62443101927 0.49073145682 0.58204184655 0.49006611130 0.50584064844 0.45104646366 0.75152638299 0.69377730925 0.68741572229 0.91820447524 0.88419119498 1.95153309413 -212.4867582578 0.01505550602   -2 
  32 0.00000450333 0.00090932217 -29.557727340 0.16750832497 0.00914615438 0.10823937249 0.58863547993 0.54766997661 0.54827643871 0.51972173833 0.51010610841 0.40579127078 0.57632579719 0.52523258630 0.54743180802 0.54591968355 0.61970295472 0.77042550993 0.45299024792 0.57845221178 0.45118491150 0.54908193797 0.62399316436 0.49162889713 0.58287340077 0.49037587619 0.50588811065 0.45108524845 0.75308516832 0.69482888132 0.68850065044 0.91487331659 0.88887379139 1.95266751113 -212.4789022156 0.04743750193   -2 
  33 0.00000450335 0.00090843136 -29.393055401 0.16786477571 0.00914599193 0.10823852210 0.58865146777 0.54805568404 0.54821618430 0.51977842089 0.51065483586 0.40588629431 0.57681326460 0.52539569392 0.54744786642 0.54595141272 0.61967956192 0.77035643061 0.45350198328 0.57840498203 0.45121516336 0.54892671315 0.62387008782 0.49192970781 0.58314975643 0.49049164997 0.50591754817 0.45107996622 0.75359578942 0.69518328249 0.68887086014 0.91384100436 0.89039133325 1.95307500303 -212.4766173122 0.02122375256   -2 
  34 0.00000450339 0.00090771619 -28.963754297 0.16872161480 0.00914567893 0.10823658028 0.59035950138 0.54748586347 0.54870068471 0.51971249342 0.51152877690 0.40645363791 0.57820428607 0.52638339903 0.54779757026 0.54627731343 0.62015936347 0.76948303016 0.45464625996 0.57865174347 0.45146888165 0.54887596740 0.62395268680 0.49288391699 0.58402260685 0.49105876840 0.50625295595 0.45087880388 0.75505588662 0.69635614687 0.69014696586 0.91209478993 0.89423507298 1.95516442595 -212.4704024123 0.02310710752   -2 
  35 0.00000450340 0.00090718916 -28.889686648 0.16888860559 0.00914561046 0.10823625717 0.59048708340 0.54731152167 0.54882706895 0.51969954929 0.51159404666 0.40657589677 0.57841979934 0.52659579690 0.54789395726 0.54636389876 0.62030199006 0.76930732434 0.45481696317 0.57874047616 0.45153525964 0.54891432023 0.62401965184 0.49306551207 0.58419011835 0.49118706327 0.50634244349 0.45083125275 0.75531985842 0.69658585894 0.69040049137  0.9119284189 0.89486522881 1.95564879996 -212.4695877515 0.02365344577   -2 
  36 0.00000450346 0.00090676859 -28.427073159 0.16987887762 0.00914526909 0.10823445152 0.59043418084 0.54612427081 0.54996012188 0.51973676241 0.51152687247 0.40749842349 0.57960746905 0.52817365251 0.54875528216 0.54712711674 0.62159149799 0.76821989785 0.45569621975 0.57960943651 0.45210385452 0.54948129755 0.62480027636 0.49428686144 0.58533484084 0.49217397194 0.50710512740 0.45048635130 0.75702158016 0.69817393445 0.69216758852 0.91185532762 0.89847169426 1.95951243075 -212.4644249504 0.02243434202   -2 
  37 0.00000450347 0.00090620101 -28.327788361 0.17013883770 0.00914515570 0.10823406875 0.59019315347 0.54604893163 0.55014104607 0.51977638804 0.51141526206 0.40769738620 0.57977058500 0.52851283986 0.54897916776 0.54732888951 0.62193119785 0.76805600066 0.45583197043 0.57986192763 0.45226118736 0.54968061361 0.62505120140 0.49456236182 0.58559777725 0.49242727430 0.50731749438 0.45040987547 0.75738901932 0.69854419900 0.69258255864 0.91208952923 0.89913392742 1.96049224090 -212.4633086077 0.02994416667   -2 
  38 0.00000450352 0.00090610734 -27.926778513 0.17119472470 0.00914471227 0.10823260125 0.58909402145 0.54632843310 0.55075687018 0.52007217857 0.51082932888 0.40849709702 0.58023743330 0.52986155010 0.54997601936 0.54823652652 0.62343627689 0.76765156490 0.45625980066 0.58103085704 0.45297779976 0.55066598822 0.62625601734 0.49569124316 0.58669127715 0.49353453099 0.50828150000 0.45011805801 0.75886437217 0.70009060170 0.69431816647 0.91363084369 0.90150100421 1.96478517712 -212.4588126189 0.02203518780   -2 
  39 0.00000450355 0.00090523089 -27.724512054 0.17184852531 0.00914438410 0.10823185573 0.58898053081 0.54685328460 0.55077910753 0.52029091056 0.51051042552 0.40882507106 0.58025915609 0.53041050459 0.55049840308 0.54873180006 0.62422733052 0.76776052879 0.45636060139 0.58171952092 0.45340363895 0.55130960971 0.62701263918 0.49625810582 0.58725579973 0.49415905074 0.50885921103 0.45000343899 0.75957937628 0.70089811939 0.69522658629 0.91494348580 0.90236840288 1.96711044251 -212.4565813627 0.04430986296   -2 
  40 0.00000450362 0.00090512664 -27.289298209 0.17325445473 0.00914370046 0.10823029284 0.58921610334 0.54819706243 0.55074313443 0.52084066043 0.50990280533 0.40949249103 0.58023432839 0.53151497508 0.55163867962 0.54982564287 0.62594168919 0.76823348754 0.45652688336 0.58325710019 0.45435943455 0.55277879525 0.62872552310 0.49747417420 0.58848044914 0.49553768301 0.51015421214 0.44979367556 0.76110551630 0.70264995734 0.69719493816 0.91807381185 0.90404738105 1.97221716014 -212.4514770633 0.02234420497   -2 
  41 0.00000450366 0.00090429986 -27.068624406 0.17403944433 0.00914330026 0.10822952055 0.58978160721 0.54875525268 0.55063835854 0.52116394150 0.50980536703 0.40974190461 0.58016685526 0.53191287066 0.55218697778 0.55037806768 0.62675032855 0.76881687680 0.45655752337 0.58406949803 0.45488430811 0.55360724802 0.62967085396 0.49807024454 0.58910171008 0.49626718777 0.51086833850 0.44975626793 0.76185032966 0.70353827971 0.69818753729 0.92001312651 0.90463969502 1.97481962273 -212.4496586105 0.02960990009   -2 
  42 0.00000450368 0.00090436145 -26.895311066 0.17463993240 0.00914301014 0.10822895896 0.59040935620 0.54911463998 0.55058447339 0.52145402465 0.50987764953 0.40990066913 0.58012901820 0.53215126175 0.55260174947 0.55080940290 0.62734531617 0.76945629501 0.45656889927 0.58471263653 0.45531153657 0.55428694451 0.63043744835 0.49852216948 0.58958611532 0.49684499414 0.51144842886 0.44977152192 0.76241918735 0.70422700714 0.69895183971 0.92167326510 0.90498501981 1.97685235947 -212.4481445590 0.02007252975   -2 
  43 0.00000450372 0.00090355709 -26.692890137 0.17537327092 0.00914265703 0.10822838038 0.59115013865 0.54918107985 0.55060106320 0.52183603495 0.51033842403 0.40998299774 0.58013947858 0.53223153905 0.55302690456 0.55129120244 0.62791366723  0.7706415193 0.45655753986 0.58546285859 0.45584653554 0.55514571602 0.63138294207 0.49900867044 0.59014324587 0.49753231808 0.51217603901 0.44990961858 0.76304562496 0.70500976921 0.69980629487 0.92394154169 0.90509552507 1.97916235358 -212.4463736127 0.02731560637   -2 
  44 0.00000450375 0.00090364779 -26.538658495 0.17589740551 0.00914242995 0.10822800324 0.59162743819 0.54914568084 0.55070381537 0.52215288532 0.51084691909 0.41001967520 0.58020757305 0.53223473001 0.55333163370 0.55165121471 0.62829605127 0.77170592881 0.45655417206 0.58602583285 0.45626434297 0.55581425656 0.63211092097 0.49936013813 0.59056314819 0.49805302049 0.51274243731 0.45007074611 0.76351004088 0.70559239798 0.70043410177 0.92576005404 0.90508300072 1.98089184287 -212.4450170018 0.02179227352   -2 
  45 0.00000450379 0.00090284317 -26.305048219 0.17669355606 0.00914210312 0.10822754466 0.59176957152 0.54886474534 0.55103346851 0.52263682174 0.51192781435 0.41001228438 0.58045172169 0.53210727602 0.55373548395 0.55216821413 0.62874394729 0.77365010260 0.45656673598 0.58684996040 0.45692160681 0.55685615317 0.63322578314 0.49985045662 0.59119158369 0.49883926297 0.51363422159 0.45045279292 0.76418918769 0.70644830348 0.70133672880 0.92871942853 0.90485043900 1.98342041024 -212.4429508844 0.02426916542   -2 
  46 0.00000450381 0.00090298776 -26.198259129 0.17702509580 0.00914199141 0.10822739166 0.59168471938 0.54875050666 0.55125491182 0.52285592096 0.51248782695 0.41000469389 0.58062816539 0.53203256970 0.55390549762 0.55239512129 0.62891031797 0.77460290750 0.45659022271 0.58720831095 0.45722374796 0.55732756003 0.63372460127 0.50005895635 0.59147413391 0.49918962068 0.51404334231 0.45067460815 0.76449298978 0.70682564747 0.70172667119 0.93008767946 0.90470058490 1.98453634280 -212.4420683241 0.01600974992   -2 
  47 0.00000450383 0.00090261340 -26.108860959 0.17729101944 0.00914191971 0.10822735263 0.59125856835 0.54867267691 0.55152799688 0.52299649422 0.51303594772 0.40998561805 0.58089272719 0.53193543754 0.55400758795 0.55255559323 0.62896219566 0.77549072386 0.45664570751 0.58746292690 0.45747797117 0.55770669743 0.63411328223 0.50020071109 0.59169957807 0.49946451959 0.51438954496 0.45095968979 0.76473265706 0.70711258327 0.70200661870 0.93125366938 0.90448744878 1.98536392473 -212.4412773115 0.01372801214   -2 
  48 0.00000450383 0.00090275187 -26.077326171 0.17736397098 0.00914191858 0.10822738559 0.59107124357 0.54868586156 0.55165431713 0.52302811418 0.51323991323 0.40998042146 0.58103622986 0.53189860069 0.55402857513 0.55259923720 0.62894681256 0.77581624323 0.45668452058 0.58752896605 0.45756426723 0.55782608413 0.63423025892 0.50023531956 0.59177225532 0.49954890361 0.51450752316 0.45110199574 0.76481013355 0.70719788425 0.70208139515 0.93164633251 0.90438651913 1.98560311927 -212.4410067260 0.00911995461   -2 
  49 0.00000450384 0.00090252862 -26.039699648 0.17744073931 0.00914193923 0.10822753284 0.59076615026 0.54876733706 0.55183883399 0.52299834826 0.51348740100 0.40997093179 0.58132372799 0.53183919074 0.55400635557 0.55261099257 0.62883199526 0.77622832711 0.45677922759 0.58754263654 0.45765978756 0.55793239486 0.63431743847 0.50023540267 0.59184113778 0.49961923272 0.51464215721 0.45138865323 0.76488332739 0.70725892544 0.70210861703 0.93207936312 0.90418807943 1.98573745014 -212.4406868052 0.00983202228   -2 
  50 0.00000450385 0.00090262753 -26.017217132 0.17747163388 0.00914197105 0.10822767411 0.59066120439 0.54884918434 0.55195153190 0.52295925282 0.51362090025 0.40996846239 0.58153688505 0.53180564023 0.55397632092 0.55260199036 0.62872837622 0.77646601300 0.45685793223 0.58752165605 0.45771111252 0.55797597025 0.63434297291 0.50021730559 0.59187337063 0.49964534707 0.51471615976 0.45160878811 0.76491829932 0.70727593855 0.70209616709 0.93230543988 0.90404478250 1.98575236472 -212.4405016029 0.00944308042   -2 
  51 0.00000450386 0.00090231158 -25.969800097 0.17754477082 0.00914204599 0.10822809608 0.59060316201 0.54904192115 0.55215373388 0.52281309432 0.51385277153 0.40996295841 0.58206998240 0.53172905261 0.55386493524 0.55253837507 0.62841613511 0.77694596123 0.45707696086 0.58740357015 0.45780764275 0.55802164831 0.63433303924 0.50013275305 0.59191979906 0.49966401230 0.51486239426 0.45220676705 0.76496980457 0.70726462341 0.70199903429 0.93272157852 0.90366644793 1.98561346740 -212.4400939734 0.01033527210   -2 
  52 0.00000450387 0.00090239051 -25.946803112 0.17757400776 0.00914209392 0.10822835056 0.59069579759 0.54913049653 0.55222551959 0.52274172214 0.51393338691 0.40996565777 0.58233334394 0.53170089916 0.55380376640 0.55249810637 0.62824958813 0.77715050477 0.45719964478 0.58732549759 0.45784867003 0.55802638242 0.63430650258 0.50007815500 0.59193521529 0.49965968614 0.51492684055 0.45253647872 0.76498848160 0.70724388924 0.70192952935 0.93288791873 0.90347122174 1.98550288615 -212.4398974529 0.00940069359   -2 
  53 0.00000450388 0.00090214163 -25.916183284 0.17763018549 0.00914215464 0.10822878831 0.59094895615 0.54920346803 0.55225453057 0.52263825091 0.51397759944 0.40997369463 0.58268553663 0.53167223712 0.55370335372 0.55242263569 0.62799144594 0.77737410645 0.45739521173 0.58717914152 0.45789415407 0.55800103248 0.63422999145 0.49997704326 0.59194226412 0.49962948265 0.51500465883 0.45306560508 0.76500062161 0.70718663052 0.70179215897 0.93305631503 0.90317521044 1.98526520144 -212.4396199583 0.00708395852   -2 
  54 0.00000450389 0.00090221918 -25.904445869 0.17765082036 0.00914218637 0.10822901833 0.59108850486 0.54920620219 0.55223115901 0.52261622821 0.51395608735 0.40998402968 0.58279838858 0.53167571599 0.55366559669 0.55238972932 0.62789248324 0.77741911854 0.45748424065 0.58710765353 0.45790576477 0.55797499269 0.63418152136 0.49992673010 0.59193901233 0.49960523678 0.51502793078 0.45330798203 0.76500078081 0.70715138035 0.70171955238 0.93308197174 0.90305795544 1.98514847098 -212.4395185359 0.00713253373   -2 
  55 0.00000450390 0.00090208322 -25.887721846 0.17769681846 0.00914223273 0.10822947538 0.59128148679 0.54915042257 0.55212944883 0.52260596664 0.51385426201 0.41000775041 0.58292018210 0.53170057663 0.55360651796 0.55233021691 0.62774054079 0.77741217537 0.45764067049 0.58697119509 0.45791200830 0.55790595433 0.63407342813 0.49982908222 0.59192201065 0.49954558479 0.51505110597 0.45374464626 0.76499077681 0.70707316586 0.70157327807 0.93305285466 0.90286989899 1.98491951363 -212.4393511901 0.00668898696   -2 
  56 0.00000450391 0.00090221745 -25.875980816 0.17772623926 0.00914228055 0.10822990120 0.59134921756 0.54908686178 0.55202874613 0.52263127410 0.51373827934 0.41003427861 0.58295557819 0.53173986317 0.55357335829 0.55228866058 0.62764867029 0.77734613037 0.45776552803 0.58686103525 0.45790803085 0.55783672329 0.63397484878 0.49974712807 0.59190282621 0.49948693502 0.51505753304 0.45410269655 0.76497902210 0.70700206599 0.70144620656 0.93297620937 0.90274140302 1.98474345449 -212.4392278460 0.00854658725   -2 
  57 0.00000450392 0.00090215405 -25.857091006 0.17778781707 0.00914236442 0.10823074714 0.59132281690 0.54894323831 0.55182439109 0.52269551630 0.51349290496 0.41008414926 0.58295154156 0.53182290072 0.55352148406 0.55221437516 0.62750530319 0.77716218043 0.45799082450 0.58665563476 0.45788997087 0.55769380928 0.63377968936 0.49959086744 0.59185954614 0.49936677451 0.51505592039 0.45477011931 0.76495026198 0.70686044184 0.70120037483 0.93278064432 0.90252273660 1.98441635872 -212.4390122674 0.00639728854   -2 
  58 0.00000450393 0.00090232278 -25.848859363 0.17780693322 0.00914242339 0.10823124642 0.59118277707 0.54888812897 0.55174635647 0.52274177414 0.51336878479 0.41010904903 0.58288556363 0.53187275339 0.55351130217 0.55218673710 0.62747112632 0.77702508653 0.45809269166 0.58656157428 0.45787242084 0.55761407627 0.63367823106 0.49951318657 0.59183343877 0.49929891343 0.51504331924 0.45510012799 0.76493264669 0.70678522695 0.70107423531 0.93263875303 0.90244096709 1.98427895943 -212.4388924716 0.00804172078   -2 
  59 0.00000450394 0.00090228168 -25.842024617 0.17782845809 0.00914248423 0.10823180240 0.59096743350 0.54883285320 0.55167715973 0.52278492453 0.51324212673 0.41012957635 0.58277645995 0.53192198737 0.55350631779 0.55216114785 0.62745543721 0.77685659595 0.45818606873 0.58646976179 0.45784777263 0.55752661267 0.63357128808 0.49943340103 0.59180214614 0.49922409996 0.51502183858 0.45543077207 0.76490991600 0.70670426284 0.70094272588 0.93246564259 0.90237189940 1.98414601685 -212.4387762473 0.00383957875   -2 
  60 0.00000450395 0.00090238658 -25.841847156 0.17782126439 0.00914251772 0.10823202677 0.59089728196 0.54884343853 0.55169901568 0.52278473931 0.51323055785 0.41012549090 0.58268788144 0.53192893954 0.55351758141 0.55216353634 0.62749023394 0.77677993871 0.45818606490 0.58646173906 0.45783145033 0.55749953362 0.63354580713 0.49941701341 0.59178860346 0.49919913486 0.51500245550 0.45549085940 0.76489840697 0.70668139555 0.70091172685 0.93238140138 0.90238665497 1.98414316936 -212.4387275020 0.00631197966   -2 
  61 0.00000450396 0.00090235918 -25.843874406 0.17780049095 0.00914263124 0.10823285639 0.59064696402 0.54887634548 0.55178670045 0.52276335387 0.51320165974 0.41009911094 0.58233600861 0.53194109795 0.55355979584 0.55217375990 0.62763308534 0.77648801354 0.45816300199 0.58644357029 0.45776541399 0.55740091589 0.63345752352 0.49936255256 0.59173501409 0.49910753032 0.51492291493 0.45567233736 0.76485050216 0.70659878666 0.70080578435 0.93205833192 0.90245894702 1.98414240659 -212.4385824227 0.00355831833   -2 
  62 0.00000450397 0.00090246059 -25.849142232 0.17776614567 0.00914274971 0.10823367748 0.59077082324 0.54887682585 0.55184159837 0.52270951186 0.51321588491 0.41005607142 0.58204062448 0.53192155225 0.55359408312 0.55218547462 0.62777631019 0.77624787294 0.45809328013 0.58645390389 0.45769587119 0.55732008199 0.63339573526 0.49932820143 0.59168089094 0.49902773641 0.51483496264 0.45574713965 0.76479734273 0.70653048484 0.70073122729 0.93175399130 0.90255972091 1.98416325136 -212.4384668628 0.00850314025   -2 
  63 0.00000450398 0.00090235432 -25.854717760 0.17774032230 0.00914284885 0.10823440445 0.59087864378 0.54886656673 0.55187707617 0.52265773968 0.51322830188 0.41001581976 0.58179166034 0.53189947589 0.55362044274 0.55219354581 0.62789730566 0.77604277067 0.45802707555 0.58646367269 0.45763369516 0.55724971155 0.63334253596 0.49929887775 0.59163213781 0.49895784414 0.51475605315 0.45580260558 0.76474855626 0.70647042533 0.70066726336 0.93148752396 0.90264848972 1.98417553453 -212.4383718733 0.00194307600   -2 
  64 0.00000450401 0.00090248487 -25.887824609 0.17758520762 0.00914325881 0.10823723253 0.59096711220 0.54876329074 0.55164668620 0.52256369436 0.51334195968 0.40989478059 0.58172131820 0.53174668612 0.55361632194 0.55219178920 0.62809409401 0.77583114464 0.45770148826 0.58655423147 0.45743989191 0.55710258122 0.63326673348 0.49926323151 0.59147885736 0.49877400509 0.51448223788 0.45564490281 0.76457537355 0.70632224741 0.70055695023 0.93079277065 0.90295519255 1.98415848101 -212.4381957657 0.00816241393   -2 
  65 0.00000450403 0.00090240316 -25.901606033 0.17752840755 0.00914341635 0.10823835704 0.59097470814 0.54872267704 0.55155919242 0.52252683113 0.51337959099 0.40984766063 0.58170044480 0.53168572047 0.55361053972 0.55218789661 0.62816221185 0.77575290933 0.45757376746 0.58658697490 0.45736391400 0.55704510114 0.63323643010 0.49924869372 0.59141791273 0.49870197374 0.51437455636 0.45557840780 0.76450583176 0.70626335228 0.70051335108 0.93052437550 0.90307041027 1.98413975680 -212.4381344869 0.00306865635   -2 
  66 0.00000450407 0.00090250936 -25.950271555 0.17735585506 0.00914391595 0.10824206449 0.59067620444 0.54872689098 0.55147914511 0.52247522450 0.51337992202 0.40974223225 0.58177757135 0.53152168899 0.55353935643 0.55213566989 0.62820897189 0.77563879171 0.45721688386 0.58664036012 0.45715143759 0.55689150329 0.63314814489 0.49920163434 0.59123486634 0.49849772073 0.51406044801 0.45531002442 0.76428656048 0.70608592471 0.70038645290 0.92983188507 0.90332296337 1.98391328878 -212.4379723642 0.00370758771   -2 
  67 0.00000450408 0.00090259443 -25.956478189 0.17733748936 0.00914397395 0.10824251645 0.59067871556 0.54873197754 0.55149194046 0.52247421976 0.51336216573 0.40973624771 0.58179118810 0.53150852616 0.55352400794 0.55212316014 0.62819001489 0.77563706353 0.45718624177 0.58663607339 0.45713166969 0.55687695625 0.63313698736 0.49919456389 0.59121517130 0.49847752745 0.51402936323 0.45527459988 0.76426135305 0.70606585403 0.70037161840 0.92977675276 0.90333062586 1.98385872375 -212.4379467822 0.00496659411   -2 
  68 0.00000450417 0.00090275089 -26.061280106 0.17711380926 0.00914481794 0.10824964747 0.59087829430 0.54877350293 0.55179463607 0.52246170460 0.51293594795 0.40967733124 0.58200346870 0.53133414616 0.55321937158 0.55186758697 0.62769922274 0.77566942073 0.45679020606 0.58647747366 0.45685789504 0.55666804206 0.63294606062 0.49906584479 0.59091480458 0.49818703320 0.51358586137 0.45469336915 0.76386330755 0.70575046159 0.70013213873 0.92910559951 0.90326708731 1.98275653407 -212.4375587608 0.00296619282   -2 
  69 0.00000450422 0.00090274227 -26.117608336 0.17696270275 0.00914530911 0.10825356422 0.59077380366 0.54872715784 0.55177210130 0.52245610816 0.51279631692 0.40968714229 0.58200440852 0.53131204881 0.55308295815 0.55173732979 0.62739686787 0.77569378368 0.45671255100 0.58633201324 0.45677550832 0.55659476795 0.63284754698 0.49898864775 0.59079338381 0.49808031679 0.51343066618 0.45441526444 0.76368993077 0.70560772434 0.70001254214 0.92899148944 0.90305936893 1.98214203909 -212.4374365591 0.01111379696   -2 
  70 0.00000450431 0.00090309943 -26.224181225 0.17665903599 0.00914626418 0.10826105124 0.59059503506 0.54864562119 0.55171281244 0.52244845974 0.51255311317 0.40971120099 0.58199225818 0.53128035189 0.55283249616 0.55149500510 0.62682772072 0.77573947535 0.45658356750 0.58605090160 0.45662825780 0.55646141151 0.63266220212 0.49884156100 0.59056911344 0.49788467911 0.51314773021 0.45389348009 0.76336752843 0.70534106388 0.69978716523 0.92880698367 0.90264426337 1.98098517344 -212.4371728795 0.00367483512   -2 
  71 0.00000450439 0.00090328682 -26.306723494 0.17641407114 0.00914701904 0.10826689719 0.59052542730 0.54857010692 0.55160128435 0.52241316917 0.51242064476 0.40971985266 0.58192299323 0.53125590578 0.55265833141 0.55131828537 0.62642580986 0.77573090545 0.45651739128 0.58582377371 0.45652992703 0.55636222980 0.63251460998 0.49872207390 0.59040518128 0.49774581977 0.51295475258 0.45351429429 0.76312853831 0.70513914642 0.69960992709 0.92871381215 0.90227689100 1.98011752007 -212.4370962156 0.00508240870   -2 
  72 0.00000450441 0.00090321767 -26.328911502 0.17634601500 0.00914722648 0.10826848941 0.59054421065 0.54854559656 0.55154343158 0.52238466433 0.51241405301 0.40971266320 0.58187186388 0.53124448639 0.55262248364 0.55127723272 0.62634550072 0.77569824829 0.45651421617 0.58575968042 0.45651019369 0.55633574507 0.63247162061 0.49868643835 0.59036518614 0.49771413801 0.51291584290 0.45342757307 0.76306892123 0.70508620830 0.69955964927 0.92870746338 0.90215676273 1.97990310701 -212.4370427803 0.00669339587   -2 
  73 0.00000450451 0.00090341768 -26.438586519 0.17597199380 0.00914831384 0.10827659439 0.59078488411 0.54844956522 0.55121144217 0.52220573183 0.51247436230 0.40965442658 0.58153679241 0.53117937449 0.55248258514 0.55109757305 0.62603459000 0.77545593725 0.45654220448 0.58543617156 0.45643264877 0.55620648835 0.63225081604 0.49849999075 0.59017938901 0.49757330954 0.51275993073 0.45303863280 0.76278740581 0.70482771893 0.69930273865 0.92873138858 0.90149951848 1.97890592639 -212.4367822072 0.00380951358   -2 
  74 0.00000450454 0.00090337221 -26.468801662 0.17587031325 0.00914861532 0.10827885180 0.59079294463 0.54843776484 0.55114050032 0.52214646246 0.51251249592 0.40962285792 0.58142089896 0.53114904572 0.55245898183 0.55105899209 0.62599694391 0.77534749950 0.45656193371 0.58535006142 0.45641737346 0.55616825075 0.63218526083 0.49844399151 0.59013246524 0.49754067059 0.51273336651 0.45295789599 0.76271530554 0.70475738409 0.69922732844 0.92874620087 0.90130032316 1.97866794247 -212.4367369299 0.00580982309   -2 
  75 0.00000450461 0.00090353947 -26.542009985 0.17561339296 0.00914936766 0.10828442272 0.59076932460 0.54843818718 0.55100870665 0.52200241145 0.51262728783 0.40953208815 0.58112338740 0.53106430299 0.55241956818 0.55097903836 0.62595951359 0.77504409119 0.45662261514 0.58514612268 0.45638697179 0.55607291054 0.63202175608 0.49830313834 0.59002331054 0.49746798362 0.51268649953 0.45279024129 0.76254632790 0.70458750550 0.69903903618 0.92879017992 0.90079798559 1.97813441666 -212.4366316469 0.00380172409   -2 
  76 0.00000450461 0.00090347496 -26.545461270 0.17560834645 0.00914939775 0.10828469384 0.59072380507 0.54844273322 0.55103595240 0.52199986236 0.51262806301 0.40951775379 0.58110968811 0.53104951492 0.55242446115 0.55098161668 0.62598891016 0.77500642449 0.45662776565 0.58514197787 0.45638727547 0.55606456459 0.63201042191 0.49829326600 0.59001971708 0.49746747786 0.51269422280 0.45280370988 0.76254081707 0.70457907683 0.69902610722 0.92878654789 0.90076873338 1.97813405997 -212.4366001974 0.00489603684   -2 
  77 0.00000450463 0.00090357032 -26.561424022 0.17558016345 0.00914955787 0.10828608668 0.59047951334 0.54848971956 0.55124156162 0.52200578316 0.51262883467 0.40943272652 0.58105135997 0.53096148342 0.55246545432 0.55101017214 0.62619651056 0.77478441353 0.45665942831 0.58513498200 0.45639370001 0.55601821063 0.63195025231 0.49823971500 0.59000687848 0.49747185574 0.51275278396 0.45291217446 0.76252079960 0.70453860761 0.69895623207 0.92876068614 0.90061614088 1.97819070192 -212.4364746461 0.00267556190   -2 
  78 0.00000450464 0.00090364135 -26.565398842 0.17557632966 0.00914960144 0.10828648820 0.59049997382 0.54849178381 0.55128684897 0.52201096818 0.51262176650 0.40940589316 0.58104221897 0.53093246243 0.55247949491 0.55102181339 0.62627055169 0.77471528243 0.45666823127 0.58513865395 0.45639640567 0.55600245590 0.63193163302 0.49822273131 0.59000465076 0.49747546004 0.51277726336 0.45296220749 0.76251755435 0.70452741101 0.69893393093 0.92874630177 0.90057295288 1.97822450326 -212.4364502653 0.00499681151   -2 
  79 0.00000450466 0.00090360459 -26.581644079 0.17557425920 0.00914976311 0.10828809362 0.59063074336 0.54847741750 0.55143703483 0.52202795505 0.51258284176 0.40929605571 0.58100910785 0.53081205722 0.55253340001 0.55106780926 0.62657138288 0.77443472665 0.45670118430 0.58515605746 0.45640654471 0.55593600285 0.63185455242 0.49815256078 0.58999541394 0.49749072459 0.51288031963 0.45317769522 0.76250465728 0.70448151229 0.69884158471 0.92867996740 0.90039971269 1.97836411228 -212.4363558040 0.00148392180   -2 
  80 0.00000450467 0.00090364951 -26.584486838 0.17556648510 0.00914983018 0.10828864197 0.59069157615 0.54847573233 0.55134766506 0.52204089308 0.51257752065 0.40929311766 0.58103532379 0.53080513510 0.55254564363 0.55108332084 0.62663115654 0.77441556953 0.45670794615 0.58517498405 0.45641222391 0.55592125949 0.63184169650 0.49813628923 0.58999928232 0.49750102016 0.51292238046 0.45327406997 0.76251091628 0.70447566443 0.69881936866 0.92865515644 0.90037105705 1.97843087080 -212.4363334417 0.00397105774   -2 
  81 0.00000450468 0.00090359963 -26.587616927 0.17556056910 0.00914989985 0.10828923030 0.59074023107 0.54847127978 0.55124698018 0.52205279321 0.51257133926 0.40929185547 0.58106383393 0.53079950370 0.55255703601 0.55109869542 0.62668949570 0.77439991236 0.45671430358 0.58519518069 0.45641800125 0.55590573311 0.63182847191 0.49811921789 0.59000338056 0.49751196746 0.51296717963 0.45337797859 0.76251763646 0.70446961331 0.69879596153 0.92862788724 0.90034213610 1.97849937469 -212.4363107860 0.00123993873   -2 
  82 0.00000450469 0.00090359943 -26.591052041 0.17554552803 0.00915002313 0.10829020451 0.59067231608 0.54848201859 0.55114282222 0.52206785146 0.51257375372 0.40931207417 0.58111580911 0.53081475471 0.55256801495 0.55111829806 0.62673560345 0.77442809011 0.45672101619 0.58523004845 0.45642786550 0.55588955861 0.63181890820 0.49809958323 0.59001366628 0.49753113865 0.51303678715 0.45354593711 0.76253369889 0.70446694982 0.69876801809 0.92858880725 0.90031904318 1.97859647384 -212.4362923556 0.00113473659   -2 
  83 0.00000450469 0.00090361929 -26.591190780 0.17554425178 0.00915003488 0.10829029606 0.59066736090 0.54848311966 0.55114891732 0.52206750472 0.51257482294 0.40931514576 0.58111840899 0.53081772775 0.55256769104 0.55111875380 0.62673337750 0.77443453127 0.45672102149 0.58523243492 0.45642853168 0.55588911385 0.63181919408 0.49809875567 0.59001462660 0.49753265315 0.51304181133 0.45355925482 0.76253516775 0.70446726066 0.69876666342 0.92858623451 0.90031934156 1.97860016938 -212.4362903077 0.00128261270   -2 
  84 0.00000450470 0.00090360364 -26.592880568 0.17554010877 0.00915015406 0.10829129506 0.59060635859 0.54848370181 0.55126162767 0.52205175974 0.51258464110 0.40934971761 0.58113352639 0.53085199543 0.55255625087 0.55111586897 0.62668243614 0.77451304794 0.45671732154 0.58525273657 0.45643351389 0.55588646990 0.63182450571 0.49809224943 0.59002335726 0.49754692455 0.51308964805 0.45369409799 0.76254873403 0.70447088465 0.69875487112 0.92855958213 0.90032990981 1.97861181006 -212.4362738585 0.00082570822   -2 
  85 0.00000450471 0.00090360879 -26.593110237 0.17554353694 0.00915018751 0.10829160457 0.59067443076 0.54848404887 0.55127165029 0.52204933740 0.51258642408 0.40935522282 0.58112830845 0.53085865425 0.55255165595 0.55111201614 0.62666005062 0.77453015920 0.45671500798 0.58525397039 0.45643385311 0.55588843565 0.63182824377 0.49809317662 0.59002506297 0.49754946714 0.51309709638 0.45372137007 0.76255126894 0.70447289321 0.69875512120 0.92855626220 0.90033826375 1.97859974240 -212.4362678880 0.00115476170   -2 
  86 0.00000450471 0.00090359330 -26.593201426 0.17554485964 0.00915019580 0.10829168536 0.59068644184 0.54848407474 0.55127286869 0.52204887891 0.51258678629 0.40935636414 0.58112679351 0.53086011627 0.55255053163 0.55111100375 0.62665447126 0.77453403638 0.45671440557 0.58525412699 0.45643390623 0.55588901477 0.63182924238 0.49809350319 0.59002546634 0.49755005363 0.51309875027 0.45372781869 0.76255186606 0.70447343147 0.69875530666 0.92855563735 0.90034050003 1.97859636597 -212.4362667747 0.00030199856   -2 
  87 0.00000450473 0.00090359379 -26.593331088 0.17555291992 0.00915032375 0.10829281723 0.59066206237 0.54851438629 0.55126578567 0.52206585732 0.51260152286 0.40936918605 0.58111478774 0.53087970951 0.55254721176 0.55110548365 0.62659844063 0.77457890634 0.45671070781 0.58525740958 0.45643732183 0.55590422097 0.63184965964 0.49810446473 0.59003453653 0.49755893365 0.51311529123 0.45379722783 0.76256428760 0.70448663364 0.69876715537 0.92856201871 0.90037860302 1.97857215354 -212.4362634708 0.00047340391   -2 
  88 0.00000450473 0.00090360032 -26.593300556 0.17555303513 0.00915033228 0.10829288849 0.59066337511 0.54851423860 0.55126594077 0.52206650986 0.51260215167 0.40936975521 0.58111466150 0.53088060158 0.55254730903 0.55110544537 0.62659640730 0.77458086107 0.45671063517 0.58525769267 0.45643758378 0.55590511971 0.63185082063 0.49810514930 0.59003511750 0.49755947854 0.51311620652 0.45380096459 0.76256507305 0.70448746716 0.69876793474 0.92856262359 0.90038075176 1.97857178168 -212.4362632458 0.00032123525   -2 
  89 0.00000450474 0.00090359520 -26.593030237 0.17555447665 0.00915041237 0.10829356354 0.59068850863 0.54849332704 0.55126900147 0.52206714465 0.51260398890 0.40937230858 0.58111680277 0.53088513421 0.55254945798 0.55110648379 0.62658777510 0.77459082405 0.45671065996 0.58526016236 0.45643995857 0.55591247573 0.63186000009 0.49811110115 0.59004005410 0.49756411386 0.51312345805 0.45383108599 0.76257178440 0.70449468594 0.69877495923 0.92856814299 0.90039944619 1.97857400946 -212.4362620553 0.00021574570   -2 
  90 0.00000450474 0.00090359062 -26.592984189 0.17555460655 0.00915042347 0.10829365597 0.59068651521 0.54849284643 0.55126965152 0.52206689173 0.51260390677 0.40937235179 0.58111758725 0.53088526838 0.55254997299 0.55110690534 0.62658836847 0.77459100724 0.45671083612 0.58526053399 0.45644029397 0.55591326232 0.63186092121 0.49811180530 0.59004065356 0.49756466891 0.51312422819 0.45383417894 0.76257258835 0.70449555297 0.69877583501 0.92856894744 0.90040137036 1.97857546092 -212.4362619552 0.00031425748   -2 
  91 0.00000450475 0.00090359209 -26.592497303 0.17555442232 0.00915051231 0.10829438497 0.59066859772 0.54849382159 0.55127590607 0.52206532969 0.51260348726 0.40937264865 0.58112479566 0.53088613308 0.55255463498 0.55111088446 0.62659560533 0.77459155210 0.45671262306 0.58526376722 0.45644309715 0.55591934623 0.63186796102 0.49811733285 0.59004545557 0.49756906255 0.51313012376 0.45385721534 0.76257901195 0.70450238290 0.69878280548 0.92857569208 0.90041595306 1.97858983496 -212.4362612701 0.00016118879   -2 
  92 0.00000450476 0.00090359326 -26.592280923 0.17555456217 0.00915055180 0.10829471114 0.59066427818 0.54849476271 0.55127798657 0.52206468584 0.51260323941 0.40937268383 0.58112770039 0.53088634714 0.55255656059 0.55111257356 0.62659900262 0.77459146977 0.45671341819 0.58526511854 0.45644428748 0.55592185168 0.63187082590 0.49811965950 0.59004747320 0.49757092233 0.51313259061 0.45386688976 0.76258169728 0.70450526257 0.69878575884 0.92857859308 0.90042198718 1.97859589582 -212.4362612016 0.00023270508   -2 
  93 0.00000450477 0.00090358409 -26.591756101 0.17555611577 0.00915065470 0.10829557079 0.59066417191 0.54849785600 0.55128074451 0.52206305881 0.51260231334 0.40937242578 0.58113400392 0.53088631798 0.55256092782 0.55111654753 0.62660798950 0.77459021283 0.45671540924 0.58526826947 0.45644715414 0.55592767410 0.63187738655 0.49812526055 0.59005229130 0.49757543680 0.51313851754 0.45389033916 0.76258808882 0.70451219158 0.69879294554 0.92858557139 0.90043596118 1.97861058256 -212.4362609231 0.00045383446   -2 
  94 0.00000450479 0.00090358389 -26.590782255 0.17555887436 0.00915083877 0.10829710767 0.59067013228 0.54850404488 0.55128502699 0.52206091835 0.51260108514 0.40937209740 0.58114472744 0.53088636212 0.55256853372 0.55112355047 0.62662393984 0.77458808045 0.45671901689 0.58527385462 0.45645222797 0.55593778284 0.63188874083 0.49813505872 0.59006075350 0.49758337456 0.51314887742 0.45393111987 0.76259929790 0.70452434227 0.69880557556 0.92859800871 0.90046008519 1.97863652808 -212.4362604479 0.00023421679   -2 
  95 0.00000450480 0.00090357689 -26.590348760 0.17556137382 0.00915092683 0.10829785228 0.59067881056 0.54850598168 0.55128509460 0.52206136517 0.51260129393 0.40937217294 0.58114795357 0.53088654967 0.55257131888 0.55112630201 0.62663033805 0.77458746220 0.45672068576 0.58527621531 0.45645442163 0.55594180003 0.63189317157 0.49813914607 0.59006430607 0.49758678223 0.51315323270 0.45394806051 0.76260398430 0.70452945763 0.69881095937 0.92860329513 0.90046989258 1.97864704890 -212.4362602536 0.00029566492   -2 
  96 0.00000450481 0.00090357893 -26.590039271 0.17556319034 0.00915098673 0.10829835976 0.59068593716 0.54850725999 0.55128486989 0.52206247158 0.51260195892 0.40937244827 0.58114957169 0.53088691066 0.55257299285 0.55112803807 0.62663423405 0.77458746149 0.45672185335 0.58527778592 0.45645586661 0.55594426376 0.63189586094 0.49814172017 0.59006658396 0.49758897755 0.51315598629 0.45395849649 0.76260698204 0.70453271838 0.69881439291 0.92860672572 0.90047586287 1.97865387119 -212.4362601286 0.00014366429   -2 
  97 0.00000450482 0.00090357502 -26.589715335 0.17556651368 0.00915105297 0.10829893418 0.59069163151 0.54850741877 0.55128331674 0.52206646547 0.51260454522 0.40937355438 0.58114863037 0.53088814953 0.55257368096 0.55112915704 0.62663619600 0.77458911776 0.45672318193 0.58527922902 0.45645718003 0.55594572360 0.63189731232 0.49814359332 0.59006839740 0.49759080485 0.51315805576 0.45396525699 0.76260931813 0.70453525374 0.69881713945 0.92860989577 0.90047900878 1.97865938007 -212.4362600049 0.00027407359   -2 
  98 0.00000450483 0.00090357846 -26.589337331 0.17556997019 0.00915112482 0.10829955710 0.59069677857 0.54850779880 0.55128191448 0.52207131754 0.51260778863 0.40937499828 0.58114733653 0.53088978057 0.55257433335 0.55113032118 0.62663795368 0.77459142549 0.45672468138 0.58528082082 0.45645859193 0.55594711673 0.63189866697 0.49814546331 0.59007028022 0.49759269854 0.51316013124 0.45397155430 0.76261173904 0.70453783458 0.69881994134 0.92861323807 0.90048188224 1.97866532128 -212.4362598707 0.00015789977   -2 
  99 0.00000450485 0.00090357962 -26.588666523 0.17557591221 0.00915124937 0.10830063506 0.59069993811 0.54850841666 0.55128021429 0.52207975949 0.51261374309 0.40937781153 0.58114469795 0.53089300196 0.55257521689 0.55113214762 0.62664012690 0.77459624732 0.45672732020 0.58528354765 0.45646095705 0.55594910083 0.63190052134 0.49814831537 0.59007330786 0.49759574698 0.51316333608 0.45398021775 0.76261563173 0.70454189903 0.69882437870 0.92861896126 0.90048585800 1.97867528790 -212.4362597604 0.00020053427   -2 
 100 0.00000450485 0.00090357600 -26.588384821 0.17557784749 0.00915129693 0.10830104261 0.59069672777 0.54850874051 0.55128051690 0.52208227444 0.51261587453 0.40937902118 0.58114383504 0.53089445300 0.55257551083 0.55113278380 0.62664047613 0.77459859753 0.45672835677 0.58528460176 0.45646182167 0.55594963458 0.63190099430 0.49814916873 0.59007434167 0.49759677009 0.51316431410 0.45398198267 0.76261696295 0.70454321571 0.69882581396 0.92862099105 0.90048669964 1.97867898662 -212.4362596622 0.00029200528   -2 
 101 0.00000450487 0.00090358062 -26.587460203 0.17558251823 0.00915143830 0.10830224371 0.59068494010 0.54851043443 0.55128301721 0.52208897189 0.51262211650 0.40938285111 0.58114186134 0.53089913624 0.55257654988 0.55113478190 0.62664119252 0.77460633400 0.45673153901 0.58528787082 0.45646441483 0.55595108202 0.63190228317 0.49815150592 0.59007736394 0.49759970221 0.51316699537 0.45398546538 0.76262086400 0.70454696944 0.69882988183 0.92862698135 0.90048859328 1.97869055676 -212.4362593765 0.00012605790   -2 
 102 0.00000450489 0.00090357376 -26.586516795 0.17558472710 0.00915156051 0.10830327221 0.59068114143 0.54851060848 0.55128687416 0.52208882367 0.51262448694 0.40938562799 0.58114204047 0.53090286269 0.55257749145 0.55113625301 0.62664062184 0.77461319748 0.45673411947 0.58529052761 0.45646640793 0.55595175452 0.63190288647 0.49815273319 0.59007951026 0.49760168084 0.51316847396 0.45398336404 0.76262368982 0.70454938134 0.69883246837 0.92863147705 0.90048843427 1.97870021121 -212.4362592199 0.00039984755   -2 
 103 0.00000450489 0.00090357376 -26.586516795 0.17558472710 0.00915156051 0.10830327221 0.59068114143 0.54851060848 0.55128687416 0.52208882367 0.51262448694 0.40938562799 0.58114204047 0.53090286269 0.55257749145 0.55113625301 0.62664062184 0.77461319748 0.45673411947 0.58529052761 0.45646640793 0.55595175452 0.63190288647 0.49815273319 0.59007951026 0.49760168084 0.51316847396 0.45398336404 0.76262368982 0.70454938134 0.69883246837 0.92863147705 0.90048843427 1.97870021121 -212.4362592199           NAN   -8 
 104 0.00000450489 0.00090357844 -26.586478329 0.17558453758 0.00915156297 0.10830329060 0.59068220820 0.54851074221 0.55128702658 0.52208861149 0.51262439033 0.40938564913 0.58114224010 0.53090291490 0.55257756375 0.55113630469 0.62664062577 0.77461331155 0.45673416546 0.58529058777 0.45646644362 0.55595176809 0.63190291131 0.49815273176 0.59007954433 0.49760169969 0.51316847167 0.45398307048 0.76262374217 0.70454940848 0.69883249094 0.92863154397 0.90048840624 1.97870046467 -212.4362590995 0.00013430698   -2 
 105 0.00000450489 0.00090357276 -26.585916969 0.17558352420 0.00915161499 0.10830371162 0.59069692405 0.54850964603 0.55128746805 0.52208184991 0.51262061618 0.40938522803 0.58114510375 0.53090295771 0.55257809537 0.55113650673 0.62663960631 0.77461433825 0.45673468297 0.58529115265 0.45646679678 0.55595145534 0.63190273511 0.49815225531 0.59007973985 0.49760173549 0.51316799375 0.45397614079 0.76262402612 0.70454929243 0.69883243692 0.92863217181 0.90048654412 1.97870292848 -212.4362588514 0.00012244019   -2 
 106 0.00000450489 0.00090357477 -26.585981738 0.17558369018 0.00915160944 0.10830366725 0.59069216979 0.54851013090 0.55128751341 0.52208317988 0.51262131806 0.40938532870 0.58114472995 0.53090299713 0.55257806472 0.55113651671 0.62663978978 0.77461425526 0.45673463874 0.58529110992 0.45646677034 0.55595151616 0.63190278268 0.49815232900 0.59007973651 0.49760174517 0.51316806742 0.45397694694 0.76262403293 0.70454933443 0.69883246154 0.92863210402 0.90048669844 1.97870258094 -212.4362588209 0.00009700610    0 
-- Found new optimum with likelihood -212.436258820993146 and gradient 0.00010

---- Best joint likelihood found -212.436258820993146 with gradient 0.00010

---- Results for /scratch/40841691/tmplwok848e 
--  Model: C
--        eps_an     theta_bar             a 
-- 0.00000450489 0.00090357477            -1 
--           S_d             b           p_b           S_b 
-- -26.585981738 0.17558369018 0.00915160944 0.10830366725 
--           r 2           r 3           r 4           r 5           r 6           r 7           r 8           r 9          r 10          r 11          r 12          r 13          r 14          r 15          r 16          r 17          r 18          r 19          r 20          r 21          r 22          r 23          r 24          r 25          r 26          r 27          r 28          r 29 
-- 0.59069216979 0.54851013090 0.55128751341 0.52208317988 0.51262131806 0.40938532870 0.58114472995 0.53090299713 0.55257806472 0.55113651671 0.62663978978 0.77461425526 0.45673463874 0.58529110992 0.45646677034 0.55595151616 0.63190278268 0.49815232900 0.59007973651 0.49760174517 0.51316806742 0.45397694694 0.76262403293 0.70454933443 0.69883246154 0.92863210402 0.90048669844 1.97870258094 

---- Expected P_neut(i), 0 < i < n (neutral SFS per site) 
E[P_neut(1)] = 0.0009035710
E[P_neut(2)] = 0.0002668662
E[P_neut(3)] = 0.0001652060
E[P_neut(4)] = 0.0001245319
E[P_neut(5)] = 0.0000943479
E[P_neut(6)] = 0.0000771984
E[P_neut(7)] = 0.0000528442
E[P_neut(8)] = 0.0000656383
E[P_neut(9)] = 0.0000533010
E[P_neut(10)] = 0.0000499295
E[P_neut(11)] = 0.0000452720
E[P_neut(12)] = 0.0000471846
E[P_neut(13)] = 0.0000538400
E[P_neut(14)] = 0.0000294781
E[P_neut(15)] = 0.0000352570
E[P_neut(16)] = 0.0000257783
E[P_neut(17)] = 0.0000295497
E[P_neut(18)] = 0.0000317207
E[P_neut(19)] = 0.0000236905
E[P_neut(20)] = 0.0000266592
E[P_neut(21)] = 0.0000214106
E[P_neut(22)] = 0.0000210768
E[P_neut(23)] = 0.0000178350
E[P_neut(24)] = 0.0000287122
E[P_neut(25)] = 0.0000254648
E[P_neut(26)] = 0.0000242869
E[P_neut(27)] = 0.0000310780
E[P_neut(28)] = 0.0000290603
E[P_neut(29)] = 0.0000616557

---- Expected P_sel(i), 0 < i < n (selected SFS per site) 
E[P_sel(1)] = 0.0007114339
E[P_sel(2)] = 0.0001872080
E[P_sel(3)] = 0.0001081510
E[P_sel(4)] = 0.0000777259
E[P_sel(5)] = 0.0000568080
E[P_sel(6)] = 0.0000451695
E[P_sel(7)] = 0.0000301946
E[P_sel(8)] = 0.0000367544
E[P_sel(9)] = 0.0000293259
E[P_sel(10)] = 0.0000270470
E[P_sel(11)] = 0.0000241848
E[P_sel(12)] = 0.0000248906
E[P_sel(13)] = 0.0000280762
E[P_sel(14)] = 0.0000152100
E[P_sel(15)] = 0.0000180139
E[P_sel(16)] = 0.0000130511
E[P_sel(17)] = 0.0000148331
E[P_sel(18)] = 0.0000157953
E[P_sel(19)] = 0.0000117076
E[P_sel(20)] = 0.0000130805
E[P_sel(21)] = 0.0000104340
E[P_sel(22)] = 0.0000102050
E[P_sel(23)] = 0.0000085822
E[P_sel(24)] = 0.0000137349
E[P_sel(25)] = 0.0000121127
E[P_sel(26)] = 0.0000114899
E[P_sel(27)] = 0.0000146261
E[P_sel(28)] = 0.0000136081
E[P_sel(29)] = 0.0000287327

---- alpha_dfe = 0.020932

