---- Running command
---- ./polyDFE -d /scratch/40841171/tmpnsqmzj8g -m C -i /scratch/40841171/tmpnynpwl6a 1 -v 1 
---- Performing inference using model C

---- Performing inference on /scratch/40841171/tmpnsqmzj8g
----      with -i /scratch/40841171/tmpnynpwl6a 1
---- Data /scratch/40841171/tmpnsqmzj8g does not contain divergence counts. Using option -w.
---- No mutation variability. Using Poisson likelihood.


---- Using provided initial values

-- Starting local optimization
-- Optimizing all parameters
  it        eps_an     theta_bar           S_d             b           p_b           S_b           r 2           r 3           r 4           r 5           r 6           r 7           r 8           r 9          r 10          r 11          r 12          r 13          r 14          r 15          r 16          r 17          r 18          r 19           ln lk          grad status 
   0 0.00000449744  0.0008503307 -68.014330000     0.1127644   0.003905648    0.03800569     0.5669393     0.5649833     0.5475162     0.4995644     0.5648594     0.6039999     0.4662727     0.5802472     0.5323765     0.5838853     0.5587549     0.5490204     0.5681745     0.5012596     0.6027202     0.6738647     0.7739941      1.427315 -148.0194110951 0.86704678643   -2 
   1 0.00000449743 0.00083424195 -68.106968060 0.11324977530 0.00390550442 0.03800564452 0.57148032576 0.56935968167 0.54707766784 0.49875633653 0.56230909327 0.60735669654 0.46576607665 0.57778917635 0.53323321569 0.58187644051 0.55771350691 0.54740992297 0.56576152294 0.50098884532 0.60287932861 0.67544360696 0.77478249654 1.42543465257 -146.8999423538 0.79138271351   -2 
   2 0.00000449743 0.00082970741 -68.159568117 0.11458922962 0.00390506246 0.03800529687 0.63144101936 0.62453086902 0.54816183482 0.49402978125 0.53979786331 0.64792045971 0.46237810936 0.55476346953 0.54455130370 0.56291044977 0.54847722096 0.53199462923 0.54199494879 0.49926770938 0.60617234003 0.69449302748 0.78553247718 1.41156800469 -141.7466958061 0.36305779755   -2 
   3 0.00000449743 0.00082961083 -68.152109815 0.11442609206 0.00390511539 0.03800533657 0.61927443636 0.61586945637 0.54863550302 0.49501235439 0.54280523417 0.64356184223 0.46294378828 0.55738928948 0.54364665575 0.56498673520 0.54955890189 0.53360127581 0.54433352925 0.49955607888 0.60604705123 0.69291743730 0.78477480819 1.41366383061 -141.5465265650 0.28725740698   -2 
   4 0.00000449743 0.00083936691 -68.075683587 0.11429770732 0.00390513914 0.03800528571 0.60857180314 0.61591549965 0.55187437467 0.49653718356 0.54165294208 0.65254821352 0.46335309358 0.55397354310 0.54759486294 0.56170003749 0.54828894328 0.53049899441 0.53893875091 0.49977836754 0.60790966951 0.69930505600 0.78902722539 1.41418019208 -141.0507815914 0.59829715053   -2 
   5 0.00000449743 0.00083470465 -68.056455531 0.11464274673 0.00390501609 0.03800515227 0.58794689256 0.61492920261 0.55744878023 0.49901260996 0.53859341193 0.67078986737 0.46386291276 0.54645265164 0.55558818529 0.55449847434 0.54531697005 0.52375033183 0.52747027502 0.50004533117 0.61158279354 0.71261720605 0.79766332435 1.41420221943 -140.2003434204 0.23179113698   -2 
   6 0.00000449744 0.00083427285 -67.877829025 0.11567560020 0.00390463790 0.03800467850 0.60403065164 0.61285611121 0.56187156485 0.50143239364 0.52996045142 0.70725219896 0.46400074322 0.52743558591 0.57459005618 0.53566780328 0.53680772842 0.50561456654 0.49737109400 0.50017076766 0.62065280085 0.74784783424 0.81953630092 1.41098122591 -139.0542653641 0.13239422594   -2 
   7 0.00000449744 0.00083200094 -67.872743683 0.11575333712 0.00390461162 0.03800465244 0.60454300776 0.61318412211 0.56149670923 0.50134874309 0.53001396549 0.70676462231 0.46400488421 0.52718252252 0.57491776185 0.53528126493 0.53660898403 0.50512136184 0.49649648261 0.50018274416 0.62093513179 0.74885853566 0.82014889897 1.41095892340 -139.0299874869 0.11180049483   -2 
   8 0.00000449744 0.00083197204 -67.631230560 0.11592748510 0.00390450690 0.03800436679 0.61157105074 0.61986584815 0.55665401051 0.50049219718 0.53276730487 0.69505743154 0.46442130566 0.52679914785 0.57717439438 0.53284261612 0.53532667993 0.50091914655 0.48846814566 0.50056458868 0.62399408007 0.75860172421 0.82620200482 1.41227272261 -138.8798465250 0.06399553909   -2 
   9 0.00000449744 0.00083078914 -67.463140346 0.11595854285 0.00390446053 0.03800418282 0.60786734048 0.62008529322 0.55595385589 0.50034497325 0.53460524776 0.68912780596 0.46478504832 0.52774954253 0.57755387315 0.53255938460 0.53514616335 0.49939631496 0.48510044009 0.50089202534 0.62553374936 0.76276166600 0.82886718231 1.41361726240 -138.8401355238 0.12939434186   -2 
  10 0.00000449744 0.00083286999 -67.338534715 0.11590784150 0.00390445002 0.03800406611 0.60577473984 0.62003981649 0.55576258201 0.50031968518 0.53573821077 0.68578246010 0.46503265304 0.52842750378 0.57774268886 0.53248186766 0.53509068145 0.49853591612 0.48312747265 0.50111340382 0.62648390116 0.76524202387 0.83047169514 1.41452947981 -138.8190135194 0.03063636840   -2 
  11 0.00000449744 0.00083225395 -67.339907588 0.11592496847 0.00390444430 0.03800406139 0.60632428103 0.61940466066 0.55600274949 0.50030303073 0.53545574192 0.68657198137 0.46497611696 0.52843260964 0.57756304915 0.53258985239 0.53513127784 0.49869210669 0.48340597897 0.50108688441 0.62634208538 0.76477877992 0.83016780376 1.41436349943 -138.8166877482 0.03838056265   -2 
  12 0.00000449744 0.00083269131 -67.308691943 0.11591955162 0.00390443833 0.03800402684 0.60719523236 0.61808651606 0.55655962026 0.50029190274 0.53506186961 0.68776391029 0.46491124736 0.52860386120 0.57719919110 0.53284540434 0.53523073288 0.49889695373 0.48367064376 0.50107995868 0.62621670320 0.76421395872 0.82980100981 1.41421273549 -138.8129220209 0.02028059466   -2 
  13 0.00000449744 0.00083228302 -67.256786226 0.11593485689 0.00390442085 0.03800396417 0.60711519052 0.61712063881 0.55696835256 0.50025986557 0.53489130578 0.68821601033 0.46488417535 0.52890146196 0.57685158614 0.53308915554 0.53531695887 0.49894164473 0.48356600323 0.50111010537 0.62626010884 0.76408871001 0.82971396734 1.41420940895 -138.8112273438 0.02899202910   -2 
  14 0.00000449744 0.00083274264 -67.170932086 0.11593325498 0.00390440093 0.03800386860 0.60686868177 0.61607777344 0.55749397608 0.50023384338 0.53473897175 0.68866277269 0.46486819760 0.52935465419 0.57639255552 0.53343373469 0.53544298839 0.49897154767 0.48333453231 0.50116842200 0.62637276829 0.76403879982 0.82967822552 1.41427732649 -138.8093199620 0.01748116361   -2 
  15 0.00000449744 0.00083239386 -67.029258983 0.11596744859 0.00390435577 0.03800370035 0.60607286703 0.61548539582 0.55788755388 0.50015921714 0.53465083156 0.68873205804 0.46485066090 0.53002241797 0.57575514630 0.53389369392 0.53559929139 0.49891328325 0.48278251948 0.50126385461 0.62661493519 0.76419380182 0.82976252172 1.41440283884 -138.8074403706 0.02942074018   -2 
  16 0.00000449743 0.00083292665 -66.873283081 0.11598795685 0.00390431177 0.03800352003 0.60542839807 0.61525151986 0.55817648084 0.50009540946 0.53461446930 0.68867451312 0.46484331561 0.53069011329 0.57514648345 0.53434749224 0.53575541781 0.49883583421 0.48218149385 0.50136748233 0.62688395961 0.76441462624 0.82989128831 1.41455919993 -138.8056966407 0.02348422179   -2 
  17 0.00000449743 0.00083220323 -66.727685021 0.11605734066 0.00390425405 0.03800333705 0.60531166513 0.61571469643 0.55800758636 0.50000273122 0.53463049777 0.68827528633 0.46482094366 0.53114320001 0.57470446716 0.53464628635 0.53584341135 0.49870852823 0.48157837778 0.50144466450 0.62712024663 0.76468228282 0.83003786774 1.41462683553 -138.8032096894 0.04041808404   -2 
  18 0.00000449743 0.00083234001 -66.148941669 0.11627168514 0.00390404438 0.03800262456 0.60557620611 0.61798118816 0.55722394572 0.49972107918 0.53479819907 0.68667984075 0.46476939938 0.53277197140 0.57318902640 0.53572607008 0.53617275113 0.49821995609 0.47929714503 0.50175001981 0.62804140376 0.76578506115 0.83066413981 1.41495934709 -138.7955431354 0.01447051741   -2 
  19 0.00000449743 0.00083183145 -65.931744940 0.11644035232 0.00390393559 0.03800232613 0.60684076920 0.61699022128 0.55704759587 0.49993185777 0.53501184443 0.68673080123 0.46483395886 0.53237089108 0.57367676122 0.53555125826 0.53614685695 0.49813153060 0.47900655991 0.50180941380 0.62818304181 0.76610762052 0.83089557576 1.41510622653 -138.7922809966 0.03221647405   -2 
  20 0.00000449743 0.00083224252 -65.828688516 0.11650185394 0.00390388996 0.03800218930 0.60731634408 0.61662569637 0.55701311284 0.50004732364 0.53512325042 0.68679937007 0.46487508916 0.53217719881 0.57393497156 0.53546605310 0.53613995875 0.49810362472 0.47890436613 0.50184044699 0.62824785565 0.76625845371 0.83101084220 1.41520455699 -138.7909760499 0.01582113931   -2 
  21 0.00000449742 0.00083252023 -64.714158810 0.11724522370 0.00390336432 0.03800065767 0.60542922959 0.61538950830 0.55743439774 0.50129100087 0.53622554743 0.68828054845 0.46542655700 0.52970486719 0.57734190139 0.53425849812 0.53604631704 0.49804441806 0.47860965955 0.50216456624 0.62876266568 0.76769846271 0.83223950412 1.41653446920 -138.7808373137 0.01891552593   -2 
  22 0.00000449742 0.00083167033 -64.376913755 0.11746108998 0.00390320612 0.03800018854 0.60556347725 0.61609494628 0.55748278172 0.50129874234 0.53627224703 0.68844870780 0.46553201368 0.52935870400 0.57792284512 0.53405143633 0.53605401412 0.49808759490 0.47867655203 0.50225224341 0.62887092234 0.76798175495 0.83251240711 1.41687411432 -138.7781866458 0.05037138371   -2 
  23 0.00000449740 0.00083134262 -62.830248082 0.11834873874 0.00390250931 0.03799804034 0.60683532185 0.61988216455 0.55781280877 0.50124710651 0.53643053306 0.68918372115 0.46603107501 0.52808827430 0.58036494495 0.53326040789 0.53615959736 0.49835637663 0.47909684829 0.50268050809 0.62938797214 0.76925190480 0.83377054910 1.41855289428 -138.7663089558 0.02174073266   -2 
  24 0.00000449733 0.00082792986 -53.960978163 0.12329195227 0.00389836025 0.03798473211 0.61189548031 0.61776428417 0.56230201861 0.50034106853 0.53678197920 0.69156606966 0.46915427119 0.53412649297 0.58355346221 0.53588438203 0.53969600112 0.50243917813 0.48500260445 0.50624289299 0.63348635807 0.77543079697 0.84108377370 1.43217300809 -138.7009100757 0.10557240120   -2 
  25 0.00000449732 0.00082527757 -52.057678816 0.12456837692 0.00389735608 0.03798156600 0.61225877125 0.61740077540 0.56316599764 0.50025976116 0.53693999559 0.69213940430 0.46986852280 0.53559056968 0.58419836493 0.53658336761 0.54055295149 0.50341204381 0.48639224629 0.50709265567 0.63446855003 0.77686265132 0.84278439329 1.43532424571 -138.6866109513 0.07013472148   -2 
  26 0.00000449727 0.00082494771 -46.888758982 0.12843965140 0.00389440044 0.03797229942 0.60782919256 0.61939846450 0.56443998440 0.50187088059 0.53863976239 0.69457866452 0.47192667077 0.54015730370 0.58546326592 0.53950456594 0.54338693580 0.50639241669 0.49033504678 0.50973079017 0.63761537962 0.78097356443 0.84766631930 1.44433167967 -138.6334534439 0.10556693002   -2 
  27 0.00000449725 0.00082286429 -45.232322622 0.12991229292 0.00389334850 0.03796907560 0.60622155646 0.62015187795 0.56463594467 0.50255597392 0.53930316038 0.69542158067 0.47259369101 0.54166782848 0.58582319586 0.54057119924 0.54437006204 0.50740842274 0.49164733515 0.51064206589 0.63871089217 0.78235125679 0.84929998918 1.44729363785 -138.6192039839 0.03980853739   -2 
  28 0.00000449720 0.00081977769 -40.715849283 0.13502637323 0.00389004189 0.03795938987 0.60625938831 0.62395956352 0.56311438185 0.50662884256 0.54269017058 0.69856041676 0.47421813104 0.54514735913 0.58639405613 0.54459570217 0.54747423198 0.51031061908 0.49481895036 0.51343827162 0.64224069427 0.78611863593 0.85366814012 1.45466136590 -138.5921449213 0.08400827124   -2 
  29 0.00000449719 0.00082039205 -39.862885015 0.13608213305 0.00388937410 0.03795743466 0.60674550936 0.62467685700 0.56290506493 0.50751305726 0.54344566570 0.69926667778 0.47455232443 0.54578327674 0.58655237406 0.54545716132 0.54812522588 0.51090030149 0.49541830219 0.51402213136 0.64299135154 0.78689670097 0.85455790300 1.45615647548 -138.5846162851 0.03974153102   -2 
  30 0.00000449717 0.00081925248 -38.318114598 0.13845980785 0.00388799281 0.03795361641 0.61031152928 0.62469416599 0.56320417546 0.50929595680 0.54517177670 0.70090344260 0.47515138390 0.54630086794 0.58715894881 0.54735725876 0.54947107741 0.51198505251 0.49616152205 0.51523996244 0.64465624067 0.78843671471 0.85622099219 1.45883369727 -138.5704911946 0.02212006932   -2 
  31 0.00000449716 0.00081868974 -38.178302855 0.13875629068 0.00388783262 0.03795321417 0.61045295587 0.62448961277 0.56364627689 0.50942997215 0.54540846514 0.70120500728 0.47525372777 0.54618163285 0.58741678169 0.54762943324 0.54966729349 0.51210771629 0.49612976062 0.51542211633 0.64493523372 0.78867780491 0.85645069165 1.45923966276 -138.5689345180 0.03588660778   -2 
  32 0.00000449715 0.00081898851 -37.566337418 0.14006982874 0.00388710759 0.03795139122 0.61096151712 0.62355117319 0.56634868843 0.51002486145 0.54662869026 0.70286387340 0.47582791168 0.54543639609 0.58894715026 0.54901477895 0.55068275717 0.51271118293 0.49584345236 0.51636349008 0.64640591657 0.78995505844 0.85764403223 1.46142949621 -138.5618791666 0.01428659170   -2 
  33 0.00000449715 0.00081858900 -37.430269004 0.14039225226 0.00388690909 0.03795090384 0.61038400343 0.62396996915 0.56695268938 0.51007536667 0.54692761132 0.70338801754 0.47610215981 0.54517990393 0.58968650537 0.54947559824 0.55107161717 0.51293511906 0.49566299433 0.51674137925 0.64700475611 0.79051388759  0.8581610113 1.46244912423 -138.5603521815 0.02760154326   -2 
  34 0.00000449715 0.00081890278 -37.323613456 0.14062115243 0.00388675521 0.03795051526 0.60997859334 0.62442858711 0.56739461296 0.51011625758 0.54716802311 0.70382376222 0.47634788631 0.54498992910 0.59033085558 0.54986092433 0.55140660158 0.51313090638 0.49551232648 0.51706857519 0.64752138633 0.79100507549 0.85861790255 1.46335694734 -138.5591666798 0.00986374159   -2 
  35 0.00000449715 0.00081833336 -37.180812437 0.14090708832 0.00388648550 0.03794982657 0.61036106174 0.62566958952 0.56710228886 0.51007835903 0.54738231234 0.70439889891 0.47694841695 0.54486437513 0.59178774323 0.55058074685 0.55215012172 0.51360075071 0.49519203781 0.51784750228 0.64871762963 0.79221878622 0.85976967633 1.46559842277 -138.5573989167 0.01547967045   -2 
  36 0.00000449715 0.00081848056 -37.158858653 0.14093983092 0.00388644394 0.03794971564 0.61048672211 0.62582126674 0.56704941106 0.51008831768 0.54741703539 0.70448459088 0.47704957388 0.54487098104 0.59201700619 0.55069489172 0.55227378720 0.51368334173 0.49514958860 0.51797955428 0.64891615265 0.79242466868 0.85996789124 1.46597371192 -138.5571309489 0.00746547983   -2 
  37 0.00000449715 0.00081819845 -37.115280670 0.14099610517 0.00388632132 0.03794939108 0.61110147301 0.62557007525 0.56681349266 0.51022150338 0.54746983041 0.70458512387 0.47733724971 0.54511323372 0.59255011481 0.55096676544 0.55262756831 0.51395947800 0.49510571769 0.51839204934 0.64949583879 0.79305758581 0.86059907060 1.46704051775 -138.5565298178 0.00527076307   -2 
  38 0.00000449715 0.00081829356 -37.111450201 0.14099428237 0.00388630303 0.03794934124 0.61110280874 0.62550310254 0.56682378186 0.51026518730 0.54748150526 0.70458735757 0.47737314391 0.54518830233 0.59258939099 0.55099398372 0.55267404453 0.51400502710 0.49512108091 0.51845323840 0.64957253635 0.79314696221 0.86069300724 1.46716983917 -138.5564599323 0.00707028045   -2 
  39 0.00000449714 0.00081817493 -37.100657318 0.14099437414 0.00388621364 0.03794910964 0.61092014338 0.62514741177 0.56691229546 0.51047638179 0.54752485947 0.70456009866 0.47751528542 0.54557168660 0.59269668133 0.55108934942 0.55286710574 0.51421145064 0.49521804339 0.51872460141 0.64989744041 0.79353288112 0.86110564000 1.46768015656 -138.5561899317 0.00252073379   -2 
  40 0.00000449714 0.00081824417 -37.103973098 0.14099973146 0.00388615512 0.03794897192 0.61086122688 0.62530980131 0.56702967838 0.51054053978 0.54753942396 0.70452369863 0.47752657387 0.54577404615 0.59260332289 0.55107823470 0.55290939470 0.51429662437 0.49531926931 0.51882630632 0.64998314068 0.79364524755 0.86124086950 1.46771034670 -138.5561103822 0.00676243978   -2 
  41 0.00000449714 0.00081813194 -37.108775307 0.14101155787 0.00388608945 0.03794882090 0.61080299839 0.62547668350 0.56714606385 0.51060057888 0.54755159564 0.70448210106 0.47753340234 0.54598478017 0.59249507830 0.55106173447 0.55294960449 0.51438490117 0.49542931481 0.51893159214 0.65006819469 0.79375762579 0.86137779056 1.46772428877 -138.5560373007 0.00223205183   -2 
  42 0.00000449714 0.00081816669 -37.108599026 0.14101038171 0.00388609692 0.03794883855 0.61085948315 0.62543287337 0.56711538654 0.51058361035 0.54755163975 0.70449751332 0.47752965163 0.54594137011 0.59251037599 0.55106289255 0.55293960397 0.51436856892 0.49541465077 0.51891152545 0.65004858390 0.79373259190 0.86134893871 1.46771122610 -138.5560262371 0.00228076470   -2 
  43 0.00000449714 0.00081813284 -37.109561196 0.14101257550 0.00388609556 0.03794883675 0.61092391736 0.62539512788 0.56708789058 0.51056689121 0.54755285502 0.70451228965 0.47752407602 0.54591198834 0.59251252122 0.55106069647 0.55293057126 0.51435899851 0.49541245926 0.51889924536 0.65003271200 0.79371316556 0.86132801346 1.46769047403 -138.5560162087 0.00144590365   -2 
  44 0.00000449714 0.00081816061 -37.110305523 0.14101280569 0.00388608906 0.03794882178 0.61093489088 0.62540273622 0.56709040506 0.51056670798 0.54755577717 0.70451646092 0.47752275539 0.54591879663 0.59250406657 0.55105870663 0.55293052985 0.51436307372 0.49542221201 0.51890344477 0.65003343718 0.79371496112 0.86133159685 1.46768407964 -138.5560121145 0.00157492450   -2 
  45 0.00000449714 0.00081814773 -37.123791933 0.14102840817 0.00388598422 0.03794858618 0.61105995776 0.62548911704 0.56711167898 0.51055322731 0.54759298384 0.70457209617 0.47749708014 0.54601387282 0.59236872677 0.55102346786 0.55292456859 0.51442178236 0.49557123305 0.51896404931 0.65003810880 0.79373443145 0.86137764602 1.46756915949 -138.5559744096 0.00105295217   -2 
  46 0.00000449714 0.00081814806 -37.129065144 0.14103301408 0.00388594226 0.03794849097 0.61108892306 0.62551575277 0.56712095637 0.51055058366 0.54760766364 0.70459376687 0.47748880295 0.54604945358 0.59232061926 0.55101143127 0.55292322839 0.51444469923 0.49562873065 0.51898776267 0.65004071026 0.79374290849 0.86139617430 1.46753054258 -138.5559714744 0.00129655309   -2 
  47 0.00000449714 0.00081819619 -37.137551155 0.14102982939 0.00388586716 0.03794831624 0.61101160058 0.62551080206 0.56714167373 0.51056403887 0.54763149932 0.70462685965 0.47748762356 0.54609554416 0.59227660088 0.55100405741 0.55292794060 0.51448123692 0.49571567054 0.51902608618 0.65005033124 0.79376247946 0.86143013124  1.4675122328 -138.5559540696 0.00225760403   -2 
  48 0.00000449714 0.00081818634 -37.143712939 0.14102791850 0.00388581295 0.03794819004 0.61095423558 0.62550083054 0.56715363911 0.51057327037 0.54764628930 0.70464716221 0.47748723424 0.54612526991 0.59224867836 0.55099943133 0.55293122724 0.51450603391 0.49577510104 0.51905230623 0.65005690313 0.79377575626 0.86145305171 1.46750164079 -138.5559467684 0.00083093738   -2 
  49 0.00000449714 0.00081816089 -37.143527320 0.14102510812 0.00388581122 0.03794818415 0.61098448574 0.62548634680 0.56714436507 0.51057305231 0.54763825041 0.70463490347 0.47749036189 0.54611214422 0.59226591557 0.55100343267 0.55293187838 0.51450074096 0.49576307940 0.51904760197 0.65005653632 0.79377386820 0.86144828762 1.46751560274 -138.5559436529 0.00131187294   -2 
  50 0.00000449714 0.00081816953 -37.143633714 0.14101933630 0.00388580390 0.03794816356 0.61102282312 0.62546822502 0.56713378233 0.51057464964 0.54762865771 0.70461992956 0.47749561386 0.54609563953 0.59229012160 0.55100961322 0.55293364046 0.51449526795 0.49575036190 0.51904308804 0.65005704452 0.79377281919 0.86144372619 1.46753702530 -138.5559401799 0.00060990529   -2 
  51 0.00000449714 0.00081814084 -37.147504444 0.14100133300 0.00388575055 0.03794802853 0.61102511568 0.62543215631 0.56711424041 0.51058352035 0.54760737179 0.70458592122 0.47751179974 0.54605650806 0.59235407186 0.55102719874 0.55294052339 0.51448812053 0.49573486862 0.51903967251 0.65006128280 0.79377451679 0.86143841348 1.46759992058 -138.5559346794 0.00146215396   -2 
  52 0.00000449714 0.00081815598 -37.149965279 0.14098998028 0.00388571656 0.03794794276 0.61102271607 0.62541690075 0.56710527220 0.51058898918 0.54759621800 0.70456801980 0.47752127061 0.54603467660 0.59239063811 0.55103746883 0.55294470212 0.51448446305 0.49572695399 0.51903821972 0.65006396143 0.79377583371 0.86143581948 1.46763618860 -138.5559316076 0.00068891111   -2 
  53 0.00000449714 0.00081814443 -37.157717204 0.14097191491 0.00388562425 0.03794771532 0.61096794105 0.62542831736 0.56710059317 0.51059177661 0.54758096630 0.70454485596 0.47753327749 0.54599981281 0.59244258816 0.55105137812 0.55294942019 0.51447855515 0.49571837672 0.51903688344 0.65006626715 0.79377513396 0.86142862862 1.46767917791 -138.5559261724 0.00101718196   -2 
  54 0.00000449714 0.00081816190 -37.160543195 0.14096630054 0.00388559096 0.03794763376 0.61095648358 0.62543596085 0.56710117965 0.51059156837 0.54757760543 0.70453999742 0.47753591282 0.54599054194 0.59245528063 0.55105466615 0.55295031517 0.51447682655 0.49571650337 0.51903657082 0.65006649004 0.79377433659 0.86142603302 1.46768783846 -138.5559245186 0.00086212664   -2 
  55 0.00000449713 0.00081816174 -37.202205038 0.14091827577 0.00388512659 0.03794651336 0.61090777283 0.62554262378 0.56712014224 0.51055856670 0.54755142814 0.70450888547 0.47753959074 0.54590556189 0.59252988327 0.55106718324 0.55294439013 0.51445380784 0.49570370540 0.51902993877 0.65005407649 0.79374697625 0.86138096644 1.46768140778 -138.5559043068 0.00188832623   -2 
  56 0.00000449713 0.00081820204 -37.226236494 0.14089063482 0.00388485770 0.03794586475 0.61090341530 0.62558966640 0.56713079101 0.51054074771 0.54753951307 0.70449540265 0.47753966003 0.54586254624 0.59256394628 0.55107193136 0.55293992745 0.51444102669 0.49569722657 0.51902595304 0.65004606252 0.79373059805 0.86135522855 1.46766936874 -138.5559004240 0.00191600169   -2 
  57 0.00000449711 0.00081824881 -37.324625666 0.14078568393 0.00388376143 0.03794322341 0.61095598195 0.62568835488 0.56715956715 0.51047118555 0.54749906083 0.70445105835 0.47752858659 0.54571173200 0.59265982875 0.55107771511 0.55291485520 0.51438920643 0.49567214296 0.51900683395 0.65000732599 0.79365844795 0.86124877927 1.46757773114 -138.5558685270 0.00222715911   -2 
  58 0.00000449712 0.00081820082 -37.292006373 0.14082170853 0.00388411759 0.03794408252 0.61098146447 0.62552498120 0.56712684944 0.51051207369 0.54752581203 0.70448048060 0.47752058557 0.54580103196 0.59257199663 0.55105916171 0.55291581985 0.51440802110 0.49568094607 0.51900907880 0.65001351363 0.79367799658 0.86128584814 1.46756485066 -138.5558404134 0.00287585799   -2 
  59 0.00000449712 0.00081823130 -37.279963698 0.14083360589 0.00388424649 0.03794439278 0.61099680423 0.62546043060 0.56711449844 0.51052938754 0.54753792742 0.70449410247 0.47751656026 0.54583896783 0.59253329803 0.55105061032 0.55291555192 0.51441540447 0.49568457833 0.51900964467 0.65001523110 0.79368500605 0.86130005372 1.46755558020 -138.5558306836 0.00077404893   -2 
  60 0.00000449712 0.00081822651 -37.288181993 0.14083081373 0.00388412585 0.03794410041 0.61098352839 0.62540077353 0.56707146055 0.51054579145 0.54756788366 0.70452874793 0.47746375600 0.54596078427 0.59232273823 0.55098008346 0.55287856921 0.51441449368 0.49568593119 0.51898972879 0.64997963005 0.79365306955 0.86128859920 1.46735352940 -138.5558083500 0.00272055271   -2 
  61 0.00000449712 0.00081827004 -37.290777913 0.14082820431 0.00388408513 0.03794400108 0.61098259666 0.62538669861 0.56705996154 0.51055118407 0.54757745707 0.70453981590 0.47744714859 0.54599995041 0.59225560369 0.55095746684 0.55286673092 0.51441435664 0.49568650709 0.51898329097 0.64996814218 0.79364291050 0.86128516998 1.46728976311 -138.5558005755 0.00048968231   -2 
  62 0.00000449711 0.00081826644 -37.299703685 0.14080852717 0.00388393639 0.03794363802 0.61095421253 0.62546263836 0.56707427952 0.51052319042 0.54755066254 0.70450118597 0.47741867843 0.54602712962 0.59216382281 0.55091002531 0.55283493658 0.51440570970 0.49568044305 0.51896055052 0.64993292917 0.79360933633 0.86126294340 1.46718726755 -138.5557876548 0.00067063974   -2 
  63 0.00000449711 0.00081828164 -37.300850833 0.14080534878 0.00388391661 0.03794358935 0.61095967868 0.62545871592 0.56707515939 0.51052050206 0.54754710957 0.70449654336 0.47741730249 0.54602481543 0.59216148856 0.55090679216 0.55283211048 0.51440427275 0.49567925588 0.51895799496 0.64992934339 0.79360581546 0.86125989076 1.46718177254 -138.5557864458 0.00100606119   -2 
  64 0.00000449711 0.00081827451 -37.315229195 0.14077295630 0.00388368089 0.03794301177 0.61102212020 0.62536492700 0.56707387746 0.51048750845 0.54750158339 0.70443818284 0.47740490077 0.54597886036 0.59215732797 0.55087466161 0.55280039913 0.51438468031 0.49566257550 0.51892755443 0.64988784591 0.79356350146 0.86122012701 1.46713226055 -138.5557736282 0.00079546659   -2 
  65 0.00000449711 0.00081827200 -37.326243899 0.14074929594 0.00388350244 0.03794257534 0.61103733791 0.62531152305 0.56706874197 0.51046633584 0.54747127593 0.70439968526 0.47739671687 0.54594223483 0.59215940317 0.55085327284 0.55277798640 0.51436946679 0.49564937409 0.51890521501 0.64985792743 0.79353245491 0.86118984752 1.46709904937 -138.5557729560 0.00130330479   -2 
  66 0.00000449710 0.00081831782 -37.346326603 0.14070664924 0.00388317824 0.03794178276 0.61102226116 0.62525081145 0.56705471130 0.51043447319 0.54742401238 0.70434010328 0.47738310891 0.54587613218 0.59216759663 0.55081836426 0.55273970192 0.51434158619 0.49562481716 0.51886588884 0.64980600133 0.79347776716 0.86113508467 1.46704276482 -138.5557651825 0.00220941858   -2 
  67 0.00000449709 0.00081831736 -37.384035981 0.14063252199 0.00388257859 0.03794031938 0.61095464954 0.62516794544 0.56701982072 0.51037877696 0.54734203824 0.70423671352 0.47735656550 0.54575530660 0.59218122549 0.55075547709 0.55266974003 0.51428875207 0.49557792751 0.51879353104 0.64971101976 0.79337643838 0.86103223598 1.46693428505 -138.5557498785 0.00185147050   -2 
  68 0.00000449709 0.00081838781 -37.413872454 0.14057721656 0.00388210832 0.03793917295 0.61088560142 0.62516134222 0.56698504565 0.51034438084 0.54729194624 0.70417330374 0.47733389969 0.54566992295 0.59218549834 0.55070991873 0.55261783202 0.51424654567 0.49553976590 0.51873872831 0.64964009651 0.79329882242 0.86095129627 1.46684161724 -138.5557301144 0.00254040267   -2 
  69 0.00000449708 0.00081836929 -37.438908862 0.14053783744 0.00388172341 0.03793823757 0.61082437374 0.62518093750 0.56694859462 0.51031974136 0.54725852966 0.70413036534 0.47731220589 0.54560677133 0.59218076073 0.55067377997 0.55257632388 0.51421060846 0.49550678771 0.51869460826 0.64958362267 0.79323517047 0.86088321183 1.46675489473 -138.5557159308 0.00194307383   -2 
  70 0.00000449707 0.00081844031 -37.481800619 0.14047532513 0.00388106953 0.03793665071 0.61075953810 0.62525563807 0.56688349655 0.51028949549 0.54722126460 0.70408107169 0.47727174749 0.54551813776 0.59215766105 0.55061709205 0.55251032038 0.51414897998 0.49544912590 0.51862305828 0.64949352065 0.79313045985 0.86076835543 1.46659419692 -138.5556980798 0.00180426024   -2 
  71 0.00000449706 0.00081845525 -37.527359683 0.14041656930 0.00388038545 0.03793499382 0.61072874566 0.62532597222 0.56681588943 0.51026305591 0.54719325892 0.70404224675 0.47722595246 0.54544019360 0.59211969078 0.55056039387 0.55244426363 0.51408401274 0.49538748099 0.51855077058 0.64940356439 0.79302327580 0.86064888676 1.46641417564 -138.5556959699 0.00212527821   -2 
  72 0.00000449706 0.00081852375 -37.547172791 0.14039519984 0.00388009229 0.03793428539 0.61078141313 0.62532498267 0.56680101861 0.51026135666 0.54719762653 0.70404500707 0.47720467551 0.54543085100 0.59208722767 0.55054194979 0.55242256989 0.51405788000 0.49536128209 0.51852533035 0.64937366374 0.79298446909 0.86060296352 1.46632990751 -138.5556772496 0.00358627621   -2 
  73 0.00000449705 0.00081850114 -37.593773211 0.14035477095 0.00387941702 0.03793265800 0.61091658531 0.62528275249 0.56677400215 0.51026034888 0.54721556131 0.70405993643 0.47715312114 0.54542682000 0.59199789258 0.55050271822 0.55237682675 0.51399841273 0.49530056001 0.51847068626 0.64931090365 0.79289956065 0.86050030448 1.46612704464 -138.5556342129 0.00172359955   -2 
  74 0.00000449704 0.00081855128 -37.619349940 0.14033140348 0.00387904478 0.03793176068 0.61096709955 0.62524901271 0.56677629949 0.51026612349 0.54723332173 0.70407776841 0.47712787708 0.54544117034 0.59194433531 0.55048733261 0.55235863125 0.51396973766 0.49526988161 0.51844661824 0.64928508327 0.79286191142 0.86045250233 1.46602514206 -138.5556212776 0.00196747188   -2 
  75 0.00000449703 0.00081855863 -37.666506263 0.14029028120 0.00387836222 0.03793011562 0.61097930470 0.62517486222 0.56679941339 0.51028067240 0.54727040087 0.70411560987 0.47708653535 0.54548801711 0.59184188769 0.55046732655 0.55233496371 0.51392341897 0.49521806943 0.51841138384 0.64925027627 0.79280604792 0.86037830357 1.46585471828 -138.5556078971 0.00261988433   -2 
  76 0.00000449703 0.00081863350 -37.694092831 0.14026233661 0.00387795727 0.03792913763 0.61095300799 0.62514335111 0.56682140495 0.51029107342 0.54729259560 0.70413847959 0.47706680553 0.54552359857 0.59178428957 0.55046036124 0.55232654175 0.51390045536 0.49519093513 0.51839568647 0.64923667954 0.79278112450 0.86034314509 1.46576969844 -138.5555929418 0.00229313752   -2 
  77 0.00000449703 0.00081863350 -37.694092831 0.14026233661 0.00387795727 0.03792913763 0.61095300799 0.62514335111 0.56682140495 0.51029107342 0.54729259560 0.70413847959 0.47706680553 0.54552359857 0.59178428957 0.55046036124 0.55232654175 0.51390045536 0.49519093513 0.51839568647 0.64923667954 0.79278112450 0.86034314509 1.46576969844 -138.5555929418           NAN   -8 
  78 0.00000449703 0.00081859794 -37.694309443 0.14026192270 0.00387795351 0.03792912849 0.61093162714 0.62514911599 0.56682135908 0.51028942070 0.54728968487 0.70413477622 0.47706876852 0.54552571101 0.59178588825 0.55046204975 0.55232872965 0.51390238445 0.49519245898 0.51839797301 0.64923966882 0.79278452704 0.86034692727 1.46577672989 -138.5555859669 0.00180236084   -2 
  79 0.00000449703 0.00081861437 -37.694912905 0.14025088534 0.00387792599 0.03792905687 0.61080521107 0.62520551272 0.56682998207 0.51028276827 0.54727312426 0.70411419755 0.47708678181 0.54554528855 0.59180168684 0.55047780511 0.55234809093 0.51391928127 0.49520596974 0.51841736962 0.64926520489 0.79281404515 0.86037958577 1.46583929472 -138.5555651621 0.00064323928   -2 
  80 0.00000449703 0.00081857230 -37.698594263 0.14022663469 0.00387781256 0.03792877102 0.61083362703 0.62523413742 0.56682675641 0.51025164537 0.54721426143 0.70404002646 0.47713505271 0.54559720501 0.59184158137 0.55052140350 0.55240524948 0.51397092325 0.49524758642 0.51847961091 0.64934507334 0.79290295253 0.86047752819 1.46600612537 -138.5555522000 0.00049751045   -2 
  81 0.00000449703 0.00081857511 -37.699289865 0.14022391741 0.00387779311 0.03792872272 0.61084155153 0.62523498571 0.56682725861 0.51024913724 0.54720848892 0.70403296818 0.47714128874 0.54560390628 0.59184680514 0.55052734023 0.55241316241 0.51397828661 0.49525363118 0.51848868898 0.64935644775 0.79291535411 0.86049117718 1.46602729758 -138.5555517298 0.00050473755   -2 
  82 0.00000449703 0.00081855890 -37.701437611 0.14022163548 0.00387774191 0.03792859830 0.61086213271 0.62522640252 0.56682965408 0.51024848047 0.54720306733 0.70402708486 0.47715205113 0.54561542672 0.59185589226 0.55053857432 0.55242871496 0.51399345565 0.49526640359 0.51850810611 0.64937994441 0.79294011479 0.86051834623 1.46606246548 -138.5555505486 0.00064447497   -2 
  83 0.00000449703 0.00081856963 -37.702502426 0.14022136625 0.00387771657 0.03792853705 0.61087042363 0.62522256506 0.56683222482 0.51025081791 0.54720443298 0.70402941676 0.47715567635 0.54561931303 0.59185914591 0.55054284857 0.55243473285 0.51399960823 0.49527174935 0.51851621043 0.64938941861 0.79294980185 0.86052887475 1.46607347349 -138.5555497623 0.00057930894   -2 
  84 0.00000449702 0.00081856401 -37.709795641 0.14022689825 0.00387755401 0.03792814799 0.61089540485 0.62519802645 0.56684888905 0.51027262276 0.54722597222 0.70406055764 0.47717019707 0.54563486967 0.59187297007 0.55056322496 0.55246453696 0.51403188766 0.49530064052 0.51856030239 0.64943910581 0.79299865926 0.86058161093 1.46611368498 -138.5555463116 0.00057977959   -2 
  85 0.00000449702 0.00081857848 -37.712049370 0.14022866930 0.00387750096 0.03792802098 0.61089573124 0.62519970141 0.56685464332 0.51028061126 0.54723528720 0.70407326443 0.47717332760 0.54563829042 0.59187647265 0.55056844844 0.55247211007 0.51404051095 0.49530866721 0.51857236791 0.64945221522 0.79301120909 0.86059509075 1.46612150036 -138.5555446003 0.00073536330   -2 
  86 0.00000449702 0.00081857123 -37.715840563 0.14023274383 0.00387741115 0.03792780651 0.61088412563 0.62521170306 0.56686257298 0.51029337072 0.54725198196 0.70409529850 0.47717611765 0.54564145467 0.59188052779 0.55057493107 0.55248161579 0.51405214783 0.49531999792 0.51858925933 0.64946974536 0.79302731180 0.86061229058 1.46612682068 -138.5555428215 0.00052765873   -2 
  87 0.00000449702 0.00081858029 -37.718516977 0.14023516989 0.00387734398 0.03792764582 0.61087605836 0.62522516985 0.56686825926 0.51030253012 0.54726466702 0.70411169095 0.47717747491 0.54564309623 0.59188317136 0.55057898965 0.55248739960 0.51405958654 0.49532751738 0.51860025833 0.64948078583 0.79303720316 0.86062281517 1.46612870937 -138.5555422319 0.00023720329   -2 
  88 0.00000449702 0.00081858159 -37.717904397 0.14023212484 0.00387732996 0.03792761090 0.61089136107 0.62524516894 0.56686132141 0.51029488992 0.54726141787 0.70410417810 0.47717098726 0.54563656350 0.59187932922 0.55057192358 0.55247594618 0.51404882194 0.49531950736 0.51858674764 0.64946328415 0.79301866173 0.86060216026 1.46611118901 -138.5555413182 0.00048810294   -2 
  89 0.00000449702 0.00081857401 -37.717806232 0.14023132024 0.00387732219 0.03792759172 0.61089405991 0.62525089058 0.56685901236 0.51029242777 0.54726054464 0.70410190733 0.47716860139 0.54563415400 0.59187790344 0.55056939037 0.55247186788 0.51404504117 0.49531673913 0.51858205730 0.64945712784 0.79301208293 0.86059484905 1.46610440172 -138.5555410462 0.00021425704   -2 
  90 0.00000449702 0.00081857401 -37.717806232 0.14023132024 0.00387732219 0.03792759172 0.61089405991 0.62525089058 0.56685901236 0.51029242777 0.54726054464 0.70410190733 0.47716860139 0.54563415400 0.59187790344 0.55056939037 0.55247186788 0.51404504117 0.49531673913 0.51858205730 0.64945712784 0.79301208293 0.86059484905 1.46610440172 -138.5555410462 0.00021425704   -5 
  91 0.00000449702 0.00081858212 -37.718104507 0.14023079240 0.00387730604 0.03792755196 0.61088552316 0.62524794726 0.56686048401 0.51029355081 0.54726224956 0.70410387844 0.47716765192 0.54563322183 0.59187753728 0.55056853230 0.55247026251 0.51404367591 0.49531594759 0.51858043709 0.64945472435 0.79300947513 0.86059180911 1.46610070432 -138.5555407902 0.00043544356   -2 
  92 0.00000449702 0.00081858105 -37.718913161 0.14023008148 0.00387726631 0.03792745474 0.61086548997 0.62523994360 0.56686298167 0.51029560063 0.54726572363 0.70410778503 0.47716507060 0.54563063798 0.59187629560 0.55056617683 0.55246613181 0.51404016666 0.49531384990 0.51857632976 0.64944865779 0.79300279661 0.86058426596 1.46609100034 -138.5555403239 0.00019950912   -2 
  93 0.00000449702 0.00081858274 -37.718874156 0.14023003728 0.00387726767 0.03792745814 0.61087305633 0.62524142340 0.56686191042 0.51029492588 0.54726489965 0.70410676034 0.47716515705 0.54563069678 0.59187620038 0.55056621732 0.55246632806 0.51404031860 0.49531389429 0.51857652104 0.64944896705 0.79300312923 0.86058472921 1.46609156720 -138.5555402295 0.00020682910   -2 
  94 0.00000449702 0.00081857860 -37.718992448 0.14023000293 0.00387726217 0.03792744489 0.61087958211 0.62524193576 0.56686059023 0.51029416129 0.54726416454 0.70410576660 0.47716475381 0.54563023806 0.59187575037 0.55056578324 0.55246580990 0.51403985166 0.49531353205 0.51857601107 0.64944825660 0.79300233245 0.86058392903 1.46609023650 -138.5555401407 0.00016256984   -2 
  95 0.00000449702 0.00081858192 -37.719254460 0.14022953915 0.00387724803 0.03792741067 0.61088393079 0.62524214118 0.56685972505 0.51029371815 0.54726391670 0.70410534164 0.47716396151 0.54562938374 0.59187511406 0.55056495700 0.55246459300 0.51403876608 0.49531278663 0.51857475119 0.64944647322 0.79300038289 0.86058200051 1.46608733673 -138.5555400427 0.00021697532   -2 
  96 0.00000449702 0.00081858246 -37.720667877 0.14022759346 0.00387717530 0.03792723470 0.61089792125 0.62524169951 0.56685567292 0.51029159315 0.54726282139 0.70410338239 0.47715982185 0.54562493832 0.59187179907 0.55056065796 0.55245826851 0.51403313594 0.49530891963 0.51856823601 0.64943724135 0.79299031877 0.86057169764 1.46607238561 -138.5555397525 0.00031329621   -2 
  97 0.00000449702 0.00081858246 -37.720667877 0.14022759346 0.00387717530 0.03792723470 0.61089792125 0.62524169951 0.56685567292 0.51029159315 0.54726282139 0.70410338239 0.47715982185 0.54562493832 0.59187179907 0.55056065796 0.55245826851 0.51403313594 0.49530891963 0.51856823601 0.64943724135 0.79299031877 0.86057169764 1.46607238561 -138.5555397525           NAN   -8 
  98 0.00000449702 0.00081857769 -37.720781933 0.14022753139 0.00387717041 0.03792722281 0.61089337824 0.62524127540 0.56685589849 0.51029162406 0.54726284743 0.70410340437 0.47715966804 0.54562477062 0.59187166176 0.55056046819 0.55245798392 0.51403286811 0.49530871761 0.51856790753 0.64943680147 0.79298981524 0.86057120851 1.46607201985 -138.5555395885 0.00031236658   -2 
  99 0.00000449702 0.00081857769 -37.720781933 0.14022753139 0.00387717041 0.03792722281 0.61089337824 0.62524127540 0.56685589849 0.51029162406 0.54726284743 0.70410340437 0.47715966804 0.54562477062 0.59187166176 0.55056046819 0.55245798392 0.51403286811 0.49530871761 0.51856790753 0.64943680147 0.79298981524 0.86057120851 1.46607201985 -138.5555395885 0.00031236658   -8 
 100 0.00000449702 0.00081857769 -37.720781933 0.14022753139 0.00387717041 0.03792722281 0.61089337824 0.62524127540 0.56685589849 0.51029162406 0.54726284743 0.70410340437 0.47715966804 0.54562477062 0.59187166176 0.55056046819 0.55245798392 0.51403286811 0.49530871761 0.51856790753 0.64943680147 0.79298981524 0.86057120851 1.46607201985 -138.5555395885           NAN   -8 
 101 0.00000449702 0.00081857769 -37.720781933 0.14022753139 0.00387717041 0.03792722281 0.61089337824 0.62524127540 0.56685589849 0.51029162406 0.54726284743 0.70410340437 0.47715966804 0.54562477062 0.59187166176 0.55056046819 0.55245798392 0.51403286811 0.49530871761 0.51856790753 0.64943680147 0.79298981524 0.86057120851 1.46607201985 -138.5555395885 0.00031236658   -8 
-- Local optimization: reached maximum number of likelihood evaluations allowed.
-- Found new optimum with likelihood -138.555539588500267 and gradient 0.00031

---- Best joint likelihood found -138.555539588500267 with gradient 0.00031

---- Results for /scratch/40841171/tmpnsqmzj8g 
--  Model: C
--        eps_an     theta_bar             a 
-- 0.00000449702 0.00081857769            -1 
--           S_d             b           p_b           S_b 
-- -37.720781933 0.14022753139 0.00387717041 0.03792722281 
--           r 2           r 3           r 4           r 5           r 6           r 7           r 8           r 9          r 10          r 11          r 12          r 13          r 14          r 15          r 16          r 17          r 18          r 19 
-- 0.61089337824 0.62524127540 0.56685589849 0.51029162406 0.54726284743 0.70410340437 0.47715966804 0.54562477062 0.59187166176 0.55056046819 0.55245798392 0.51403286811 0.49530871761 0.51856790753 0.64943680147 0.79298981524 0.86057120851 1.46607201985 

---- Expected P_neut(i), 0 < i < n (neutral SFS per site) 
E[P_neut(1)] = 0.0008185743
E[P_neut(2)] = 0.0002500309
E[P_neut(3)] = 0.0001706023
E[P_neut(4)] = 0.0001160035
E[P_neut(5)] = 0.0000835424
E[P_neut(6)] = 0.0000746627
E[P_neut(7)] = 0.0000823374
E[P_neut(8)] = 0.0000488240
E[P_neut(9)] = 0.0000496262
E[P_neut(10)] = 0.0000484493
E[P_neut(11)] = 0.0000409706
E[P_neut(12)] = 0.0000376859
E[P_neut(13)] = 0.0000323676
E[P_neut(14)] = 0.0000289608
E[P_neut(15)] = 0.0000282995
E[P_neut(16)] = 0.0000332263
E[P_neut(17)] = 0.0000381843
E[P_neut(18)] = 0.0000391367
E[P_neut(19)] = 0.0000631662

---- Expected P_sel(i), 0 < i < n (selected SFS per site) 
E[P_sel(1)] = 0.0006117082
E[P_sel(2)] = 0.0001673124
E[P_sel(3)] = 0.0001075281
E[P_sel(4)] = 0.0000702682
E[P_sel(5)] = 0.0000491389
E[P_sel(6)] = 0.0000429071
E[P_sel(7)] = 0.0000464190
E[P_sel(8)] = 0.0000270801
E[P_sel(9)] = 0.0000271376
E[P_sel(10)] = 0.0000261635
E[P_sel(11)] = 0.0000218774
E[P_sel(12)] = 0.0000199193
E[P_sel(13)] = 0.0000169495
E[P_sel(14)] = 0.0000150357
E[P_sel(15)] = 0.0000145757
E[P_sel(16)] = 0.0000169865
E[P_sel(17)] = 0.0000193857
E[P_sel(18)] = 0.0000197394
E[P_sel(19)] = 0.0000316629

---- alpha_dfe = 0.007974

