---- Running command
---- ./polyDFE -d /scratch/40841842/tmpusrq51ma -m C -i /scratch/40841842/tmpjlxfaawu 1 -v 1 
---- Performing inference using model C

---- Performing inference on /scratch/40841842/tmpusrq51ma
----      with -i /scratch/40841842/tmpjlxfaawu 1
---- Data /scratch/40841842/tmpusrq51ma does not contain divergence counts. Using option -w.
---- No mutation variability. Using Poisson likelihood.


---- Using provided initial values

-- Starting local optimization
-- Optimizing all parameters
  it        eps_an     theta_bar           S_d             b           p_b           S_b           r 2           r 3           r 4           r 5           r 6           r 7           r 8           r 9          r 10          r 11          r 12          r 13          r 14          r 15          r 16          r 17          r 18          r 19          r 20          r 21          r 22          r 23          r 24          r 25          r 26          r 27          r 28          r 29          r 30          r 31          r 32          r 33          r 34          r 35          r 36          r 37          r 38          r 39           ln lk          grad status 
   0 0.00000450288   0.001050261 -26.884510000     0.1464485   0.004419742    0.05627203     0.4932568     0.4490162      0.411058     0.4293708     0.4059378     0.3950674     0.4836194     0.4412304     0.4459431     0.5171633     0.4880109      0.499798     0.5114526     0.4705895     0.3840001     0.3914661     0.4942643     0.4410675     0.4295933     0.3836019     0.3386893     0.4566943     0.4425798     0.4623484      0.424307     0.4116725     0.4906384     0.4335386     0.4045893     0.5819833     0.4816641     0.5724359     0.5396078     0.5300813       0.62822     0.8578236      0.810246      2.052769 -274.6860456701 0.64798531318   -2 
   1 0.00000450288 0.00106758433 -26.861927460 0.14519670362 0.00442011175 0.05627239414 0.49860028520 0.45085092414 0.39993780736 0.43201625688 0.40482581238 0.39425327895 0.48656546518 0.43793663106 0.44141397491 0.52029130164 0.48932910413 0.49711529820 0.51213951673 0.46899957497 0.38506012697 0.39227505502 0.49193941363 0.44046714579 0.42930015872 0.38254578475 0.33986947215 0.45949252643 0.44590618633 0.46203510631 0.42488742580 0.41110871583 0.49063851413 0.43442659371 0.40821411264 0.58506900019 0.47874531208 0.58006731068 0.54213293960 0.53043562910 0.62822005962 0.85249519577 0.80769989695 2.06244844976 -273.1165754460 1.38452401944   -2 
   2 0.00000450291 0.00104402102 -26.992762710 0.13979683575 0.00442171991 0.05627451425 0.52430920748 0.45889976489 0.33659888660 0.44693762469 0.39685111767 0.38828840288 0.50396506726 0.41706008008 0.41332638233 0.53918931624 0.49682583331 0.47986673629 0.51570156917 0.45854543220 0.39140869628 0.39702952347 0.47702674757 0.43629338986 0.42708529228 0.37566716452 0.34719339082 0.47713586650 0.46709987886 0.45972426118 0.42828900480 0.40731574503 0.49030052409 0.43981386757 0.43161505214 0.60445792323 0.46041915408 0.63005871867 0.55799670945 0.53236711522 0.62780569474 0.81890113514 0.79119400693 2.12091958987 -265.1372791309 0.46559181921   -2 
   3 0.00000450293 0.00105395628 -27.280534058 0.13635434684 0.00442274038 0.05627633034 0.48170081127 0.45552949930 0.33237886021 0.44974853005 0.39379007251 0.38519602414 0.51228062366 0.40446767232 0.39527314972 0.55108723443 0.50182715817 0.46726375728 0.51804099744 0.45005879536 0.39676956827 0.40102990208 0.46447493575 0.43241379954 0.42488383127 0.36922247871 0.35413890607 0.49345297389 0.48720974699 0.45734618595 0.43132313531 0.40352654057 0.48972133081 0.44483623344 0.45530583637 0.62260672482 0.44311792539 0.67999085550 0.57323509497 0.53396019189 0.62704485908 0.78869387188 0.77566988046 2.16338151974 -261.6220831052 0.43197394331   -2 
   4 0.00000450293 0.00104244861 -27.369984399 0.13677722037 0.00442260297 0.05627640924 0.48776798327 0.45372362486 0.33567036672 0.44793080872 0.39350483691 0.38480911727 0.51111175117 0.40390909056 0.39439937097 0.55056299004 0.50149613275 0.46628750635 0.51769427457 0.44919442720 0.39695032054 0.40112358995 0.46324780993 0.43184814239 0.42446786698 0.36845186139 0.35469253564 0.49467133583 0.48885525377 0.45691114735 0.43144426813 0.40298801212 0.48945023128 0.44517985941 0.45765077043 0.62403186255 0.44118537315 0.68455756401 0.57454729902 0.53392020288 0.62669926329 0.78555916853 0.77383916214 2.16346286518 -261.0742680107 0.76550795881   -2 
   5 0.00000450293 0.00104758899 -27.625779216 0.13767676026 0.00442231130 0.05627677426 0.51396444452 0.44833008639 0.34947780482 0.44159339645 0.39292299084 0.38373029742 0.50694505969 0.40225133674 0.39153496167 0.54874274520 0.50045438706 0.46292389783 0.51660066491 0.44613402917 0.39775369370 0.40159457193 0.45878051245 0.42982212144 0.42299521124 0.36559167902 0.35690522785 0.49947918072 0.49532356123 0.45534856343 0.43200062839 0.40099477020 0.48851434524 0.44659279341 0.46689209130 0.62966934639 0.43387291973 0.70249359661 0.57974271762 0.53386489799 0.62549850253 0.77384092137 0.76702784712 2.16435491323 -259.3798319883 0.26105420117   -2 
   6 0.00000450293 0.00105580556 -28.162732534 0.13822086692 0.00442208118 0.05627781620 0.49390183728 0.45291465016 0.36898266906 0.43690534910 0.39427475683 0.38381716121 0.50189570750 0.40185788059 0.38908664001 0.54621059310 0.49947018248 0.45884707940 0.51558631211 0.44175647371 0.39960951678 0.40286982037 0.45160237112 0.42661242311 0.42070243806 0.36046585848 0.36155702791 0.50902745800 0.50819436619 0.45276133752 0.43344185596 0.39737043522 0.48711283445 0.44974136121 0.48608705305 0.64111186682 0.41982784386 0.73840821809 0.59052754681 0.53414944824 0.62366117016 0.75271226924 0.75480884182 2.16749041534 -257.9543515252 0.34363410299   -2 
   7 0.00000450293 0.00105106839 -28.227538996 0.13833860733 0.00442203768 0.05627792154 0.49301488816 0.45306991607 0.36993189450 0.43662782400 0.39434088845 0.38380143066 0.50148449218 0.40182180198 0.38888463088 0.54595360681 0.49935181147 0.45848594759 0.51546918083 0.44135201493 0.39976321686 0.40297228971 0.45093398306 0.42629922818 0.42047320431 0.35996565403 0.36200225270 0.50991763324 0.50941391810 0.45250069584 0.43357110522 0.39700762083 0.48696477349 0.45004030803 0.48799123503 0.64219578441 0.41845211528 0.74188558525 0.59157196974 0.53416575126 0.62346753184 0.75069484303 0.75362281410 2.16761468680 -257.8518910884 0.22018973446   -2 
   8 0.00000450294 0.00104992398 -29.157378829 0.13841751358 0.00442190907 0.05627998125 0.51200568085 0.45352028063 0.36513177261 0.43860049656 0.39560543630 0.38435998629 0.49865830768 0.40240303276 0.38736787783 0.54326984632 0.49822164364 0.45443618706 0.51431920964 0.43609484447 0.40224643485 0.40472022322 0.44148613704 0.42180013716 0.41716628253 0.35222934471 0.36939504452 0.52405227248 0.52897690499 0.44857316132 0.43583896878 0.39126348015 0.48480128990 0.45511649816 0.52017324490 0.65977595207 0.39639099060 0.79852756769 0.60893684728 0.53463512383 0.62060377280 0.71979387114 0.73533917011 2.17024042945 -256.7245449142 0.17895771991   -2 
   9 0.00000450294 0.00105536286 -29.287644937 0.13805741707 0.00442200196 0.05628037712 0.50902729653 0.45379874661 0.36339380964 0.43959564732 0.39587521866 0.38465126159 0.49921823949 0.40271906012 0.38755102916 0.54345628456 0.49837371135 0.45436890901 0.51443715491 0.43576859225 0.40260981524 0.40501004181 0.44061445431 0.42138707765 0.41686541461 0.35129798141 0.37044299088 0.52584163515 0.53147584327 0.44815170510 0.43621359784 0.39053484411 0.48460122512 0.45588262156 0.52472039428 0.66211505955 0.39336988932 0.80575089457 0.61137827913 0.53477908092 0.62032358607 0.71606750360 0.73314676126 2.17113173712 -256.6037312314 0.35398271534   -2 
  10 0.00000450295 0.00105315436 -29.618184989 0.13738872965 0.00442216412 0.05628128995 0.50002693481 0.45403841926 0.35902172231 0.44182373494 0.39634314823 0.38525462062 0.50068058275 0.40341107724 0.38804022671 0.54395878974 0.49872581413 0.45434608131 0.51471220020 0.43514892951 0.40336660781 0.40561938561 0.43880804183 0.42050703183 0.41621494474 0.34925109091 0.37275994927 0.52968699941 0.53689188824 0.44722069835 0.43703520725 0.38890655862 0.48415182924 0.45758285918 0.53491883291 0.66721771827 0.38664329566 0.82151627986 0.61679706303 0.53509058166 0.61969204264 0.70795129339 0.72834054945 2.17288179858 -256.3424104255 0.04764131168   -2 
  11 0.00000450295 0.00105120487 -29.806797832 0.13692773290 0.00442228615 0.05628186593 0.50030617221 0.45310516352 0.35733653482 0.44220845462 0.39606906464 0.38536903577 0.50217571266 0.40368872260 0.38869163296 0.54472583604 0.49907201447 0.45508296012 0.51501843848 0.43557360995 0.40345471499 0.40573688338 0.43891434933 0.42047097953 0.41615396535 0.34864362779 0.37353769182 0.53034814248 0.53797309590 0.44697892181 0.43733371893 0.38828925218 0.48403470903 0.45822924131 0.53847330446 0.66849779575 0.38371978659 0.82458061309 0.61863633521 0.53522663618 0.61949860536 0.70567041796 0.72695197489 2.17286029213 -256.3189973817 0.14745787072   -2 
  12 0.00000450295 0.00105277497 -30.048052072 0.13626620460 0.00442246598 0.05628262897 0.50116118899 0.45202770308 0.35534881111 0.44268362919 0.39572164103 0.38552687711 0.50416216704 0.40405918670 0.38957418428 0.54577184441 0.49955045408 0.45610328812 0.51544407671 0.43618970148 0.40355709658 0.40588444752 0.43913926700 0.42046480617 0.41610420625 0.34789620933 0.37452347161 0.53111761081 0.53925815714 0.44669108110 0.43771895738 0.38751080408 0.48389925158 0.45905890942 0.54299134911 0.67007010452 0.37999180548 0.82819308194 0.62096657465 0.53540881249 0.61926682175 0.70287323017 0.72524684590 2.17283701561 -256.2885907613 0.04143136468   -2 
  13 0.00000450296 0.00105102266 -30.490683971 0.13554747489 0.00442265500 0.05628390803 0.50416859328 0.45232117378 0.35547363045 0.44217112122 0.39504875531 0.38545558725 0.50616732628 0.40430826420 0.39081691016 0.54709730964 0.50011375741 0.45784456868 0.51597919767 0.43751513005 0.40338644897 0.40586357908 0.44023021432 0.42074319700 0.41620662905 0.34714963814 0.37554972581 0.53098655872 0.53951201189 0.44641962463 0.43811878016 0.38650435254 0.48373710023 0.46002544818 0.54797256946 0.67103403626 0.37479476468 0.82870656245 0.62343623781 0.53559175928 0.61895529468 0.70031065191 0.72358517330 2.17137076547 -256.2607305350 0.08859378905   -2 
  14 0.00000450296 0.00105217039 -30.610969123 0.13534272350 0.00442271048 0.05628426174 0.50477895409 0.45254207297 0.35567528102 0.44204441881 0.39491093622 0.38544541576 0.50662954337 0.40437244735 0.39113760217 0.54743432294 0.50026434020 0.45830736196 0.51612426843 0.43788230853 0.40333584849 0.40585468124 0.44055388680 0.42083505280 0.41624739444 0.34697501716 0.37580296421 0.53090339415 0.53951103728 0.44636110418 0.43822054497 0.38625049771 0.48370180340 0.46027179619 0.54920646037 0.67123138418 0.37344845908 0.82863170551 0.62404476548 0.53564072845 0.61888130260 0.69972079404 0.72319806803 2.17098395805 -256.2530470815 0.05692936771   -2 
  15 0.00000450298 0.00105169825 -31.428955285 0.13439828005 0.00442296073 0.05628653188 0.50392143184 0.45490832529 0.35863574183 0.44118603095 0.39445721075 0.38533533968 0.50808280164 0.40457544305 0.39274611547 0.54896027353 0.50098481871 0.46086535149 0.51685704565 0.44011565336 0.40289456746 0.40568553049 0.44279657102 0.42152815738 0.41659045075 0.34618920458 0.37700746740 0.52971769194 0.53855907545 0.44612278366 0.43871081695 0.38486478166 0.48352576171 0.46154578376 0.55527073268 0.67155333511 0.36576266437 0.82540712144 0.62695983753 0.53587408292 0.61847240203 0.69725266546 0.72147854356 2.16814608036 -256.2102710874 0.04719292947   -2 
  16 0.00000450298 0.00105257374 -31.549496180 0.13426739183 0.00442299710 0.05628686924 0.50373276756 0.45515032770 0.35904939033 0.44114553479 0.39446850515 0.38533686606 0.50813687247 0.40459526019 0.39291518145 0.54910167064 0.50106417887 0.46116030865 0.51694217852 0.44040021668 0.40283233216 0.40565879370 0.44311148136 0.42163332571 0.41664691375 0.34611092743 0.37714083725 0.52951152105 0.53835973521 0.44610418892 0.43876751048 0.38469411377 0.48350841013 0.46169904750 0.55595241169 0.67152452879 0.36476406163 0.82476117329 0.62728182302 0.53590199714 0.61842406526 0.69702432172 0.72130811282 2.16778153532 -256.2073288714 0.04560157477   -2 
  17 0.00000450300 0.00105262781 -32.072436608 0.13387394244 0.00442310821 0.05628829846 0.50249493505 0.45543266394 0.36050813301 0.44126355262 0.39479232117 0.38536834468 0.50757573572 0.40458738206 0.39327331954 0.54924798497 0.50122249809 0.46197594592 0.51714740483 0.44135150477 0.40256046550 0.40551556735 0.44432599091 0.42206231334 0.41688737889 0.34593402782 0.37748714646 0.52848379809 0.53723926769 0.44607982192 0.43891799272 0.38411188013 0.48345346607 0.46217019034 0.55782621561 0.67103434757 0.36111784903 0.82127083786 0.62812374613 0.53597079562 0.61824927502 0.69663281500 0.72092830513 2.16631153700 -256.1952980679 0.05380310783   -2 
  18 0.00000450300 0.00105394022 -32.236931343 0.13374200883 0.00442314861 0.05628876190 0.50240454594 0.45534913093 0.36080062543 0.44139261211 0.39496414430 0.38539649531 0.50724484591 0.40457207861 0.39329323387 0.54918749707 0.50123275349 0.46211065894 0.51717617219 0.44157461953 0.40248126133 0.40546893050 0.44466545054 0.42219181441 0.41696423182 0.34592111887 0.37754032037 0.52813783524 0.53683361888 0.44608893117 0.43894401672 0.38396908055 0.48344398099 0.46227264525 0.55814569577 0.67079573698 0.36012849266 0.82002897893 0.62825280336 0.53598182349 0.61820587610 0.69666219412 0.72090199672 2.16592333462 -256.1906060547 0.06046634129   -2 
  19 0.00000450302 0.00105504169 -33.296018947 0.13306628672 0.00442336436 0.05629168595 0.50262786163 0.45392742793 0.36170780337 0.44235247869 0.39615501149 0.38555069764 0.50454810171 0.40435623677 0.39298713608 0.54829875454 0.50105684821 0.46238430136 0.51713508008 0.44258447233 0.40198109039 0.40513842673 0.44653342393 0.42292677520 0.41740557789 0.34598586825 0.37762230545 0.52588492343 0.53409688015 0.44617886053 0.43899092033 0.38322549216 0.48338313250 0.46269461752 0.55900782681 0.66894762544 0.35464293439 0.81181092347 0.62846907086 0.53597601527 0.61794339509 0.69739100997 0.72105366640 2.16353457741 -256.1629822754 0.04466227276   -2 
  20 0.00000450303 0.00105633670 -33.676014994 0.13277318597 0.00442346147 0.05629275189 0.50294713040 0.45350269940 0.36175732135 0.44267097428 0.39654478476 0.38560386188 0.50361932927 0.40426852582 0.39279580946 0.54791354237 0.50095185014 0.46234662700 0.51707561888 0.44283315351 0.40181437064 0.40502000045 0.44710495767 0.42315987726 0.41754776864 0.34604242174 0.37759325367 0.52510306500 0.53312422234 0.44621780004 0.43898063669 0.38300255678 0.48336201204 0.46278980229 0.55904092661 0.66823593945 0.35289295011 0.80892883031 0.62840643007 0.53595633109 0.61785435322 0.69776673256 0.72117783678 2.16275783259 -256.1588126771 0.05133877244   -2 
  21 0.00000450304 0.00105604110 -34.141325525 0.13237622615 0.00442359701 0.05629408069 0.50342818974 0.45310991837 0.36138527100 0.44294582918 0.39690704024 0.38563767267 0.50256494512 0.40412942501 0.39243532589 0.54733633119 0.50074339385 0.46208808504 0.51691835091 0.44295071755 0.40162015113 0.40486603660 0.44763333338 0.42338410666 0.41768464959 0.34615116213 0.37746616975 0.52418446307 0.53195043427 0.44626422295 0.43891990960 0.38278798304 0.48332689262 0.46281484347 0.55867201609 0.66729077028 0.35105628889 0.80552091776 0.62811551500 0.53589680589 0.61774070951 0.69836793188 0.72141086932 2.16184477794 -256.1518998702 0.06274349857   -2 
  22 0.00000450306 0.00105786170 -34.755294833 0.13173788600 0.00442381769 0.05629587871 0.50414874616 0.45285598118 0.36061157603 0.44322673983 0.39729010043 0.38567467704 0.50133793532 0.40394105347 0.39188000792 0.54653436880 0.50042516144 0.46158953721 0.51665871120 0.44295654821 0.40138228308 0.40466416431 0.44818691117 0.42363238400 0.41783835642 0.34633072542 0.37722689369 0.52302321981 0.53043697915 0.44632871884 0.43880409431 0.38255710292 0.48327751886 0.46277532342 0.55785185023 0.66599872110 0.34889053067 0.80118105373 0.62756030587 0.53579280312 0.61759233391 0.69928230700 0.72179084246 2.16073422052 -256.1427599611 0.05542212479   -2 
  23 0.00000450308 0.00105769887 -35.472701422 0.13091965595 0.00442410539 0.05629800367 0.50454270714 0.45284306945 0.35941880045 0.44332366769 0.39751110955 0.38565763611 0.50018830643 0.40369037429 0.39113847795 0.54555939612 0.49997554341 0.46080335160 0.51626253312 0.44274027280 0.40111614506 0.40441669037 0.44859150915 0.42382515553 0.41795391742 0.34656440639 0.37684944674 0.52175954674 0.52875851556 0.44638482013 0.43860874072 0.38234844638 0.48319634475 0.46261863303 0.55647794664 0.66445645903 0.34674608422 0.79647740120 0.62668691764 0.53562119841 0.61739957916 0.70043341525 0.72227655818 2.15941777068 -256.1335197466 0.06898983062   -2 
  24 0.00000450310 0.00105969211 -36.147729690 0.13002572328 0.00442442242 0.05630004613 0.50463978964 0.45309818706 0.35824484939 0.44327533975 0.39756491775 0.38561287482 0.49938466920 0.40345129082 0.39040793616 0.54466688231 0.49952052001 0.45995007288 0.51584146045 0.44239013386 0.40087998164 0.40418096005 0.44879950413 0.42393760779 0.41801768542 0.34679942108 0.37643016584 0.52065166913 0.52726245212 0.44642371020 0.43838470081 0.38219493650 0.48310385006 0.46239538168 0.55491138908 0.66299877768 0.34499564929 0.79236462868 0.62571612192 0.53542488634 0.61720453224 0.70156334118 0.72275656746 2.15818777162 -256.1238227753 0.06931314173   -2 
  25 0.00000450312 0.00105944354 -37.060136781 0.12877081798 0.00442487435 0.05630280933 0.50408921744 0.45356656417 0.35670801324 0.44292961679 0.39735402733 0.38545874989 0.49866995340 0.40309211589 0.38939128200 0.54349819302 0.49883836425 0.45866091136 0.51518189305 0.44170515334 0.40056124847 0.40384088231 0.44880370310 0.42396133974 0.41801228976 0.34710703464 0.37577709073 0.51928229937 0.52539106436 0.44642931574 0.43801417211 0.38203195618 0.48293374794 0.46197845927 0.55247587686 0.66104790748 0.34303139228 0.78737424458 0.62421519504 0.53509410542 0.61689615043 0.70305606945 0.72336807929 2.15634553993 -256.1102131350 0.06882987550   -2 
  26 0.00000450314 0.00106138996 -37.990601800 0.12740547571 0.00442537223 0.05630563845 0.50337309354 0.45409864295 0.35536073986 0.44243438358 0.39696570435 0.38524911079 0.49824636736 0.40271748190 0.38837602094 0.54238830229 0.49812104138 0.45729654298 0.51446533733 0.44087668911 0.40024011426 0.40348275519 0.44861102843 0.42389130510 0.41793862472 0.34740554421 0.37505859523 0.51799648160 0.52361880628 0.44639693322 0.43759016318 0.38189441616 0.48272555280 0.46147435030 0.54981134646 0.65909967038 0.34132017301 0.78277158305 0.62257086362 0.53470905654 0.61654630377 0.70452002108 0.72394435883 2.15433508574 -256.1003866486 0.06047034862   -2 
  27 0.00000450316 0.00106018695 -38.421177920 0.12671703568 0.00442563010 0.05630699415 0.50279617845 0.45410428515 0.35515172199 0.44191795252 0.39646075649 0.38500822563 0.49844279215 0.40248183070 0.38792310625 0.54196007107 0.49770571142 0.45657012601 0.51401545412 0.44026008217 0.40006154212 0.40326497074 0.44817180084 0.42367222426 0.41776111344 0.34749081873 0.37462167660 0.51753963226 0.52297998405 0.44628690428 0.43729219119 0.38185091789 0.48253914019 0.46108806591 0.54826847821 0.65822037083 0.34095058386 0.78135385496 0.62159413875 0.53442095620 0.61628388103 0.70502733249 0.72406880349 2.15289010517 -256.0895301344 0.10331355361   -2 
  28 0.00000450322 0.00106331293 -40.871243784 0.12268221875 0.00442717370 0.05631465613 0.50015951681 0.45396247539 0.35480687556 0.43882867641 0.39329943294 0.38352208537 0.50019430166 0.40113326303 0.38550689865 0.53981181455 0.49533910704 0.45247704760 0.51139270954 0.43652955367 0.39904228871 0.40199311589 0.44521429725 0.42217740004 0.41656184221 0.34788433332 0.37205065446 0.51524957928 0.51975555238 0.44553293845 0.43548866173 0.38164521041 0.48136991711 0.45871442701 0.53931302590 0.65341683072 0.33956892058 0.77468252045 0.61587321311 0.53265490687 0.61467602760 0.70757418672 0.72453641026 2.14418771773 -256.0334820110 0.06320458952   -2 
  29 0.00000450324 0.00106200106 -41.807118194 0.12137015955 0.00442770435 0.05631747401 0.50059265136 0.45322101914  0.3551264548 0.43777213424 0.39205942800 0.38279283754 0.50071621944 0.40051220892 0.38472905678 0.53910018481 0.49436330839 0.45104131706 0.51027968244 0.43497728672 0.39855319707 0.40139919944 0.44370095702 0.42132711809 0.41586367822 0.34784594307 0.37099276559 0.51455334586 0.51882802370 0.44503560420 0.43465487194 0.38151383187 0.48073737512 0.45762201567 0.53591585139 0.65172767978 0.33960257436 0.77329310442 0.61358043802 0.53179306085 0.61384510048 0.70792696838 0.72426097785 2.13973131383 -256.0165018136 0.13080439588   -2 
  30 0.00000450328 0.00106440417 -43.269375958 0.11937592176 0.00442852715 0.05632180208 0.50190720691 0.45201071606 0.35580148453 0.43631065344 0.39022947409 0.38165448946 0.50145263523 0.39954469738 0.38361578843 0.53808091854 0.49286841094 0.44892064976 0.50855532999 0.43257334494 0.39776971722 0.40045175881 0.44124982442 0.41992132599 0.41470366363 0.34771333523 0.36934399830 0.51355714283 0.51752619907 0.44419144195 0.43332029886 0.38129045653 0.47969432345 0.45587475223 0.53073701508 0.64919812824 0.33987126329 0.77161096641 0.61002879739 0.53039588186 0.61248387010 0.70822207883 0.72365781580 2.13251342970 -255.9845406101 0.04981733271   -2 
  31 0.00000450330 0.00106481396 -44.301129569 0.11813916357 0.00442905658 0.05632475171 0.50276413581 0.45113724594 0.35627995264 0.43551098633 0.38910908361 0.38084808535 0.50169917644 0.39884374383 0.38293033613 0.53740898052 0.49183066045 0.44757505812 0.50734574378 0.43092521161 0.39717307059 0.39974441453 0.43944647983 0.41883842776 0.41379743100 0.34751446947 0.36818764413 0.51292396243 0.51674575461 0.44350148618 0.43233446547 0.38108926600 0.47887875887 0.45459418855 0.52727202684 0.64752413285 0.34027362672 0.77091024508 0.60757124415 0.52933872269 0.61142881932 0.70807591152 0.72298796568 2.12702897061 -255.9773483309 0.05021140963   -2 
  32 0.00000450334 0.00106455101 -45.982172134 0.11698684708 0.00442965333 0.05632933719 0.50193447811 0.45044144067 0.35668666164 0.43622069037 0.38881415674 0.37958208920 0.49972946501 0.39754381621 0.38253321299 0.53658648989 0.49021927045 0.44646824768 0.50535068600 0.42849761388 0.39576569065 0.39818725868 0.43578582922 0.41624448122 0.41151954766 0.34630818954 0.36619067564 0.51227916162 0.51637323494 0.44152106541 0.43022806537 0.38034643531 0.47678508452 0.45194003775 0.52256706628 0.64538242258 0.34257249885 0.77326186755 0.60358019926 0.52687316281 0.60877532172 0.70495315074 0.71982094845 2.11448606619 -255.9351303129 0.20663696709   -2 
  33 0.00000450339 0.00107096069 -48.919185316 0.11502526576 0.00443067869 0.05633703113 0.50074621687 0.44952082578 0.35734042773 0.43757028614 0.38849005801 0.37754515803 0.49635974886 0.39541645663 0.38195081020 0.53527751652 0.48759473689 0.44474707154 0.50208031971 0.42453309455 0.39340726103 0.39558305634 0.42971541179 0.41189958569 0.40769181475 0.34423267822 0.36287850570 0.51124467587 0.51583412247 0.43816897467 0.42669780579 0.37907493778 0.47325100853 0.44749957331 0.51489617837 0.64188492855 0.34659163134 0.77749081083 0.59698629626 0.52272091853 0.60429593225 0.69953173649 0.71439512048 2.09358692063 -255.8657349262 0.03630497075   -2 
  34 0.00000450342 0.00107176605 -50.144728491 0.11416086060 0.00443121230 0.05634069840 0.50032512658 0.45115415436 0.35299091483 0.43572654452 0.38988972970 0.37824117269 0.49375925318 0.39526503199 0.38231558079 0.53456162044 0.48758639282 0.44610100885 0.50192459539 0.42497786821 0.39207437647 0.39428631789 0.42832280230 0.40988704618 0.40558940570 0.34191545996 0.36187370992 0.51084956346 0.51635185792 0.43567475009 0.42480951848 0.37756258819 0.47079049214 0.44530046851 0.51522924737 0.64162076614 0.35009946579 0.78172442058 0.59551226095 0.52001261018 0.60113008252 0.69266013461 0.70894537213 2.08781260440 -255.8206289223 0.05172586937   -2 
  35 0.00000450342 0.00107259883 -50.251114323 0.11406616902 0.00443126844 0.05634103804 0.50033767576 0.45121895722 0.35268015125 0.43557384522 0.39000076921 0.37831520750 0.49356244217 0.39526529911 0.38235039969 0.53449925599 0.48760288217 0.44624303902 0.50193323583 0.42505491552 0.39195745594 0.39417470581 0.42823387615 0.40971744772 0.40540472438 0.34168955871 0.36179672125 0.51081321222 0.51640501922 0.43544183520 0.42464096842 0.37741145822 0.47056163437 0.44510679628 0.51533264122 0.64161983253 0.35043794362 0.78211192389 0.59541444555 0.51976090422 0.60083381037 0.69198708341 0.70841975885 2.08740787598 -255.8183250474 0.03047069436   -2 
  36 0.00000450345 0.00107264827 -51.043677242 0.11326823007 0.00443177375 0.05634392570 0.50047106129 0.44910451105 0.35204877280 0.43445620292 0.39022883045 0.37895461964 0.49272058492 0.39544647369 0.38253227384 0.53385925288 0.48796947020 0.44767087048 0.50238707759 0.42642773901 0.39104425884 0.39335452283 0.42832881620 0.40860042088 0.40400710294 0.33946444333 0.36146750890 0.51041791530 0.51687822670 0.43336039384 0.42330119092 0.37582821981 0.46853350953 0.44363784279 0.51782450528 0.64205120904 0.35356247182 0.78508902406 0.59540167780 0.51753987969 0.59816943423 0.68532040057 0.70337334904 2.08642124314 -255.7999888144 0.03174238331   -2 
  37 0.00000450345 0.00107320749 -51.094050806 0.11320421470 0.00443181477 0.05634413928 0.50046379307 0.44902868229 0.35214529760 0.43444217798 0.39018918098 0.37897164446 0.49272682736 0.39545719839 0.38252860453 0.53381483836 0.48798998020 0.44774890495 0.50242186629 0.42653663549 0.39099052271 0.39330814473 0.42837475296 0.40854576021 0.40392640352 0.33930357316 0.36146061721 0.51038276163 0.51690140283 0.43321904897 0.42321649269 0.37570564659 0.46839513095 0.44354834132 0.51806461642 0.64209322181 0.35378311175 0.78523985584 0.59543834691 0.51738600954 0.59798429060 0.68484074039 0.70301483710 2.08644983774 -255.7987504902 0.03096160348   -2 
  38 0.00000450346 0.00107280330 -51.502911011 0.11274836371 0.00443214767 0.05634598885 0.49987800224 0.44880410239 0.35389488047 0.43470794519 0.38935811810 0.37882451571 0.49318603312 0.39547167721 0.38232313257 0.53337682032 0.48805255476 0.44816329564 0.50267097448 0.42748764760 0.39059743454 0.39298321768 0.42902496917 0.40825027858 0.40336835763 0.33791786340 0.36150992654 0.50999967953 0.51697920317 0.43206235042 0.42256557189 0.37458446879 0.46725566002 0.44289052885 0.52053025316 0.64249014697 0.35560879778 0.78597363982 0.59600096018 0.51610239022 0.59643507993 0.68074164481 0.69997553766 2.08719728472 -255.7890316482 0.01577009507   -2 
  39 0.00000450347 0.00107315127 -51.532841211 0.11272258312 0.00443217849 0.05634617938 0.50002943115 0.44899177899 0.35405583349 0.43480945880 0.38923744494 0.37874438468 0.49329747577 0.39545032973 0.38226704115 0.53334961235 0.48802090362 0.44810828685 0.50266458090 0.42754013415 0.39059059436 0.39298102871 0.42913281062 0.40827655091 0.40336553490 0.33781251446 0.36154154708 0.50994861016 0.51694711678 0.43199129870 0.42253577200 0.37447622132 0.46718179399 0.44286834674 0.52081767516 0.64252206095 0.35573694266 0.78585890595 0.59610615456 0.51600989695 0.59632536238 0.68044100803 0.69975786041 2.08733171857 -255.7882735217 0.02852690500   -2 
  40 0.00000450347 0.00107261024 -51.638063604 0.11267480461 0.00443227550 0.05634686020 0.50058440274 0.44973019269 0.35457556584 0.43519103590 0.38877763595 0.37840485886 0.49371606994 0.39534855759 0.38203533416 0.53325273265 0.48787036218 0.44783374862 0.50260848515 0.42768599612 0.39058547273 0.39299095862 0.42954028636 0.40840653311 0.40339084642 0.33746116753 0.36167033408 0.50975228757 0.51679753881 0.43176902759 0.42245289285 0.37409232208 0.46694591113 0.44281875697 0.52186259037 0.64262205013 0.35614879931 0.78530216466 0.59651027289 0.51570468945 0.59596521085 0.67945169938 0.69904486243 2.08780645389 -255.7857710020 0.00867321190   -2 
  41 0.00000450348 0.00107310673 -51.681097556 0.11269677668 0.00443234592 0.05634741273 0.50047281958 0.44996441579 0.35446692547 0.43546975781 0.38866979322 0.37815220929 0.49405854335 0.39527048734 0.38185290118 0.53333131056 0.48771831874 0.44740664947 0.50250596511 0.42762610432 0.39071329064 0.39311809761 0.42992342441 0.40868894480 0.40360432494 0.33737237063 0.36185130515 0.50961635483 0.51659089744 0.43180312195 0.42253633945 0.37387065747 0.46695413551 0.44295050880 0.52264837570 0.64267097837 0.35623472908 0.78435884383 0.59694111676 0.51564810294 0.59591475123 0.67925201483 0.69893231295 2.08831724458 -255.7846247149 0.03113415946   -2 
  42 0.00000450348 0.00107285797 -51.726165930 0.11273155426 0.00443241481 0.05634798286 0.50032129862 0.45015006797 0.35433228023 0.43573110098 0.38856734403 0.37789621807 0.49439217185 0.39518811082 0.38166570354 0.53341057473 0.48755940009 0.44696318719 0.50239601331 0.42755547274 0.39084659679 0.39325042503 0.43031401288 0.40898242001 0.40382833204 0.33728802760 0.36203837080 0.50947617174 0.51637425594 0.43184489654 0.42262629674 0.37364589945 0.46696880401 0.44309093202 0.52344948561 0.64271700690 0.35631232543 0.78337396864 0.59738445139 0.51559607659 0.59587062670 0.67906902495 0.69883302567 2.08882324833 -255.7833749461 0.00773737958   -2 
  43 0.00000450349 0.00107280186 -51.747390151 0.11274831259 0.00443245576 0.05634830462 0.50028445333 0.45015195814 0.35424913156 0.43582037910 0.38854533232 0.37778781589 0.49453330421 0.39515137273 0.38157811434 0.53345881065 0.48748351777 0.44673480473 0.50234000344 0.42750871640 0.39092413529 0.39332698136 0.43051796582 0.40914673228 0.40395849811 0.33725726605 0.36214277479 0.50940622716 0.51625708056 0.43188210373 0.42268469436 0.37353245014 0.46699078085 0.44317783544 0.52386878873 0.64273981658 0.35633767112 0.78283328364 0.59762646088 0.51558195095 0.59586450073 0.67901464681 0.69881346275 2.08908357347 -255.7832054710 0.01134647732   -2 
  44 0.00000450349 0.00107303542 -51.761471660 0.11275625402 0.00443249318 0.05634857609 0.50030073542 0.45009054515 0.35418251603 0.43585344187 0.38855372908 0.37772670777 0.49461621439 0.39512948585 0.38152009060 0.53350195584 0.48743257601 0.44656402896 0.50229964782 0.42746653993 0.39099031721 0.39339210612 0.43067579384 0.40928230815 0.40406936042 0.33724352801 0.36222910345 0.50935541552 0.51616438702 0.43192276543 0.42273887748 0.37344747568 0.46701888056 0.44325577442 0.52419518863 0.64275749786 0.35634659256 0.78239762761 0.59782258106 0.51558107091 0.59587282946 0.67900349238 0.69882283266 2.08928486936 -255.7829987042 0.01033402870   -2 
  45 0.00000450349 0.00107293659 -51.782952454 0.11277249149 0.00443256052 0.05634906130 0.50035988527 0.44986491242 0.35406940974 0.43582172158 0.38860640564 0.37766905210 0.49468376154 0.39510225437 0.38144287596 0.53357227957 0.48736142243 0.44630108113 0.50223630026 0.42738454317 0.39110469088 0.39350453221 0.43092469659 0.40951261205 0.40426380338 0.33723884498 0.36237669103 0.50927712617 0.51600893822 0.43200845049 0.42284112375 0.37331420350 0.46708287149 0.44339966383 0.52472125367 0.64278227677 0.35633964500 0.78166273738 0.59815197890 0.51559655256 0.59590828590 0.67904074746 0.69888085886 2.08958065257 -255.7826649509 0.00880411456   -2 
  46 0.00000450350 0.00107310184 -51.788658657 0.11277283265 0.00443259183 0.05634926671 0.50040097742 0.44975854542 0.35403821217 0.43577501270 0.38864593831 0.37767364863 0.49467617917 0.39509956355 0.38142689984 0.53359931115 0.48734553539 0.44621923230 0.50221787960 0.42735065534 0.39114994670 0.39354905347 0.43101078564 0.40960108446 0.40434173276 0.33724664322 0.36243450987 0.50925271397 0.51595228599 0.43205014653 0.42288612363 0.37326873663 0.46711616512 0.44346137520 0.52491047141 0.64279089038 0.35632697265 0.78138854793 0.59827782019 0.51561156411 0.59593328018 0.67908328052 0.69892470145 2.08967747937 -255.7825426494 0.00802554405   -2 
  47 0.00000450350 0.00107299422 -51.796529002 0.11277325769 0.00443265425 0.05634967100 0.50045492608 0.44954173427 0.35400190143 0.43562320687 0.38874228703 0.37772669096 0.49459233046 0.39510518113 0.38142136509 0.53363942883 0.48733479526 0.44610909200 0.50219263156 0.42728380744 0.39122963687 0.39362770380 0.43114172758 0.40975494035 0.40448345511 0.33727725765 0.36253762643 0.50921768894 0.51585547599 0.43213880213 0.42297507426 0.37319751327 0.46718980444 0.44358145750 0.52521919205 0.64280140193 0.35628456829 0.78091606347 0.59849711792 0.51565359879 0.59599686518 0.67920914635 0.69904026780 2.08979676372 -255.7823385467 0.00694690247   -2 
  48 0.00000450350 0.00107311899 -51.797616115 0.11276774405 0.00443268981 0.05634988433 0.50047016374 0.44946790315 0.35400299532 0.43553122501 0.38879898343 0.37777657024 0.49452169076 0.39511548861 0.38143358585 0.53365488188 0.48734226805 0.44608246672 0.50218781290 0.42725169662 0.39126605221 0.39366385863 0.43118925353 0.40982353414 0.40455042409 0.33730134367 0.36258561212 0.50920779897 0.51581502394 0.43218832293 0.42302159631 0.37317074898 0.46723250471 0.44364314746 0.52534556303 0.64280483458 0.35625414260 0.78071254493 0.59859597044 0.51568239934 0.59603785855 0.67929634524 0.69911565581 2.08982714941 -255.7822486288 0.00752637759   -2 
  49 0.00000450351 0.00107298236 -51.797919315 0.11275758639 0.00443276957 0.05635036412 0.50044927782 0.44936412759 0.35402675245 0.43531290581 0.38892284270 0.37791073248 0.49432586833 0.39514451077 0.38147859203 0.53367482366 0.48737298521 0.44606533445 0.50218546462 0.42718269167 0.39133659378 0.39373442094 0.43126170482 0.40995598507 0.40468635155 0.33736509131 0.36268209871 0.50919568687 0.51573797964 0.43230091367 0.42312323292 0.37312524810 0.46733147760 0.44377694799 0.52557328195 0.64280679347 0.35617382835 0.78032219179 0.59879013631 0.51575451784 0.59613782695 0.67951760191 0.69930146436 2.08983164177 -255.7820758770 0.00640754947   -2 
  50 0.00000450351 0.00107309316 -51.795628088 0.11275059318 0.00443280220 0.05635055164 0.50043321880 0.44938609644 0.35404976588 0.43524732876 0.38896314042 0.37796997780 0.49424503717 0.39515979910 0.38150595080 0.53367603553 0.48739378373 0.44608532891 0.50219144074 0.42716101213 0.39135687267 0.39375510015 0.43126965785 0.40999319196 0.40472902007 0.33739492742 0.36271220244 0.50919817638 0.51571867038 0.43234431956 0.42316020428 0.37311705625 0.46737089737 0.44382495409 0.52562687142 0.64280554978 0.35613705472 0.78021860810 0.59884754586 0.51578654490 0.59618061718 0.67961558768 0.69938119909 2.08980465751 -255.7819964584 0.00769035652   -2 
  51 0.00000450352 0.00107291710 -51.787192618 0.11273583492 0.00443290701 0.05635116803 0.50034690549 0.44952759940 0.35413313804 0.43506525902 0.38907122670 0.37816237230 0.49397706740 0.39521015392 0.38160441794 0.53366408320 0.48746863915 0.44618543218 0.50221662875 0.42709615588 0.39140928878 0.39380956692 0.43126277947 0.41008995783 0.40484981946 0.33749781435 0.36279727013 0.50921434864 0.51566961613 0.43248259409 0.42327461631 0.37310339260 0.46749822081 0.44397307986 0.52574633588 0.64279561589 0.35600837731 0.77995189760 0.59900427474 0.51589467625 0.59632297163 0.67994801402 0.69964791092 2.08965837692 -255.7817789719 0.00456814350   -2 
  52 0.00000450352 0.00107299321 -51.782396864 0.11273279861 0.00443294203 0.05635137479 0.50036161221 0.44960293236 0.35416094343 0.43506167064 0.38908410232 0.37821268640 0.49391726985 0.39522706251 0.38164046874 0.53365453987 0.48749744932 0.44624096927 0.50223094946 0.42708389729 0.39141669273 0.39381812371 0.43123928109 0.41010296725 0.40487455876 0.33753433794 0.36281508167 0.50922686217 0.51566670625 0.43252383297 0.42330658810 0.37310933076 0.46753776103 0.44401400679 0.52574511810 0.64279060353 0.35596229490 0.77992550774 0.59903235567 0.51593211997 0.59637043049 0.68006088590 0.69973627545 2.08958870003 -255.7817184950 0.00767482682   -2 
  53 0.00000450353 0.00107276418 -51.765779505 0.11273344692 0.00443306239 0.05635210736 0.50042387160 0.44986117447 0.35424956862 0.43509308650 0.38910414232 0.37837066940 0.49373319025 0.39528304022 0.38176621972 0.53361294258 0.48759783041 0.44645122548 0.50228325695 0.42704738666 0.39143246501 0.39383842977 0.43113720099 0.41013061516 0.40494668966 0.33766381497 0.36286766314 0.50927526150 0.51566654173 0.43266342611 0.42341262646 0.37313853788 0.46767309490 0.44414965356 0.52570407357 0.64276972367 0.35579664834 0.77988455664 0.59910867668 0.51606399662 0.59653592757 0.68045759951 0.70004454201 2.08931740513 -255.7815234554 0.00427740815   -2 
  54 0.00000450353 0.00107283861 -51.754291020 0.11274113735 0.00443313030 0.05635253045 0.50050023560 0.44992022791 0.35428113722 0.43518699124 0.38908968203 0.37841968847 0.49371431490 0.39531222144 0.38183029046 0.53359685345 0.48765257836 0.44657991626 0.50231992417 0.42704534310 0.39143070220 0.39383943537 0.43106356211 0.41012337385 0.40496657136 0.33773573415 0.36288381544 0.50931181090 0.51568640372 0.43273207549 0.42346243527 0.37316854316 0.46774239622 0.44421256552 0.52563470783 0.64276075175 0.35570463733 0.77994643683 0.59912153977 0.51613768587 0.59662550499 0.68066972665 0.70020770100 2.08919025296 -255.7814305635 0.00956132960   -2 
  55 0.00000450354 0.00107260000 -51.728938798 0.11276849887 0.00443328231 0.05635349683 0.50065060360 0.45000573332 0.35433985698 0.43541434131 0.38904649819 0.37851198122 0.49370040691 0.39537481155 0.38196963527 0.53356166404 0.48777243698 0.44687034718 0.50240306958 0.42704639591 0.39142218207 0.39383726054 0.43089136280 0.41009824183 0.40500336186 0.33789746528 0.36291503827 0.50939663471 0.51573746806 0.43288300922 0.42357093487 0.37324087037 0.46789594172 0.44434950106 0.52546093023 0.64274058132 0.35549644740 0.78011494487 0.59913911922 0.51630363282 0.59682600048 0.68114410476 0.70057168917 2.08890937860 -255.7812263831 0.00438834225   -2 
  56 0.00000450355 0.00107273319 -51.709573719 0.11279589418 0.00443338387 0.05635415659 0.50064105365 0.44992801320 0.35434854709 0.43556426639 0.38902145522 0.37851611545 0.49380824282 0.39541090384 0.38203683592 0.53357182833 0.48783854024 0.44703417299 0.50246317498 0.42707506458 0.39141269853 0.39383113888 0.43078688926 0.41006584331 0.40500764197 0.33799510846 0.36292310333 0.50946167320 0.51579506571 0.43296551636 0.42362893902 0.37330232525 0.46798407585 0.44442113430 0.52531626230 0.64274082458 0.35537272528 0.78031229239 0.59912431587 0.51640754305 0.59694725259 0.68141749163 0.70078173744 2.08885267580 -255.7810952815 0.01027793307   -2 
  57 0.00000450356 0.00107260629 -51.686925116 0.11283499941 0.00443350398 0.05635495036 0.50059958515 0.44981464239 0.35435013536 0.43572985406 0.38899141773 0.37850912787 0.49395081249 0.39545063642 0.38210976242 0.53358782629 0.48791193924 0.44721996256 0.50253324745 0.42711296427 0.39140021207 0.39382249692 0.43066474711 0.41002421569 0.40500861534 0.33810884996 0.36293004730 0.50953942897 0.51586673591 0.43305973238 0.42369484064 0.37337741375 0.46808570320 0.44450234540 0.52513909606 0.64274281929 0.35522790736 0.78055985101 0.59910149571 0.51652943578 0.59708850588 0.68173362214 0.70102450628 2.08880514756 -255.7809444612 0.00311129285   -2 
  58 0.00000450357 0.00107273665 -51.661137335 0.11288049730 0.00443362040 0.05635572806 0.50052469792 0.44972795374 0.35432046175 0.43574870568 0.38899569830 0.37844482200 0.49415466446 0.39547204486 0.38212822625 0.53364720010 0.48794660115 0.44730941461 0.50259101744 0.42717810779 0.39139145281 0.39381524372 0.43059205544 0.40997886669 0.40498996865 0.33819199940 0.36292401137 0.50961455544 0.51595533127 0.43311832453 0.42373547301 0.37345844391 0.46815582546 0.44455005157 0.52496778983 0.64276774453 0.35512318532 0.78085853788 0.59905799571 0.51662734726 0.59719518857 0.68194490913 0.70118917672 2.08897374858 -255.7808529160 0.00681441519   -2 
  59 0.00000450357 0.00107266753 -51.647115433 0.11290767737 0.00443368338 0.05635615360 0.50048472079 0.44968691866 0.35430159835 0.43574407068 0.38899964686 0.37840599132 0.49426325185 0.39548107249 0.38213288211 0.53368093917 0.48796095691 0.44734823048 0.50261999835 0.42721472831 0.39138680490 0.39381122086 0.43055699690 0.40995398879 0.40497809795 0.33823417375 0.36291952177 0.50965439197 0.51600407729 0.43314676738 0.42375513618 0.37350266871 0.46819086588 0.44457288668 0.52487571417 0.64278280861 0.35506964715 0.78102285142 0.59903260196 0.51667816033 0.59724974142 0.68204987996 0.70127125121 2.08907976856 -255.7808012309 0.00326533262   -2 
  60 0.00000450358 0.00107276093 -51.606616415 0.11297130143 0.00443384541 0.05635723280 0.50051617882 0.44971520265 0.35425645201 0.43561528421 0.38903754639 0.37829720029 0.49449027764 0.39548658489 0.38210107443 0.53378409005 0.48796234839 0.44735304968 0.50267363046 0.42731817767 0.39138279017 0.39380654541 0.43052322539 0.40989863597 0.40493864500 0.33830931080 0.36290108968 0.50974541798 0.51613116298 0.43318672256 0.42378329347 0.37361345437 0.46824995970 0.44460228923 0.52467185007 0.64284062840 0.35497501641 0.78143862844 0.59896189865 0.51678156163 0.59735322710 0.68221332914 0.70140352212 2.08950428720 -255.7806855196 0.00519975666   -2 
  61 0.00000450359 0.00107270132 -51.590822022 0.11299621456 0.00443390808 0.05635765076 0.50052888990 0.44973144045 0.35424073497 0.43556251585 0.38905257586 0.37825728589 0.49456729210 0.39548726221 0.38208623067 0.53382272325 0.48796034701 0.44734815897 0.50269204484 0.42735753232 0.39138187426 0.39380522451 0.43051454138 0.40987841029 0.40492315823 0.33833555829 0.36289365121 0.50977906156 0.51617939295 0.43319962562 0.42379248723 0.37365554532 0.46827031853 0.44461149458 0.52459686399 0.64286401120 0.35494189165 0.78159537325 0.59893479460 0.51681915617 0.59739014056 0.68226806936 0.70144840127 2.08967353113 -255.7806676662 0.00261032522   -2 
  62 0.00000450360 0.00107271864 -51.542421747 0.11304052365 0.00443408124 0.05635875000 0.50061522683 0.44986659959 0.35424905376 0.43543280085 0.38910593993 0.37820607617 0.49461511680 0.39547964740 0.38202510957 0.53391187280 0.48793314973 0.44725466042 0.50271612087 0.42745295318 0.39139402388 0.39381408378 0.43055813978 0.40984912761 0.40488625755 0.33836742388 0.36287439295 0.50984901497 0.51629447478 0.43320247494 0.42379718351 0.37375557462 0.46829299707 0.44460987130 0.52446462455 0.64294446757 0.35490637355 0.78194324970 0.59887578171 0.51688705164 0.59744770712 0.68229959984 0.70148464796 2.09019925997 -255.7805817985 0.00478953224   -2 
  63 0.00000450360 0.00107263566 -51.530272672 0.11305108458 0.00443412432 0.05635902277 0.50062504907 0.44989358250 0.35425378016 0.43540757916 0.38911811558 0.37819854405 0.49461520955 0.39547740834 0.38200987370 0.53393103769 0.48792570488 0.44722799857 0.50272019421 0.42747475330 0.39139795231 0.39381710033 0.43057293658 0.40984390632 0.40487787146 0.33837265899 0.36286989548 0.50986449748 0.51632112794 0.43320120993 0.42379712519 0.37377902557 0.46829650495 0.44460788163 0.52443748081 0.64296507716 0.35490127187 0.78202162784 0.59886266716 0.51690146308 0.59745906785 0.68229989838 0.70148811281 2.09032682669 -255.7805592605 0.00317014279   -2 
  64 0.00000450363 0.00107260745 -51.410227693 0.11310683289 0.00443453039 0.05636150358 0.50058836763 0.45003644873 0.35436458284 0.43535344252 0.38922334784 0.37824072177 0.49443860179 0.39546674262 0.38188846367 0.53406648341 0.48786548888 0.44694800073 0.50273804977 0.42764484473 0.39145658420 0.39386566191 0.43078123211 0.40984013457 0.40482339668 0.33837818931 0.36283963763 0.50997919596 0.51653464417 0.43316230081 0.42378137134 0.37397013605 0.46829794148 0.44456849581 0.52429990055 0.64317057898 0.35492256197 0.78259609964 0.59878031281 0.51699500614 0.59751843004 0.68218318494 0.70143443652 2.09145440629 -255.7803889622 0.00629609543   -2 
  65 0.00000450363 0.00107251245 -51.405565233 0.11310983232 0.00443454639 0.05636160263 0.50058201652 0.45002540207 0.35436636046 0.43536027036 0.38922369442 0.37824577122 0.49442862894 0.39546677976 0.38188634292 0.53406718140 0.48786437921 0.44693941703 0.50273761109 0.42764828277 0.39145925371 0.39386799998 0.43079052708 0.40984188187 0.40482263211 0.33837659415 0.36283911071 0.50998163492 0.51654006563 0.43315989601 0.42378023362 0.37397573534 0.46829673524 0.44456630716 0.52430008172 0.64317793031 0.35492621646 0.78260801486 0.59877924581 0.51699665008 0.59751861572 0.68217439095 0.70142916895 2.09148156626 -255.7803568910 0.00347707876   -2 
  66 0.00000450364 0.00107251785 -51.351831595 0.11311895738 0.00443472024 0.05636262632 0.50056938305 0.44968781076 0.35435790397 0.43561279182 0.38917853272 0.37836775777 0.49431715749 0.39549036887 0.38192749533 0.53401143304 0.48789379275 0.44691785182 0.50272851777 0.42763300701 0.39149881762 0.39390528452 0.43090577292 0.40989911231 0.40484646404 0.33833444484 0.36285074579 0.50997779214 0.51654852472 0.43312796633 0.42376613303 0.37400100698 0.46826973074 0.44453982456 0.52440677864 0.64324582615 0.35501397523 0.78254788021 0.59881534027 0.51698346958 0.59749108406 0.68202700359 0.70133369713 2.09148654335 -255.7801398068 0.00243765786   -2 
  67 0.00000450365 0.00107243385 -51.339456471 0.11312443575 0.00443476067 0.05636287215 0.50056233760 0.44968114611 0.35434887931 0.43564595612 0.38916340355 0.37839011765 0.49430016655 0.39549504574 0.38194169057 0.53399103501 0.48790216151 0.44692266659 0.50272421260 0.42762108284 0.39150694687 0.39391333616 0.43092936738 0.40991521574 0.40485508533 0.33832125007 0.36285506910 0.50997139690 0.51654173770 0.43311956591 0.42376212647 0.37400080396 0.46826113524 0.44453300156 0.52444368542 0.64325680313 0.35504021256 0.78250642189 0.59882890422 0.51697532942 0.59747991617 0.68198702227 0.70130669884 2.09143754616 -255.7801117201 0.00549637489   -2 
  68 0.00000450367 0.00107242033 -51.241647991 0.11316057760 0.00443507775 0.05636478421 0.50053987736 0.44972826715 0.35428154047 0.43587415857 0.38905036904 0.37855765177 0.49418883896 0.39553383543 0.38205851091 0.53383379476 0.48797220538 0.44697390652 0.50269305424 0.42752334044 0.39157035960 0.39397658064 0.43110928045 0.41004406263 0.40492665693 0.33821723891 0.36289153263 0.50991874772 0.51648241448 0.43305557934 0.42373207387 0.37399370923 0.46819420147 0.44448128313 0.52474323545 0.64333878749 0.35525001588 0.78216158788 0.59894135525 0.51690872244 0.59739085346 0.68167586970 0.70109641943 2.09102533504 -255.7799333200 0.00278595215   -2 
  69 0.00000450367 0.00107230691 -51.197171186 0.11318531283 0.00443522595 0.05636569285 0.50054622366 0.44980280696 0.35426603910 0.43588091546 0.38902089708 0.37859783581 0.49417272544 0.39554640587 0.38210349425 0.53378083115 0.48799871961 0.44700373890 0.50268183150 0.42747961593 0.39159473885 0.39400166002 0.43117698161 0.41009913337 0.40495961535 0.33817130349 0.36290910511 0.50989360792 0.51645108265 0.43302923887 0.42371980257 0.37398510054 0.46816514635 0.44445990173 0.52488104451 0.64336881004 0.35534759693 0.78199854054 0.59899491101 0.51687646004 0.59735021725 0.68154337503 0.70100654539 2.09084103555 -255.7798896463 0.00596415614   -2 
  70 0.00000450368 0.00107235026 -51.150046044 0.11321046621 0.00443538323 0.05636665448 0.50056345567 0.44988842158 0.35425654220 0.43586839801 0.38899828656 0.37863168000 0.49416661542 0.39555933678 0.38214864543 0.53373328762 0.48802603006 0.44703693108 0.50267239647 0.42743578707 0.39161961066 0.39402742171 0.43124442242 0.41015593078 0.40499444256 0.33812442344 0.36292802983 0.50986824778 0.51641857848 0.43300316374 0.42370794426 0.37397535645 0.46813595409 0.44443874013 0.52502501590 0.64339926078 0.35544999816 0.78183006084 0.59905181744 0.51684311293 0.59730879817 0.68140907069 0.70091568974 2.09065942775 -255.7798388427 0.00288446192   -2 
  71 0.00000450370 0.00107224354 -51.091929994 0.11325178060 0.00443558456 0.05636790412 0.50057952247 0.44995931675 0.35427330669 0.43575015808 0.38901115514 0.37862079385 0.49420759703 0.39556842069 0.38218542353 0.53371724782 0.48804986486 0.44708085128 0.50267026505 0.42739349163 0.39164334318 0.39405321010 0.43130344855 0.41021630137 0.40503545002 0.33807404901 0.36295210918 0.50984179623 0.51638048037 0.43297872344 0.42369781184 0.37395932440 0.46810637288 0.44441870697 0.52519238832 0.64342834295 0.35557386601 0.78164232498 0.59912199035 0.51680449243 0.59726399733 0.68127056866 0.70082275966 2.09050403803 -255.7797793024 0.00568458093   -2 
  72 0.00000450371 0.00107230612 -51.053545276 0.11327781108 0.00443571817 0.05636873074 0.50059277141 0.44999635262 0.35428971173 0.43566591811 0.38902719590 0.37860702071 0.49424255405 0.39557420385 0.38220651717 0.53371591887 0.48806464585 0.44711016139 0.50267175676 0.42736943581 0.39165807722 0.39406940122 0.43133800788 0.41025402755 0.40506202605 0.33804329539 0.36296817122 0.50982651976 0.51635727180 0.43296485177 0.42369256207 0.37394876150 0.46808900341 0.44440732566 0.52529902500 0.64344663867 0.35565385093 0.78152685450 0.59916790993 0.51678062048 0.59723695573 0.68118693317 0.70076712265 2.09042324988 -255.7797400219 0.00286111652   -2 
  73 0.00000450372 0.00107222964 -50.997512778 0.11332272088 0.00443592270 0.05637000878 0.50057201608 0.44995212903 0.35433085950 0.43552041072 0.38908514487 0.37854554883 0.49432684335 0.39557692206 0.38221396056 0.53376275359 0.48807547856 0.44715006423 0.50268726931 0.42735531148 0.39167206555 0.39408628077 0.43136038371 0.41029486638 0.40509645819 0.33801157753 0.36299176160 0.50981518992 0.51633298501 0.43295641056 0.42369209586 0.37393238783 0.46807476079 0.44440018673 0.52543204260 0.64346620354 0.35576221107 0.78140553900 0.59923167718 0.51675359793 0.59721041127 0.68110751862 0.70071682582 2.09042622816 -255.7796904584 0.00522359463   -2 
  74 0.00000450373 0.00107230167 -50.965656147 0.11334656881 0.00443603983 0.05637073732 0.50056211332 0.44991956043 0.35435550248 0.43544542122 0.38912170343 0.37850800631 0.49437751584 0.39557845264 0.38221523674 0.53379646598 0.48808078176 0.44717206407 0.50269869985 0.42735153313 0.39167914615 0.39409504759 0.43136899617 0.41031564092 0.40511520784 0.33799643423 0.36300516602 0.50981134380 0.51632180964 0.43295402754 0.42369337197 0.37392353134 0.46806909518 0.44439812156 0.52550250296 0.64347671229 0.35582129374 0.78134731797 0.59926700468 0.51674035019 0.59719835983 0.68107101116 0.70069461281 2.09045127589 -255.7796585339 0.00237483746   -2 
  75 0.00000450374 0.00107222536 -50.933031610 0.11337380718 0.00443617052 0.05637155462 0.50052910815 0.44983399649 0.35437150980 0.43542901679 0.38916867531 0.37845237850 0.49443115110 0.39557538125 0.38219360309 0.53386755770 0.48807567692 0.44718551279 0.50272282749 0.42737278410 0.39167855359 0.39409661551 0.43134882738 0.41031918573 0.40512747418 0.33799828468 0.36301792570 0.50982213668 0.51632534656 0.43296584550 0.42370344393 0.37391613886 0.46807755763 0.44440769278 0.52554076595 0.64348127621 0.35586712547 0.78135445848 0.59929612335 0.51673882352 0.59720384675 0.68108713341 0.70071077358 2.09061500437 -255.7796176973 0.00573673329   -2 
  76 0.00000450375 0.00107230604 -50.890352982 0.11340629925 0.00443634219 0.05637262224 0.50049708517 0.44972977283 0.35439097019 0.43542366359 0.38922998095 0.37838150494 0.49449977066 0.39557187168 0.38216300868 0.53396524274 0.48806863668 0.44720178128 0.50275694034 0.42740549909 0.39167698503 0.39409784254 0.43131833667 0.41032088036 0.40514233677 0.33800448136 0.36303446679 0.50983960420 0.51633363569 0.43298428847 0.42371854805 0.37390743930 0.46809175898 0.44442273567 0.52558357849 0.64348687407 0.35592319971 0.78137802259 0.59933266113 0.51673984039 0.59721511338 0.68111915672 0.70073998640 2.09085445462 -255.7795648342 0.00243116963   -2 
  77 0.00000450376 0.00107220824 -50.830633484 0.11345376785 0.00443659505 0.05637419731 0.50049080478 0.44966950746 0.35438950419 0.43548950453 0.38929037467 0.37829880288 0.49456230008 0.39556452925 0.38210661942 0.53410478768 0.48805191272 0.44721178482 0.50281040738 0.42747247941 0.39166805095 0.39409273941 0.43125202104 0.41030529552 0.40515461711 0.33803200755 0.36305546675 0.50987900702 0.51636215307 0.43302438445 0.42374855891 0.37389911958 0.46812675638 0.44445599247 0.52560313752 0.64349000007 0.35598193377 0.78148296298 0.59937367710 0.51675584993 0.59725094126 0.68122009205 0.70082182006 2.09128944385 -255.7795072680 0.00549582764   -2 
  78 0.00000450378 0.00107223525 -50.763269638 0.11350477107 0.00443688114 0.05637597408 0.50049708606 0.44962464918 0.35438637665 0.43557116460 0.38935361093 0.37821328771 0.49462750126 0.39555762438 0.38204446152 0.53425880737 0.48803440066 0.44722237256 0.50287123526 0.42755001064 0.39165815454 0.39408701883 0.43117665718 0.41028650957 0.40516782668 0.33806550847 0.36307902485 0.50992553433 0.51639690273 0.43307140075 0.42378365397 0.37389086423 0.46816828083 0.44449514667 0.52562039136 0.64349404396 0.35604511057 0.78161004595 0.59941881031 0.51677625387 0.59729424157 0.68134050188 0.70091910049 2.09178661547 -255.7794608727 0.00306822233   -2 
  79 0.00000450381 0.00107210451 -50.663283437 0.11357625151 0.00443733644 0.05637879249 0.50061646121 0.44999031480 0.35434057667 0.43573107306 0.38931080525 0.37825769546 0.49458351873 0.39556901065 0.38199308448 0.53435855968 0.48803376113 0.44722019558 0.50295113838 0.42768276109 0.39164689716 0.39407888241 0.43106455299 0.41023885643 0.40517410535 0.33815593276 0.36310981478 0.51002527163 0.51648978079 0.43316914966 0.42385542260 0.37389880928 0.46826342044 0.44458031373 0.52556029047 0.64350909717 0.35608418996 0.78193808740 0.59946338542 0.51684749997 0.59740763172 0.68162726870 0.70114551512 2.09251361151 -255.7792465315 0.00266181352   -2 
  80 0.00000450382 0.00107204023 -50.655578189 0.11358228835 0.00443737487 0.05637903171 0.50061169979 0.45000001345 0.35434143305 0.43573666609 0.38930294805 0.37827419560 0.49457591042 0.39557331253 0.38199595084 0.53435563390 0.48803833044 0.44722088481 0.50295652767 0.42769279926 0.39164791836 0.39407978421 0.43105965238 0.41023586501 0.40517471904 0.33816565153 0.36311239708 0.51003520403 0.51650014515 0.43317863766 0.42386261790 0.37390167853 0.46827329337 0.44458901653 0.52555143141 0.64351274187 0.35608343151 0.78197089143 0.59946620429 0.51685653193 0.59742026896 0.68165564834 0.70116814932 2.09255918411 -255.7792337736 0.00372302151   -2 
  81 0.00000450385 0.00107198388 -50.535834374 0.11365856083 0.00443798383 0.05638278424 0.50050769027 0.45003271890 0.35440033429 0.43578596924 0.38916735745 0.37862023594 0.49444819352 0.39566953463 0.38209459856 0.53424726506 0.48814825113 0.44724431040 0.50303873894 0.42784587910 0.39168122410 0.39410849579 0.43101867218 0.41020034469 0.40518855089 0.33833319253 0.36315519821 0.51020441476 0.51668272524 0.43333776854 0.42398521053 0.37396331432 0.46844259951 0.44473758284 0.52539266466 0.64359086193 0.35604648416 0.78252169331 0.59950836107 0.51702057922 0.59764153550 0.68213013685 0.70154887489 2.09319173035 -255.7790402712 0.00228704935   -2 
  82 0.00000450387 0.00107189101 -50.491315033 0.11369300727 0.00443822254 0.05638426803 0.50054815626 0.44997232721 0.35442470806 0.43577481734 0.38914391703 0.37872860295 0.49442679103 0.39570767243 0.38214634939 0.53419970274 0.48819684952 0.44725950197 0.50306371231 0.42789173401 0.39170145951 0.39412618878 0.43102445222 0.41019630416 0.40519702947 0.33839808565 0.36317228719 0.51026759604 0.51675358329 0.43339792183 0.42403313248 0.37399366837 0.46850866815 0.44479597978 0.52533300762 0.64362971402 0.35602333895 0.78272003543 0.59952485419 0.51708977099 0.59773042271 0.68230676247 0.70169258212 2.09335238707 -255.7790063190 0.00424961898   -2 
  83 0.00000450388 0.00107192699 -50.468556536 0.11371005846 0.00443834543 0.05638503061 0.50057938944 0.44993939136 0.35443765198 0.43576718063 0.38913829017 0.37877807096 0.49442221675 0.39572731195 0.38217448731 0.53417718838 0.48822260515 0.44726873281 0.50307601181 0.42791322005 0.39171315686 0.39413649881 0.43103107583 0.41019621150 0.40520220700 0.33843103036 0.36318130493 0.51029949345 0.51678969880 0.43342836471 0.42405770339 0.37401022240 0.46854241785 0.44482590718 0.52530384174 0.64365120101 0.35601059615 0.78281808558 0.59953378785 0.51712591082 0.59777618853 0.68239518762 0.70176498700 2.09342397535 -255.7789898431 0.00186684496   -2 
  84 0.00000450389 0.00107185107 -50.429588619 0.11374946814 0.00443857426 0.05638646993 0.50065729920 0.44987147740 0.35445281025 0.43573144549 0.38918329868 0.37879685686 0.49446840790 0.39575738076 0.38223372420 0.53415382220 0.48827015729 0.44729531062 0.50308966576 0.42793004569 0.39174430689 0.39416462779 0.43107473878 0.41021300135 0.40521790409 0.33848607665 0.36319898449 0.51034969666 0.51685005674 0.43347802410 0.42410076891 0.37404841796 0.46860060476 0.44487859904 0.52526390522 0.64370218325 0.35597912663 0.78295535063 0.59955302391 0.51719605432 0.59785878456 0.68253181923 0.70188121896 2.09343955307 -255.7789570693 0.00354431580   -2 
  85 0.00000450390 0.00107189552 -50.410558997 0.11376797001 0.00443868703 0.05638717788 0.50068925461 0.44984863829 0.35446005193 0.43571591911 0.38921147313 0.37879798365 0.49449758457 0.39577161040 0.38226301923 0.53414707745 0.48829349724 0.44730992210 0.50309620296 0.42793609698 0.39176087625 0.39417971100 0.43109992697 0.41022365954 0.40522671797 0.33851213675 0.36320801669 0.51037333854 0.51687882124 0.43350154448 0.42412163209 0.37406807107 0.46862854887 0.44490407430 0.52524716559 0.64372881219 0.35596332026 0.78301666372 0.59956334826 0.51723071796 0.59789886904 0.68259490343 0.70193564484 2.09343889795 -255.7789426902 0.00268665137   -2 
  86 0.00000450390 0.00107189552 -50.410558997 0.11376797001 0.00443868703 0.05638717788 0.50068925461 0.44984863829 0.35446005193 0.43571591911 0.38921147313 0.37879798365 0.49449758457 0.39577161040 0.38226301923 0.53414707745 0.48829349724 0.44730992210 0.50309620296 0.42793609698 0.39176087625 0.39417971100 0.43109992697 0.41022365954 0.40522671797 0.33851213675 0.36320801669 0.51037333854 0.51687882124 0.43350154448 0.42412163209 0.37406807107 0.46862854887 0.44490407430 0.52524716559 0.64372881219 0.35596332026 0.78301666372 0.59956334826 0.51723071796 0.59789886904 0.68259490343 0.70193564484 2.09343889795 -255.7789426902           NAN   -8 
  87 0.00000450390 0.00107184704 -50.410424379 0.11376953334 0.00443869072 0.05638720370 0.50067098461 0.44986040730 0.35445847610 0.43571767312 0.38921715932 0.37878816059 0.49450381945 0.39577056311 0.38226303434 0.53415192734 0.48829313498 0.44731150282 0.50309569384 0.42793340324 0.39176241029 0.39418124798 0.43110444262 0.41022645670 0.40522800940 0.33851152163 0.36320851808 0.51037243715 0.51687819508 0.43350095550 0.42412167686 0.37406950152 0.46862834701 0.44490412028 0.52524993462 0.64373099193 0.35596242980 0.78301061998 0.59956444656 0.51723171720 0.59789913351 0.68259155620 0.70193365366 2.09342824726 -255.7789289358 0.00312133145   -2 
  88 0.00000450390 0.00107189681 -50.407734290 0.11377634240 0.00443872573 0.05638743023 0.50054599241 0.44996812620 0.35445001218 0.43573827547 0.38926960210 0.37870688951 0.49456170109 0.39576410655 0.38226531963 0.53419739167 0.48829285052 0.44732739166 0.50309385328 0.42791179538 0.39177711388 0.39419591371 0.43114514032 0.41025203571 0.40524040931 0.33850694990 0.36321374119 0.51036616558 0.51687428209 0.43349687840 0.42412303332 0.37408270417 0.46862767429 0.44490546975 0.52527530546 0.64375173334 0.35595521784 0.78296044763 0.59957541136 0.51724145460 0.59790276078 0.68256401980 0.70191808217 2.09334651169 -255.7788719396 0.00146477596   -2 
  89 0.00000450391 0.00107186078 -50.402802562 0.11379021748 0.00443879023 0.05638785184 0.50056617819 0.45002879441 0.35443773793 0.43575935920 0.38933821913 0.37858909945 0.49464010852 0.39575326858 0.38226803373 0.53426415935 0.48829137680 0.44735205411 0.50309005782 0.42787564605 0.39180131000 0.39422023170 0.43121317096 0.41029513574 0.40526127270 0.33849877743 0.36322257544 0.51035508981 0.51686721666 0.43348954605 0.42412515937 0.37410573242 0.46862625194 0.44490761048 0.52531906609 0.64378697420 0.35594226855 0.78287454813 0.59959413441 0.51725834945 0.59790887222 0.68251606119 0.70189071125 2.09321486888 -255.7788413889 0.00256252952   -2 
  90 0.00000450391 0.00107188936 -50.400936753 0.11379411223 0.00443881280 0.05638799719 0.50058046603 0.45004268920 0.35443497089 0.43576617525 0.38935945397 0.37855321132 0.49466473744 0.39575026871 0.38226926749 0.53428579836 0.48829139853 0.44736041558 0.50308928676 0.42786414112 0.39180952861 0.39422850030 0.43123588337 0.41030964681 0.40526841771 0.33849619147 0.36322568895 0.51035171584 0.51686516333 0.43348729786 0.42412605559 0.37411360817 0.46862598526 0.44490851121 0.52533393373 0.64379904282 0.35593800737 0.78284654225 0.59960067040 0.51726422545 0.59791118014 0.68250036021 0.70188189041 2.09317453916 -255.7788348235 0.00130907911   -2 
  91 0.00000450391 0.00107187853 -50.396364781 0.11380233439 0.00443886791 0.05638834749 0.50063845001 0.45001862600 0.35443540846 0.43577467859 0.38938923036 0.37850013896 0.49470231438 0.39574662801 0.38227283592 0.53432458235 0.48829328089 0.44737781770 0.50308954084 0.42784228106 0.39182740733 0.39424662096 0.43128404380 0.41034114687 0.40528446209 0.33849109262 0.36323310134 0.51034574535 0.51686194224 0.43348318294 0.42412873810 0.37413166986 0.46862622409 0.44491122436 0.52536733633 0.64382630570 0.35592879601 0.78278919786 0.59961607565 0.51727808736 0.59791729826 0.68246741893 0.70186399114 2.09310615642 -255.7788288031 0.00097765065   -2 
  92 0.00000450391 0.00107184402 -50.392488152 0.11380478186 0.00443891055 0.05638861353 0.50063863222 0.44996392166 0.35444631856 0.43577250961 0.38938119211 0.37851315318 0.49469882695 0.39575049477 0.38227712693 0.53433315280 0.48829853443 0.44738681460 0.50309403389 0.42783656487 0.39183781335 0.39425739080 0.43130897340 0.41035896143 0.40529472799 0.33848953148 0.36323874125 0.51034553011 0.51686301857 0.43348273131 0.42413196986 0.37414376710 0.46862829209 0.44491449510 0.52538836567 0.64384398455 0.35592396288 0.78276488554 0.59962737229 0.51728821830 0.59792326290 0.68245198889 0.70185716147 2.09310732769 -255.7788219779 0.00274038167   -2 
  93 0.00000450392 0.00107188006 -50.388047253 0.11380620519 0.00443895703 0.05638890099 0.50063930234 0.44991039186 0.35445870062 0.43577066936 0.38937173076 0.37853016311 0.49469408010 0.39575531286 0.38228206342 0.53434152221 0.48830471283 0.44739642951 0.50309941120 0.42783137527 0.39184891927 0.39426889329 0.43133508632 0.41037780631 0.40530575427 0.33848811133 0.36324490574 0.51034578333 0.51686460052 0.43348256065 0.42413564422 0.37415675054 0.46863077787 0.44491821091 0.52541080703 0.64386296568 0.35591898326 0.78274040621 0.59963965593 0.51729921207 0.59792992658 0.68243628363 0.70185051122 2.09311314819 -255.7788126598 0.00079198041   -2 
  94 0.00000450392 0.00107185351 -50.377863047 0.11381057155 0.00443906637 0.05638958411 0.50060225211 0.44989407854 0.35447396703 0.43576124401 0.38933889548 0.37858693960 0.49466608468 0.39576638490 0.38229087479 0.53434104515 0.48831676123 0.44741071859 0.50311088698 0.42782736970 0.39186852440 0.39428965849 0.43137961879 0.41041190776 0.40532678754 0.33848625295 0.36325758861 0.51034840823 0.51686947991 0.43348348684 0.42414380567 0.37418336488 0.46863682183 0.44492656068 0.52545494974 0.64389974046 0.35590925280 0.78270153260 0.59966486248 0.51732223044 0.59794449439 0.68240877779 0.70184015475 2.09315444622 -255.7788031174 0.00171523323   -2 
  95 0.00000450393 0.00107187311 -50.373909588 0.11381196241 0.00443910806 0.05638984392 0.50059314635 0.44989398484 0.35447880878 0.43575827809 0.38932740252 0.37860774421 0.49465599729 0.39577051086 0.38229409777 0.53434037935 0.48832120829 0.44741575361 0.50311518959 0.42782633833 0.39187559877 0.39429717808 0.43139550898 0.41042422789 0.40533448272 0.33848567543 0.36326230666 0.51034957317 0.51687144609 0.43348396140 0.42414690252 0.37419322044 0.46863916446 0.44492973447 0.52547115341 0.64391322630 0.35590572082 0.78268804981 0.59967422170 0.51733080242 0.59794998805 0.68239902384 0.70183662205 2.09317131075 -255.7788001440 0.00092061250   -2 
  96 0.00000450393 0.00107187311 -50.373909588 0.11381196241 0.00443910806 0.05638984392 0.50059314635 0.44989398484 0.35447880878 0.43575827809 0.38932740252 0.37860774421 0.49465599729 0.39577051086 0.38229409777 0.53434037935 0.48832120829 0.44741575361 0.50311518959 0.42782633833 0.39187559877 0.39429717808 0.43139550898 0.41042422789 0.40533448272 0.33848567543 0.36326230666 0.51034957317 0.51687144609 0.43348396140 0.42414690252 0.37419322044 0.46863916446 0.44492973447 0.52547115341 0.64391322630 0.35590572082 0.78268804981 0.59967422170 0.51733080242 0.59794998805 0.68239902384 0.70183662205 2.09317131075 -255.7788001440           NAN   -8 
  97 0.00000450393 0.00107184309 -50.373059983 0.11381366652 0.00443911852 0.05638991323 0.50060816934 0.44991403526 0.35447392814 0.43575860489 0.38932853047 0.37860695456 0.49465534912 0.39577012455 0.38229355431 0.53433728766 0.48832065482 0.44741454386 0.50311502655 0.42782749829 0.39187523957 0.39429697318 0.43139448782 0.41042407833 0.40533468950 0.33848581006 0.36326273742 0.51035001851 0.51687186254 0.43348423651 0.42414731264 0.37419430524 0.46863956010 0.44493019549 0.52547226896 0.64391382212 0.35590536102 0.78268935184 0.59967509617 0.51733182438 0.59795070403 0.68239902384 0.70183691213 2.09317642905 -255.7787969040 0.00178177641   -2 
  98 0.00000450393 0.00107184309 -50.373059983 0.11381366652 0.00443911852 0.05638991323 0.50060816934 0.44991403526 0.35447392814 0.43575860489 0.38932853047 0.37860695456 0.49465534912 0.39577012455 0.38229355431 0.53433728766 0.48832065482 0.44741454386 0.50311502655 0.42782749829 0.39187523957 0.39429697318 0.43139448782 0.41042407833 0.40533468950 0.33848581006 0.36326273742 0.51035001851 0.51687186254 0.43348423651 0.42414731264 0.37419430524 0.46863956010 0.44493019549 0.52547226896 0.64391382212 0.35590536102 0.78268935184 0.59967509617 0.51733182438 0.59795070403 0.68239902384 0.70183691213 2.09317642905 -255.7787969040           NAN   -8 
  99 0.00000450393 0.00107186575 -50.372821849 0.11381353639 0.00443912055 0.05638992525 0.50061075986 0.44991715992 0.35447360519 0.43575908097 0.38932898826 0.37860706342 0.49465558585 0.39577025745 0.38229362980 0.53433707762 0.48832078133 0.44741451430 0.50311519500 0.42782782383 0.39187528504 0.39429703865 0.43139442859 0.41042414966 0.40533481374 0.33848589312 0.36326287633 0.51035021350 0.51687205047 0.43348436371 0.42414745682 0.37419454724 0.46863971055 0.44493034713 0.52547255608 0.64391405909 0.35590534130 0.78268975504 0.59967535216 0.51733208005 0.59795092898 0.68239915610 0.70183709108 2.09317801601 -255.7787947835 0.00063226829   -2 
 100 0.00000450393 0.00107186575 -50.372821849 0.11381353639 0.00443912055 0.05638992525 0.50061075986 0.44991715992 0.35447360519 0.43575908097 0.38932898826 0.37860706342 0.49465558585 0.39577025745 0.38229362980 0.53433707762 0.48832078133 0.44741451430 0.50311519500 0.42782782383 0.39187528504 0.39429703865 0.43139442859 0.41042414966 0.40533481374 0.33848589312 0.36326287633 0.51035021350 0.51687205047 0.43348436371 0.42414745682 0.37419454724 0.46863971055 0.44493034713 0.52547255608 0.64391405909 0.35590534130 0.78268975504 0.59967535216 0.51733208005 0.59795092898 0.68239915610 0.70183709108 2.09317801601 -255.7787947835           NAN   -8 
 101 0.00000450393 0.00107184380 -50.371902861 0.11381500991 0.00443913186 0.05638999641 0.50061811138 0.44993118302 0.35447016243 0.43575995396 0.38933039895 0.37860670348 0.49465552602 0.39577020774 0.38229337623 0.53433466560 0.48832061073 0.44741362998 0.50311535944 0.42782917634 0.39187510937 0.39429700538 0.43139361131 0.41042416709 0.40533517285 0.33848613202 0.36326342243 0.51035086081 0.51687266912 0.43348478003 0.42414800037 0.37419574381 0.46864025597 0.44493093921 0.52547384325 0.64391490141 0.35590504961 0.78269136577 0.59967641713 0.51733324929 0.59795183479 0.68239939309 0.70183767406 2.09318396807 -255.7787932798 0.00135103107   -2 
 102 0.00000450393 0.00107184380 -50.371902861 0.11381500991 0.00443913186 0.05638999641 0.50061811138 0.44993118302 0.35447016243 0.43575995396 0.38933039895 0.37860670348 0.49465552602 0.39577020774 0.38229337623 0.53433466560 0.48832061073 0.44741362998 0.50311535944 0.42782917634 0.39187510937 0.39429700538 0.43139361131 0.41042416709 0.40533517285 0.33848613202 0.36326342243 0.51035086081 0.51687266912 0.43348478003 0.42414800037 0.37419574381 0.46864025597 0.44493093921 0.52547384325 0.64391490141 0.35590504961 0.78269136577 0.59967641713 0.51733324929 0.59795183479 0.68239939309 0.70183767406 2.09318396807 -255.7787932798           NAN   -8 
 103 0.00000450393 0.00107186105 -50.371682071 0.11381493831 0.00443913382 0.05639000836 0.50061966258 0.44993327804 0.35446997004 0.43576038511 0.38933081102 0.37860681948 0.49465576246 0.39577034227 0.38229345668 0.53433450575 0.48832074208 0.44741361557 0.50311552708 0.42782948730 0.39187515856 0.39429707330 0.43139356298 0.41042424044 0.40533529601 0.33848621477 0.36326355883 0.51035105284 0.51687285423 0.43348490662 0.42414814243 0.37419597983 0.46864040487 0.44493108890 0.52547412273 0.64391513683 0.35590503320 0.78269175925 0.59967666982 0.51733349909 0.59795205657 0.68239952175 0.70183784934 2.09318549047 -255.7787920632 0.00047426835   -2 
 104 0.00000450393 0.00107186105 -50.371682071 0.11381493831 0.00443913382 0.05639000836 0.50061966258 0.44993327804 0.35446997004 0.43576038511 0.38933081102 0.37860681948 0.49465576246 0.39577034227 0.38229345668 0.53433450575 0.48832074208 0.44741361557 0.50311552708 0.42782948730 0.39187515856 0.39429707330 0.43139356298 0.41042424044 0.40533529601 0.33848621477 0.36326355883 0.51035105284 0.51687285423 0.43348490662 0.42414814243 0.37419597983 0.46864040487 0.44493108890 0.52547412273 0.64391513683 0.35590503320 0.78269175925 0.59967666982 0.51733349909 0.59795205657 0.68239952175 0.70183784934 2.09318549047 -255.7787920632           NAN   -8 
 105 0.00000450393 0.00107186105 -50.371682071 0.11381493831 0.00443913382 0.05639000836 0.50061966258 0.44993327804 0.35446997004 0.43576038511 0.38933081102 0.37860681948 0.49465576246 0.39577034227 0.38229345668 0.53433450575 0.48832074208 0.44741361557 0.50311552708 0.42782948730 0.39187515856 0.39429707330 0.43139356298 0.41042424044 0.40533529601 0.33848621477 0.36326355883 0.51035105284 0.51687285423 0.43348490662 0.42414814243 0.37419597983 0.46864040487 0.44493108890 0.52547412273 0.64391513683 0.35590503320 0.78269175925 0.59967666982 0.51733349909 0.59795205657 0.68239952175 0.70183784934 2.09318549047 -255.7787920632           NAN   -8 
 106 0.00000450393 0.00107186105 -50.371682071 0.11381493831 0.00443913382 0.05639000836 0.50061966258 0.44993327804 0.35446997004 0.43576038511 0.38933081102 0.37860681948 0.49465576246 0.39577034227 0.38229345668 0.53433450575 0.48832074208 0.44741361557 0.50311552708 0.42782948730 0.39187515856 0.39429707330 0.43139356298 0.41042424044 0.40533529601 0.33848621477 0.36326355883 0.51035105284 0.51687285423 0.43348490662 0.42414814243 0.37419597983 0.46864040487 0.44493108890 0.52547412273 0.64391513683 0.35590503320 0.78269175925 0.59967666982 0.51733349909 0.59795205657 0.68239952175 0.70183784934 2.09318549047 -255.7787920632 0.00047426835   -8 
-- Local optimization: reached maximum number of likelihood evaluations allowed.
-- Found new optimum with likelihood -255.778792063248147 and gradient 0.00047

---- Best joint likelihood found -255.778792063248147 with gradient 0.00047

---- Results for /scratch/40841842/tmpusrq51ma 
--  Model: C
--        eps_an     theta_bar             a 
-- 0.00000450393 0.00107186105            -1 
--           S_d             b           p_b           S_b 
-- -50.371682071 0.11381493831 0.00443913382 0.05639000836 
--           r 2           r 3           r 4           r 5           r 6           r 7           r 8           r 9          r 10          r 11          r 12          r 13          r 14          r 15          r 16          r 17          r 18          r 19          r 20          r 21          r 22          r 23          r 24          r 25          r 26          r 27          r 28          r 29          r 30          r 31          r 32          r 33          r 34          r 35          r 36          r 37          r 38          r 39 
-- 0.50061966258 0.44993327804 0.35446997004 0.43576038511 0.38933081102 0.37860681948 0.49465576246 0.39577034227 0.38229345668 0.53433450575 0.48832074208 0.44741361557 0.50311552708 0.42782948730 0.39187515856 0.39429707330 0.43139356298 0.41042424044 0.40533529601 0.33848621477 0.36326355883 0.51035105284 0.51687285423 0.43348490662 0.42414814243 0.37419597983 0.46864040487 0.44493108890 0.52547412273 0.64391513683 0.35590503320 0.78269175925 0.59967666982 0.51733349909 0.59795205657 0.68239952175 0.70183784934 2.09318549047 

---- Expected P_neut(i), 0 < i < n (neutral SFS per site) 
E[P_neut(1)] = 0.0010718565
E[P_neut(2)] = 0.0002682962
E[P_neut(3)] = 0.0001607547
E[P_neut(4)] = 0.0000949853
E[P_neut(5)] = 0.0000934146
E[P_neut(6)] = 0.0000695512
E[P_neut(7)] = 0.0000579733
E[P_neut(8)] = 0.0000662750
E[P_neut(9)] = 0.0000471344
E[P_neut(10)] = 0.0000409764
E[P_neut(11)] = 0.0000520664
E[P_neut(12)] = 0.0000436175
E[P_neut(13)] = 0.0000368895
E[P_neut(14)] = 0.0000385192
E[P_neut(15)] = 0.0000305715
E[P_neut(16)] = 0.0000262522
E[P_neut(17)] = 0.0000248607
E[P_neut(18)] = 0.0000256885
E[P_neut(19)] = 0.0000231535
E[P_neut(20)] = 0.0000217232
E[P_neut(21)] = 0.0000172767
E[P_neut(22)] = 0.0000176986
E[P_neut(23)] = 0.0000237837
E[P_neut(24)] = 0.0000230840
E[P_neut(25)] = 0.0000185855
E[P_neut(26)] = 0.0000174858
E[P_neut(27)] = 0.0000148551
E[P_neut(28)] = 0.0000179400
E[P_neut(29)] = 0.0000164451
E[P_neut(30)] = 0.0000187746
E[P_neut(31)] = 0.0000222642
E[P_neut(32)] = 0.0000119215
E[P_neut(33)] = 0.0000254225
E[P_neut(34)] = 0.0000189052
E[P_neut(35)] = 0.0000158435
E[P_neut(36)] = 0.0000178037
E[P_neut(37)] = 0.0000197692
E[P_neut(38)] = 0.0000197978
E[P_neut(39)] = 0.0000575329

---- Expected P_sel(i), 0 < i < n (selected SFS per site) 
E[P_sel(1)] = 0.0008563494
E[P_sel(2)] = 0.0001961398
E[P_sel(3)] = 0.0001118604
E[P_sel(4)] = 0.0000639405
E[P_sel(5)] = 0.0000613509
E[P_sel(6)] = 0.0000447944
E[P_sel(7)] = 0.0000367401
E[P_sel(8)] = 0.0000414295
E[P_sel(9)] = 0.0000291157
E[P_sel(10)] = 0.0000250472
E[P_sel(11)] = 0.0000315282
E[P_sel(12)] = 0.0000261884
E[P_sel(13)] = 0.0000219776
E[P_sel(14)] = 0.0000227853
E[P_sel(15)] = 0.0000179650
E[P_sel(16)] = 0.0000153323
E[P_sel(17)] = 0.0000144364
E[P_sel(18)] = 0.0000148368
E[P_sel(19)] = 0.0000133049
E[P_sel(20)] = 0.0000124229
E[P_sel(21)] = 0.0000098351
E[P_sel(22)] = 0.0000100317
E[P_sel(23)] = 0.0000134251
E[P_sel(24)] = 0.0000129787
E[P_sel(25)] = 0.0000104100
E[P_sel(26)] = 0.0000097585
E[P_sel(27)] = 0.0000082615
E[P_sel(28)] = 0.0000099436
E[P_sel(29)] = 0.0000090856
E[P_sel(30)] = 0.0000103401
E[P_sel(31)] = 0.0000122250
E[P_sel(32)] = 0.0000065269
E[P_sel(33)] = 0.0000138790
E[P_sel(34)] = 0.0000102927
E[P_sel(35)] = 0.0000086028
E[P_sel(36)] = 0.0000096422
E[P_sel(37)] = 0.0000106798
E[P_sel(38)] = 0.0000106691
E[P_sel(39)] = 0.0000309314

---- alpha_dfe = 0.008534

