---- Running command
---- ./polyDFE -d /scratch/40840281/tmpt1f4uoxl -m C -i /scratch/40840281/tmpjur_aq8m 1 -v 1 
---- Performing inference using model C

---- Performing inference on /scratch/40840281/tmpt1f4uoxl
----      with -i /scratch/40840281/tmpjur_aq8m 1
---- Data /scratch/40840281/tmpt1f4uoxl does not contain divergence counts. Using option -w.
---- No mutation variability. Using Poisson likelihood.


---- Using provided initial values

-- Starting local optimization
-- Optimizing all parameters
  it        eps_an     theta_bar           S_d             b           p_b           S_b           r 2           r 3           r 4           r 5           r 6           r 7           r 8           r 9           ln lk          grad status 
   0 0.00000449946   0.000731729 -15.495060000     0.1773756  0.0009289272   0.007920217      0.756295     0.8118638     0.8203224     0.7703739     0.7596918     0.7652355     0.8437457      1.011566 -74.07434510664 0.38425813476   -2 
   1 0.00000449946 0.00073759336 -15.050557044 0.17029635136 0.00092901100 0.00792021970 0.74098192021 0.83400661888 0.79049623875 0.79696583224 0.71440931902 0.84138385577 0.86949534759 0.99861281901 -71.09526292559 0.81563396385   -2 
   2 0.00000449946 0.00072277405 -14.912396187 0.16828669735 0.00092903593 0.00792022046 0.73498435950 0.83895996327 0.77936445899 0.80556277020 0.69752877821 0.87077417684 0.87862999723 0.99282255077 -70.11790082320 0.16224975774   -2 
   3 0.00000449946 0.00071815398 -14.734221845 0.16686936835 0.00092905638 0.00792022031 0.75426184621 0.82538708445 0.78432870209 0.80375866979 0.68886750387 0.88582103128 0.88365853514 0.98724598234 -69.78081523906 0.07478289909   -2 
   4 0.00000449946 0.00071946031 -14.709330976 0.16672964203 0.00092905868 0.00792022024 0.75431809658 0.82531634832 0.78552156386 0.80340462135 0.68876754852 0.88633115187 0.88400636394 0.98696496483 -69.76938454702 0.06852234782   -2 
   5 0.00000449946 0.00071753136 -14.499723125 0.16603168087 0.00092907346 0.00792021935 0.74967324392 0.82496518801 0.79595695592 0.79906425269 0.68843776255 0.88862735250 0.88625464340 0.98410137403 -69.71076643701 0.03219440476   -2 
   6 0.00000449946 0.00071623352 -14.381074968 0.16583677161 0.00092907994 0.00792021873 0.74887839448 0.82514709561 0.79898570492 0.79731060897 0.68847048762 0.88903931971 0.88704582218 0.98277140617 -69.70457308225 0.05203658356   -2 
   7 0.00000449947 0.00071681024 -14.249841738 0.16571833794 0.00092908621 0.00792021797 0.74961487930 0.82570108837 0.80020316519 0.79617065813 0.68868697957 0.88903781638 0.88763502885 0.98169438455 -69.69344515434 0.07345660952   -2 
   8 0.00000449947 0.00071203171 -13.643538823 0.16576021165 0.00092911013 0.00792021394 0.75384819815 0.82757611053 0.80132447507 0.79176345242 0.68963071941 0.88779358076 0.88949676584 0.97686641066 -69.64553353859 0.05814914544   -2 
   9 0.00000449947 0.00071198202 -13.203440808 0.16633005433 0.00092912303 0.00792021063 0.75564109614 0.82849278628 0.79874289128 0.79137866012 0.69047380797 0.88673675968 0.89023735417 0.97497510725 -69.61912289948 0.11083857556   -2 
  10 0.00000449948 0.00070773451 -12.528240072 0.16778534657 0.00092913854 0.00792020495 0.75640022106 0.82890635370 0.79313404552 0.79182163657 0.69162951702 0.88483925153 0.89086526562 0.97263905042 -69.57397379279 0.07885753741   -2 
  11 0.00000449949 0.00070789836 -11.735336032 0.17055376818 0.00092914914 0.00792019733 0.75370746464 0.82816735064 0.78643751452 0.79521887888 0.69285346054 0.88324151245 0.89093740938 0.97237452847 -69.52465270777 0.10950651646   -2 
  12 0.00000449949 0.00070530666 -11.309642207 0.17275021861 0.00092914946 0.00792019259 0.75070773557 0.82676457832 0.78325558821 0.79750810264 0.69320088695 0.88251292492 0.89053881387 0.97301346139 -69.49138677760 0.09421154536   -2 
  13 0.00000449951 0.00070661192 -10.407250327 0.17906993465 0.00092913886 0.00792018111 0.74385900622 0.82289060268 0.78001137833 0.80356424273 0.69341694297 0.88224574643 0.88914965650 0.97715825905 -69.42183819342 0.10328598639   -2 
  14 0.00000449952 0.00070323099 -9.7436570423 0.18585429193 0.00092911651 0.00792017097 0.74025672043 0.81937964931 0.78070391864 0.80707547493 0.69280632138 0.88288069688 0.88764789811 0.98189489679 -69.36405214979 0.18102816302   -2 
  15 0.00000449953 0.00070673244 -8.9846436392 0.19525369353 0.00092908341 0.00792015807 0.73982255082 0.81693496969 0.78462081008 0.81057205588 0.69210923027 0.88494383913 0.88640312429 0.98898612151 -69.24175710062 0.17504435733   -2 
  16 0.00000449957 0.00069968318 -7.2955264892 0.22497464692 0.00092897469 0.00792012311 0.74272097680 0.81323273740 0.79794521912 0.81581900103 0.69015798182 0.89198411589 0.88441793802 1.00849720744 -69.01514650096 0.12370186209   -2 
  17 0.00000449958 0.00070241528 -7.1956032377 0.22827484900 0.00092895903 0.00792012014 0.74581910341 0.81908254905 0.79960661266 0.81503749077 0.69215489118 0.89515674887 0.88804584771 1.01062198877 -68.93399103316 0.22046219002   -2 
  18 0.00000449960 0.00069531192 -6.8564285613 0.24361754702 0.00092888106 0.00792010798 0.75722976012 0.84580210454 0.80543554163 0.81014841661 0.70200661286 0.90991355978 0.90620360029 1.01904643404 -68.60612787127 0.09346098114   -2 
  19 0.00000449961 0.00069254347 -6.7177078077 0.25133454498 0.00092884215 0.00792010235 0.76082306625 0.85532260621 0.80903623282 0.80996822552 0.70786548897 0.91809601146 0.91649757415 1.02409946749 -68.56831307794 0.13544206331   -2 
  20 0.00000449962 0.00069564357 -6.6066022211 0.25851971278 0.00092880609 0.00792009748 0.76174976693 0.85798578760 0.81394835568 0.81388530888 0.71485871674 0.92716921790 0.92798546864 1.03072566268 -68.47524841324 0.21978263494   -2 
  21 0.00000449965 0.00069127149 -6.3054274792 0.28277444875 0.00092868746 0.00792008248 0.75988576523 0.85771414972 0.82899648826 0.82922478080 0.73722634937 0.95559917537 0.96457326648 1.05259832113 -68.20809854047 0.06557709945   -2 
  22 0.00000449965 0.00069335331 -6.2779529585 0.28509278287 0.00092867719 0.00792008123 0.76233785065 0.85165110236 0.82869330143 0.83610005584 0.73748863232 0.95531354491 0.96426423825 1.05751636264 -68.16347051118 0.12096295527   -2 
  23 0.00000449966 0.00069179226 -6.2633641043 0.28671971220 0.00092866957 0.00792008043 0.76336618521 0.84742950597 0.82808182807 0.84070584471 0.73728472803 0.95459991584 0.96343272935 1.06081599119 -68.13632167317 0.03020422105   -2 
  24 0.00000449966 0.00069239942 -6.2366756486 0.28820511388 0.00092866501 0.00792008078 0.76071101825 0.84976356708 0.82636376896 0.84576754197 0.73466567230 0.95063293834 0.95799063761 1.06609915895 -68.11705099322 0.01776898423   -2 
  25 0.00000449966 0.00069197549 -6.2334112028 0.28833217240 0.00092866482 0.00792008083 0.76077128171 0.84993646175 0.82629297716 0.84556170736 0.73439865310 0.95029522796 0.95746200290 1.06634557889 -68.11609891104 0.02238149195   -2 
  26 0.00000449967 0.00069207436 -6.2081904896 0.28892347646 0.00092866550 0.00792008108 0.76206235693 0.85116378468 0.82630085545 0.84345808871 0.73293770888 0.94856477016 0.95448979656 1.06754574196 -68.11156217889 0.01079597207   -2 
  27 0.00000449967 0.00069172927 -6.1937664026 0.28906756555 0.00092866724 0.00792008157 0.76107785088 0.85010999397 0.82659650176 0.84248110384 0.73299727723 0.94883236187 0.95446858567 1.06717422257 -68.10981244929 0.02802401781   -2 
  28 0.00000449968 0.00069218022 -6.1767064868 0.28919295912 0.00092866952 0.00792008216 0.76019770020 0.84907380842 0.82692838765 0.84150313980 0.73310666138 0.94917986872 0.95452425940 1.06675479471 -68.10796387694 0.00840673467   -2 
  29 0.00000449968 0.00069233565 -6.1651440131 0.28930691391 0.00092867094 0.00792008255 0.75994699699 0.84859822808 0.82692999923 0.84099654099 0.73314855634 0.94934087233 0.95457432607 1.06639117538 -68.10765583830 0.01498610547   -2 
  30 0.00000449968 0.00069194196 -6.1400025328 0.28962905592 0.00092867370 0.00792008341 0.75969651022 0.84778977134 0.82663328486 0.84003997146 0.73316863156 0.94955938699 0.95465359583 1.06548730219 -68.10668678569 0.01492688815   -2 
  31 0.00000449969 0.00069198230 -6.1022962809 0.29014579973 0.00092867775 0.00792008469 0.75989849831 0.84726214268 0.82596901487 0.83906655791 0.73313339078 0.94971895692 0.95475367324 1.06419453438 -68.10547070203 0.01574875484   -2 
  32 0.00000449970 0.00069143033 -6.0756840533 0.29062518839 0.00092868013 0.00792008558 0.76012211014 0.84730979884 0.82533876398 0.83871730675 0.73300993487 0.94963158456 0.95474538080 1.06333383607 -68.10450323187 0.01750603954   -2 
  33 0.00000449971 0.00069139288 -6.0376541857 0.29137538197 0.00092868332 0.00792008686 0.76056251297 0.84795273473 0.82451793634 0.83875291733 0.73279269837 0.94936523017 0.95470803316 1.06236503560 -68.10314099593 0.01459925639   -2 
  34 0.00000449972 0.00069082153 -6.0102208923 0.29210490680 0.00092868488 0.00792008784 0.76058385137 0.84865963824 0.82407834725 0.83926126817 0.73257361199 0.94900372241 0.95462040073 1.06197048385 -68.10213639893 0.01802417073   -2 
  35 0.00000449973 0.00069084863 -5.9747168688 0.29314833757 0.00092868655 0.00792008915 0.76050509718 0.84968348414 0.82386039466 0.84033341378 0.73233070319 0.94853203185 0.95454470101 1.06187179205 -68.10082644277 0.01546521342   -2 
  36 0.00000449975 0.00069029105 -5.9420074310 0.29440119887   0.000928687 0.00792009059 0.76011071370 0.85025461029 0.82410890749 0.84165251393 0.73216298544 0.94812006180 0.95451913081 1.06234340542 -68.09939630629 0.01977140008   -2 
  37 0.00000449977 0.00069006880 -5.8901888792 0.29649541264 0.00092868740 0.00792009296 0.75959317022 0.85092626426 0.82480565360 0.84381618449 0.73201029015 0.94761933542 0.95458854491 1.06344953118 -68.09797378282 0.01822092854   -2 
  38 0.00000449977 0.00069062493 -5.8851839667 0.29696488312 0.00092868646 0.00792009324 0.75997875356 0.85022394449 0.82532055227 0.84373522529 0.73229959713 0.94804774902 0.95489696124 1.06424739557 -68.09606402575 0.03380658413   -2 
  39 0.00000449979 0.00069026599 -5.8747286367 0.29859847429 0.00092868198 0.00792009406 0.76095444601 0.84754033843 0.82689535907 0.84308441329 0.73329583131 0.94956524824 0.95593588448 1.06695229457 -68.09056955291 0.01298008165   -2 
  40 0.00000449979 0.00069041092 -5.8781806131 0.29887285626 0.00092868056 0.00792009422 0.75990493786 0.84974635917 0.82654185568 0.84297412631 0.73369713100 0.95021127854 0.95646201724 1.06752573462 -68.08819407994 0.00927228748   -2 
  41 0.00000449979 0.00069019627 -5.8792456249 0.29898284907 0.00092868001 0.00792009428 0.75993183218 0.84990303340 0.82650942275 0.84295741867 0.73379892931 0.95037198695 0.95659943191 1.06769411770 -68.08794139310 0.01174267046   -2 
  42 0.00000449980 0.00069026879 -5.8885233082 0.30022853009 0.00092867450 0.00792009498 0.76137015265 0.85109628479 0.82657204659 0.84303589958 0.73511628727 0.95240748815 0.95837183885 1.06987438253 -68.08556982560 0.00734985250   -2 
  43 0.00000449980 0.00069026946 -5.8911265077 0.30062416805 0.00092867284 0.00792009522 0.76172027731 0.85136040565 0.82668370075 0.84313409953 0.73552598401 0.95302907298 0.95893107619 1.07056161307 -68.08542852766 0.00864534621   -2 
  44 0.00000449981 0.00069010025 -5.8917602002 0.30120877931 0.00092867120 0.00792009576 0.76125260496 0.85086890111 0.82763257508 0.84392716214 0.73605472608 0.95372541334 0.95972749044 1.07153013013 -68.08445005037 0.01615770765   -2 
  45 0.00000449981 0.00069035855 -5.8912166472 0.30147644961 0.00092867065 0.00792009606 0.76107793146 0.85066230254 0.82813337612 0.84436142259 0.73630457366 0.95404333913 0.96011041402 1.07199296441 -68.08402060397 0.00381957707   -2 
  46 0.00000449982 0.00069004992 -5.8721919747 0.30225140473 0.00092867271 0.00792009595 0.76198838984 0.85103951097 0.82874429685 0.84577980805 0.73606822921 0.95332663302 0.96020607880 1.07208228091 -68.08317196563 0.00591661812   -2 
  47 0.00000449983 0.00068982383 -5.8662378651 0.30247406746 0.00092867345 0.00792009612 0.76168630499 0.85114235415 0.82873153974 0.84582054466 0.73609001295 0.95333996076 0.96026685044 1.07214693337 -68.08289273738 0.01351301381   -2 
  48 0.00000449985 0.00068996505 -5.8405533424 0.30333786396 0.00092867696 0.00792009693 0.76049156930 0.85162149371 0.82866370670 0.84584974950 0.73626658301 0.95356941464 0.96057806873 1.07248171782 -68.08182436971 0.00810731863   -2 
  49 0.00000449989 0.00069003831 -5.7750180912 0.30575889892 0.00092868567 0.00792009907 0.76102384750 0.85066301777 0.82783783980 0.84456463150 0.73679407789 0.95465258666 0.96122478945 1.07324850354 -68.07938290852 0.02766143423   -2 
  50 0.00000449992 0.00068947531 -5.7451592313 0.30694339648 0.00092868951 0.00792010010 0.76119914672 0.85017134100 0.82745747110 0.84397370358 0.73701038423 0.95512080590 0.96149456028 1.07357777519 -68.07815012572 0.00678258578   -2 
  51 0.00000449999 0.00068874130 -5.6586530349 0.31099160889 0.00092870044 0.00792010430 0.76031560044 0.85172662560 0.82958712252 0.84574670908 0.73721136450 0.95571901674 0.96207887450 1.07456134818 -68.07550796407 0.01149928646   -2 
  52 0.00000449999 0.00068893637 -5.6579224033 0.31104199710 0.00092870057 0.00792010439 0.76049581536 0.85167814035 0.82956347352 0.84580757078 0.73724659393 0.95575474897 0.96213527602 1.07462337096 -68.07526228345 0.00924335349   -2 
  53 0.00000450000 0.00068879624 -5.6575675388 0.31131153238 0.00092870048 0.00792010495 0.76143974526 0.85115308940 0.82921931511 0.84605853007 0.73742932807 0.95591069607 0.96243864646 1.07495264825 -68.07459455749 0.00358379768   -2 
  54 0.00000450000 0.00068877359 -5.6586698485 0.31140954993 0.00092870045 0.00792010514 0.76100481233 0.85135907890 0.82923759715 0.84619601316 0.73758763222 0.95607569827 0.96267854180 1.07521305189 -68.07442993999 0.00552568018   -2 
  55 0.00000450000 0.00068888028 -5.6589912068 0.31145152858 0.00092870048 0.00792010520 0.76092616228 0.85142842358 0.82924954752 0.84625823824 0.73765725760 0.95614945401 0.96278452932 1.07532835753 -68.07437468228 0.00359467294   -2 
  56 0.00000450002 0.00068886588 -5.6644062280 0.31217235025 0.00092870044 0.00792010731 0.76122602292 0.85163785184 0.82924963785 0.84691760366 0.73847565850 0.95700767545 0.96409001161 1.07676611053 -68.07391755204 0.00305003510   -2 
  57 0.00000450002 0.00068892070 -5.6644059732 0.31222241875 0.00092870058 0.00792010748 0.76131288145 0.85166340296 0.82931103581 0.84694929414 0.73851227226 0.95705827342 0.96415073216 1.07683869904 -68.07389212085 0.00344156428   -2 
  58 0.00000450002 0.00068882103 -5.6640087932 0.31242618005 0.00092870131 0.00792010818 0.76166910250 0.85174057679 0.82963030671 0.84701471227 0.73858971787 0.95720590935 0.96429251706 1.07702964530 -68.07380400076 0.00175727322   -2 
  59 0.00000450003 0.00068878639 -5.6634049542 0.31253484440 0.00092870188 0.00792010861 0.76179983522 0.85180598024 0.82982096303 0.84705223087 0.73862189159 0.95728470522 0.96434970240 1.07711555901 -68.07379133276 0.00220303207   -2 
  60 0.00000450003 0.00068883556 -5.6612041719 0.31268067032 0.00092870330 0.00792010951 0.76171364578 0.85197209137 0.83008769661 0.84713079001 0.73865142422 0.95740296918 0.96438610345 1.07719408986 -68.07373964805 0.00485573822   -2 
  61 0.00000450004 0.00068873879 -5.6592927081 0.31280835557 0.00092870454 0.00792011033 0.76159888446 0.85208428999 0.83027053857 0.84718940109 0.73866905281 0.95749168103 0.96440456930 1.07724626265 -68.07368791487 0.00206011537   -2 
  62 0.00000450006 0.00068874224 -5.6476004675 0.31336525441 0.00092871150 0.00792011423 0.76129325911 0.85228871439 0.83052615157 0.84746711239 0.73876281936 0.95785191310 0.96448130663 1.07743689232 -68.07357078589 0.00552004157   -2 
  63 0.00000450008 0.00068856247 -5.6394021672 0.31376782505 0.00092871640 0.00792011700 0.76118406494 0.85232873209 0.83059206333 0.84762252762 0.73882247164 0.95806654605 0.96453406737 1.07755888029 -68.07346994268 0.00676216103   -2 
  64 0.00000450027 0.00068811150 -5.5588725250 0.31762971378 0.00092876458 0.00792014374 0.76130355448 0.85234002420 0.83072457431 0.84895299732 0.73945809805 0.95996703782 0.96518565537 1.07879947712 -68.07259919641 0.00574041538   -2 
  65 0.00000450025 0.00068808197 -5.5685052894 0.31718241127 0.00092875891 0.00792014062 0.76135860746 0.85231199694 0.83067668539 0.84871017453 0.73938911914 0.95966744276 0.96515211383 1.07867151912 -68.07253356675 0.00522789663   -2 
  66 0.00000450022 0.00068824210 -5.5800741451 0.31664821905 0.00092875227 0.00792013703 0.76159283155 0.85226749652 0.83058240505 0.84828680216 0.73933163212 0.95918754334 0.96520918266 1.07857035645 -68.07241554795 0.00309572425   -2 
  67 0.00000450022 0.00068820730 -5.5823247105 0.31655554727 0.00092875107 0.00792013640 0.76164298954 0.85224078146 0.83053980120 0.84816454112 0.73932556390 0.95905346158 0.96524877207 1.07856400180 -68.07239467598 0.00207024960   -2 
  68 0.00000450021 0.00068826587 -5.5843443546 0.31647183808 0.00092875015 0.00792013586 0.76170980231 0.85220768869 0.83046911540 0.84798806998 0.73933784636 0.95885512707 0.96535155454 1.07859376316 -68.07237364371 0.00159556127   -2 
  69 0.00000450021 0.00068825102 -5.5850455853 0.31644793890 0.00092874994 0.00792013574 0.76170957584 0.85218728951 0.83042958287 0.84790635942 0.73934618032 0.95875729564 0.96541018803 1.07861526357 -68.07236691235 0.00123643913   -2 
  70 0.00000450021 0.00068828998 -5.5854657700 0.31643188308 0.00092875002 0.00792013564 0.76167997336 0.85217127665 0.83038678351 0.84782469499 0.73936174378 0.95864476431 0.96549282401 1.07865167409 -68.07235985014 0.00101549438   -2 
  71 0.00000450021 0.00068828989 -5.5856556158 0.31642697313 0.00092875019 0.00792013566 0.76164440885 0.85215756391 0.83035714226 0.84777511347 0.73937101908 0.95856906203 0.96554855512 1.07867692495 -68.07235719557 0.00053787264   -2 
  72 0.00000450022 0.00068831729 -5.5850014198 0.31645022780 0.00092875129 0.00792013607 0.76156570558 0.85214317337 0.83034224859 0.84778400371 0.73937256801 0.95850876112 0.96560938436 1.07870183181 -68.07235216607 0.00127487337   -2 
  73 0.00000450022 0.00068829700 -5.5847560904 0.31646176441 0.00092875173 0.00792013623 0.76154351576 0.85213421876 0.83033537917 0.84778672509 0.73937080020 0.95848898388 0.96562576406 1.07870768119 -68.07234933543 0.00071835983   -2 
  74 0.00000450026 0.00068827326 -5.5776839273 0.31675086433 0.00092876302 0.00792013907 0.76163102772 0.85199307785 0.83025284366 0.84789019555 0.73930596591 0.95825025800 0.96581246184 1.07876978336 -68.07231094735 0.00135294788   -2 
  75 0.00000450027 0.00068822955 -5.5744425707 0.31688818777 0.00092876830 0.00792014038 0.76164203684 0.85195857972 0.83022950408 0.84792458192 0.73928318119 0.95817519794 0.96587973672 1.07879628234 -68.07230421867 0.00181386159   -2 
  76 0.00000450032 0.00068823098 -5.5657766275 0.31725176075 0.00092878248 0.00792014388 0.76160820261 0.85198388479 0.83023123370 0.84798572431 0.73925777978 0.95810119780 0.96601212242 1.07887271056 -68.07227757098 0.00307709187   -2 
  77 0.00000450036 0.00068813224 -5.5582525908 0.31758255416 0.00092879512 0.00792014705 0.76154106675 0.85202400074 0.83024607485 0.84801805963 0.73924817798 0.95808484403 0.96610495071 1.07893910646 -68.07224508607 0.00198258560   -2 
  78 0.00000450043 0.00068806951 -5.5471452706 0.31807789587 0.00092881405 0.00792015184 0.76144385373 0.85212125293 0.83030803716 0.84804528496 0.73927260283 0.95816789334 0.96621183409 1.07905380769 -68.07222310449 0.00183939149   -2 
  79 0.00000450043 0.00068812182 -5.5471461117 0.31810001968 0.00092881471 0.00792015207 0.76149232437 0.85212132215 0.83034788370 0.84802311871 0.73933206474 0.95831715562 0.96617578777 1.07908445395 -68.07220072499 0.00372035488   -2 
  80 0.00000450044 0.00068805573 -5.5476754283 0.31821701357 0.00092881755 0.00792015332 0.76166671734 0.85209275518 0.83051500432 0.84790340932 0.73960947813 0.95902298978 0.96599006176 1.07922318314 -68.07212084831 0.00131329319   -2 
  81 0.00000450044 0.00068805429 -5.5476301181 0.31820050695 0.00092881714 0.00792015315 0.76162445615 0.85210675921 0.83048678743 0.84793105440 0.73956581811 0.95890659683 0.96602509556 1.07920536344 -68.07211776245 0.00091554992   -2 
  82 0.00000450044 0.00068802876 -5.5481434003 0.31825443997 0.00092881852 0.00792015368 0.76155802838 0.85220698833 0.83053244141 0.84799339181 0.73966508529 0.95909427143 0.96603098579 1.07930689360 -68.07210300417 0.00187328103   -2 
  83 0.00000450045 0.00068805616 -5.5483480921 0.31827866712 0.00092881921 0.00792015398 0.76154027186 0.85225622934 0.83055494135 0.84802980284 0.73971022126 0.95917389071 0.96604199459 1.07935819896 -68.07209727087 0.00071498417   -2 
  84 0.00000450045 0.00068803623 -5.5488811713 0.31834601609 0.00092882117 0.00792015439 0.76167823529 0.85226258896 0.83056525528 0.84815666760 0.73974632463 0.95915366295 0.96616092008 1.07946951631 -68.07208456033 0.00073623104   -2 
  85 0.00000450045 0.00068805055 -5.5488866316 0.31835035897 0.00092882138 0.00792015445 0.76167689910 0.85226782069 0.83057070880 0.84816506185 0.73974905191 0.95915151262 0.96617377139 1.07947923721 -68.07208349106 0.00062083498   -2 
  86 0.00000450046 0.00068805493 -5.5489401480 0.31838101305 0.00092882284 0.00792015472 0.76160997496 0.85229929119 0.83060885194 0.84820193756 0.73976067892 0.95913227883 0.96625790072 1.07953909516 -68.07207933750 0.00034098260   -2 
  87 0.00000450046 0.00068804707 -5.5489312678 0.31838435400 0.00092882304 0.00792015485 0.76161435473 0.85229721956 0.83060923702 0.84820019074 0.73976094939 0.95913219153 0.96626262954 1.07954254687 -68.07207903858 0.00039364639   -2 
  88 0.00000450047 0.00068804682 -5.5487803961 0.31840595115 0.00092882456 0.00792015581 0.76166204438 0.85228682326 0.83061408808 0.84818764241 0.73976485069 0.95913674130 0.96629589127 1.07956779453 -68.07207760160 0.00023840852   -2 
  89 0.00000450049 0.00068805748 -5.5477014134 0.31851230539 0.00092883317 0.00792015911 0.76165602897 0.85232719062 0.83065496932 0.84817579483 0.73980273549 0.95921033187 0.96643018962 1.07968147714 -68.07207398537 0.00117795245   -2 
  90 0.00000450051 0.00068803677 -5.5469915960 0.31858461214 0.00092883896 0.00792016133 0.76164751891 0.85235001075 0.83067928926 0.84817063445 0.73982723924 0.95925751690 0.96651504444 1.07975373311 -68.07207152508 0.00037529443   -2 
  91 0.00000450057 0.00068799043 -5.5442287373 0.31879265025 0.00092885752 0.00792016844 0.76168676612 0.85235976118 0.83071543018 0.84831603367 0.73990462413 0.95937102917 0.96661181087 1.07987947330 -68.07206418492 0.00157495627   -2 
  92 0.00000450061 0.00068799634 -5.5422458997 0.31893393710 0.00092887043 0.00792017335 0.76171781672 0.85237249605 0.83074332040 0.84841847884 0.73995899589 0.95944901478 0.96667481568 1.07996421915 -68.07205957204 0.00043421512   -2 
  93 0.00000450061 0.00068798098 -5.5418615957 0.31893229190 0.00092887155 0.00792017359 0.76167849889 0.85240193303 0.83074980944 0.84838257544 0.73995181260 0.95942551631 0.96663451381 1.07993694764 -68.07205686950 0.00098754360   -2 
  94 0.00000450062 0.00068799371 -5.5414591919 0.31892934320 0.00092887265 0.00792017385 0.76165068147 0.85242797220 0.83075643435 0.84835046800 0.73994547605 0.95940428591 0.96659688152 1.07991165769 -68.07205481433 0.00040632417   -2 
  95 0.00000450062 0.00068799516 -5.5408588943 0.31892703249 0.00092887461 0.00792017475 0.76169708864 0.85237478817 0.83073604537 0.84832139504 0.73992893722 0.95937228349 0.96655080236 1.07987651868 -68.07205172296 0.00055120573   -2 
  96 0.00000450062 0.00068798597 -5.5407576969 0.31892711769 0.00092887499 0.00792017492 0.76169917021 0.85236549995 0.83073131790 0.84831705707 0.73992552266 0.95936682847 0.96654320340 1.07986984106 -68.07205128682 0.00026976226   -2 
  97 0.00000450063 0.00068798719 -5.5399860807 0.31892587490 0.00092887811 0.00792017624 0.76164376557 0.85234070252 0.83070298102 0.84831423972 0.73990498678 0.95934380779 0.96651292285 1.07983660192 -68.07204948717 0.00024652284   -2 
  98 0.00000450064 0.00068799096 -5.5398658113 0.31892596655 0.00092887863 0.00792017644 0.76163898491 0.85233872059 0.83069917655 0.84831354741 0.73990184611 0.95934049602 0.96650921769 1.07983176398 -68.07204938708 0.00017096449   -2 
  99 0.00000450065 0.00068798099 -5.5392263094 0.31893492228 0.00092888225 0.00792017827 0.76165444092 0.85234185775 0.83067951414 0.84829981667 0.73988091431 0.95931998121 0.96649305041 1.07980905516 -68.07204874036 0.00018775576   -2 
 100 0.00000450065 0.00068798384 -5.5391768677 0.31893602238 0.00092888259 0.00792017844 0.76165533412 0.85234262504 0.83067987326 0.84829917807 0.73988017031 0.95931954714 0.96649286840 1.07980835404 -68.07204868098 0.00012859876   -2 
 101 0.00000450068 0.00068797751 -5.5381451853 0.31898510812 0.00092889274 0.00792018322 0.76163242195 0.85235273658 0.83073135649 0.84828686741 0.73988254975 0.95933449193 0.96651519834 1.07980285368 -68.07204767731 0.00023327082   -2 
 102 0.00000450068 0.00068797251 -5.5382434928 0.31898332152 0.00092889212 0.00792018283 0.76164372273 0.85234760950 0.83071695998 0.84829207690 0.73988465355 0.95933422279 0.96651418137 1.07980731830 -68.07204739382 0.00031714637   -2 
 103 0.00000450068 0.00068797684 -5.5383071771 0.31898248683 0.00092889178 0.00792018259 0.76165508857 0.85234420954 0.83070463572 0.84829793303 0.73988749542 0.95933505978 0.96651408856 1.07981305349 -68.07204717633 0.00010094065   -2 
 104 0.00000450068 0.00068797307 -5.5382812443 0.31899262087 0.00092889328 0.00792018326 0.76164593743 0.85234768166 0.83069680072 0.84831128771 0.73989781050 0.95934786068 0.96652188552 1.07983268280 -68.07204691638 0.00033580001   -2 
 105 0.00000450068 0.00068797927 -5.5382403007 0.31900263363 0.00092889485 0.00792018390 0.76164030989 0.85235208502 0.83069085359 0.84832464460 0.73990833237 0.95936110160 0.96653013992 1.07985285022 -68.07204666467 0.00015357440   -2 
 106 0.00000450068 0.00068797503 -5.5382355629 0.31900243736 0.00092889482 0.00792018384 0.76164765395 0.85235034676 0.83069532542 0.84832018627 0.73990595786 0.95935782712 0.96652998018 1.07984846392 -68.07204656698 0.00019107485   -2 
 107 0.00000450069 0.00068797679 -5.5382162033 0.31900289886 0.00092889496 0.00792018393 0.76165704227 0.85234958019 0.83070134772 0.84831610620 0.73990413300 0.95935513209 0.96653101775 1.07984543897 -68.07204647744 0.00008819954    0 
-- Found new optimum with likelihood -68.072046477444957 and gradient 0.00009

---- Best joint likelihood found -68.072046477444957 with gradient 0.00009

---- Results for /scratch/40840281/tmpt1f4uoxl 
--  Model: C
--        eps_an     theta_bar             a 
-- 0.00000450069 0.00068797679            -1 
--           S_d             b           p_b           S_b 
-- -5.5382162033 0.31900289886 0.00092889496 0.00792018393 
--           r 2           r 3           r 4           r 5           r 6           r 7           r 8           r 9 
-- 0.76165704227 0.85234958019 0.83070134772 0.84831610620 0.73990413300 0.95935513209 0.96653101775 1.07984543897 

---- Expected P_neut(i), 0 < i < n (neutral SFS per site) 
E[P_neut(1)] = 0.0006879741
E[P_neut(2)] = 0.0002620004
E[P_neut(3)] = 0.0001954651
E[P_neut(4)] = 0.0001428756
E[P_neut(5)] = 0.0001167244
E[P_neut(6)] = 0.0000848397
E[P_neut(7)] = 0.0000942882
E[P_neut(8)] = 0.0000831197
E[P_neut(9)] = 0.0000825481

---- Expected P_sel(i), 0 < i < n (selected SFS per site) 
E[P_sel(1)] = 0.0005539329
E[P_sel(2)] = 0.0001841696
E[P_sel(3)] = 0.0001251631
E[P_sel(4)] = 0.0000853725
E[P_sel(5)] = 0.0000660555
E[P_sel(6)] = 0.0000459189
E[P_sel(7)] = 0.0000491448
E[P_sel(8)] = 0.0000419318
E[P_sel(9)] = 0.0000404618

---- alpha_dfe = 0.001998

