---- Running command
---- ./polyDFE -d /scratch/40841827/tmpw2e9powm -m C -i /scratch/40841827/tmpe2ahtq2x 1 -v 1 
---- Performing inference using model C

---- Performing inference on /scratch/40841827/tmpw2e9powm
----      with -i /scratch/40841827/tmpe2ahtq2x 1
---- Data /scratch/40841827/tmpw2e9powm does not contain divergence counts. Using option -w.
---- No mutation variability. Using Poisson likelihood.


---- Using provided initial values

-- Starting local optimization
-- Optimizing all parameters
  it        eps_an     theta_bar           S_d             b           p_b           S_b           r 2           r 3           r 4           r 5           r 6           r 7           r 8           r 9          r 10          r 11          r 12          r 13          r 14          r 15          r 16          r 17          r 18          r 19          r 20          r 21          r 22          r 23          r 24          r 25          r 26          r 27          r 28          r 29          r 30          r 31          r 32          r 33          r 34          r 35          r 36          r 37          r 38          r 39           ln lk          grad status 
   0 0.00000450288   0.001050261 -26.884510000     0.1464485   0.004419742    0.05627203     0.4932568     0.4490162      0.411058     0.4293708     0.4059378     0.3950674     0.4836194     0.4412304     0.4459431     0.5171633     0.4880109      0.499798     0.5114526     0.4705895     0.3840001     0.3914661     0.4942643     0.4410675     0.4295933     0.3836019     0.3386893     0.4566943     0.4425798     0.4623484      0.424307     0.4116725     0.4906384     0.4335386     0.4045893     0.5819833     0.4816641     0.5724359     0.5396078     0.5300813       0.62822     0.8578236      0.810246      2.052769 -257.0074437651 1.08401807033   -2 
   1 0.00000450287 0.00106504797 -26.844186128 0.14613351465 0.00441983668 0.05627203435 0.49365568697 0.44779663721 0.41190412847 0.43066223006 0.40610501303 0.39550222061 0.48407653091 0.44153089895 0.44630720508 0.51612440599 0.48735319795 0.49979801950 0.51193327911 0.47167355108 0.38474175029 0.39200517208 0.49473049570 0.44082728008 0.42959330619 0.38376056865 0.33840670233 0.45700439635 0.44221840741 0.46216038540 0.42430701935 0.41139053027 0.48984545173 0.43353859474 0.40464483569 0.58213722865 0.48179419511 0.57228426797 0.53967978399 0.52965632042 0.62731596494 0.85814425692 0.81075610085 2.05276908356 -256.1295319240 0.55476557196   -2 
   2 0.00000450287 0.00106216774 -26.483493337 0.14424701704 0.00442036709 0.05627151634 0.48456465137 0.39847089476 0.43368504441 0.46992419575 0.40721238684 0.40687287336 0.49514472223 0.44842519957 0.45576381992 0.47795030026 0.46218308464 0.49681187817 0.52584241844 0.50823491654 0.40980014187 0.40968952576 0.50902043377 0.43101869862 0.42817634317 0.38821817428 0.32792374830 0.46650348702 0.42862240750 0.45439843288 0.42326008783 0.40076203689 0.46179554584 0.43256628657 0.40575792631 0.58591912419 0.48526428076 0.56560964264 0.54094152900 0.51392370312 0.59511903298 0.86664009684 0.82627367608 2.04180111419 -249.8122068005 0.38811389456   -2 
   3 0.00000450286 0.00103989455 -26.307834222 0.14497630454 0.00442016806 0.05627085231 0.49347558358 0.41458521303 0.43135648690 0.47321798835 0.40662234069 0.41066256063 0.49835857330 0.45094306550 0.45993936137 0.45847859217 0.44793208384 0.49442213406 0.53345145787 0.53154906575 0.42722013972 0.42190356740 0.51812221667 0.42395270644 0.42683219672 0.39122550433 0.32004411163 0.47309390494 0.41860092280 0.44846840569 0.42221453661 0.39265573248 0.44157717356 0.43158122852 0.40640310194 0.58829890451 0.48763360150 0.56030529512 0.54157009395 0.50192215372 0.57155933600 0.87203551834 0.83704337226 2.03225099175 -247.6083094684 1.39386820115   -2 
   4 0.00000450285 0.00105100366 -26.037867695 0.14522853052 0.00442012294 0.05627013534 0.50483285871 0.43513662234 0.42892098827 0.47655290172 0.40633807936 0.41512844087 0.50224201698 0.45402754963 0.46489312405 0.43790736542 0.43265880368 0.49198874414 0.54238288862 0.55930690193 0.44803704335 0.43637398806 0.52882743029 0.41614582176 0.42541719446 0.39479002689 0.31127879893 0.48086168156 0.40748124508 0.44186338256 0.42110351080 0.38360602141 0.41949431200 0.43053175513 0.40721539763 0.59117069389 0.49046080416 0.55438896914 0.54239675673 0.48853611382 0.54568687671 0.87846859262 0.84973200788 2.02238941120 -245.1385163878 0.22581220886   -2 
   5 0.00000450284 0.00105723055 -25.871877339 0.14563524151 0.00442005166 0.05626972321 0.48474716141 0.43329481519 0.42732975411 0.46626970988 0.40833319821 0.41494815243 0.50241408187 0.45520965512 0.46637870629 0.43722778129 0.43059719404 0.49270087721 0.54584790845 0.56922740724 0.45886186650 0.44456045594 0.53456105486 0.41251469680 0.42521212418 0.39752606519 0.30561025915 0.48620570130 0.40086325722 0.43817065707 0.42080490180 0.37770765095 0.40537724244 0.43021464862 0.40816960178 0.59372777308 0.49293653618 0.55101599679 0.54351975541 0.47954859656 0.52881839614 0.88349400773 0.85869744725 2.02395777744 -244.3222109148 0.19958352682   -2 
   6 0.00000450284 0.00105295033 -25.844998525 0.14589999356 0.00441998735 0.05626961607 0.48466751239 0.43135439723 0.42683004890 0.46401326374 0.40851910782 0.41444117418 0.50196746230 0.45511822968 0.46627096900 0.43808159174 0.43081561573 0.49287601795 0.54603836632 0.56993808498 0.46041310804 0.44582966241 0.53533958271 0.41189776811 0.42516904318 0.39802573829 0.30447137989 0.48715821893 0.39959164679 0.43745832255 0.42073457833 0.37651067751 0.40259719943 0.43013870072 0.40835534877 0.59419869604 0.49342328758 0.55033952143 0.54373009935 0.47770644034 0.52545590470 0.88437500250 0.86032832359 2.02441725962 -244.2182642540 0.34546131609   -2 
   7 0.00000450284 0.00105910998 -25.618036841 0.14702925240 0.00441975043 0.05626899706 0.49062615755 0.41949588328 0.42430984094 0.45154094714 0.40963743044 0.41119189030 0.49912180769 0.45442115140 0.46536295611 0.44459090603 0.43308114264 0.49414752589 0.54673263225 0.57267922613 0.46893749097 0.45299373554 0.53962095279 0.40850906527 0.42500958772 0.40100483335 0.29784340422 0.49276257733 0.39227744160 0.43338279626 0.42037790272 0.36952540392 0.38657096388 0.42974104344 0.40950795738 0.59704891696 0.49637711512 0.54644533818 0.54504558821 0.46693015024 0.50599261211 0.88962416920 0.86997165339 2.02806215235 -243.6566902358 0.10687385562   -2 
   8 0.00000450284 0.00105270810 -25.444102480 0.14733992438 0.00441971046 0.05626863909 0.49302429554 0.42538043250 0.42468023008 0.45634257799 0.40810951835 0.40920247842 0.49706202285 0.45275787477 0.46333519158 0.44983246986 0.43622918156 0.49438627469 0.54445476668 0.56721435519 0.46813077964 0.45322767755 0.53895111017 0.40781919396 0.42491397104 0.40183749088 0.29504473755 0.49411349234 0.38961706753 0.43191646845 0.42017414698 0.36650935284 0.38001909512 0.42951078664 0.40996242517 0.59791242867 0.49752985206 0.54487549162 0.54550404907 0.46211911660 0.49780500110 0.89085035131 0.87261653898 2.02944389232 -243.4548037553 0.38323808447   -2 
   9 0.00000450283 0.00105611613 -25.286615700 0.14742167275 0.00441972947 0.05626836341 0.49501950222 0.43021133905 0.42516136636 0.46044487627 0.40697996249 0.40773972728 0.49556046911 0.45150530199 0.46178275525 0.45411284003 0.43883713456 0.49462615465 0.54266384717 0.56282414064 0.46740128559 0.45336411382 0.53839717341 0.40732438811 0.42486678668 0.40251223823 0.29284214473 0.49519007725 0.38754335608 0.43078438117 0.42003222314 0.36413270224 0.37488520049 0.42934575717 0.41034248585 0.59862507151 0.49847196560 0.54365779821 0.54589394887 0.45832081130 0.49137641436 0.89185539335 0.87473512465 2.03075826655 -243.2975850648 0.07437658801   -2 
  10 0.00000450283 0.00105702238 -25.097107344 0.14715008582 0.00441985538 0.05626812392 0.48903114317 0.42757689399 0.42631840897 0.46321788675 0.40686177939 0.40795516514 0.49585016254 0.45109375393 0.46103256839 0.45719140931 0.44134279158 0.49494136187 0.54110660313 0.55822377179 0.46520226832 0.45239744168 0.53722635091 0.40744572677 0.42498332972 0.40299430828 0.29094435763 0.49573454054 0.38608197186 0.43008811037 0.42001072842 0.36205879841 0.37043792903 0.42928787836 0.41077138288 0.59925387913 0.49938867572 0.54280318087 0.54634365185 0.45484489246 0.48567863890 0.89252843180 0.87606605096 2.03274245917 -243.2098165424 0.05714746611   -2 
  11 0.00000450283 0.00105537654 -25.054408142 0.14715239647 0.00441986737 0.05626805765 0.48942915201 0.42643243502 0.42623055755 0.46293404693 0.40688991194 0.40813708273 0.49603037544 0.45107299436 0.46095841136 0.45740639034 0.44167630812 0.49492871522 0.54080199665 0.55733469794 0.46452064191 0.45199813426 0.53685383262 0.40752852794 0.42499512080 0.40303176814 0.29056499917 0.49571969461 0.38584177649 0.42997940986 0.41999733629 0.36163661910 0.36955700772 0.42926648434 0.41084894414 0.59932627119 0.49954932842 0.54264292368 0.54641429629 0.45411262476 0.48452436215 0.89253532719 0.87614219221 2.03289859370 -243.1968556083 0.12080667214   -2 
  12 0.00000450283 0.00105656391 -24.905528261 0.14706654906 0.00441993531 0.05626784922 0.49156744282 0.42294498582 0.42591253090 0.46176768441 0.40705790124 0.40880964928 0.49670160033 0.45108401419 0.46080873826 0.45791290361 0.44265881040 0.49488939144 0.53990435146 0.55464529823 0.46232083019 0.45068371440 0.53566270913 0.40783130943 0.42504338683 0.40313473647 0.28938984852 0.49563355337 0.38512962057 0.42966894976 0.41996380350 0.36032561473 0.36682784114 0.42920668198 0.41109775684 0.59954680542 0.50005426442 0.54216402492 0.54664121492 0.45182271643 0.48093523260 0.89253074916 0.87632082037 2.03339896074 -243.1584181321 0.03377493823   -2 
  13 0.00000450284 0.00105682966 -24.652871189 0.14716691046 0.00441998451 0.05626742781 0.49129644681 0.42516819865 0.42415819095 0.45747318324 0.40717554587 0.40963660498 0.49736908125 0.45126295280 0.46096386725 0.45604970740 0.44251478447 0.49432896831 0.53902303087 0.55223452992 0.45866047419 0.44808220234 0.53358209101 0.40844228868 0.42497917184 0.40290174969 0.28775594055 0.49480999209 0.38441734352 0.42937360039 0.41982545575 0.35845532509 0.36307909141 0.42903140410 0.41135720946 0.59947348489 0.50055986333 0.54152446576 0.54678555669 0.44841219943 0.47585523804 0.89172783497 0.87542358866 2.03213082980 -243.1242365120 0.03043100463   -2 
  14 0.00000450284 0.00105634871 -24.645132872 0.14717998697 0.00441998307 0.05626741105 0.49116594337 0.42517807334 0.42415519110 0.45747980111 0.40715386239 0.40961661185 0.49734099403 0.45125428000 0.46096176627 0.45595547736 0.44246435396 0.49429884476 0.53901100559 0.55222743448 0.45857577383 0.44800824134 0.53352780045 0.40845530372 0.42496954482 0.40288260927 0.28771193705 0.49476858652 0.38440407588 0.42936633191 0.41981621071 0.35840340143 0.36298033803 0.42902138936 0.41135874871 0.59945627919 0.50056340737 0.54150517396 0.54678040247 0.44831379718 0.47571695849 0.89168035133 0.87536520637 2.03202645069 -243.1232168097 0.02777681404   -2 
  15 0.00000450284 0.00105692897 -24.531044673 0.14724603549 0.00441999507 0.05626719093 0.48921153478 0.42500388395 0.42467567065 0.45880900272 0.40677674277 0.40908300088 0.49670412063 0.45110226657 0.46094295540 0.45457748669 0.44153117224 0.49388450028 0.53904604266 0.55273994957 0.45780717726 0.44719026418 0.53299029752 0.40859214919 0.42481579497 0.40257408946 0.28723357867 0.49416317139 0.38432879169 0.42931264798 0.41968168429 0.35782524424 0.36191414192 0.42887895969 0.41134113466 0.59915608663 0.50053087182 0.54129592423 0.54666328091 0.44717416210 0.47418052695 0.89097078118 0.87445377394 2.03043321742 -243.1136098006 0.02121175690   -2 
  16 0.00000450284 0.00105678162 -24.389006458 0.14737938100 0.00441999494 0.05626689382 0.48946398412 0.42432767463 0.42504749886 0.46029389927 0.40622658006 0.40826173170 0.49576543842 0.45079174669 0.46080355473 0.45296121809 0.44025603908 0.49332852656 0.53910808499 0.55361940841 0.45713199561 0.44631466111 0.53243624505 0.40867661383 0.42456652321 0.40212585828 0.28670438891 0.49335521474 0.38427796514 0.42923966700 0.41947406918 0.35717253662 0.36076000675 0.42866493478 0.41126179578 0.59868662122 0.50039265356 0.54103155895 0.54644092654 0.44586428902 0.47248030369 0.88997915235 0.87318512521 2.02817790541 -243.1075968859 0.01756590318   -2 
  17 0.00000450284 0.00105713119 -24.377525223 0.14738143338 0.00441999690 0.05626686969 0.48977828894 0.42432758632 0.42495458036 0.46016488111 0.40621634314 0.40823330009 0.49574081709 0.45076310177 0.46077700975 0.45293626064 0.44019588332 0.49330213153 0.53910894850 0.55368342859 0.45714841288 0.44629678696 0.53242990071 0.40866511286 0.42454235014 0.40208917779 0.28668142231 0.49330193100 0.38428128512 0.42923339697 0.41945405668 0.35714166827 0.36071421986 0.42864481250 0.41124649357 0.59864268120 0.50036697686 0.54101406697 0.54641368839 0.44579680937 0.47240523268 0.88990667840 0.87309235629 2.02804849923 -243.1067584669 0.02888790323   -2 
  18 0.00000450284 0.00105664316 -24.347950173 0.14740973671 0.00441999521 0.05626680003 0.49062330582 0.42431933027 0.42462768339 0.45968508630 0.40618929697 0.40815940050 0.49568032865 0.45067120357 0.46068645648 0.45290362501 0.44003869271 0.49322778470 0.53910018372 0.55385037286 0.45721937242 0.44626416298 0.53242177964 0.40862078461 0.42446845462 0.40198209616 0.28662337003 0.49315238377 0.38429113238 0.42921228449 0.41939316160 0.35706178681 0.36060326565 0.42858396837 0.41119691801 0.59851128920 0.50028481582 0.54096260140 0.54632903567 0.44562016986 0.47221730991 0.88969755080 0.87282723155 2.02767802435 -243.1047596477 0.00971040644   -2 
  19 0.00000450284 0.00105671453 -24.282505687 0.14740525798 0.00442000750 0.05626665389 0.49011707508 0.42454641955 0.42404521241 0.45845829871 0.40629222965 0.40820132090 0.49579313284 0.45053557924 0.46050722069 0.45321378884 0.43991594491 0.49317509702 0.53909034126 0.55414547542 0.45760063023 0.44638602402 0.53254800709 0.40848082431 0.42431588012 0.40177013093 0.28656871044 0.49290109749 0.38434244559 0.42917503991 0.41926268887 0.35696845426 0.36052647526 0.42845330902 0.41106878424 0.59823349867 0.50007322379 0.54087689113 0.54613047876 0.44537351506 0.47202564355 0.88932226523 0.87234135076 2.02725403056 -243.1026197368 0.00578875987   -2 
  20 0.00000450284 0.00105667028 -24.268049890 0.14740819849 0.00442000890 0.05626661907 0.49001538546 0.42456705385 0.42394906048 0.45824287078 0.40630867597 0.40820873593 0.49581345706 0.45050583413 0.46046769547 0.45328123258 0.43989245674 0.49316305860 0.53908448187 0.55420072011 0.45768352583 0.44641393099 0.53257480666 0.40844801977 0.42428145379 0.40172318386 0.28655753775 0.49284659778 0.38435316290 0.42916571512 0.41923290938 0.35694878228 0.36051234252 0.42842345787 0.41103904207 0.59817122086 0.50002464010 0.54085710708 0.54608504525 0.44532104762 0.47198706411 0.88923958852 0.87223497411 2.02716155192 -243.1025510158 0.00655359209   -2 
  21 0.00000450284 0.00105690334 -24.227275206 0.14743443837 0.00442000717 0.05626651076 0.48990395610 0.42441858501 0.42394593059 0.45810074884 0.40630882053 0.40821681819 0.49583581120 0.45043236673 0.46036727829 0.45345130033 0.43985737957 0.49313023632 0.53904513870 0.55427823338 0.45789512619 0.44649606695 0.53263963395 0.40834779292 0.42418499801 0.40159696980 0.28653401518 0.49270855832 0.38437822628 0.42913358726 0.41914658143 0.35690268539 0.36049439832 0.42833655101 0.41094913393 0.59799844976 0.49988139506 0.54079862507 0.54595231347 0.44519375704 0.47190964302 0.88902121232 0.87195799201 2.02693200305 -243.1021640732 0.02027647370   -2 
  22 0.00000450285 0.00105659218 -24.126770424 0.14752186480 0.00441999621 0.05626623497 0.48963358430 0.42401175370 0.42396235857 0.45781606728 0.40629036684 0.40822493433 0.49587290361 0.45024438519 0.46011318398 0.45386197003 0.43976937638 0.49304217483 0.53893643956 0.55445061526 0.45841398362 0.44669716262 0.53279376510 0.40809317974 0.42394104593 0.40127982504 0.28647499661 0.49236272884 0.38443800286 0.42904970237 0.41892778127 0.35678701743 0.36045133903 0.42811627965 0.41072095324 0.59756316088 0.49951913444 0.54064885900 0.54561637480 0.44487610714 0.47171857480 0.88847183969 0.87126378976 2.02634312251 -243.1012446400 0.00821583024   -2 
  23 0.00000450285 0.00105641119 -24.022529260 0.14771379715 0.00441995402 0.05626590931 0.49019731832 0.42392368856 0.42418109423 0.45840190719 0.40613565741 0.40813759676 0.49574593694 0.45011484623 0.45994553487 0.45401889957 0.43971619169 0.49294328426 0.53878817868 0.55440726666 0.45874462778 0.44683377710 0.53286061533 0.40784749786 0.42371442858 0.40099265636 0.28642152476 0.49206638437 0.38447396677 0.42895087897 0.41870908391 0.35667961416 0.36043099320 0.42789279450 0.41048376012 0.59715681167 0.49915709161 0.54049059847 0.54528095776 0.44458543788 0.47156578961 0.88798757216 0.87066017996 2.02586482430 -243.0999918444 0.00881275792   -2 
  24 0.00000450285 0.00105624394 -24.013697667 0.14773695656 0.00441994831 0.05626587857 0.49018320811 0.42394372985 0.42419486208 0.45846720586 0.40612204173 0.40812854398 0.49573153072 0.45011262281 0.45994254537 0.45401385354 0.43971601332 0.49293774608 0.53877803063 0.55439292538 0.45875688508 0.44684042642 0.53286121904 0.40783078020 0.42369959979 0.40097363439 0.28641801298 0.49204851098 0.38447592683 0.42894316285 0.41869289405 0.35667213382 0.36043127423 0.42787580275 0.41046511383 0.59712900786 0.49912976335 0.54047881539 0.54525589414 0.44456456640 0.47155670026 0.88795806309 0.87062291064 2.02584953204 -243.0998918067 0.00920317218   -2 
  25 0.00000450286 0.00105629301 -23.947895690 0.14790247960 0.00441990707 0.05626564778 0.48983565195 0.42426837272 0.42428927106 0.45901716450 0.40604642025 0.40807420538 0.49563412061 0.45016209327 0.45999965436 0.45388849729 0.43975013435 0.49292818870 0.53873557211 0.55424754778 0.45876169246 0.44686666988 0.53284732701 0.40774362232 0.42362721556 0.40087633625 0.28640182598 0.49197200857 0.38448767431 0.42889804998 0.41859772648 0.35663223219 0.36044771689 0.42777239793 0.41034684632 0.59698012100 0.49896307248 0.54041159551 0.54510564926 0.44444363440 0.47151903791 0.88783070389 0.87045381581  2.0259353099 -243.0992236779 0.00424911412   -2 
  26 0.00000450287 0.00105599963 -23.900756864 0.14805909778 0.00441986360 0.05626546081 0.48990163231 0.42421342259 0.42411125964 0.45885144163 0.40610282069 0.40808982895 0.49564208016 0.45035045805 0.46023634151 0.45358344766 0.43986160020 0.49301482271 0.53881690885 0.55407867713 0.45850363723 0.44680951470 0.53278674904 0.40780836995 0.42370230938 0.40095386589 0.28642189855 0.49210176362 0.38448856403 0.42891000806 0.41861656452 0.35665509906 0.36050404822 0.42777762622 0.41033295834 0.59707126524 0.49897059632 0.54043574908 0.54512392492 0.44446849553 0.47158786236 0.88804957047 0.87069469972 2.02662436401 -243.0987451757 0.02216008588   -2 
  27 0.00000450287 0.00105623400 -23.822489755 0.14830246546 0.00441979616 0.05626515467 0.49003243346 0.42413365300 0.42383901088 0.45858319706 0.40620316872 0.40812308704 0.49566594786 0.45066284005 0.46062803593 0.45309250721 0.44004857771 0.49316284833 0.53895770701 0.55381099289 0.45808180565 0.44671791105 0.53269186310 0.40792068979 0.42383147274 0.40108748597 0.28645691388 0.49232214757 0.38449167328 0.42893339647 0.41865256384 0.35669572850 0.36059882428 0.42779112663 0.41031486309 0.59723011570 0.49899007309 0.54048048354 0.54516111172 0.44451495500 0.47170539029 0.88842210960 0.87110465033 2.02778051184 -243.0979681512 0.00493502292   -2 
  28 0.00000450288 0.00105625987 -23.745260356 0.14848151110 0.00441974226 0.05626485293 0.48961460950 0.42411161019 0.42399338957 0.45851743602 0.40626271701 0.40817904827 0.49574857191 0.45081623443 0.46084279808 0.45288751712 0.44019454283 0.49330360429 0.53911116198 0.55372821164 0.45777997445 0.44666496415 0.53266446024 0.40807551586 0.42399889227 0.40126792163 0.28651000256 0.49258139817 0.38451079629 0.42899451564 0.41874096855 0.35676652286 0.36070836413 0.42785947810 0.41035338440 0.59746962728 0.49909015017 0.54057784927 0.54527749768 0.44462289066 0.47186315004 0.88887768277 0.87161020516 2.02885242225 -243.0975049672 0.00912231493   -2 
  29 0.00000450289 0.00105610276 -23.731571148 0.14851545355 0.00441973185 0.05626479755 0.48956441811 0.42410683173 0.42402681334 0.45851452565 0.40626846322 0.40818751340 0.49576240908 0.45083319900 0.46086929937 0.45286562832 0.44021659672 0.49332616314 0.53913665872 0.55372199024 0.45773393508 0.44665754237 0.53266262017 0.40810394191 0.42402936663 0.40130117882 0.28652013108 0.49262783138 0.38451487277 0.42900682335 0.41875868212 0.35678031626 0.36072838508 0.42787384931 0.41036259890 0.59751482246 0.49911117540 0.54059726057 0.54530135370 0.44464462753 0.47189282478 0.88896021707 0.87170213325 2.02902908468 -243.0974254149 0.00653104089   -2 
  30 0.00000450292 0.00105541720 -23.488440974 0.14904788470 0.00441956147 0.05626380960 0.48997456943 0.42415395602 0.42483151471 0.45884714332 0.40627391005 0.40833471690 0.49603120057 0.45083779381 0.46098371052 0.45301218940 0.44049583041 0.49366459026 0.53954951628 0.55393710551 0.45724320422 0.44662612338 0.53276620359 0.40862888545 0.42458318253 0.40191416868 0.28672189187 0.49344038587 0.38462018354 0.42927711725 0.41913597856 0.35706249599 0.36109438885 0.42820130931 0.41060647169 0.59838234505 0.49958581902 0.54101124237 0.54582340506 0.44510537906 0.47245916092 0.89043713977 0.87334974747 2.03168817121 -243.0961167789 0.00630481321   -2 
  31 0.00000450292 0.00105505330 -23.440430219 0.14919094659 0.00441951404 0.05626358949 0.48998615712 0.42423212897 0.42471812642 0.45893963541 0.40629939178 0.40837372237 0.49608515399 0.45081515127 0.46094790789 0.45319134289 0.44052509104 0.49371575524 0.53961629760 0.55408249470 0.45730846091 0.44667896563 0.53285218077 0.40872619916 0.42468431111 0.40202721324 0.28677140925 0.49357547179 0.38466287828 0.42935210700 0.41922949847 0.35713256336 0.36117219220 0.42829063932 0.41068348852 0.59855818029 0.49970937099 0.54111989355 0.54595638082 0.44521925122 0.47258328542 0.89069900577 0.87363716304 2.03201983147 -243.0957953130 0.02064619191   -2 
  32 0.00000450296 0.00105482051 -23.203655633 0.14988322608 0.00441928393 0.05626250161 0.49007972533 0.42466128102 0.42409584824 0.45941624024 0.40645122836 0.40858188464 0.49636540994 0.45071244282 0.46076514568 0.45413765052 0.44066694644 0.49396986738 0.53994774519 0.55484733908 0.45770819964 0.44697119185 0.53331070194 0.40920349074 0.42517956454 0.40258003179 0.28702038767 0.49422946099 0.38488577900 0.42973308694 0.41969933644 0.35748474524 0.36155815312 0.42874251826 0.41107680760 0.59942566894 0.50033154181 0.54166873102 0.54662520216 0.44579003784 0.47319969326 0.89197543342 0.87503405275 2.03359736710 -243.0942144635 0.00593539437   -2 
  33 0.00000450299 0.00105446402 -22.980987105 0.15065405232 0.00441902409 0.05626138600 0.48979280128 0.42438554021 0.42407420366 0.45944301431 0.40670538410 0.40880003638 0.49661267594 0.45084667806 0.46076007473 0.45507287232 0.44080807262 0.49421231547 0.54024578329 0.55569945438 0.45859778395 0.44746651834 0.53394512819 0.40958504559 0.42557364350 0.40301310805 0.28728878085 0.49469140386 0.38520004374 0.43016780040 0.42018649455 0.35786254786 0.36193403445 0.42924278743 0.41154588981 0.60018075995 0.50098934760 0.54227519206 0.54732910809 0.44638464819 0.47379946632 0.89296545512 0.87607505368 2.03473339964 -243.0932666881 0.01020583867   -2 
  34 0.00000450300 0.00105458524 -22.962231688 0.15071725817 0.00441900248 0.05626129097 0.48979974678 0.42436639315 0.42409902827 0.45943724594 0.40672732296 0.40881815217 0.49663297038 0.45086854356 0.46077155077 0.45513916104 0.44082268628 0.49423430190 0.54027161529 0.55576715110 0.45868181537 0.44751329387 0.53400184515 0.40961390579 0.42560347827 0.40304523495 0.28731205493 0.49472421524 0.38522985830 0.43020606706 0.42022765356 0.35789515543 0.36196540076 0.42928618565 0.41158767460 0.60023983294 0.50104518192 0.54232802060 0.54738888814 0.44643506113 0.47384915828 0.89303961412 0.87615080991 2.03483154674 -243.0931715007 0.00681296895   -2 
  35 0.00000450302 0.00105423872 -22.835721836 0.15118698725 0.00441883859 0.05626060692 0.49015973505 0.42425224445 0.42460517567 0.45924404638 0.40685380441 0.40891384699 0.49673466721 0.45115441154 0.46101060786 0.45538353041 0.44095124735 0.49439391202 0.54044387474 0.55615024876 0.45938018471 0.44790044718 0.53442722153 0.40975785922 0.42575299824 0.40319685243 0.28748069202 0.49485298682 0.38548190201 0.43049028863 0.42050966095 0.35812972401 0.36217548824 0.42960130890 0.41190742359 0.60057324975 0.50143293358 0.54271422550 0.54780445046 0.44678590087 0.47417754772 0.89340223095 0.87648580795 2.03550374425 -243.0925595344 0.00460780863   -2 
  36 0.00000450302 0.00105436789 -22.852802272 0.15111350735 0.00441886207 0.05626069681 0.49004675886 0.42434556640 0.42454386161 0.45929826218 0.40683477028 0.40890263778 0.49672642875 0.45114749657 0.46102377751 0.45528848867 0.44095026437 0.49438362577 0.54042952660 0.55606987593 0.45929469015 0.44786029006 0.53437377401 0.40972738402 0.42572170346 0.40316028204 0.28746053200 0.49481585623 0.38546113977 0.43045767889 0.42047086683 0.35810083902 0.36214611479 0.42956250769 0.41187214010 0.60051009675 0.50138003695 0.54266816299 0.54774829472 0.44673835047 0.47412916627 0.89332309985 0.87639952801 2.03547298686 -243.0924712792 0.00749930611   -2 
  37 0.00000450301 0.00105429184 -22.865676176 0.15106081828 0.00441887832 0.05626076057 0.48995286636 0.42442450204 0.42450082512 0.45934018634 0.40681847000 0.40889313881 0.49671956035 0.45115031569 0.46104520248 0.45519990685 0.44095311476 0.49437801267 0.54042009508 0.55600164395 0.45923484447 0.44783407435 0.53433515315 0.40970107592 0.42569475284 0.40312804875 0.28744635683 0.49478183074 0.38544966109 0.43043516509 0.42044188487 0.35808029332 0.36212402072 0.42953494045 0.41184847648 0.60045762546 0.50134078055 0.54263584494 0.54770674513 0.44670322909 0.47409217739 0.89325456907 0.87632248343 2.03546205653 -243.0924034654 0.00323378335   -2 
  38 0.00000450301 0.00105436793 -22.881745921 0.15098567078 0.00441889725 0.05626082626 0.48993479567 0.42456602724 0.42450282960 0.45940225424 0.40679441560 0.40888107009 0.49671464779 0.45121874867 0.46116141824 0.45496829427 0.44098663924 0.49439038477 0.54042221362 0.55586184357 0.45919320203 0.44783161623 0.53429962306 0.40964242839 0.42563498427 0.40305098088 0.28743496906 0.49469269863 0.38546578275 0.43042081203 0.42040508697 0.35806168105 0.36209444311 0.42951031403 0.41183830036 0.60035150026 0.50129238761 0.54261035501 0.54765650001 0.44666059139 0.47403782063 0.89309820389 0.87613101542 2.03554407613 -243.0923093753 0.00684308322   -2 
  39 0.00000450301 0.00105426731 -22.890818649 0.15094730187 0.00441890630 0.05626085982 0.48993570794 0.42463254091 0.42450862352 0.45943129597 0.40678015455 0.40887337504 0.49671062733 0.45126091118 0.46123174057 0.45483080003 0.44100691527 0.49439802518 0.54042362850 0.55578006482 0.45917457720 0.44783338224 0.53428134989 0.40960718595 0.42559906909 0.40300447509 0.28742938170 0.49463833814 0.38547788998  0.4304143459 0.42038477395 0.35805222733 0.36207792399 0.42949788199 0.41183491129 0.60028862967 0.50126591579 0.54259793383 0.54762909784 0.44663738299 0.47400705442 0.89300411365 0.87601495291 2.03559322353 -243.0922583471 0.00332320217   -2 
  40 0.00000450301 0.00105429449 -22.904788902 0.15089049830 0.00441891632 0.05626089929 0.49006257317 0.42464613632 0.42456372154 0.45944727402 0.40676435955 0.40886393557 0.49670607160 0.45135566378 0.46137820591 0.45457492094 0.44105254320 0.49441947827 0.54043267007 0.55563555374 0.45917908785 0.44785960685 0.53426686518 0.40953702230 0.42552748211 0.40290927366 0.28742626978 0.49452418658 0.38551906673 0.43041571808 0.42035508486 0.35804409228 0.36205212820 0.42948776128 0.41184559824 0.60016658172 0.50122838440 0.54259151952 0.54759089438 0.44660473378 0.47395566477 0.89281334933 0.87577362378 2.03570621039 -243.0921815201 0.00383127404   -2 
  41 0.00000450301 0.00105423747 -22.907233307 0.15088338438 0.00441891690 0.05626090382 0.49008137367 0.42463360582 0.42457518644 0.45944405932 0.40676265577 0.40886246610 0.49670492513 0.45137219299 0.46140331463 0.45453200468 0.44106065221 0.49442334962 0.54043428573 0.55561143238 0.45918409846 0.44786649782 0.53426615281 0.40952379297 0.42551395586 0.40289105770 0.28742643514 0.49450208292 0.38552843343 0.43041728115 0.42035047175 0.35804356561 0.36204787103 0.42948724391  0.4118493301 0.60014379877 0.50122273014 0.54259201039 0.54758521149 0.44659985083 0.47394681321 0.89277703097 0.87572709500 2.03572489635 -243.0921670128 0.00251433533   -2 
  42 0.00000450301 0.00105429152 -22.913499720 0.15086956041 0.00441891451 0.05626090364 0.49012553544 0.42452180612 0.42462609810 0.45940604548 0.40677021894 0.40886420691 0.49670534526 0.45142273482 0.46147517545 0.45442458679 0.44108765105 0.49443852047 0.54044274325 0.55555295364 0.45922765475 0.44790315606 0.53427828152 0.40948056171 0.42546955574 0.40282904688 0.28743206382 0.49442560765 0.38557073152 0.43043147175 0.42034168313 0.35804847433 0.36203768149 0.42949467786 0.41187305188 0.60006960604 0.50121306661 0.54260504637 0.54757615825 0.44659155886 0.47392252260 0.89265488561 0.87556628679 2.03578264442 -243.0921252183 0.00227921497   -2 
  43 0.00000450301 0.00105426485 -22.914906706 0.15086869137 0.00441891276 0.05626090073 0.49012228582 0.42449277287 0.42463570906 0.45939347785 0.40677297701 0.40886487426 0.49670516352 0.45143241186 0.46148865500 0.45440528280 0.44109330595 0.49444174573 0.54044450314 0.55554228879 0.45924154355 0.44791351142 0.53428284567 0.40947010433 0.42545877313 0.40281371734 0.28743408923 0.49440657325 0.38558246475 0.43043603479 0.42034034451 0.35805053522 0.36203565395 0.42949768126 0.41188037558 0.60005165226 0.50121187523 0.54260966864 0.54757519741 0.44659056937 0.47391718308 0.89262493165 0.87552625578 2.03579269927 -243.0921186515 0.00192550389   -2 
  44 0.00000450301 0.00105432538 -22.917585736 0.15086993849 0.00441890638 0.05626088458 0.49008164873 0.42442841339 0.42465208708 0.45935711520 0.40678440498 0.40886895680 0.49670598178 0.45144886043 0.46150983387 0.45438161407 0.44110522674 0.49444934477 0.54044919412 0.55552905053 0.45928686133 0.44794423680 0.53430016237 0.40944515559 0.42543289388 0.40277566890 0.28744144439 0.49435903214 0.38561645300 0.43045131365 0.42034001865 0.35805870916 0.36203237115 0.42950932223 0.41190381567 0.60000836406 0.50121310730 0.54262626367 0.54757731792 0.44659175720 0.47390615251 0.89255160958 0.87542617098 2.03580961254 -243.0921025608 0.00177642576   -2 
  45 0.00000450301 0.00105431181 -22.918583989 0.15087247774 0.00441890275 0.05626087490 0.49005862436 0.42440884919 0.42465361544 0.45934130370 0.40678895447 0.40887033971 0.49670556938 0.45145216763 0.46151370521 0.45437880939 0.44110877140 0.49445159625 0.54045045053 0.55552700785 0.45930791552 0.44795778322 0.53430839661 0.40943494875 0.42542225672 0.40275977306 0.28744505888 0.49433912312 0.38563173501 0.43045854351 0.42034054601 0.35806285100 0.36203136828 0.42951517676 0.41191492075 0.59999055122 0.50121460742 0.54263436168 0.54757924893 0.44659314275 0.47390202251 0.89252122374 0.87538425072 2.03581148500 -243.0920977903 0.00160661004   -2 
  46 0.00000450302 0.00105436679 -22.919997704 0.15087920852 0.00441889397 0.05626084828 0.49001441113 0.42439469135 0.42464570676 0.45931208514 0.40679838036 0.40887330840 0.49670429489 0.45145106039 0.46151027286 0.45439112988 0.44111306368 0.49445465140 0.54045213532 0.55553220812 0.45935575564 0.44798719022 0.53432796094 0.40941527242 0.42540161317 0.40272798921 0.28745387078 0.49429929474 0.38566557169 0.43047553375 0.42034350272 0.35807322208 0.36203042148 0.42952971315 0.41194087756 0.59995566002 0.50122035110 0.54265395190 0.54758604626 0.44659834104 0.47389504727 0.89246129180 0.87530011933 2.03580605548 -243.0920879327 0.00185206141   -2 
  47 0.00000450302 0.00105435327 -22.920893097 0.15088588608 0.00441888649 0.05626082493 0.48998904569 0.42439458683 0.42463419992 0.45929275125 0.40680372799 0.40887450525 0.49670213105 0.45144616840 0.46150234954 0.45440675866 0.44111430186 0.49445553274 0.54045227234 0.55553918488 0.45939160862 0.44800865329 0.53434261662 0.40940127201 0.42538686447 0.40270500399 0.28746078442 0.49427052807 0.38569110315 0.43048859108 0.42034623929 0.35808145321 0.36203005086 0.42954120590 0.41196103475 0.59993063762 0.50122543276 0.54266924138 0.54759194702 0.44660297504 0.47389038391 0.89241830294 0.87523926485 2.03579621333 -243.0920817012 0.00178673098   -2 
  48 0.00000450302 0.00105440410 -22.921854047 0.15089719891 0.00441887259 0.05626077683 0.48997532891 0.42441623886 0.42460781058 0.45926780622 0.40681095088 0.40887584792 0.49669776472 0.45143150679 0.46148000825 0.45444641489 0.44111367659 0.49445543506 0.54045148672 0.55555795631 0.45945537040 0.44804606639 0.53436917191 0.40937824892 0.42536247152 0.40266606278 0.28747389501 0.49422198349 0.38573723992 0.43051280597 0.42035240364 0.35809723987 0.36203024117 0.42956312975 0.41199861956 0.59988873251 0.50123630316 0.54269804842 0.54760436375 0.44661288828 0.47388338414 0.89234651720 0.87513621823 2.03577229051 -243.0920706791 0.00199163224   -2 
  49 0.00000450302 0.00105437716 -22.922283612 0.15090498052 0.00441886319 0.05626074318 0.48998010397 0.42443493986 0.42458959167 0.45925728017 0.40681319642 0.40887558898 0.49669417650 0.45141950331 0.46146236617 0.45447519520 0.44111158845 0.49445415923 0.54045005644 0.55557178787 0.45949397877 0.44806835788 0.53438525568 0.40936473891 0.42534808756 0.40264271137 0.28748237122 0.49419302919 0.38576612447 0.43052814744 0.42035670418 0.35810752881 0.36203066300 0.42957735235 0.41202276140 0.59986376259 0.50124377547 0.54271655287 0.54761282695 0.44661975670 0.47387950084 0.89230407507 0.87507462638 2.03575323211 -243.0920643792 0.00172978825   -2 
  50 0.00000450302 0.00105440492 -22.922092218 0.15090840094 0.00441885665 0.05626071614 0.49000478973 0.42445349475 0.42457968151 0.45926015894 0.40681272943 0.40887506255 0.49669229343 0.45140946350 0.46144763423 0.45449915988 0.44110876041 0.49445259332 0.54044884763 0.55558414931 0.45951736023 0.44808161418 0.53439546288 0.40935765465 0.42534042157 0.40262934010 0.28748844306 0.49417676591 0.38578518788 0.43053868596 0.42036040191 0.35811501328 0.36203156055 0.42958757967 0.41203960292 0.59984978625 0.50124988539 0.54272961890 0.54761965249 0.44662539153 0.47387790485 0.89228087844 0.87503957546 2.03573916040 -243.0920572465 0.00168997996   -2 
  51 0.00000450302 0.00105437096 -22.921590908 0.15091324145 0.00441884672 0.05626067406 0.49004604897 0.42447939360 0.42456794674 0.45927139625 0.40680968935 0.40887345668 0.49668949955 0.45139369151 0.46142471391 0.45453530960 0.44110330113 0.49444942589 0.54044652802 0.55560325812 0.45954707246 0.44809817555 0.53440866999 0.40934936406 0.42533131970 0.40261259579 0.28749716689 0.49415673747 0.38581132643 0.43055340573 0.42036611162 0.35812586173 0.36203324723 0.42960230145 0.41206354558 0.59983253816 0.50125919470 0.54274820705 0.54762998314 0.44663403873 0.47387642911 0.89225288260 0.87499602656 2.03571771509 -243.0920485040 0.00090103338   -2 
  52 0.00000450302 0.00105437096 -22.921590908 0.15091324145 0.00441884672 0.05626067406 0.49004604897 0.42447939360 0.42456794674 0.45927139625 0.40680968935 0.40887345668 0.49668949955 0.45139369151 0.46142471391 0.45453530960 0.44110330113 0.49444942589 0.54044652802 0.55560325812 0.45954707246 0.44809817555 0.53440866999 0.40934936406 0.42533131970 0.40261259579 0.28749716689 0.49415673747 0.38581132643 0.43055340573 0.42036611162 0.35812586173 0.36203324723 0.42960230145 0.41206354558 0.59983253816 0.50125919470 0.54274820705 0.54762998314 0.44663403873 0.47387642911 0.89225288260 0.87499602656 2.03571771509 -243.0920485040           NAN   -8 
  53 0.00000450302 0.00105437096 -22.921590908 0.15091324145 0.00441884672 0.05626067406 0.49004604897 0.42447939360 0.42456794674 0.45927139625 0.40680968935 0.40887345668 0.49668949955 0.45139369151 0.46142471391 0.45453530960 0.44110330113 0.49444942589 0.54044652802 0.55560325812 0.45954707246 0.44809817555 0.53440866999 0.40934936406 0.42533131970 0.40261259579 0.28749716689 0.49415673747 0.38581132643 0.43055340573 0.42036611162 0.35812586173 0.36203324723 0.42960230145 0.41206354558 0.59983253816 0.50125919470 0.54274820705 0.54762998314 0.44663403873 0.47387642911 0.89225288260 0.87499602656 2.03571771509 -243.0920485040           NAN   -8 
  54 0.00000450302 0.00105437096 -22.921590908 0.15091324145 0.00441884672 0.05626067406 0.49004604897 0.42447939360 0.42456794674 0.45927139625 0.40680968935 0.40887345668 0.49668949955 0.45139369151 0.46142471391 0.45453530960 0.44110330113 0.49444942589 0.54044652802 0.55560325812 0.45954707246 0.44809817555 0.53440866999 0.40934936406 0.42533131970 0.40261259579 0.28749716689 0.49415673747 0.38581132643 0.43055340573 0.42036611162 0.35812586173 0.36203324723 0.42960230145 0.41206354558 0.59983253816 0.50125919470 0.54274820705 0.54762998314 0.44663403873 0.47387642911 0.89225288260 0.87499602656 2.03571771509 -243.0920485040 0.00090103338   -8 
-- Local optimization: reached maximum number of likelihood evaluations allowed.
-- Found new optimum with likelihood -243.092048504001298 and gradient 0.00090

---- Best joint likelihood found -243.092048504001298 with gradient 0.00090

---- Results for /scratch/40841827/tmpw2e9powm 
--  Model: C
--        eps_an     theta_bar             a 
-- 0.00000450302 0.00105437096            -1 
--           S_d             b           p_b           S_b 
-- -22.921590908 0.15091324145 0.00441884672 0.05626067406 
--           r 2           r 3           r 4           r 5           r 6           r 7           r 8           r 9          r 10          r 11          r 12          r 13          r 14          r 15          r 16          r 17          r 18          r 19          r 20          r 21          r 22          r 23          r 24          r 25          r 26          r 27          r 28          r 29          r 30          r 31          r 32          r 33          r 34          r 35          r 36          r 37          r 38          r 39 
-- 0.49004604897 0.42447939360 0.42456794674 0.45927139625 0.40680968935 0.40887345668 0.49668949955 0.45139369151 0.46142471391 0.45453530960 0.44110330113 0.49444942589 0.54044652802 0.55560325812 0.45954707246 0.44809817555 0.53440866999 0.40934936406 0.42533131970 0.40261259579 0.28749716689 0.49415673747 0.38581132643 0.43055340573 0.42036611162 0.35812586173 0.36203324723 0.42960230145 0.41206354558 0.59983253816 0.50125919470 0.54274820705 0.54762998314 0.44663403873 0.47387642911 0.89225288260 0.87499602656 2.03571771509 

---- Expected P_neut(i), 0 < i < n (neutral SFS per site) 
E[P_neut(1)] = 0.0010543665
E[P_neut(2)] = 0.0002583441
E[P_neut(3)] = 0.0001491857
E[P_neut(4)] = 0.0001119126
E[P_neut(5)] = 0.0000968481
E[P_neut(6)] = 0.0000714878
E[P_neut(7)] = 0.0000615861
E[P_neut(8)] = 0.0000654617
E[P_neut(9)] = 0.0000528817
E[P_neut(10)] = 0.0000486511
E[P_neut(11)] = 0.0000435680
E[P_neut(12)] = 0.0000387571
E[P_neut(13)] = 0.0000401024
E[P_neut(14)] = 0.0000407021
E[P_neut(15)] = 0.0000390540
E[P_neut(16)] = 0.0000302833
E[P_neut(17)] = 0.0000277918
E[P_neut(18)] = 0.0000313035
E[P_neut(19)] = 0.0000227161
E[P_neut(20)] = 0.0000224228
E[P_neut(21)] = 0.0000202144
E[P_neut(22)] = 0.0000137787
E[P_neut(23)] = 0.0000226533
E[P_neut(24)] = 0.0000169496
E[P_neut(25)] = 0.0000181586
E[P_neut(26)] = 0.0000170471
E[P_neut(27)] = 0.0000139852
E[P_neut(28)] = 0.0000136329
E[P_neut(29)] = 0.0000156194
E[P_neut(30)] = 0.0000144824
E[P_neut(31)] = 0.0000204016
E[P_neut(32)] = 0.0000165163
E[P_neut(33)] = 0.0000173413
E[P_neut(34)] = 0.0000169828
E[P_neut(35)] = 0.0000134552
E[P_neut(36)] = 0.0000138794
E[P_neut(37)] = 0.0000254267
E[P_neut(38)] = 0.0000242792
E[P_neut(39)] = 0.0000550404

---- Expected P_sel(i), 0 < i < n (selected SFS per site) 
E[P_sel(1)] = 0.0008792698
E[P_sel(2)] = 0.0001962682
E[P_sel(3)] = 0.0001069720
E[P_sel(4)] = 0.0000770491
E[P_sel(5)] = 0.0000646457
E[P_sel(6)] = 0.0000465478
E[P_sel(7)] = 0.0000392808
E[P_sel(8)] = 0.0000410225
E[P_sel(9)] = 0.0000326334
E[P_sel(10)] = 0.0000296168
E[P_sel(11)] = 0.0000262006
E[P_sel(12)] = 0.0000230512
E[P_sel(13)] = 0.0000236115
E[P_sel(14)] = 0.0000237428
E[P_sel(15)] = 0.0000225860
E[P_sel(16)] = 0.0000173737
E[P_sel(17)] = 0.0000158252
E[P_sel(18)] = 0.0000176995
E[P_sel(19)] = 0.0000127589
E[P_sel(20)] = 0.0000125152
E[P_sel(21)] = 0.0000112154
E[P_sel(22)] = 0.0000076014
E[P_sel(23)] = 0.0000124298
E[P_sel(24)] = 0.0000092522
E[P_sel(25)] = 0.0000098631
E[P_sel(26)] = 0.0000092154
E[P_sel(27)] = 0.0000075257
E[P_sel(28)] = 0.0000073039
E[P_sel(29)] = 0.0000083327
E[P_sel(30)] = 0.0000076946
E[P_sel(31)] = 0.0000107966
E[P_sel(32)] = 0.0000087070
E[P_sel(33)] = 0.0000091081
E[P_sel(34)] = 0.0000088877
E[P_sel(35)] = 0.0000070170
E[P_sel(36)] = 0.0000072137
E[P_sel(37)] = 0.0000131716
E[P_sel(38)] = 0.0000125370
E[P_sel(39)] = 0.0000283330

---- alpha_dfe = 0.008884

