---- Running command
---- ./polyDFE -d /scratch/40841830/tmpqcr44ky7 -m C -i /scratch/40841830/tmp39lw2q7g 1 -v 1 
---- Performing inference using model C

---- Performing inference on /scratch/40841830/tmpqcr44ky7
----      with -i /scratch/40841830/tmp39lw2q7g 1
---- Data /scratch/40841830/tmpqcr44ky7 does not contain divergence counts. Using option -w.
---- No mutation variability. Using Poisson likelihood.


---- Using provided initial values

-- Starting local optimization
-- Optimizing all parameters
  it        eps_an     theta_bar           S_d             b           p_b           S_b           r 2           r 3           r 4           r 5           r 6           r 7           r 8           r 9          r 10          r 11          r 12          r 13          r 14          r 15          r 16          r 17          r 18          r 19          r 20          r 21          r 22          r 23          r 24          r 25          r 26          r 27          r 28          r 29          r 30          r 31          r 32          r 33          r 34          r 35          r 36          r 37          r 38          r 39           ln lk          grad status 
   0 0.00000450288   0.001050261 -26.884510000     0.1464485   0.004419742    0.05627203     0.4932568     0.4490162      0.411058     0.4293708     0.4059378     0.3950674     0.4836194     0.4412304     0.4459431     0.5171633     0.4880109      0.499798     0.5114526     0.4705895     0.3840001     0.3914661     0.4942643     0.4410675     0.4295933     0.3836019     0.3386893     0.4566943     0.4425798     0.4623484      0.424307     0.4116725     0.4906384     0.4335386     0.4045893     0.5819833     0.4816641     0.5724359     0.5396078     0.5300813       0.62822     0.8578236      0.810246      2.052769 -249.0778130862 0.64294187788   -2 
   1 0.00000450286 0.00106984087 -26.811327480 0.14689404020 0.00441959090 0.05627159307 0.46204009477 0.47153129974 0.40896678802 0.43819436737 0.42359394056 0.40462473137 0.48280843114 0.44951482247 0.44218830528 0.52148482737 0.48637855885 0.50063423124 0.51060083429 0.47856641116 0.38268729204 0.38813358515 0.49261293114 0.43809204464 0.42452188390 0.38425946489 0.34045009353 0.45362349626 0.44108519799 0.46079350383 0.43010829140 0.40957518915 0.48573272088 0.43060929013 0.39774755511 0.58678146569 0.48409394021 0.55662921166 0.54139909497 0.53272806237 0.63026664741 0.85915248082 0.79766647108 2.03840432220 -245.2351327131 1.32463309954   -2 
   2 0.00000450286 0.00105374010 -26.825447223 0.14760666594 0.00441936941 0.05627133646 0.44954048665 0.48085062252 0.40760869540 0.44203311279 0.43202032250 0.40912365435 0.48215950699 0.45342424954 0.44018173781 0.52340934567 0.48540620276 0.50088677870 0.51002312548 0.48246396243 0.38195221871 0.38639414032 0.49167725174 0.43651995046 0.42191526411 0.38453367295 0.34130089722 0.45200938969 0.44026652471 0.45994176124 0.43301467758 0.40846657018 0.48320288729 0.42908098479 0.39427593812 0.58913419647 0.48527223296 0.54871341569 0.54224204756 0.53401170210 0.63122146567 0.85968026725 0.79126149400 2.03070767963 -243.6514564197 0.44078617288   -2 
   3 0.00000450281 0.00104937474 -26.656842490 0.15218949811 0.00441804932 0.05626939973 0.47526182974 0.49810509070 0.40137351516 0.46238169366 0.48509956708 0.43923849786 0.47835910390 0.48090430666 0.42676620431 0.53719409437 0.47886837829 0.50304374386 0.50617498545 0.51266660440 0.37654311320 0.37339529097 0.48490449782 0.42476368435 0.40231473451 0.38686824514 0.34829011248 0.43972639621 0.43404282085 0.45346603636 0.45698987717 0.39985059052 0.46374679798 0.41717149067 0.36744111031 0.60831628743 0.49499920372 0.48947220519 0.54924344484 0.54461618338 0.63914106164 0.86427045943 0.74273773592 1.97636246740 -238.8012961547 0.37776506821   -2 
   4 0.00000450281 0.00104247287 -26.649439733 0.15243770057 0.00441798156 0.05626931036 0.47572703351 0.49628996974 0.40178756248 0.46253950133 0.48590775112 0.44019889557 0.47848856397 0.48204762146 0.42638301522 0.53793052257 0.47874195350 0.50330569096 0.50614614898 0.51438905302 0.37631086627 0.37271445834 0.48464382301 0.42416277555 0.40122507823 0.38707884681 0.34879656761 0.43905102855 0.43372480554 0.45313517936 0.45863548525 0.39934669713 0.46259286081 0.41645296993 0.36574077233 0.60964566671 0.49571268572 0.48587932248 0.54978267897 0.54539594916 0.63975399664 0.86472190666 0.73989955268 1.97433080444 -238.6030769907 0.42090327406   -2 
   5 0.00000450279 0.00104888886 -26.297818342 0.15288661010 0.00441793169 0.05626851742 0.47955978495 0.46342735559 0.41329285585 0.45994051088 0.48246255967 0.44789045267 0.48338039980 0.49411265134 0.42479382653 0.54758122985 0.47949036710 0.50813621304 0.50769896721 0.53611813771 0.37430231945 0.36511744591 0.48274728135 0.41763544241 0.38846562921 0.39042678486 0.35592740191 0.43129596253 0.43037072343 0.44964597785 0.48109649567 0.39334761987 0.44858031207 0.40768304443 0.34436756772 0.62795015055 0.50578440805 0.44183856498 0.55761738673 0.55641166863 0.64870657811 0.87213332417 0.70557538965 1.95878290179 -236.6749019422 0.27318976077   -2 
   6 0.00000450280 0.00104427017 -26.328832753 0.15271201965 0.00441797803 0.05626865084 0.47559481859 0.47254671386 0.41092358821 0.45910827895 0.47981159277 0.44493495303 0.48280645302 0.49091547508 0.42560494276 0.54559632785 0.47969520052 0.50747174451 0.50769483179 0.53230660993 0.37470461277 0.36629388814 0.48320942500 0.41867527124 0.39027798405 0.39005636716 0.35508137140 0.43240864634 0.43088625971 0.45018210389 0.47823290472 0.39412719158 0.45038656218 0.40878091912 0.34678910619 0.62563285106 0.50462114520 0.44696114700 0.55673523302 0.55514479014 0.64768466328 0.87132159376 0.71005639531 1.96283478833 -236.4369559581 0.35945659604   -2 
   7 0.00000450280 0.00104925047 -26.318897010 0.15242909835 0.00441806181 0.05626873393 0.47323444156 0.47833048999 0.40972188466 0.45837716796 0.47748573084 0.44292181776 0.48266230166 0.48892137941 0.42626482180 0.54449459417 0.47996163929 0.50721476224 0.50782242786 0.53028777341 0.37496476014 0.36691884277 0.48353694700 0.41924202630 0.39117567105 0.38993878211 0.35476016780 0.43296869031 0.43116735464 0.45047436939 0.47704298514 0.39448792503 0.45120769232 0.40926696148 0.34775109834 0.62467909249 0.50419341879 0.44909615099 0.55642736705 0.55468149990 0.64732287036 0.87107261550 0.71211952729 1.96564890520 -236.2921574061 0.17749618692   -2 
   8 0.00000450280 0.00104473419 -26.285059259 0.15221576695 0.00441813713 0.05626877950 0.47072636539 0.48197977193 0.40896485426 0.45639701845 0.47235267038 0.43984901562 0.48288066111 0.48642021257 0.42729674083 0.54342436726 0.48050180158 0.50722905436 0.50819253952 0.52898227756 0.37518834677 0.36716607037 0.48389267014 0.41950205442 0.39131543070 0.39010398850 0.35502139102 0.43306037017 0.43126403677 0.45057457193 0.47757486630 0.39441015332 0.45102525552 0.40908385693 0.34693205057 0.62510318876 0.50461953871 0.44781351564 0.55679384135 0.55515709950 0.64771520165 0.87145052009 0.71183281318 1.96900404045 -236.1551601080 0.33082203192   -2 
   9 0.00000450281 0.00104971395 -26.188005987 0.15158569249 0.00441834871 0.05626886556 0.46744394407 0.48766258483 0.40799216996 0.45291027716 0.46312815806 0.43442249074 0.48346728455 0.48206597804 0.42927753480 0.54166750839 0.48159475334 0.50739736782 0.50897518292 0.52693850044 0.37560845442 0.36753713789 0.48457719408 0.41991838859 0.39139613363 0.39049717392 0.35565824535 0.43313165407 0.43141602814 0.45073195539 0.47899804554 0.39417890671 0.45046720565 0.40860538298 0.34503175300 0.62625556265 0.50562736398 0.44467949601 0.55765196526 0.55627758654 0.64864703406 0.87234770339 0.71075988550 1.97530698395 -235.9402083040 0.16768440581   -2 
  10 0.00000450281 0.00104570336 -26.072621740 0.15109896448 0.00441853028 0.05626890153 0.46730415366 0.48733366940 0.40737021519 0.44909985075 0.45340156522 0.42859528463 0.48404004233 0.47735893439 0.43140422639 0.53974460030 0.48275775585 0.50760073055 0.50981692030 0.52512878099 0.37597227992 0.36761718237 0.48523735460 0.42008783679 0.39088938034 0.39107779855 0.35674564752 0.43281382932 0.43139239810 0.45070614563 0.48175609629 0.39355649854 0.44906661088 0.40753754788 0.34157073675 0.62842428915 0.50731772857 0.43868152006 0.55903264790 0.55815145900 0.65014375579 0.87363341751 0.70779106162 1.98179211608 -235.7721005734 0.32819877515   -2 
  11 0.00000450281 0.00105044542 -25.948854957 0.15053692529 0.00441873233 0.05626893044 0.46815200167 0.48599194753 0.40703987150 0.44603685444 0.44545732681 0.42373696783 0.48457520745 0.47339006823 0.43328636846 0.53813311833 0.48380281796 0.50781811681 0.51058470189 0.52366200036 0.37629129104 0.36763904773 0.48582539671 0.42019851344 0.39033889178 0.39163537226 0.35780054055 0.43246923331 0.43134771419 0.45065845548 0.48446501040 0.39294141825 0.44768374465 0.40649304744 0.33825050075 0.63055010267 0.50895274026 0.43291567588 0.56036332204 0.55996314796 0.65158685544 0.87486263842 0.70483604303 1.98751963602 -235.6254504388 0.16036390141   -2 
  12 0.00000450281 0.00104725177 -25.817916260 0.15022320495 0.00441886727 0.05626887627 0.47031802573 0.47972159977 0.40693411182 0.44404931092 0.44025815880 0.41995665561 0.48466692016 0.46998950778 0.43472107546 0.53653529640 0.48453390732 0.50784775794 0.51111008011 0.52245215548 0.37644987084 0.36733188158 0.48620977301 0.41999924967 0.38924451617 0.39225528907 0.35914901139 0.43173123580 0.43107997598 0.45037799850 0.48812785054 0.39195434087 0.44556537367 0.40491795390 0.33363905209 0.63332808074 0.51105182912 0.42487085843 0.56201489869 0.56228911046 0.65335211487 0.87616753801 0.70028002681 1.99188866044 -235.4829751834 0.25747182132   -2 
  13 0.00000450282 0.00105105259 -25.728712067 0.14997733434 0.00441896517 0.05626883351 0.47165988742 0.47595935771 0.40699413384 0.44332472613 0.43817995550 0.41822067349 0.48466067228 0.46832292738 0.43542857788 0.53571073883 0.48489019454 0.50784895742 0.51136933139 0.52186627976 0.37651478446 0.36710050682 0.48639501023 0.41983336610 0.38852766765 0.39262429172 0.35997620015 0.43124473117 0.43089171907 0.45018089263 0.49040051626 0.39132811580 0.44423191007 0.40392817139 0.33079109212 0.63503817833 0.51234088439 0.41991655630 0.56302172332 0.56371750849 0.65442420850 0.87693333872 0.69740982623 1.99407820974 -235.4024962632 0.14942618386   -2 
  14 0.00000450282 0.00104813329 -25.519507378 0.14987352625 0.00441905760 0.05626857724 0.47165565558 0.46695770122 0.40709715152 0.44390468115 0.43922852196 0.41686320949 0.48368455779 0.46608203265 0.43584538944 0.53401732573 0.48489215112 0.50737650671 0.51132458595 0.52093061438 0.37632077181 0.36603584875 0.48634154979 0.41892349861 0.38609924994 0.39344436907 0.36217605007 0.42952385636 0.43007178370 0.44932367735 0.49671393477 0.38933222050 0.44014230300 0.40088878090 0.32250569173 0.63960716103 0.51581032001 0.40560461601 0.56563573478 0.56756579750 0.65714735934 0.87850288416 0.68865927417 1.99562816687 -235.2158465358 0.27631450315   -2 
  15 0.00000450281 0.00105255796 -25.400952143 0.14976787089 0.00441912063 0.05626843245 0.47135607998 0.46355223868 0.40719352462 0.44455323604 0.44062901468 0.41666752221 0.48312659064 0.46530712516 0.43588239106 0.53328434206 0.48479297429 0.50710336120 0.51122829190 0.52056589303 0.37618522690 0.36544694713 0.48625839998 0.41841174773 0.38480751773 0.39385052075 0.36331180564 0.42860170637 0.42962076817 0.44885217154 0.50000440213 0.38827527274 0.43799665164 0.39928925191 0.31821509816 0.64196237052 0.51760846128 0.39825423020 0.56697932859 0.56956101214 0.65853869777 0.87926204785 0.68408442618 1.99592340549 -235.1205711742 0.19510548624   -2 
  16 0.00000450281 0.00104940919 -25.055510517 0.15008400123 0.00441912568 0.05626781315 0.46653663071 0.46035847883 0.40685802712 0.44772339125 0.44935498308 0.41859846920 0.48054799551 0.46473086205 0.43456338925 0.53137522542 0.48351509924 0.50570590682 0.51014176036 0.51979148181 0.37537502659 0.36318667198 0.48542111674 0.41635870726 0.38030812285 0.39490829410 0.36683675589 0.42530041819 0.42786937467 0.44702181485 0.51050960659 0.38461072290 0.43075981756 0.39384933440 0.30413337317 0.64922702976 0.52326901330 0.37448562525 0.57108906068 0.57585078753 0.66270408457 0.88104003699 0.66881451895 1.99256361278 -234.8380158756 0.25885312243   -2 
  17 0.00000450281 0.00105360128 -24.980532596 0.15012444313 0.00441913318 0.05626767926 0.46597877586 0.46138005865 0.40677540718 0.44838352340 0.45136090635 0.41934012242 0.48006083426 0.46496993533 0.43414420166 0.53116362271 0.48317458472 0.50541208784 0.50985782663 0.51974333696 0.37518237540 0.36272814562 0.48520010692 0.41593353734 0.37943642977 0.39507525034 0.36748087670 0.42464949387 0.42750887939 0.44664504970 0.51245221244 0.38389103547 0.42936675547 0.39279026617 0.30143347561 0.65053605485 0.52431862519 0.37000042000 0.57183577163 0.57701896615 0.66344625245 0.88128941974 0.66590513224 1.99140267573 -234.7642114669 0.20659975877   -2 
  18 0.00000450281 0.00104806785 -24.849921005 0.15073321988 0.00441899438 0.05626728945 0.46547588174 0.46933366355 0.40605730641 0.44934493865 0.45613736195 0.42209445469 0.47882815110 0.46668340818 0.43239343086 0.53113499741 0.48187737516 0.50450487972 0.50876846613 0.51989036297 0.37453412178 0.36159139171 0.48435548040 0.41482710095 0.37750571383 0.39518840864 0.36860216775 0.42313916089 0.42657801802 0.44567241031 0.51597348480 0.38225482662 0.42634347658 0.39043867853 0.29554069654 0.65271711384 0.52623671804 0.36040155933 0.57310437374 0.57916485668 0.66461684254 0.88122259125 0.65972618287 1.98614679069 -234.5643201358 0.24119171571   -2 
  19 0.00000450281 0.00105052252 -24.786796004 0.15094009171 0.00441895092 0.05626712085 0.46582691657 0.47331181262 0.40582416195 0.44973159810 0.45813588906 0.42346561888 0.47840347384 0.46766395237 0.43159293510 0.53128355713 0.48130913862 0.50414747164 0.50829374170 0.52005170654 0.37425115195 0.36112153246 0.48397927899 0.41436527970 0.37672612010 0.39520893902 0.36903039251 0.42252163982 0.42618802352 0.44526485855 0.51732024740 0.38157944368 0.42511400699 0.38947040770 0.29310514393 0.65352564336 0.52698590267 0.35648071873 0.57358843299 0.58000514535 0.66504914922 0.88113289604 0.65723684975 1.98370381858 -234.5034865938 0.06634774338   -2 
  20 0.00000450281 0.00104838654 -24.762176699 0.15128920357 0.00441885611 0.05626696674 0.46832379831 0.47624372744 0.40585376575 0.44932213963 0.45820464753 0.42508860755 0.47863315553 0.46955170138 0.43067061527 0.53220574862 0.48075514705 0.50399583432 0.50782472105 0.52064613002 0.37397328763 0.36087797017 0.48355802422 0.41408645074 0.37647850361 0.39498094474 0.36890419168 0.42225968716 0.42593966878 0.44500521607 0.51697777178 0.38126084639 0.42467346952 0.38903901171 0.29185469867 0.65309315184 0.52691075664 0.35468364243 0.57343245404 0.57993888908 0.66477992335 0.88054000242 0.65651051469 1.98053144401 -234.4724519707 0.10129488262   -2 
  21 0.00000450281 0.00104948975 -24.751257899 0.15137443033 0.00441883332 0.05626691703 0.46919900516 0.47709891847 0.40593138291 0.44918608715 0.45814044285 0.42568713546 0.47878926134  0.4702918172 0.43036435059 0.53260733715 0.48058532182 0.50397953416 0.50768184652 0.52090624638 0.37388482770 0.36081498719 0.48342022636 0.41400945794 0.37643338123 0.39489115873 0.36882902279 0.42219822940 0.42586851691 0.44493078708 0.51675354905 0.38117563869 0.42457423178 0.38892455806 0.29148166448 0.65287013140 0.52683849191 0.35417548984 0.57334433178 0.57986526975 0.66464958350 0.88031578585 0.65637808051 1.97944600608 -234.4629731877 0.04546133640   -2 
  22 0.00000450281 0.00104818083 -24.724056630 0.15179632518 0.00441871087 0.05626670444 0.47086414945 0.47734105573 0.40681415272 0.44838209757 0.45642857873 0.42861147937 0.48029617691 0.47458631375 0.42900989243 0.53534604760 0.47996679634 0.50425491417 0.50715839171 0.52271470211 0.37351238423 0.36075045231 0.48279654862 0.41384701675 0.37671450002 0.39427213593 0.36801155054 0.42224650744 0.42567976718 0.44473295144 0.51422206115 0.38106896002 0.42477092070 0.38880950381 0.29045951441 0.65075628137 0.52582464252 0.35321414360 0.57241163359 0.57878120072 0.66346310667 0.87888619102 0.65726969267 1.97415563707 -234.4339434415 0.07791813317   -2 
  23 0.00000450281 0.00104929200 -24.715022492 0.15185136872 0.00441869466 0.05626666059 0.47100581975 0.47726993534 0.40703233230 0.44826176104 0.45606441985 0.42923462982 0.48066550853 0.47554347182 0.42874298487 0.53598730253 0.47985988950 0.50434847068 0.50706846801 0.52315329707 0.37343948410 0.36075385203 0.48267128636 0.41382820005 0.37680735977 0.39413040431 0.36781092584 0.42228018408 0.42565079714 0.44470252005 0.51359391560 0.38106316957 0.42485221652 0.38880749464 0.29026032561 0.65024372891 0.52557136545 0.35306187998 0.57218478723 0.57850970537 0.66317886956 0.87856548930 0.65755230491 1.97305875529 -234.4279393671 0.04962644036   -2 
  24 0.00000450281 0.00104909622 -24.689772095 0.15199008841 0.00441865004 0.05626652721 0.46925676337 0.47589901049 0.40763254193 0.44814272610 0.45494379372 0.43083322542 0.48191747679 0.47839840022 0.42806954283 0.53810040209 0.47966198882 0.50479310946 0.50689871814 0.52472315607 0.37324152693 0.36085834745 0.48231653653 0.41385396360 0.37728914315 0.39361880578 0.36701119045 0.42251881725 0.42561991283 0.44466968782 0.51108447661 0.38114851796 0.42535079308 0.38894452512 0.28979216700 0.64825468552 0.52453206850 0.35297324741 0.57128578094 0.57739098253 0.66208098268 0.87744990631 0.65900858381 1.96988442282 -234.4103841119 0.03553436829   -2 
  25 0.00000450281 0.00104974201 -24.685152421 0.15197693146 0.00441865327 0.05626651701 0.46905223913 0.47574498467 0.40764187988 0.44818805804 0.45489979170 0.43087230274 0.48201358230 0.47856411149 0.42805157819 0.53826766932 0.47967374388 0.50485563383 0.50690783426 0.52488191024 0.37323153689 0.36088452924 0.48229585493 0.41387210985 0.37736473835 0.39356400149 0.36691252089 0.42256368607 0.42562868901 0.44467879959 0.51077548279 0.38117460211 0.42543783661 0.38898194504 0.28977424798 0.64801899828 0.52439931850 0.35302976493 0.57117550977 0.57724743232 0.66195085081 0.87733845053 0.65923693321 1.96969301388 -234.4087876356 0.03412939709   -2 
  26 0.00000450282 0.00104961490 -24.657418350 0.15188686882 0.00441867331 0.05626645132 0.46736543143 0.47447351743 0.40728243055 0.44868955016 0.45490106744 0.43035704478 0.48239731315 0.47889918604 0.42816253626 0.53905477818 0.47988031561 0.50532491839 0.50706867028 0.52590987518 0.37319583823 0.36113119603 0.48220590099 0.41405998060 0.37801666504 0.39315054468 0.36611744115 0.42296857018 0.42573624132 0.44479085362 0.50831869187 0.38143878458 0.42622774967 0.38935955189 0.28980993569 0.64617339883 0.52330823403 0.35378205628 0.57028360283 0.57606432967 0.66091856758 0.87653314814 0.66124031566 1.96894397646 -234.3990537844 0.03278716498   -2 
  27 0.00000450282 0.00105047541 -24.640782234 0.15182216116 0.00441868955 0.05626642095 0.46725055835 0.47415744320 0.40700839287 0.44891955001 0.45501029307 0.42985527367 0.48243717921 0.47872533076 0.42829483864 0.53924043519 0.48001341382 0.50554062214 0.50717282007 0.52633924654 0.37318962090 0.36127030430 0.48218116740 0.41416975298 0.37837416989 0.39293872838 0.36569193339 0.42319572134 0.42580348173 0.44486099457 0.50702754995 0.38159721274 0.42667935384 0.38958684756 0.28988693748 0.64521180469 0.52271486116 0.35428768769 0.56980261620 0.57541947028 0.66037015059 0.87613390825 0.66236436337 1.96880516325 -234.3951640351 0.06333559773   -2 
  28 0.00000450284 0.00104952361 -24.595817906 0.15169085460 0.00441871944 0.05626632218 0.46731686651 0.47338730312 0.40606761523 0.44951782038 0.45536456981 0.42812438661 0.48239433086 0.47789899122 0.42872701682 0.53960118692 0.48041166247 0.50615229804 0.50748072011 0.52755529944 0.37316627166 0.36169742985 0.48210200770 0.41450502689 0.37948672342 0.39227415663 0.36435632861 0.42390134494 0.42600928760 0.44507575670 0.50301812958 0.38209737031 0.42810503154 0.39030920980 0.29016606122 0.64221916501 0.52084487998 0.35594486271 0.56828549793 0.57338592452 0.65864571866 0.87488575718 0.66590819338 1.96846306384 -234.3833251112 0.03315280111   -2 
  29 0.00000450284 0.00105015886 -24.584752168 0.15167004245 0.00441872374 0.05626629652 0.46791362801 0.47376065262 0.40597220775 0.44947775065 0.45545359715 0.42773348166 0.48223409937 0.47748647015 0.42883947661 0.53944462331 0.48048119305 0.50621260850 0.50753531907 0.52766225101 0.37316492907 0.36178607069 0.48209494443 0.41457506860 0.37972643724 0.39213282771 0.36405815039 0.42405615806 0.42605582415 0.44512438782 0.50216658477 0.38221944033 0.42844178189 0.39048928406 0.29027513684 0.64158863567 0.52041496089 0.35641052338 0.56793838885 0.57291643607 0.65826090015 0.87463198884 0.66672608120 1.96855160054 -234.3796919717 0.05516494665   -2 
  30 0.00000450285 0.00104919220 -24.570414238 0.15168218615 0.00441871690 0.05626624809 0.46899021799 0.47456602786 0.40585510356 0.44929112425 0.45557740961 0.42708053420 0.48187307654 0.47667462473 0.42902008734 0.53904302817 0.48057224991 0.50625763557 0.50760567039 0.52773759591 0.37315899383 0.36192480015 0.48208061947 0.41468308666 0.38011656401 0.39189632029 0.36355676347 0.42430780768 0.42612891586 0.44520082991 0.50076537970 0.38242567141 0.42901041681 0.39079731683 0.29048142269 0.64055054156 0.51968527952 0.35724057567 0.56734858773 0.57211850735 0.65761176309 0.87421120824 0.66809997206 1.96874342610 -234.3738714761 0.01657831980   -2 
  31 0.00000450285 0.00104962187 -24.565027707 0.15170066741 0.00441870883 0.05626622134 0.46899052518 0.47542639517 0.40623703729 0.44892353552 0.45561984841 0.42709157873 0.48151321667 0.47606338000 0.42910534138 0.53842687510 0.48055877560 0.50609515990 0.50760294107 0.52736355375 0.37317515115 0.36196037549 0.48211472176 0.41471456285 0.38023444555 0.39183877486 0.36338099394 0.42439573153 0.42616327716 0.44523694396 0.50038792220 0.38253407572 0.42927168895 0.39096606692 0.29068235111 0.64029573538 0.51939214995 0.35781012985 0.56711913347 0.57179242385 0.65738829323 0.87414935724 0.66867118499 1.96925890940 -234.3714755243 0.03713519987   -2 
  32 0.00000450285 0.00104913897 -24.563401928 0.15172651873 0.00441869931 0.05626620398 0.46890940229 0.47590738409 0.40648528618 0.44867694150 0.45563456442 0.42712487142 0.48127652375 0.47567395472 0.42915202851 0.53801223670 0.48054075487 0.50597482800 0.50759371240 0.52709291645 0.37318503833 0.36197727163 0.48213689425 0.41472978990 0.38029792497 0.39180774835 0.36327870703 0.42444455859 0.42618268170 0.44525737471 0.50018515657 0.38260045830 0.42942943333 0.39107076785 0.29081591558 0.64016217960 0.51921665884 0.35817759258 0.56698215218 0.57159654960 0.65725816111 0.87412209090 0.66901012018 1.96959909042 -234.3700362144 0.01211201111   -2 
  33 0.00000450286 0.00104962701 -24.561724850 0.15174757627 0.00441868624 0.05626617499 0.46832434042 0.47574357837 0.40701666915 0.44832911432 0.45563057585 0.42759875452 0.48090017434 0.47510117030 0.42920537718 0.53711032617 0.48045891469 0.50561801250 0.50754755407 0.52625991221 0.37322943259 0.36196536909 0.48222832886 0.41473052027 0.38030203921 0.39184237559 0.36321878562 0.42447717897 0.42621547241 0.44529212517 0.50028823381 0.38271669416 0.42965344748 0.39126082681 0.29116149197 0.64030105200 0.51903786398 0.35897749543 0.56685716011 0.57138743457 0.65719267630 0.87428216474 0.66940020002 1.97060167690 -234.3680304342 0.02230162662   -2 
  34 0.00000450286 0.00104937054 -24.562133743 0.15175871121 0.00441868115 0.05626616773 0.46821049655 0.47564987700 0.40711032620 0.44825757113 0.45562077546 0.42771239036 0.48081765754 0.47498008208 0.42921170022 0.53690286691 0.48043464257 0.50552856960 0.50753224962 0.52605415090 0.37323910081 0.36195904412 0.48224905865 0.41472761825 0.38029617416 0.39185335478 0.36320987866 0.42448048037 0.42622148498 0.44529853888 0.50033309388 0.38274247343 0.42970115387 0.39130407568 0.29124698651 0.64034920091 0.51900169203 0.35917051577 0.56683252327 0.57134441257 0.65718373807 0.87432566484 0.66947753887 1.97083191707 -234.3675898507 0.01125352346   -2 
  35 0.00000450287 0.00104963065 -24.562339462 0.15177318499 0.00441866774 0.05626614094 0.46841789082 0.47485769069 0.40710782886 0.44820673214 0.45553760999 0.42817549584 0.48064369506 0.47474877634 0.42918936858 0.53625223505 0.48031615617 0.50516682865 0.50745106449 0.52520957402 0.37327919742 0.36190540929 0.48233585138 0.41469391983 0.38020422428 0.39193899521 0.36324655282 0.42445273750 0.42623510804 0.44531342979 0.50075929833 0.38282948929 0.42983188761 0.39145828662 0.29162608187 0.64073132767 0.51894644943 0.35996580560 0.56680899303 0.57126766893 0.65724278536 0.87458461440 0.66961461650 1.97171067407 -234.3661834055 0.01034797859   -2 
  36 0.00000450287 0.00104946071 -24.562726527 0.15177673989 0.00441866529 0.05626613687 0.46844519325 0.47480364677 0.40706791493 0.44821803510 0.45552274328 0.42820867365 0.48063910995 0.47474750487 0.42918045593 0.53620640316 0.48030039417 0.50512928445 0.50743888756 0.52512243303 0.37328229707 0.36189615665 0.48234338206 0.41468717059 0.38018732975 0.39195090095 0.36325607180 0.42444509545 0.42623466462 0.44531305438 0.50082573987 0.38283700846 0.42984018290 0.39147312426 0.29167201994 0.64078746454 0.51894712163 0.36005720750 0.56681178118 0.57126638546 0.65725607553 0.87461731659 0.66961313755 1.97178462754 -234.3660521100 0.00984533391   -2 
  37 0.00000450288 0.00104955289 -24.563013909 0.15176773486 0.00441865295 0.05626609652 0.46878979733 0.47470949259 0.40649290117 0.44847523918 0.45539101195 0.42837674734 0.48073642351 0.47494035529 0.42907437602 0.53603681649 0.48016443170 0.50484637492 0.50732801396 0.52444316540 0.37330688324 0.36179911769 0.48240388010 0.41461490701 0.37999871519 0.39207785708 0.36338393140 0.42435232634 0.42622301051 0.44530172241 0.50154895259 0.38289099128 0.42987164150 0.39158927916 0.29210157048 0.64138406728 0.51901032011 0.36087616242 0.56688365193 0.57131650368 0.65743032354 0.87494441691 0.66948647380 1.97230207484 -234.3650557287 0.00859418318   -2 
  38 0.00000450289 0.00104934640 -24.563464535 0.15176802098 0.00441864955 0.05626608721 0.46872923059 0.47478826439 0.40642509674 0.44851545834 0.45537726238 0.42836072790 0.48077145373 0.47500125605 0.42905353625 0.53606585159 0.48014599119 0.50481930660 0.50731068266 0.52437228406 0.37330862617 0.36178047509 0.48240935079 0.41460032853 0.37996080001 0.39210078191 0.36341231473 0.42433171924 0.42621854029 0.44529719599 0.50168668353 0.38289603649 0.42986655943 0.39160368769 0.29217624826 0.64149409037 0.51903153130 0.36101033384 0.56690389710 0.57133651182 0.65746799786 0.87499892849 0.66944069617 1.97233106637 -234.3648654570 0.01396846380   -2 
  39 0.00000450289 0.00104948146 -24.563464274 0.15175122597 0.00441864084 0.05626604942 0.46843370986 0.47520899853 0.40622461529 0.44867747645 0.45534856907 0.42825961575 0.48093634099 0.47527483664 0.42897725342 0.53625165598 0.48008730771 0.50474582285 0.50725214948 0.52415554174 0.37331579878 0.36170849509 0.48242965841 0.41454438293 0.37980947176 0.39219399988 0.36353237021 0.42424890285 0.42620098765 0.44527941118 0.50224224349 0.38291293978 0.42983732266 0.39165567946 0.29247076689 0.64193578790 0.51912869404 0.36152985052 0.56699484168 0.57143038446 0.65762753429 0.87521573554 0.66923906513 1.97240044960 -234.3641718711 0.00484463802   -2 
  40 0.00000450291 0.00104921408 -24.565250058 0.15176722021 0.00441861760 0.05626599120 0.46844643227 0.47538131699 0.40652426134 0.44865244702 0.45542040731 0.42795144581 0.48112513699 0.47559024903 0.42892173773 0.53673245647 0.48008663675 0.50483842658 0.50722707984 0.52428858178 0.37330951526 0.36163257878 0.48242017884 0.41448239194 0.37963305286 0.39229252417 0.36369265874 0.42414208976 0.42617061933 0.44524817636 0.50286261874 0.38290537254 0.42974432579 0.39167623771 0.29279463289 0.64240717973 0.51929282988 0.36204360792 0.56713737159 0.57159803216 0.65783595071 0.87541191436 0.66889149382 1.97209657183 -234.3636760727 0.01432865647   -2 
  41 0.00000450291 0.00104936187 -24.565460420 0.15176999950 0.00441861019 0.05626597009 0.46847512141 0.47543005091 0.40663693838 0.44864375610 0.45545096791 0.42784872288 0.48119063324 0.47569785436 0.42890644001 0.53690391897 0.48009079600 0.50487737095 0.50722210726 0.52434731648 0.37330802338 0.36160755458 0.48241754237 0.41446219325 0.37957280970 0.39232731424 0.36374975363 0.42410568554 0.42616070723 0.44523798360 0.50307833070 0.38290260298 0.42971100651 0.39168289223 0.29290805958 0.64257092231 0.51935248406 0.36222149205 0.56718917240 0.57165922499 0.65791046606 0.87548043437 0.66876862879 1.97199018841 -234.3635021968 0.00393803720   -2 
  42 0.00000450292 0.00104928546 -24.566721194 0.15179930920 0.00441859152 0.05626593032 0.46867679549 0.47522145400 0.40676654936 0.44860427578 0.45551579975 0.42780438933 0.48121674297 0.47574011093 0.42893027152 0.53708750375 0.48013701564 0.50498656035 0.50725223891 0.52455255834 0.37330874775 0.36159371905 0.48241372934 0.41445222832 0.37951855990 0.39236500593 0.36382316713 0.42407117580 0.42615306592 0.44523008433 0.50329479503 0.38289375013 0.42965764264 0.39167966255 0.29303994562 0.64272937371 0.51944361569 0.36240071595 0.56726682412 0.57175567695 0.65800752182 0.87554175256 0.66860325501 1.97182813742 -234.3633339137 0.00396736014   -2 
  43 0.00000450292 0.00104934785 -24.566599447 0.15179927154 0.00441859132 0.05626592925 0.46866932381 0.47522331045 0.40676217334 0.44860613947 0.45551761051 0.42781265778 0.48121404044 0.47573451430 0.42893396175 0.53708407099 0.48014040623 0.50499065972 0.50725550348 0.52456083946 0.37330944423 0.36159540608 0.48241447186 0.41445383467 0.37952049941 0.39236500648 0.36382365497 0.42407242280 0.42615384467 0.44523088949 0.50329149182 0.38289370068 0.42965720593 0.39167918936 0.29303983582 0.64272676366 0.51944527298 0.36239846375 0.56726827447 0.57175762637 0.65800845180 0.87554109149 0.66860309243 1.97183154712 -234.3633194573 0.00282859518   -2 
  44 0.00000450292 0.00104938783 -24.566527121 0.15182611594 0.00441857759 0.05626589797 0.46847470221 0.47521132273 0.40666271118 0.44862514354 0.45555032076 0.42797857249 0.48114589078 0.47560596692 0.42901148939 0.53702118152 0.48021419980 0.50508844479 0.50732503084 0.52476532491 0.37332168675 0.36162822027 0.48242562969 0.41448491977 0.37955366611 0.39236741256 0.36384243186 0.42409263780 0.42616738880 0.44524486755 0.50324382760 0.38288933164 0.42963758908 0.39166616956 0.29305482062 0.64268547768 0.51949200032 0.36237161582 0.56730817615 0.57181140422 0.65803858108 0.87552740675 0.66857240541 1.97186339452 -234.3632073120 0.00219002797   -2 
  45 0.00000450293 0.00104940915 -24.565627308 0.15186205777 0.00441855784 0.05626584661 0.46860424932 0.47518079177 0.40660877104 0.44862557590 0.45557083673 0.42811925711 0.48108010156 0.47547847424 0.42909236022 0.53696271959 0.48029503105 0.50520029065 0.50740331820 0.52500847732 0.37333597114 0.36166780691 0.48243785159 0.41452250582 0.37959235099 0.39237202763 0.36387034322 0.42411611956 0.42618393746 0.44526197546 0.50319435893 0.38288283098 0.42960871213 0.39164857484 0.29308227162 0.64264115694 0.51955763772 0.36234546305 0.56736410711 0.57188656793 0.65808251488 0.87551298780 0.66852321137 1.97188949146 -234.3631338745 0.00233950715   -2 
  46 0.00000450293 0.00104937611 -24.565513808 0.15186632945 0.00441855544 0.05626584058 0.46861552880 0.47517921784 0.40660689389 0.44862530726 0.45557242173 0.42813107928 0.48107464060 0.47546702729 0.42910051343 0.53695767022 0.48030346265 0.50521208984 0.50741170112 0.52503451078 0.37333767248 0.36167234517 0.48243935678 0.41452684522 0.37959678952 0.39237271647 0.36387376430 0.42411887889 0.42618594611 0.44526405549 0.50318916503 0.38288214557 0.42960537966 0.39164659183 0.29308578201 0.64263654396 0.51956553917 0.36234267702 0.56737087468 0.57189560787 0.65808793125 0.87551179517 0.66851748044 1.97189322766 -234.3631293543 0.00121438082   -2 
  47 0.00000450294 0.00104934349 -24.561086232 0.15189620512 0.00441852972 0.05626576476 0.46867842615 0.47525755946 0.40673233540 0.44863391363 0.45558580756 0.42815510016 0.48108671531 0.47543896010 0.42917255005 0.53695975445 0.48038757197 0.50533053159 0.50750215300 0.52529668521 0.37336413371 0.36173030392 0.48246653205 0.41458391287 0.37965349873 0.39238920876 0.36392416544 0.42415765126 0.42621692117 0.44529624909 0.50314564396 0.38287831635 0.42956795586 0.39162633337 0.29314007478 0.64260120020 0.51967522122 0.36231724697 0.56746673075 0.57202077687 0.65816934674 0.87551906627 0.66845111728 1.97199304867 -234.3630938451 0.00165550021   -2 
  48 0.00000450294 0.00104932335 -24.561334461 0.15189419592 0.00441853133 0.05626576914 0.46866623221 0.47524986630 0.40672213630 0.44863434127 0.45558523585 0.42815049227 0.48108843379 0.47544509342 0.42916627859 0.53696199462 0.48038069564 0.50532073968 0.50749511033 0.52527482779 0.37336258825 0.36172635484 0.48246511212 0.41458011035 0.37964970196 0.39238847308 0.36392100594 0.42415525730 0.42621512616 0.44529438953 0.50314961955 0.38287888811 0.42957089761 0.39162802620 0.29313679018 0.64260473621 0.51966811205 0.36231934311 0.56746062117 0.57201265247 0.65816434941 0.87551976535 0.66845630734 1.97198897332 -234.3630909683 0.00133137103   -2 
  49 0.00000450294 0.00104935234 -24.561212691 0.15188751262 0.00441853448 0.05626577395 0.46861553514 0.47522884865 0.40669735369 0.44864207435 0.45558758264 0.42812889351 0.48110534440 0.47547830225 0.42914871623 0.53697902059 0.48036304631 0.50529476921 0.50747836836 0.52521485169 0.37336134204 0.36171923737 0.48246514113 0.41457375106 0.37964317167 0.39238932969 0.36391664383 0.42415229897 0.42621362264 0.44529286714 0.50316255816 0.38288175498 0.42957871271 0.39163302171 0.29313272852 0.64261755654 0.51965678371 0.36232529302 0.56745151872 0.57199962093 0.65815808711 0.87552798247 0.66847000691 1.97199768130 -234.3630828186 0.00085679565   -2 
  50 0.00000450294 0.00104933775 -24.561010544 0.15188675195 0.00441853436 0.05626577229 0.46860546977 0.47522431580 0.40669327478 0.44864424347 0.45558815857 0.42812055730 0.48111198534 0.47549002664 0.42914417079 0.53698553609 0.48035895302 0.50528870164 0.50747492224 0.52520081621 0.37336179849 0.36171860482 0.48246608351 0.41457337860 0.37964274106 0.39239028975 0.36391690998 0.42415259565 0.42621420758 0.44529349263 0.50316601422 0.38288271462 0.42958027137 0.39163416803 0.29313338305 0.64262125482 0.51965666449 0.36232667839 0.56745172038 0.57199945124 0.65815882001 0.87553142292 0.66847269379 1.97200404320 -234.3630814871 0.00103261492   -2 
  51 0.00000450294 0.00104935226 -24.559820373 0.15188448985 0.00441853296 0.05626576291 0.46858663412 0.47521480877 0.40668631182 0.44865250679 0.45559088120 0.42808934892 0.48113837969 0.47553443704 0.42912994708 0.53701130209 0.48034708518 0.50527076198 0.50746588896 0.52515846203 0.37336502034 0.36171906255 0.48247128941 0.41457484021 0.37964393989 0.39239505048 0.36392062896 0.42415581516 0.42621819703 0.44529771122 0.50317780995 0.38288642722 0.42958466414 0.39163779240 0.29313890919 0.64263443798 0.51966190238 0.36233104816 0.56745753859 0.57200529180 0.65816605292 0.87554582004 0.66848012208 1.97203461191 -234.3630771961 0.00093832637   -2 
  52 0.00000450294 0.00104933020 -24.558948945 0.15188486762 0.00441853105 0.05626575498 0.46858583262 0.47521179193 0.40668524854 0.44865614630 0.45559179744 0.42806974562 0.48115437479 0.47556145584 0.42912179823 0.53702735619 0.48034066087 0.50526105925 0.50746143770 0.52513555957 0.37336760905 0.36172048255 0.48247513588 0.41457690352 0.37964585931 0.39239855420 0.36392421572 0.42415873168 0.42622148815 0.44530118198 0.50318482999 0.38288881876 0.42958674377 0.39163976290 0.29314398958 0.64264252008 0.51966783967 0.36233349334 0.56746354494 0.57201198565 0.65817265744 0.87555552836 0.66848356322 1.97205572746 -234.3630750965 0.00119675818   -2 
  53 0.00000450294 0.00104933771 -24.557233420 0.15188612487 0.00441852709 0.05626573896 0.46859818206 0.47521213708 0.40668782177 0.44866140082 0.45559336335 0.42803886693 0.48118030048 0.47560503145 0.42910967758 0.53705398485 0.48033156795 0.50524708834 0.50745570955 0.52510180733 0.37337264697 0.36172410103 0.48248234791 0.41458163002 0.37965033196 0.39240504652 0.36393152687 0.42416461969 0.42622789421 0.44530792880 0.50319636987 0.38289299716 0.42958971900 0.39164288706 0.29315410181 0.64265606537 0.51968045474 0.36233739456 0.56747601359 0.57202624239 0.65818590254 0.87557268199 0.66848838920 1.97209394837 -234.3630715932 0.00091509673   -2 
  54 0.00000450294 0.00104931277 -24.556106169 0.15188899310 0.00441852350 0.05626572633 0.46861214655 0.47521592479 0.40669231610 0.44866258682 0.45559366306 0.42802382946 0.48119295016 0.47562685823 0.42910405404 0.53706805577 0.48032771195 0.50524102278 0.50745378573 0.52508655961 0.37337609533 0.36172723641 0.48248704876 0.41458542493 0.37965400554 0.39240933343 0.36393694647 0.42416889349 0.42623238333 0.44531265141 0.50320283259 0.38289556237 0.42959093757 0.39164451658 0.29316157063 0.64266387438 0.51969024712 0.36233949792 0.56748546475 0.57203733489 0.65819555528 0.87558339041 0.66849026667 1.97211748206 -234.3630696363 0.00107237818   -2 
  55 0.00000450295 0.00104931661 -24.554301873 0.15189385775 0.00441851762 0.05626570483 0.46863669928 0.47522596856 0.40670198879 0.44866353666 0.45559448617 0.42800754552 0.48120817805 0.47565325825 0.42909838754 0.53708623401 0.48032441401 0.50523533811 0.50745302130 0.52507057153 0.37338153067 0.36173270205 0.48249427852 0.41459183981 0.37966024012 0.39241588804 0.36394564198 0.42417576064 0.42623946092 0.44532009182 0.50321171806 0.38289936937 0.42959231920 0.39164673332 0.29317343691 0.64267485282 0.51970621237 0.36234235351 0.56750074937 0.57205543465 0.65821093286 0.87559917735 0.66849226652 1.97215241269 -234.3630669987 0.00087408469   -2 
  56 0.00000450295 0.00104928505 -24.552291330 0.15190178317 0.00441850974 0.05626567735 0.46865587136 0.47523922131 0.40671455746 0.44866293619 0.45559552769 0.42799942652 0.48121837084 0.47567169659 0.42909611891 0.53710105305 0.48032424030 0.50523389477 0.50745503584 0.52506284350 0.37338777433 0.36173969137 0.48250232002 0.41459981008 0.37966805230 0.39242323418 0.36395597938 0.42418391307 0.42624770093 0.44532875030 0.50322034526 0.38290351448 0.42959322212 0.39164886863 0.29318755135 0.64268587203 0.51972556859 0.36234511524 0.56751911597 0.57207740616 0.65822908240 0.87561607012 0.66849337909 1.97218922013 -234.3630644144 0.00139835345   -2 
  57 0.00000450296 0.00104928940 -24.548251291 0.15191706623 0.00441849426 0.05626562308 0.46868510710 0.47526637833 0.40673998103 0.44866262445 0.45559912848 0.42799253156 0.48123391002 0.47569960106 0.42909550547 0.53712616214 0.48032719867 0.50523543150 0.50746163070 0.52505601757 0.37340015295 0.36175393475 0.48251812976 0.41461592292 0.37968383684 0.39243758497 0.36397639355 0.42420013409 0.42626398497 0.44534585727 0.50323634913 0.38291162020 0.42959483366 0.39165297611 0.29321529669 0.64270660936 0.51976391264 0.36235030580 0.56755546417 0.57212094354 0.65826489047 0.87564857225 0.66849526768 1.97226058101 -234.3630597828 0.00137472102   -2 
  58 0.00000450297 0.00104923512 -24.541917317 0.15194360436 0.00441846862 0.05626553554 0.46870331530 0.47530120409 0.40677589450 0.44866326547 0.45560644341 0.42799443900 0.48125117924 0.47573058971 0.42909982906 0.53715902997 0.48033630272 0.50524381446 0.50747549306 0.52505684430 0.37341974265 0.36177701387 0.48254293221 0.41464187555 0.37970931166 0.39246014087 0.36400877978 0.42422604001 0.42628986309 0.44537304278 0.50326041760 0.38292448276 0.42959729620 0.39165946625 0.29325942613 0.64273822393 0.51982496930 0.36235831537 0.56761331867 0.57219028598 0.65832172261 0.87569907948 0.66849809504 1.97237043111 -234.3630526483 0.00208013041   -2 
  59 0.00000450299 0.00104923956 -24.532707744 0.15198039887 0.00441843228 0.05626541006 0.46871463733 0.47534403870 0.40682277996 0.44866779116 0.45561974328 0.42800641981 0.48127257997 0.47576717033 0.42911029999 0.53720209614 0.48035294566 0.50526039727 0.50749812581 0.52506618288 0.37344782828 0.36181025129 0.48257843967 0.41467919290 0.37974591423 0.39249230360 0.36405482076 0.42426317791 0.42632689020 0.44541193962 0.50329427294 0.38294308260 0.42960129392 0.39166906913 0.29332211307 0.64278295912 0.51991172668 0.36236985632 0.56769561756 0.57228881053 0.65840262365 0.87577089792 0.66850302269 1.97252731510 -234.3630428470 0.00191509120   -2 
  60 0.00000450301 0.00104917080 -24.520343418 0.15203159860 0.00441838245 0.05626523933 0.46870060311 0.47537763453 0.40687035161 0.44867877568 0.45564051948 0.42803535324 0.48129505355 0.47580254312 0.42913050897 0.53725179031 0.48038029299 0.50528918757 0.50753218386 0.52509096608 0.37348519137 0.36185470998 0.48262554140 0.41472905298 0.37979488675 0.39253505641 0.36411577272 0.42431284823 0.42637635519 0.44546390563 0.50333873003 0.38296843077 0.42960766710 0.39168262883 0.29340552656 0.64284210663 0.52002660727 0.36238564063 0.56780479458 0.57241929163 0.65851002740 0.87586627251 0.66851149987 1.97273479166 -234.3630297538 0.00255312829   -2 
  61 0.00000450303 0.00104920092 -24.511767769 0.15206478623 0.00441834907 0.05626512329 0.46868593749 0.47538693055 0.40689213996 0.44869110487 0.45565743500  0.4280624021 0.48130800330 0.47581930904 0.42914835719 0.53728095853 0.48040223568 0.50531297647 0.50755775939 0.52511534244 0.37351022483 0.36188445949 0.48265709596 0.41476242434 0.37982766522 0.39256364292 0.36415605827 0.42434618241 0.42640953359 0.44549876461 0.50336837673 0.38298596125 0.42961311791 0.39169252626 0.29346086948 0.64288176652 0.52010238415 0.36239670745 0.56787704804 0.57250536358 0.65858131442 0.87593009701 0.66851931679 1.97287400192 -234.3630171132 0.00240819699   -2 
  62 0.00000450305 0.00104913316 -24.498146349 0.15211943762 0.00441829519 0.05626493712 0.46865350158 0.47537010135 0.40690151833 0.44871614255 0.45568615150 0.42811532868 0.48132254476 0.47583095818 0.42918276299 0.53731652213 0.48044175303 0.50535700679 0.50760144496 0.52516652991 0.37354863966 0.36193016277 0.48270540004 0.41481372490  0.3798782219 0.39260772027 0.36421742964 0.42439784416 0.42646097041 0.44555282772 0.50341401522 0.38301425550 0.42962383950 0.39170948099 0.29354622799 0.64294323485 0.52021774434 0.36241492980 0.56798751165 0.57263644893 0.65869061526 0.87602873324 0.66853561279 1.97308700949 -234.3629988020 0.00252835237   -2 
  63 0.00000450307 0.00104914970 -24.486847244 0.15216232451 0.00441825174 0.05626478559 0.46863683410 0.47534936717 0.40689958689 0.44873960229 0.45571077568 0.42816173569 0.48133309315 0.47583513392 0.42921356990 0.53734116093 0.48047612281 0.50539569633 0.50763845608 0.52521369042 0.37357917789 0.36196637034 0.48274380783 0.41485441922 0.37991837460 0.39264283713 0.36426570527 0.42443907803 0.42650204734 0.44559601378 0.50345054891 0.38303757973 0.42963395432 0.39172410193 0.29361385626 0.64299261233 0.52030831310 0.36243021700 0.56807456041 0.57273938454 0.65877703441 0.87610762621 0.66855143310 1.97325703034 -234.3629876574 0.00156177012   -2 
  64 0.00000450309 0.00104910866 -24.474813417 0.15220770689 0.00441820588 0.05626462509 0.46864301453 0.47531597608 0.40687573456 0.44876602495 0.45573534008 0.42821218206 0.48134016404 0.47582756336 0.42924982773 0.53735572408 0.48051491672 0.50544031598 0.50767856826 0.52527290246 0.37360865107 0.36200112362 0.48278079331 0.41489362649 0.37995733600 0.39267723332 0.36431164807 0.42447966334 0.42654258459 0.44563867115 0.50348685159 0.38306244998 0.42964767971 0.39174120443 0.29367999389 0.64304207254 0.52039428268 0.36244723007 0.56815797794 0.57283717534 0.65886044712 0.87618575879 0.66857391592 1.97342194431 -234.3629788163 0.00165798431   -2 
  65 0.00000450310 0.00104912409 -24.469773952 0.15222506337 0.00441818763 0.05626455991 0.46865605135 0.47530485139 0.40686134922 0.44877705997 0.45574474469 0.42823196149 0.48134247387 0.47582144470 0.42926565711 0.53735806772 0.48053141404 0.50545956757 0.50769512373 0.52529993749 0.37361953025 0.36201379344 0.48279444783 0.41490800231 0.37997172020 0.39269013004 0.36432819148 0.42449493190 0.42655788876 0.44565479194 0.50350079258 0.38307270028 0.42965463054 0.39174891835 0.29370455066 0.64306120506 0.52042507282 0.36245456907 0.56818824288 0.57287223028 0.65889103646 0.87621548334 0.66858560614 1.97348355215 -234.3629746807 0.00148359855   -2 
  66 0.00000450312 0.00104908436 -24.461899847 0.15225196885 0.00441815941 0.05626445882 0.46868755746 0.47529269317 0.40683105858 0.44879232445 0.45575643417 0.42825898046 0.48134426127 0.47580610649 0.42929110310 0.53735425132 0.48055727313 0.50549035416 0.50772028392 0.52534619074 0.37363382656 0.36203016759 0.48281234840 0.41492676562 0.37999077673 0.39270764488 0.36434928699 0.42451579856 0.42657893604 0.44567700175 0.50352043542 0.38308865494 0.42966791504 0.39176220795 0.29373776022 0.64308845808 0.52046406742 0.36246665928 0.56822742833 0.57291670830 0.65893131781 0.87625675488 0.66860845381 1.97356571565 -234.3629685445 0.00120124497   -2 
  67 0.00000450312 0.00104909578 -24.458002183 0.15226319732 0.00441814660 0.05626441138 0.46870509845 0.47529554143 0.40681671123 0.44879857087 0.45576065796 0.42826876212 0.48134521012 0.47579706707 0.42930351525 0.53734900229 0.48056961170 0.50550533483 0.50773187969 0.52537028773 0.37363899807 0.36203578496 0.48281885024 0.41493336350 0.37999764737 0.39271434487 0.36435619508 0.42452383980 0.42658714562 0.44568569307 0.50352858087 0.38309632454 0.42967605360 0.39176950839 0.29375002304 0.64309994769 0.52047651492 0.36247295107 0.56824068429 0.57293095883 0.65894555663 0.87627327771 0.66862273678 1.97359712952 -234.3629656458 0.00138865997   -2 
  68 0.00000450313 0.00104905161 -24.449877194 0.15228626532 0.00441812021 0.05626431334 0.46873447253 0.47531089252 0.40678841208 0.44880836367 0.45576637456 0.42828336295 0.48134676061 0.47577612899 0.42932871079 0.53733324766 0.48059437538 0.50553591058 0.50775467728 0.52542201563 0.37364719193 0.36204415634 0.48282917090 0.41494351906 0.38000859931 0.39272574881 0.36436594314 0.42453765074 0.42660143269 0.44570087287 0.50354356926 0.38311222579 0.42969536993 0.39178593437 0.29377037595 0.64312141131 0.52049348442 0.36248671111 0.56826033135 0.57295051267 0.65896786483 0.87630291584 0.66865693055 1.97364981452 -234.3629598091 0.00127344012   -2 
  69 0.00000450315 0.00104906123 -24.442275422 0.15230482351 0.00441809708 0.05626422598 0.46874787753 0.47533397576 0.40677181199 0.44881537709 0.45577027647 0.42829152750 0.48134967717 0.47575865874 0.42935066562 0.53731745444 0.48061593866 0.50556281439 0.50777429257 0.52546924071 0.37365260475 0.36204896200 0.48283611608 0.41494975358 0.38001565391 0.39273398925 0.36437066439 0.42454769983 0.42661201928 0.44571217451 0.50355571728 0.38312676036 0.42971532721 0.39180217583 0.29378392638 0.64313906588 0.52050072987 0.36249998458 0.56827098110 0.57295901452 0.65898161324 0.87632593167 0.66869239886 1.97368906093 -234.3629577229 0.00195717737   -2 
  70 0.00000450316 0.00104900455 -24.433854958 0.15232563869 0.00441807134 0.05626412893 0.46874572304 0.47535997091 0.40676119587 0.44882028148 0.45577273106 0.42829587860 0.48135344182 0.47574106468 0.42937316750 0.53729934290 0.48063814922 0.50559084704 0.50779443169 0.52552014177 0.37365694114 0.36205209220 0.48284179430 0.41495430285 0.38002120222 0.39274141398 0.36437276793 0.42455683518 0.42662183203 0.44572270317 0.50356790935 0.38314279871 0.42973902250 0.39182101806 0.29379523864 0.64315701239 0.52050265037 0.36251519961 0.56827736013 0.57296151974 0.65899190045 0.87634825343 0.66873462646 1.97372505156 -234.3629516397 0.00184414573   -2 
  71 0.00000450319 0.00104899858 -24.415814128 0.15236620626 0.00441801815 0.05626392606 0.46872548504 0.47541225746 0.40675675668 0.44882901796 0.45577794074 0.42829994596 0.48136449559 0.47571115935 0.42941759081 0.53726477065 0.48068248275 0.50564694213 0.50783482677 0.52562338927 0.37366431175 0.36205609935 0.48285179981 0.41496113442 0.38003006337 0.39275500863 0.36437312773 0.42457358777 0.42664009641 0.44574237475 0.50359226105 0.38317657808 0.42979122197 0.39186198704 0.29381361110 0.64319307944 0.52049846089 0.36254806876 0.56828352603 0.57295743818 0.65900710977 0.87639156703 0.66882767278 1.97379515531 -234.3629395146 0.00164506378   -2 
  72 0.00000450319 0.00104896354 -24.413858891 0.15237104033 0.00441801210 0.05626390402 0.46871711130 0.47540655433 0.40676506334 0.44882785239 0.45577780681 0.42829738083 0.48136655689 0.47571285585 0.42941925539 0.53726427485 0.48068462946 0.50564983091 0.50783710377 0.52562982923 0.37366414939 0.36205522265 0.48285180838 0.41496046150 0.38002954945 0.39275535200 0.36437117061 0.42457402916 0.42664073832 0.44574311170 0.50359405066 0.38318002155 0.42979763684 0.39186682784 0.29381278797 0.64319584340 0.52049401602 0.36255192509 0.56828061699 0.57295245521 0.65900552434 0.87639408187 0.66883907996 1.97379941920 -234.3629349266 0.00195891561   -2 
  73 0.00000450322 0.00104897061 -24.395562796 0.15240815496 0.00441795916 0.05626370410 0.46864543055 0.47531963396 0.40687934911 0.44881484523 0.45577889020 0.42826634452 0.48139239127 0.47575337326 0.42942247170 0.53727865540 0.48069439389 0.50566372497 0.50785043260 0.52566754969 0.37365994702 0.36204307110 0.48284924071 0.41494985944 0.38001978270 0.39275464373 0.36434623646 0.42457319343 0.42664179623 0.44574480655 0.50360764473 0.38321036869 0.42985859581 0.39191220234 0.29379378017 0.64321721623 0.52043882409 0.36258799662 0.56824087971 0.57289026407 0.65897937955 0.87640982225 0.66894729174 1.97383371041 -234.3629007571 0.00112476657   -2 
  74 0.00000450322 0.00104897177 -24.396580655 0.15240765979 0.00441796055 0.05626371108 0.46871668421 0.47534581915 0.40684448619 0.44881246411 0.45577573857 0.42826615537 0.48138745731 0.47576267080 0.42940890363 0.53729035311 0.48068170837 0.50564791937 0.50783976130 0.52563985377 0.37365755050 0.36204043526 0.48284662801 0.41494675841 0.38001598313 0.39275093593 0.36434218690 0.42456859096 0.42663706766 0.44573981285 0.50360337608 0.38320639884 0.42985467784 0.39190908816 0.29378456827 0.64321109886 0.52043087838 0.36258589187 0.56823278154 0.57288109823 0.65897143683 0.87640138016 0.66893978025 1.97382401141 -234.3628894622 0.00103178989   -2 
  75 0.00000450322 0.00104895594 -24.396591690 0.15240801519 0.00441796020 0.05626371020 0.46871944851 0.47534753383 0.40684124312 0.44881204583 0.45577532857 0.42826582812 0.48138699951 0.47576455786 0.42940677486 0.53729237374 0.48067976624 0.50564550142 0.50783816028 0.52563568960 0.37365710290 0.36203985793 0.48284616756 0.41494611872  0.3800152257 0.39275029150 0.36434121636 0.42456778966 0.42663626292 0.44573896885 0.50360279035 0.38320603502 0.42985465693 0.39190903635 0.29378272805 0.64321027761 0.52042889670 0.36258591462 0.56823094313 0.57287882773 0.65896977835 0.87640012652 0.66893965206 1.97382267901 -234.3628884489 0.00076636577   -2 
  76 0.00000450323 0.00104897620 -24.393251179 0.15241185639 0.00441794616 0.05626365303 0.46870270898 0.47538356785 0.40678440862 0.44880861445 0.45577236215 0.42825750332 0.48138424164 0.47583772544 0.42934262142 0.53736647835 0.48062230705 0.50557287524 0.50779174438 0.52550775254 0.37364354316 0.36202042032 0.48283343589 0.41492509254 0.37998978408 0.39273002844 0.36430588408 0.42454224131 0.42661077647 0.44571232825 0.50358715064 0.38319927572 0.42986441148 0.39191513060 0.29371714466 0.64318847026 0.52035494760 0.36259286583 0.56816438678 0.57279408499 0.65891192379 0.87636530431 0.66895389427 1.97380166434 -234.3628710653 0.00075214738   -2 
  77 0.00000450323 0.00104895778 -24.392548613 0.15241202493 0.00441794355 0.05626364172 0.46869475805 0.47537191301 0.40678735985 0.44880704559 0.45577108390 0.42825581121 0.48138337221 0.47584256745 0.42933610064 0.53737194667 0.48061600918 0.50556485652 0.50778622168 0.52549317425 0.37364141214 0.36201738258 0.48283138307 0.41492182211 0.37998583292 0.39272688344 0.36430024713 0.42453830169 0.42660683549 0.44570821145 0.50358474538 0.38319835461 0.42986624715 0.39191632698 0.29370631483 0.64318519042 0.52034310123 0.36259418413 0.56815379780 0.57278050721 0.65890281604 0.87636003968 0.66895675546 1.97379775472 -234.3628689996 0.00154884086   -2 
  78 0.00000450324 0.00104898450 -24.389313761 0.15241035832 0.00441793297 0.05626359316 0.46866548187 0.47531780837 0.40680826620 0.44880127014 0.45576639175 0.42824946756 0.48138035992 0.47585827958 0.42931256034 0.53739057612 0.48059277729 0.50553506660 0.50776541769 0.52543800993 0.37363292001 0.36200515296 0.48282328776 0.41490868374 0.37996984806 0.39271420003 0.36427720462 0.42452238956 0.42659089858 0.44569156614 0.50357515663 0.38319480449 0.42987416069 0.39192154136 0.29366144873 0.64317215498 0.52029449338 0.36259986266 0.56811044374 0.57272478015 0.65886570466 0.87633903077 0.66896911912 1.97378322624 -234.3628605260 0.00048705073   -2 
  79 0.00000450324 0.00104898957 -24.387737977 0.15240955707 0.00441792757 0.05626356985 0.46866017396 0.47529795025 0.40681862663 0.44879722071 0.45576288664 0.42824589313 0.48137776131 0.47585878443 0.42930492418 0.53739261837 0.48058455421 0.50552458732 0.50775741906 0.52541844337 0.37362894946 0.36199960758 0.48281932743 0.41490271174 0.37996266077 0.39270841861 0.36426682872 0.42451520064 0.42658368054 0.44568402880 0.50357063127 0.38319308899 0.42987754607 0.39192377019 0.29364080648 0.64316607783 0.52027266023 0.36260237433 0.56809094981 0.57269975383 0.65884903154 0.87632932983 0.66897439797 1.97377445923 -234.3628596053 0.00062048640   -2 
  80 0.00000450324 0.00104897181 -24.386827076 0.15240943570 0.00441792392 0.05626355618 0.46866449412 0.47529505905 0.40682271229 0.44879360571 0.45575955496 0.42824320596 0.48137498304 0.47585256571 0.42930372758 0.53738731803 0.48058235223 0.50552191605 0.50775449415 0.52541344110 0.37362666758 0.36199662930 0.48281684914 0.41489948374 0.37995887594 0.39270527521 0.36426138374 0.42451136659 0.42657981260 0.44567999135 0.50356797286 0.38319200612 0.42987903570 0.39192474023 0.29362951376 0.64316258773 0.52026129150 0.36260358816 0.56808076126 0.57268671828 0.65884028817 0.87632386644 0.66897672927 1.97376710857 -234.3628584175 0.00114417074   -2 
  81 0.00000450325 0.00104897452 -24.382782145 0.15240751779 0.00441790835 0.05626349604 0.46869101623 0.47529404906 0.40683860309 0.44877876149 0.45574555910 0.42823219484 0.48136301297 0.47582116776 0.42930226259 0.53735972355 0.48057605127 0.50551444011 0.50774430370 0.52539889822 0.37361727994 0.36198447095 0.48280654931 0.41488629708 0.37994341521 0.39269236153 0.36423902701 0.42449565816 0.42656393312 0.44566341240 0.50355693017 0.38318746534 0.42988505656 0.39192867632 0.29358228260 0.64314816476 0.52021456637 0.36260860499 0.56803888737 0.57263312489 0.65880441054 0.87630143925 0.66898611128 1.97373538631 -234.3628535151 0.00052076414   -2 
  82 0.00000450326 0.00104895946 -24.379518464 0.15240651640 0.00441789403 0.05626344170 0.46869127697 0.47530951127 0.40683844511 0.44876948562 0.45573556803 0.42822424904 0.48135308487 0.47578951135 0.42930680839 0.53732962607 0.48057610279 0.50551521749 0.50773999087 0.52540019191 0.37361008419 0.36197553445 0.48279830870 0.41487655109 0.37993209603 0.39268263365 0.36422256880 0.42448397657 0.42655204175 0.44565099512 0.50354811351 0.38318355044 0.42988868326 0.39193102400 0.29354530647 0.64313680853 0.52018022107 0.36261205378 0.56800800947 0.57259372168 0.65877796851 0.87628414678 0.66899159284 1.97370652611 -234.3628513627 0.00077852597   -2 
  83 0.00000450327 0.00104897016 -24.378747956 0.15240614126 0.00441789054 0.05626342874 0.46868889936 0.47531377464 0.40683682958 0.44876817067 0.45573385647 0.42822280712 0.48135108426 0.47578226605 0.42930849490 0.53732241990 0.48057677397 0.50551625472 0.50773957287 0.52540212697 0.37360855136 0.36197367090 0.48279652010 0.41487451209 0.37992972457 0.39268055607 0.36421908435 0.42448149902 0.42654950343 0.44564834358 0.50354616374 0.38318263908 0.42988934650 0.39193145214 0.29353703652 0.64313432257 0.52017293134 0.36261276344 0.56800144735 0.57258535164 0.65877236827 0.87628045136 0.66899257379 1.97370001416 -234.3628507271 0.00053427806   -2 
  84 0.00000450327 0.00104896468 -24.376837537 0.15240640671 0.00441787968 0.05626339026 0.46866771787 0.47532322926 0.40682356483 0.44876748306 0.45573125284 0.42822013700 0.48134643254 0.47576349282 0.42931518335 0.53730204967 0.48058099830 0.50552238359 0.50774066941 0.52541445456 0.37360489321 0.36196953472 0.48279199695 0.41486993320 0.37992448573 0.39267571405 0.36421133714 0.42447585175 0.42654364090 0.44564221511 0.50354117124 0.38318002483 0.42988998301 0.39193182144 0.29351654556 0.64312807670 0.52015677691 0.36261405529 0.56798679568 0.57256678305 0.65875983855 0.87627153874 0.66899338422 1.97368098581 -234.3628492344 0.00038283277   -2 
  85 0.00000450327 0.00104897211 -24.376686027 0.15240655455 0.00441787840 0.05626338652 0.46866633852 0.47532227803 0.40682124113 0.44876810797 0.45573161231 0.42822028112 0.48134636384 0.47576267397 0.42931607540 0.53730065407 0.48058182311 0.50552355551 0.50774125940 0.52541697101 0.37360472770 0.36196942824 0.48279172999 0.41486980027 0.37992435158 0.39267551358 0.36421111439 0.42447565210 0.42654341015 0.44564197217 0.50354083818 0.38317977036 0.42988975120 0.39193165746 0.29351525438 0.64312769256 0.52015631983 0.36261400989 0.56798635050 0.57256624968 0.65875946635 0.87627109229 0.66899299754 1.97367950425 -234.3628490289 0.00040215156   -2 
  86 0.00000450328 0.00104897345 -24.375705567 0.15240989657 0.00441786635 0.05626335060 0.46865527306 0.47530519088 0.40679754006 0.44877437123 0.45573568691 0.42822213230 0.48134633466 0.47575897892 0.42932374773 0.53729059622 0.48058959624 0.50553479934 0.50774740450 0.52544221769 0.37360379033 0.36196941054 0.48278977329 0.41486959262 0.37992441660 0.39267463245 0.36421105204 0.42447505775 0.42654252508 0.44564102726 0.50353834589 0.38317747376 0.42988652312 0.39192938355 0.29350692516 0.64312494819 0.52015640700 0.36261287445 0.56798601920 0.57256626879 0.65875915899 0.87626827618 0.66898756523 1.97366567113 -234.3628477426 0.00020064294   -2 
  87 0.00000450328 0.00104897947 -24.375452244 0.15241138636 0.00441786211 0.05626333632 0.46866020885 0.47530295946 0.40679507778 0.44877509014 0.45573658232 0.42822271201 0.48134661709 0.47576017266 0.42932541856 0.53728966113 0.48059178044 0.50553812461 0.50774953280 0.52545054731 0.37360382218 0.36196993339 0.48278946441 0.41487008765 0.37992514835 0.39267487154 0.36421210470 0.42447554561 0.42654291027 0.44564142295 0.50353785773 0.38317672292 0.42988485795 0.39192820517 0.29350582493 0.64312451415 0.52015874499 0.36261210952 0.56798794587 0.57256892647 0.65876075780 0.87626840793 0.66898485807 1.97366197000 -234.3628475044 0.00049287524   -2 
  88 0.00000450329 0.00104897190 -24.374937760 0.15241511378 0.00441785239 0.05626330388 0.46867067744 0.47529856784 0.40679065138 0.44877613286 0.45573823151 0.42822382394 0.48134713849 0.47576311210 0.42932881973 0.53728795658 0.48059640660 0.50554525546 0.50775414501 0.52546877353 0.37360391979 0.36197115757 0.48278879373 0.41487125219 0.37992687457 0.39267547229 0.36421461957 0.42447672665 0.42654386378 0.44564240476 0.50353680266 0.38317503721 0.42988102375 0.39192548742 0.29350368420 0.64312359891 0.52016434410 0.36261031923 0.56799257795 0.57257530071 0.65876458812 0.87626872565 0.66897862173 1.97365395312 -234.3628454565 0.00021306167   -2 
  89 0.00000450329 0.00104897889 -24.374591578 0.15241670830 0.00441784542 0.05626327962 0.46866508347 0.47530664505 0.40679782146 0.44877579733 0.45573890610 0.42822481240 0.48134845410 0.47576701268 0.42932979069 0.53729064945 0.48059844036 0.50554830341 0.50775677723 0.52547692114 0.37360464402 0.36197259073 0.48278932310 0.41487274416 0.37992875356 0.39267659890 0.36421725516 0.42447833225 0.42654534008 0.44564394417 0.50353697544 0.38317433356 0.42987861911 0.39192377731 0.29350407003 0.64312417220 0.52016999256 0.36260907864 0.56799746473 0.57258173656 0.65876879016 0.87627021708 0.66897481005 1.97365342406 -234.3628449921 0.00061426712   -2 
  90 0.00000450330 0.00104896998 -24.374193724 0.15241896523 0.00441783657 0.05626324927 0.46865782776 0.47531596032 0.40680657399 0.44877516328 0.45573953104 0.42822590273 0.48134997402 0.47577172979 0.42933082030 0.53729403768 0.48060077995 0.50555183903 0.50775989358 0.52548655787 0.37360554150 0.36197436184 0.48278998657 0.41487458985 0.37993108521 0.39267800481 0.36422054049 0.42448033281 0.42654718455 0.44564586741 0.50353721013 0.38317347292 0.42987564139 0.39192165578 0.29350464396 0.64312490713 0.52017704675 0.36260753079 0.56800357208 0.57258977792 0.65877403630 0.87627210934 0.66897009925 1.97365298909 -234.3628444797 0.00016778513   -2 
  91 0.00000450331 0.00104895892 -24.373284645 0.15242310829 0.00441781573 0.05626318132 0.46867458833 0.47531403521 0.40681642067 0.44877610476 0.45574119672 0.42822853399 0.48135397026 0.47578001799 0.42933204103 0.53730337869 0.48060418485 0.50555637358 0.50776520410 0.52549811161 0.37360833298 0.36197861386 0.48279295625 0.41487917020 0.37993652671 0.39268180485 0.36422800645 0.42448535829 0.42655195755 0.44565084540 0.50353922357 0.38317266587 0.42987069051 0.39191810078 0.29350772654 0.64312838503 0.52019280017 0.36260476945 0.56801744640 0.57260778058 0.65878636885 0.87627840512 0.66896266784 1.97366314402 -234.3628438276 0.00036580658   -2 
  92 0.00000450331 0.00104896277 -24.373104839 0.15242373507 0.00441781191 0.05626316882 0.46867695944 0.47531377012 0.40681780823 0.44877650514 0.45574164489 0.42822909950 0.48135477825 0.47578146117 0.42933232855 0.53730509878 0.48060483213 0.50555718583 0.50776618043 0.52549999419 0.37360888946 0.36197941465 0.48279357827 0.41488003944 0.37993753884 0.39268253584 0.36422937618 0.42448630848 0.42655286468 0.44565179226 0.50353966736 0.38317257629 0.42986987768 0.39191751750 0.29350833782 0.64312911461 0.52019566478 0.36260430870 0.56801998737 0.57261105492 0.65878865176 0.87627967345 0.66896146964 1.97366552906 -234.3628437169 0.00018062700   -2 
  93 0.00000450333 0.00104895857 -24.371205267 0.15243022635 0.00441777039 0.05626303201 0.46866194267 0.47530973218 0.40681397586 0.44878530314 0.45574860110 0.42823587092 0.48136355837 0.47579179381 0.42933631689 0.53732105264 0.48061111428 0.50556377477 0.50777522088 0.52551040856 0.37361565135 0.36198798981 0.48280189497 0.41488953852 0.37994814461 0.39269088500 0.36424333529 0.42449674187 0.42656298433 0.44566237134 0.50354628468 0.38317331732 0.42986423790 0.39191344597 0.29351611882 0.64313908297 0.52022432142 0.36260081625 0.56804586726 0.57264378000 0.65881245020 0.87629562229 0.66895381391 1.97370394713 -234.3628427842 0.00015965835   -2 
  94 0.00000450335 0.00104896022 -24.369722482 0.15243602801 0.00441773888 0.05626292663 0.46866884481 0.47531368884 0.40680853061 0.44878864852 0.45575181408 0.42823908822 0.48136745323 0.47579461896 0.42933931075 0.53732766435 0.48061477203 0.50556712374 0.50778013483 0.52551293093 0.37362043289 0.36199360519 0.48280800290 0.41489586308 0.37995508608 0.39269675890 0.36425236746 0.42450388583 0.42657003090 0.44566976195 0.50355178099 0.38317483647 0.42986221438 0.39191195758 0.29352216963 0.64314698025 0.52024269561 0.36259926659 0.56806274563 0.57266478771 0.65882815210 0.87630763421 0.66895172188 1.97373472643 -234.3628424013 0.00052015859   -2 
  95 0.00000450336 0.00104895018 -24.368590111 0.15244076573 0.00441771436 0.05626284481 0.46867404293 0.47531670199 0.40680447284 0.44879085395 0.45575404136 0.42824136268 0.48137019010 0.47579644392 0.42934157378 0.53733231272 0.48061748292 0.50556957627 0.50778375758 0.52551454437 0.37362407150 0.36199785340 0.48281266113 0.41490065633 0.37996034465 0.39270124097 0.36425920981 0.42450932533 0.42657540689 0.44567540170 0.50355603685 0.38317607192 0.42986081009 0.39191092122 0.29352684581 0.64315307174 0.52025660959 0.36259814865 0.56807554968 0.57268070105 0.65884007461 0.87631689265 0.66895036595 1.97375833389 -234.3628421119 0.00012242089   -2 
  96 0.00000450339 0.00104893954 -24.365490169 0.15245331584 0.00441765105 0.05626264040 0.46867931970 0.47532740259 0.40681254256 0.44879016780 0.45575633766 0.42824402617 0.48137253702 0.47579469085 0.42934791649 0.53733317666 0.48062325539 0.50557447482 0.50778978905 0.52551238754 0.37363214675 0.36200622590 0.48282340220 0.41491039593 0.37997065604 0.39271117995 0.36427219658 0.42452087616 0.42658714969 0.44568776378 0.50356769054 0.38318167486 0.42986325379 0.39191269367 0.29353847121 0.64316890274 0.52028232436 0.36259853745 0.56810016539 0.57271015024 0.65886388565 0.87634003827 0.66895665316 1.97381475648 -234.3628416864 0.00032604261   -2 
  97 0.00000450340 0.00104894264 -24.364899855 0.15245549834 0.00441763940 0.05626260275 0.46867994557 0.47532901006 0.40681431159 0.44879015903 0.45575682244 0.42824454773 0.48137299991 0.47579443491 0.42934912130 0.53733325299 0.48062434525 0.50557542096 0.50779088272 0.52551201683 0.37363360380 0.36200770520 0.48282535066 0.41491212684 0.37997247018 0.39271296921 0.36427445601 0.42452293879 0.42658925618 0.44568998316 0.50356986084 0.38318278635 0.42986389295 0.39191316535 0.29354059356 0.64317183162 0.52028676167 0.36259872145 0.56810445219 0.57271523378 0.65886807266 0.87634429990 0.66895811118 1.97382516281 -234.3628416030 0.00015801051   -2 
  98 0.00000450342 0.00104893647 -24.362933342 0.15246157607 0.00441760277 0.05626248651 0.46867111200 0.47532337931 0.40682230693 0.44879137986 0.45575842393 0.42824595357 0.48137426117 0.47579451561 0.42935280961 0.53733160269 0.48062757764 0.50557857512 0.50779341465 0.52551123959 0.37363718676 0.36201081047 0.48283029165 0.41491595480 0.37997619830 0.39271741795 0.36427869651 0.42452777378 0.42659438890 0.44569542582 0.50357658385 0.38318745461 0.42986911976 0.39191711786 0.29354660176 0.64318051382 0.52029448957 0.36260126329 0.56811264685 0.57272411244 0.65887683038 0.87635692875 0.66896784092 1.97385165619 -234.3628412450 0.00033771268   -2 
  99 0.00000450343 0.00104894024 -24.362206686 0.15246361659 0.00441758958 0.05626244479 0.46866872429 0.47532142557 0.40682498648 0.44879194348 0.45575905143 0.42824649051 0.48137476626 0.47579468153 0.42935412181 0.53733104395 0.48062874215 0.50557973885 0.50779430693 0.52551106837 0.37363841916 0.36201184610 0.48283199965 0.41491724544 0.37997743178 0.39271894913 0.36428006233 0.42452941903 0.42659614835 0.44569729368 0.50357898399 0.38318919372 0.42987116917 0.39191867506 0.29354871505 0.64318359615 0.52029691911 0.36260229136 0.56811529617 0.57272690268 0.65887973179 0.87636134253 0.66897159617 1.97386075562 -234.3628411362 0.00015624209   -2 
 100 0.00000450348 0.00104892511 -24.356392327 0.15247894051 0.00441748599 0.05626211600 0.46867813203 0.47530814998 0.40683074647 0.44879683026 0.45576246290 0.42824945726 0.48137814483 0.47579902703 0.42936178139 0.53732692824 0.48063605553 0.50558803976 0.50779915105 0.52551266754 0.37364512669 0.36201633676 0.48284150992 0.41492341204 0.37998259731 0.39272765982 0.36428453119 0.42453811762 0.42660598927 0.44570782685 0.50359582054 0.38320412485 0.42989212093 0.39193487160 0.29356299155 0.64320462682 0.52030276037 0.36261383935 0.56812455814 0.57273372372 0.65889234708 0.87638996383 0.66900841921 1.97391233445 -234.3628387506 0.00029565823   -2 
 101 0.00000450350 0.00104892539 -24.354436763 0.15248394592 0.00441745139 0.05626200541 0.46868092553 0.47530560450 0.40683206841 0.44879846747 0.45576365793 0.42825051353 0.48137938498 0.47580066208 0.42936423884 0.53732594327 0.48063846729 0.50559080402 0.50780080108 0.52551346125 0.37364728811 0.36201776374 0.48284457720 0.41492538583 0.37998422070 0.39273047003 0.36428587186 0.42454090720 0.42660915804 0.44571122084 0.50360133331 0.38320910766 0.42989917914 0.39194035413 0.29356765751 0.64321149985 0.52030437962 0.36261778935 0.56812735633 0.57273562123 0.65889630840 0.87639929158 0.66902074322 1.97392886289 -234.3628386227 0.00027870698   -2 
 102 0.00000450357 0.00104890631 -24.347321306 0.15250252218 0.00441732477 0.05626159961 0.46868538778 0.47530741306 0.40683251001 0.44880366234 0.45576778948 0.42825438399 0.48138417893 0.47580733660 0.42937224150 0.53732465532 0.48064677479 0.50560050970 0.50780680933 0.52551777142 0.37365456402 0.36202245078 0.48285490123 0.41493196758 0.37998946160 0.39274000917 0.36428981131 0.42455027945 0.42661989063 0.44572273605 0.50362054970 0.38322710492 0.42992504635 0.39196062349 0.29358397495 0.64323538789 0.52030828299 0.36263266113 0.56813572234 0.57274023157 0.65890913132 0.87643147405 0.66906557681 1.97398402783 -234.3628380736 0.00034660539   -2 
 103 0.00000450361 0.00104890496 -24.344109531 0.15251077740 0.00441726763 0.05626141623 0.46868591649 0.47531091721 0.40683215009 0.44880589092 0.45576976583 0.42825628315 0.48138656614 0.47581058138 0.42937565336 0.53732501715 0.48065046620 0.50560483838 0.50780965972 0.52552021417 0.37365773886 0.36202451726 0.48285939769 0.41493486259 0.37999174099 0.39274416228 0.36429145412 0.42455435560 0.42662455854 0.44572774623 0.50362894098 0.38323509562 0.42993656620 0.39196971870 0.29359111786 0.64324582168 0.52030974526  0.3626394234 0.56813919899 0.57274196174 0.65891464584 0.87644548106 0.66908543678 1.97400788470 -234.3628378776 0.00031938908   -2 
 104 0.00000450364 0.00104889363 -24.340379033 0.15252067684 0.00441720040 0.05626120129 0.46868333471 0.47531829662 0.40683071997 0.44880798825 0.45577204215 0.42825860643 0.48138956282 0.47581458519 0.42937918809 0.53732697544 0.48065457766 0.50560969344 0.50781315972 0.52552384591 0.37366123585 0.36202684047 0.48286433112 0.41493810435 0.37999425869 0.39274874124 0.36429315860 0.42455884962 0.42662970420 0.44573327216 0.50363822236 0.38324418077 0.42994970664 0.39198022321 0.29359909545 0.64325736898 0.52031099344 0.36264739981 0.56814278863 0.57274343843 0.65892065189 0.87646089839 0.66910790481 1.97403395506 -234.3628376200 0.00023254531   -2 
 105 0.00000450364 0.00104889363 -24.340379033 0.15252067684 0.00441720040 0.05626120129 0.46868333471 0.47531829662 0.40683071997 0.44880798825 0.45577204215 0.42825860643 0.48138956282 0.47581458519 0.42937918809 0.53732697544 0.48065457766 0.50560969344 0.50781315972 0.52552384591 0.37366123585 0.36202684047 0.48286433112 0.41493810435 0.37999425869 0.39274874124 0.36429315860 0.42455884962 0.42662970420 0.44573327216 0.50363822236 0.38324418077 0.42994970664 0.39198022321 0.29359909545 0.64325736898 0.52031099344 0.36264739981 0.56814278863 0.57274343843 0.65892065189 0.87646089839 0.66910790481 1.97403395506 -234.3628376200           NAN   -8 
 106 0.00000450364 0.00104889819 -24.340362015 0.15252070203 0.00441719978 0.05626119923 0.46868232061 0.47531984398 0.40683045025 0.44880779961 0.45577215345 0.42825878285 0.48138981440 0.47581479660 0.42937896226 0.53732815188 0.48065452509 0.50560963354 0.50781337501 0.52552445785 0.37366114367 0.36202683785 0.48286418538 0.41493807445 0.37999422050 0.39274860271 0.36429307500 0.42455872316 0.42662954684 0.44573310399 0.50363790608 0.38324402586 0.42994948757 0.39198014854 0.29359886773 0.64325699177 0.52031078951 0.36264746787 0.56814257155 0.57274319115 0.65892045989 0.87646031101 0.66910740215 1.97403301004 -234.3628375360 0.00027641435   -2 
 107 0.00000450365 0.00104889710 -24.340292731 0.15252161475 0.00441719470 0.05626118251 0.46867308839 0.47533096632 0.40682774311 0.44880576130 0.45577261180 0.42825989061 0.48139151260 0.47581621988 0.42937688805 0.53733747357 0.48065386145 0.50560891204 0.50781492674 0.52552927533 0.37366027826 0.36202672362 0.48286283350 0.41493772047 0.37999381960 0.39274737023 0.36429231323 0.42455758715 0.42662815554 0.44573162256 0.50363517918 0.38324268032 0.42994759689 0.39197947273 0.29359694660 0.64325373924 0.52030900669 0.36264798755 0.56814066829 0.57274104518 0.65891873687 0.87645545594 0.66910309004 1.97402444831 -234.3628370962 0.00011910822   -2 
 108 0.00000450365 0.00104889710 -24.340292731 0.15252161475 0.00441719470 0.05626118251 0.46867308839 0.47533096632 0.40682774311 0.44880576130 0.45577261180 0.42825989061 0.48139151260 0.47581621988 0.42937688805 0.53733747357 0.48065386145 0.50560891204 0.50781492674 0.52552927533 0.37366027826 0.36202672362 0.48286283350 0.41493772047 0.37999381960 0.39274737023 0.36429231323 0.42455758715 0.42662815554 0.44573162256 0.50363517918 0.38324268032 0.42994759689 0.39197947273 0.29359694660 0.64325373924 0.52030900669 0.36264798755 0.56814066829 0.57274104518 0.65891873687 0.87645545594 0.66910309004 1.97402444831 -234.3628370962           NAN   -8 
 109 0.00000450365 0.00104889710 -24.340292731 0.15252161475 0.00441719470 0.05626118251 0.46867308839 0.47533096632 0.40682774311 0.44880576130 0.45577261180 0.42825989061 0.48139151260 0.47581621988 0.42937688805 0.53733747357 0.48065386145 0.50560891204 0.50781492674 0.52552927533 0.37366027826 0.36202672362 0.48286283350 0.41493772047 0.37999381960 0.39274737023 0.36429231323 0.42455758715 0.42662815554 0.44573162256 0.50363517918 0.38324268032 0.42994759689 0.39197947273 0.29359694660 0.64325373924 0.52030900669 0.36264798755 0.56814066829 0.57274104518 0.65891873687 0.87645545594 0.66910309004 1.97402444831 -234.3628370962           NAN   -8 
 110 0.00000450365 0.00104889710 -24.340292731 0.15252161475 0.00441719470 0.05626118251 0.46867308839 0.47533096632 0.40682774311 0.44880576130 0.45577261180 0.42825989061 0.48139151260 0.47581621988 0.42937688805 0.53733747357 0.48065386145 0.50560891204 0.50781492674 0.52552927533 0.37366027826 0.36202672362 0.48286283350 0.41493772047 0.37999381960 0.39274737023 0.36429231323 0.42455758715 0.42662815554 0.44573162256 0.50363517918 0.38324268032 0.42994759689 0.39197947273 0.29359694660 0.64325373924 0.52030900669 0.36264798755 0.56814066829 0.57274104518 0.65891873687 0.87645545594 0.66910309004 1.97402444831 -234.3628370962 0.00011910822   -8 
-- Local optimization: reached maximum number of likelihood evaluations allowed.
-- Found new optimum with likelihood -234.362837096266333 and gradient 0.00012

---- Best joint likelihood found -234.362837096266333 with gradient 0.00012

---- Results for /scratch/40841830/tmpqcr44ky7 
--  Model: C
--        eps_an     theta_bar             a 
-- 0.00000450365 0.00104889710            -1 
--           S_d             b           p_b           S_b 
-- -24.340292731 0.15252161475 0.00441719470 0.05626118251 
--           r 2           r 3           r 4           r 5           r 6           r 7           r 8           r 9          r 10          r 11          r 12          r 13          r 14          r 15          r 16          r 17          r 18          r 19          r 20          r 21          r 22          r 23          r 24          r 25          r 26          r 27          r 28          r 29          r 30          r 31          r 32          r 33          r 34          r 35          r 36          r 37          r 38          r 39 
-- 0.46867308839 0.47533096632 0.40682774311 0.44880576130 0.45577261180 0.42825989061 0.48139151260 0.47581621988 0.42937688805 0.53733747357 0.48065386145 0.50560891204 0.50781492674 0.52552927533 0.37366027826 0.36202672362 0.48286283350 0.41493772047 0.37999381960 0.39274737023 0.36429231323 0.42455758715 0.42662815554 0.44573162256 0.50363517918 0.38324268032 0.42994759689 0.39197947273 0.29359694660 0.64325373924 0.52030900669 0.36264798755 0.56814066829 0.57274104518 0.65891873687 0.87645545594 0.66910309004 1.97402444831 

---- Expected P_neut(i), 0 < i < n (neutral SFS per site) 
E[P_neut(1)] = 0.0010488926
E[P_neut(2)] = 0.0002457939
E[P_neut(3)] = 0.0001661905
E[P_neut(4)] = 0.0001066797
E[P_neut(5)] = 0.0000941499
E[P_neut(6)] = 0.0000796761
E[P_neut(7)] = 0.0000641713
E[P_neut(8)] = 0.0000631161
E[P_neut(9)] = 0.0000554534
E[P_neut(10)] = 0.0000450371
E[P_neut(11)] = 0.0000512373
E[P_neut(12)] = 0.0000420129
E[P_neut(13)] = 0.0000407946
E[P_neut(14)] = 0.0000380460
E[P_neut(15)] = 0.0000367483
E[P_neut(16)] = 0.0000244957
E[P_neut(17)] = 0.0000223370
E[P_neut(18)] = 0.0000281374
E[P_neut(19)] = 0.0000229067
E[P_neut(20)] = 0.0000199287
E[P_neut(21)] = 0.0000196168
E[P_neut(22)] = 0.0000173685
E[P_neut(23)] = 0.0000193616
E[P_neut(24)] = 0.0000186454
E[P_neut(25)] = 0.0000187011
E[P_neut(26)] = 0.0000203178
E[P_neut(27)] = 0.0000148883
E[P_neut(28)] = 0.0000161062
E[P_neut(29)] = 0.0000141776
E[P_neut(30)] = 0.0000102653
E[P_neut(31)] = 0.0000217649
E[P_neut(32)] = 0.0000170549
E[P_neut(33)] = 0.0000115269
E[P_neut(34)] = 0.0000175274
E[P_neut(35)] = 0.0000171645
E[P_neut(36)] = 0.0000191987
E[P_neut(37)] = 0.0000248469
E[P_neut(38)] = 0.0000184700
E[P_neut(39)] = 0.0000530955

---- Expected P_sel(i), 0 < i < n (selected SFS per site) 
E[P_sel(1)] = 0.0008689089
E[P_sel(2)] = 0.0001850549
E[P_sel(3)] = 0.0001179590
E[P_sel(4)] = 0.0000726534
E[P_sel(5)] = 0.0000621368
E[P_sel(6)] = 0.0000512770
E[P_sel(7)] = 0.0000404430
E[P_sel(8)] = 0.0000390733
E[P_sel(9)] = 0.0000337991
E[P_sel(10)] = 0.0000270745
E[P_sel(11)] = 0.0000304235
E[P_sel(12)] = 0.0000246687
E[P_sel(13)] = 0.0000237097
E[P_sel(14)] = 0.0000219051
E[P_sel(15)] = 0.0000209743
E[P_sel(16)] = 0.0000138681
E[P_sel(17)] = 0.0000125503
E[P_sel(18)] = 0.0000156970
E[P_sel(19)] = 0.0000126933
E[P_sel(20)] = 0.0000109730
E[P_sel(21)] = 0.0000107362
E[P_sel(22)] = 0.0000094513
E[P_sel(23)] = 0.0000104783
E[P_sel(24)] = 0.0000100380
E[P_sel(25)] = 0.0000100177
E[P_sel(26)] = 0.0000108314
E[P_sel(27)] = 0.0000079004
E[P_sel(28)] = 0.0000085086
E[P_sel(29)] = 0.0000074577
E[P_sel(30)] = 0.0000053774
E[P_sel(31)] = 0.0000113559
E[P_sel(32)] = 0.0000088640
E[P_sel(33)] = 0.0000059685
E[P_sel(34)] = 0.0000090424
E[P_sel(35)] = 0.0000088240
E[P_sel(36)] = 0.0000098359
E[P_sel(37)] = 0.0000126871
E[P_sel(38)] = 0.0000094006
E[P_sel(39)] = 0.0000269390

---- alpha_dfe = 0.009011

